  1   0   0   0   0   0   0   0   0   0   0   0   0   0   0   0   0   0   0   0   0   0   0   0   0   0   0   0   0   0   0   0   0   0   0   0   0   0   0   0   0   0   0   0   0   0   0   0   0   0   0   0   0   0   0   0   0   0   0   0   0   0   0   0   0   0   0   0   0   0   0   0   0   0   0   0   0   0   0   0   0   0   0   0   0   0   0   0   0   0   0   0   0   0   0   0   0   0   0   0   0   0   0   0   0   0   0   0   0   0   0   0   0   0   0   0   0   0   0   0   0   0   0   0   0   0   0   0   0   0   0   0   0   0   0   0   0   0   0   0   0   0   0   0   0   0   0   0   0   0   0   0   0   0   0   0   0   0   0   0   0   0   0   0   0   0   0   0   0   0   0   0   0   0   0   0   0   0   0   0   0   0   0   0   0   0   0   0   0   0   0   0   0   0   0   0   0   0   0   0   0   0   0   0   0   0   0   0   0   0   0   0   0   0   0   0   0   0   0   0   0   0   0   0   0   0   0   0   0   0   0   0   0   0   0   0   0   0   0   0   0   0   0   0   0   0   0   0   0   0   0   0   0   0   0   0   0   0   0   0   0   0   0   0   0   0   0   0   0   0   0   0   0   0   0   0   0   0   0   0   0   0   0   0   0   0   0   0   0   0   0   0   0   0   0   0   0   0   0   0   0   0   0   0   0   0   0   0   0   0   0   0   0   0   0   0   0   0   0   0   0   0   0   0   0   0   0   0   0   0   0   0   0   0   0   0   0   0   0   0   0   0   0   0   0   0   0   0   0   0   0   0   0   0   0   0   0   0   0   0   0   0   0   0   0   0   0   0   0   0   0   0   0   0   0   0   0   0   0   0   0   0   0   0   0   0   0   0   0   0   0   0   0   0   0   0   0   0   0   0   0   0   0   0   0   0   0   0   0   0   0   0   0   0   0   0   0   0   0   0   0   0   0   0   0   0   0   0   0   0   0   0   0   0   0   0   0   0   0   0   0   0   0   0   0   0   0   0   0   0   0   0   0   0   0   0   0   0   0   0   0   0   0   0   0   0   0   0   0   0   0   0   0   0   0   0   0   0   0   0   0   0   0   0   0   0   0   0   0   0   0   0   0   0   0   0   0   0   0   0   0   0   0   0   0   0   0   0   0   0   0   0   0   0   0   0   0   0   0   0   0   0   0   0   0   0   0   0   0   0   0   0   0   0   0   0   0   0   0   0   0   0   0   0   0   0   0   0   0   0   0   0   0   0   0   0   0   0   0   0   0   0   0   0   0   0   0   0   0   0   0   0   0   0   0   0   0   0   0   0   0   0   0   0   0   0   0   0   0   0   0   0   0   0   0   0   0   0   0   0   0   0   0   0   0   0   0   0   0   0   0   0   0   0   0   0   0   0   0   0   0   0   0   0   0   0   0   0   0   0   0   0   0   0   0   0   0   0   0   0   0   0   0   0   0   0   0   0   0   0   0   0   0   0   0   0   0   0   0   0   0   0   0   0   0   0   0   0   0   0   0   0   0   0   0   0   0   0   0   0   0   0   0   0   0   0   0   0   0   0   0   0   0   0   0   0   0   0   0   0   0   0   0   0   0   0   0   0   0   0   0   0   0   0   0   0   0   0   0   0   0   0   0   0   0   0   0   0   0   0   0   0   0   0   0   0   0   0   0   0   0   0   0   0   0   0   0   0   0   0   0   0   0   0   0   0   0   0   0   0   0   0   0   0   0   0   0   0   0   0   0   0   0   0   0   0   0   0   0   0   0   0   0   0   0   0   0   0   0   0   0   0   0   0   0   0   0   0   0   0   0   0   0   0   0   0   0   0   0   0   0   0   0   0   0   0   0   0   0   0   0   0   0   0   0   0   0   0   0   0   0   0   0   0   0   0   0   0   0   0   0   0   0   0   0   0   0   0   0   0   0   0   0   0   0   0   0   0   0   0   0   0   0   0   0   0   0   0   0   0   0   0   0   0   0   0   0   0   0   0   0   0   0   0   0   0   0   0   0   0   0   0   0   0   0   0   0   0   0   0   0   0   0   0   0   0   0   0   0   0   0   0   0   0   0   0   0   0   0   0   0   0   0   0   0   0   0   0   0   0   0   0   0   0   0   0   0   0   0   0   0   0   0   0   0   0   0   0   0   0   0   0   0   0   0   0   0   0   0   0   0   0   0   0   0   0   0   0   0   0   0   0   0   0   0   0   0   0   0   0   0   0   0   0   0   0   0   0   0   0   0   0   0   0   0   0   0   0   0   0 
REMAINING SPACE:      178
ACCUMULATED PRIORITY: 100
EXECUTION TIME:       0.000111000
QTY PRI VAL
[1] 100 322
[0] 100 463
[0] 100 309
[0] 100 239
[0] 100 354
[0] 100 275
[0] 100 327
[0] 100 387
[0]  99 244
[0]  99 412
[0]  99 416
[0]  99 331
[0]  99 223
[0]  99 289
[0]  99 352
[0]  99 214
[0]  99 331
[0]  99 354
[0]  98 351
[0]  98 446
[0]  98 246
[0]  98 242
[0]  98 292
[0]  98 344
[0]  98 229
[0]  98 311
[0]  98 283
[0]  98 486
[0]  98 484
[0]  98 287
[0]  98 216
[0]  97 452
[0]  97 490
[0]  97 365
[0]  97 268
[0]  97 332
[0]  97 319
[0]  97 464
[0]  97 283
[0]  97 305
[0]  97 358
[0]  97 434
[0]  97 471
[0]  97 486
[0]  97 421
[0]  96 463
[0]  96 456
[0]  96 300
[0]  96 324
[0]  96 295
[0]  96 271
[0]  96 319
[0]  96 280
[0]  96 490
[0]  96 490
[0]  96 386
[0]  96 326
[0]  96 451
[0]  95 480
[0]  95 351
[0]  95 359
[0]  95 359
[0]  95 431
[0]  95 247
[0]  95 366
[0]  95 340
[0]  95 206
[0]  94 467
[0]  94 215
[0]  94 242
[0]  94 488
[0]  94 464
[0]  94 268
[0]  94 215
[0]  94 401
[0]  94 402
[0]  94 401
[0]  94 429
[0]  94 242
[0]  93 463
[0]  93 474
[0]  93 324
[0]  93 414
[0]  93 339
[0]  93 240
[0]  93 228
[0]  93 480
[0]  92 472
[0]  92 242
[0]  92 228
[0]  92 280
[0]  92 428
[0]  92 240
[0]  92 408
[0]  92 473
[0]  92 476
[0]  91 414
[0]  91 337
[0]  91 361
[0]  91 315
[0]  91 486
[0]  90 334
[0]  90 428
[0]  90 465
[0]  90 295
[0]  90 365
[0]  90 222
[0]  90 316
[0]  90 339
[0]  90 402
[0]  90 460
[0]  90 342
[0]  90 267
[0]  90 491
[0]  90 264
[0]  90 333
[0]  90 317
[0]  90 362
[0]  90 334
[0]  89 220
[0]  89 425
[0]  89 429
[0]  89 424
[0]  89 454
[0]  89 362
[0]  89 408
[0]  89 285
[0]  89 318
[0]  89 472
[0]  89 457
[0]  89 345
[0]  89 358
[0]  88 498
[0]  88 456
[0]  88 344
[0]  88 348
[0]  88 406
[0]  88 493
[0]  88 370
[0]  88 419
[0]  88 270
[0]  88 377
[0]  88 371
[0]  87 392
[0]  87 219
[0]  87 244
[0]  87 253
[0]  87 328
[0]  87 324
[0]  87 494
[0]  87 338
[0]  87 390
[0]  87 420
[0]  87 318
[0]  87 460
[0]  87 495
[0]  86 483
[0]  86 370
[0]  86 266
[0]  86 490
[0]  86 496
[0]  86 226
[0]  86 485
[0]  86 355
[0]  86 499
[0]  86 354
[0]  86 425
[0]  86 352
[0]  86 219
[0]  85 327
[0]  85 361
[0]  85 486
[0]  85 231
[0]  85 201
[0]  85 373
[0]  85 380
[0]  85 483
[0]  85 310
[0]  85 390
[0]  85 337
[0]  84 366
[0]  84 341
[0]  84 378
[0]  84 362
[0]  84 263
[0]  84 381
[0]  84 425
[0]  84 221
[0]  84 382
[0]  84 261
[0]  84 392
[0]  84 263
[0]  83 482
[0]  83 387
[0]  83 312
[0]  83 373
[0]  83 389
[0]  83 257
[0]  83 286
[0]  83 424
[0]  83 420
[0]  83 312
[0]  83 499
[0]  83 303
[0]  82 419
[0]  82 435
[0]  82 279
[0]  82 325
[0]  82 308
[0]  82 390
[0]  82 299
[0]  82 394
[0]  82 352
[0]  82 393
[0]  82 334
[0]  81 290
[0]  81 444
[0]  81 345
[0]  81 316
[0]  81 216
[0]  81 262
[0]  81 304
[0]  81 312
[0]  81 470
[0]  81 382
[0]  80 302
[0]  80 375
[0]  80 305
[0]  80 279
[0]  80 223
[0]  80 259
[0]  80 452
[0]  80 255
[0]  80 345
[0]  80 240
[0]  80 496
[0]  80 370
[0]  80 254
[0]  80 278
[0]  79 277
[0]  79 263
[0]  79 346
[0]  79 425
[0]  79 308
[0]  79 489
[0]  79 406
[0]  79 256
[0]  79 355
[0]  79 430
[0]  78 433
[0]  78 337
[0]  78 258
[0]  78 262
[0]  78 349
[0]  78 253
[0]  78 301
[0]  78 203
[0]  78 433
[0]  77 390
[0]  77 424
[0]  77 426
[0]  77 458
[0]  77 353
[0]  77 232
[0]  77 476
[0]  77 484
[0]  76 421
[0]  76 419
[0]  76 330
[0]  76 402
[0]  76 233
[0]  76 218
[0]  76 431
[0]  76 397
[0]  75 208
[0]  75 400
[0]  75 275
[0]  75 206
[0]  75 363
[0]  75 367
[0]  75 392
[0]  75 309
[0]  75 470
[0]  74 451
[0]  74 210
[0]  74 385
[0]  74 374
[0]  74 248
[0]  74 304
[0]  73 414
[0]  73 472
[0]  73 230
[0]  73 326
[0]  73 320
[0]  73 286
[0]  73 242
[0]  72 383
[0]  72 410
[0]  72 467
[0]  72 301
[0]  72 364
[0]  72 431
[0]  72 363
[0]  72 451
[0]  72 353
[0]  72 265
[0]  72 285
[0]  71 403
[0]  71 381
[0]  71 257
[0]  71 434
[0]  71 493
[0]  71 323
[0]  71 495
[0]  71 489
[0]  71 237
[0]  71 229
[0]  71 342
[0]  71 332
[0]  71 483
[0]  71 483
[0]  70 407
[0]  70 401
[0]  70 317
[0]  70 231
[0]  70 344
[0]  70 339
[0]  70 457
[0]  70 427
[0]  70 429
[0]  69 305
[0]  69 387
[0]  69 485
[0]  69 272
[0]  69 443
[0]  69 464
[0]  69 247
[0]  69 242
[0]  68 484
[0]  68 492
[0]  68 226
[0]  67 420
[0]  67 218
[0]  67 362
[0]  67 206
[0]  67 342
[0]  67 363
[0]  67 363
[0]  67 413
[0]  67 280
[0]  67 439
[0]  67 358
[0]  67 495
[0]  67 333
[0]  66 226
[0]  66 467
[0]  66 226
[0]  66 469
[0]  66 229
[0]  66 449
[0]  66 401
[0]  66 253
[0]  66 257
[0]  66 432
[0]  66 277
[0]  65 490
[0]  65 494
[0]  65 465
[0]  65 370
[0]  65 383
[0]  65 400
[0]  65 345
[0]  65 491
[0]  65 496
[0]  65 242
[0]  64 469
[0]  64 257
[0]  64 499
[0]  64 222
[0]  64 223
[0]  64 233
[0]  64 336
[0]  64 241
[0]  64 488
[0]  64 275
[0]  63 435
[0]  63 415
[0]  63 466
[0]  63 219
[0]  63 270
[0]  63 438
[0]  62 384
[0]  62 481
[0]  62 369
[0]  62 308
[0]  62 484
[0]  62 226
[0]  62 377
[0]  62 448
[0]  62 351
[0]  61 354
[0]  61 438
[0]  61 293
[0]  61 493
[0]  61 467
[0]  61 299
[0]  61 367
[0]  61 475
[0]  61 347
[0]  61 389
[0]  60 411
[0]  60 269
[0]  60 280
[0]  60 275
[0]  60 249
[0]  60 467
[0]  60 266
[0]  60 434
[0]  60 296
[0]  59 493
[0]  59 208
[0]  59 208
[0]  59 328
[0]  59 478
[0]  59 495
[0]  59 336
[0]  59 361
[0]  59 434
[0]  59 219
[0]  58 384
[0]  58 336
[0]  58 226
[0]  58 321
[0]  58 272
[0]  58 480
[0]  58 428
[0]  58 368
[0]  58 346
[0]  58 240
[0]  58 324
[0]  58 245
[0]  58 390
[0]  58 338
[0]  58 285
[0]  58 391
[0]  58 490
[0]  57 403
[0]  57 441
[0]  57 236
[0]  57 474
[0]  57 462
[0]  57 466
[0]  57 233
[0]  57 394
[0]  57 490
[0]  57 397
[0]  57 372
[0]  57 401
[0]  57 440
[0]  57 368
[0]  57 392
[0]  56 326
[0]  56 431
[0]  56 434
[0]  56 236
[0]  56 427
[0]  56 262
[0]  56 303
[0]  56 460
[0]  56 366
[0]  56 285
[0]  56 394
[0]  56 472
[0]  56 400
[0]  56 304
[0]  56 403
[0]  56 368
[0]  56 383
[0]  55 244
[0]  55 399
[0]  55 372
[0]  55 314
[0]  55 343
[0]  55 288
[0]  55 284
[0]  55 289
[0]  55 244
[0]  55 367
[0]  55 233
[0]  54 385
[0]  54 490
[0]  54 246
[0]  54 229
[0]  54 303
[0]  54 279
[0]  54 239
[0]  54 271
[0]  53 331
[0]  53 218
[0]  53 496
[0]  53 336
[0]  53 329
[0]  53 222
[0]  53 447
[0]  53 331
[0]  53 444
[0]  53 427
[0]  53 395
[0]  53 403
[0]  53 418
[0]  53 365
[0]  53 280
[0]  53 395
[0]  53 282
[0]  53 440
[0]  53 360
[0]  53 313
[0]  53 237
[0]  52 379
[0]  52 232
[0]  52 404
[0]  52 395
[0]  52 415
[0]  52 305
[0]  52 275
[0]  52 301
[0]  52 270
[0]  52 265
[0]  52 482
[0]  52 386
[0]  52 257
[0]  52 454
[0]  52 498
[0]  52 460
[0]  52 500
[0]  52 456
[0]  51 216
[0]  51 334
[0]  51 317
[0]  51 434
[0]  51 427
[0]  51 366
[0]  51 331
[0]  51 214
[0]  51 245
[0]  51 440
[0]  51 325
[0]  50 422
[0]  50 438
[0]  50 411
[0]  50 375
[0]  50 367
[0]  50 369
[0]  50 221
[0]  50 352
[0]  50 417
[0]  49 209
[0]  49 387
[0]  49 292
[0]  49 338
[0]  49 341
[0]  49 492
[0]  49 388
[0]  49 289
[0]  49 231
[0]  49 467
[0]  49 462
[0]  49 455
[0]  49 421
[0]  49 452
[0]  49 278
[0]  49 480
[0]  49 227
[0]  49 393
[0]  49 468
[0]  48 223
[0]  48 350
[0]  48 347
[0]  48 359
[0]  48 405
[0]  48 388
[0]  48 415
[0]  47 452
[0]  47 241
[0]  47 474
[0]  47 373
[0]  47 475
[0]  47 402
[0]  47 403
[0]  47 387
[0]  47 444
[0]  47 381
[0]  47 334
[0]  46 428
[0]  46 206
[0]  46 470
[0]  46 330
[0]  46 376
[0]  46 316
[0]  46 391
[0]  46 290
[0]  46 488
[0]  46 344
[0]  46 485
[0]  46 246
[0]  46 443
[0]  46 475
[0]  45 264
[0]  45 266
[0]  45 354
[0]  45 330
[0]  45 204
[0]  45 383
[0]  45 350
[0]  44 470
[0]  44 480
[0]  44 399
[0]  44 415
[0]  44 269
[0]  44 294
[0]  44 486
[0]  44 468
[0]  44 413
[0]  43 492
[0]  43 347
[0]  43 210
[0]  43 391
[0]  43 234
[0]  43 447
[0]  43 406
[0]  43 444
[0]  43 496
[0]  42 418
[0]  42 464
[0]  42 428
[0]  42 443
[0]  42 412
[0]  42 346
[0]  42 391
[0]  41 427
[0]  41 391
[0]  41 207
[0]  41 276
[0]  41 275
[0]  41 488
[0]  41 363
[0]  41 441
[0]  41 323
[0]  41 358
[0]  41 241
[0]  41 468
[0]  41 473
[0]  41 249
[0]  41 440
[0]  41 207
[0]  40 336
[0]  40 500
[0]  40 336
[0]  40 490
[0]  40 429
[0]  40 230
[0]  40 267
[0]  40 471
[0]  40 421
[0]  40 443
[0]  39 340
[0]  39 278
[0]  39 441
[0]  39 225
[0]  39 346
[0]  39 404
[0]  39 473
[0]  39 466
[0]  39 373
[0]  38 465
[0]  38 230
[0]  38 351
[0]  38 352
[0]  38 243
[0]  38 292
[0]  38 257
[0]  37 202
[0]  37 343
[0]  37 357
[0]  37 461
[0]  37 497
[0]  37 439
[0]  37 381
[0]  37 280
[0]  37 207
[0]  37 389
[0]  37 282
[0]  36 404
[0]  36 291
[0]  36 433
[0]  36 348
[0]  36 391
[0]  36 243
[0]  36 362
[0]  36 324
[0]  36 364
[0]  36 449
[0]  36 318
[0]  36 465
[0]  36 325
[0]  36 358
[0]  36 480
[0]  36 381
[0]  35 378
[0]  35 416
[0]  35 334
[0]  35 372
[0]  35 326
[0]  35 353
[0]  35 321
[0]  35 351
[0]  35 431
[0]  35 331
[0]  35 302
[0]  34 480
[0]  34 348
[0]  34 456
[0]  34 370
[0]  34 379
[0]  34 304
[0]  34 262
[0]  34 212
[0]  34 373
[0]  34 424
[0]  33 203
[0]  33 330
[0]  33 355
[0]  33 218
[0]  33 359
[0]  33 268
[0]  33 216
[0]  33 497
[0]  33 426
[0]  33 390
[0]  33 295
[0]  33 294
[0]  32 248
[0]  32 256
[0]  32 353
[0]  32 402
[0]  32 242
[0]  32 431
[0]  32 220
[0]  32 442
[0]  31 366
[0]  31 237
[0]  31 438
[0]  31 379
[0]  31 339
[0]  31 252
[0]  31 327
[0]  31 306
[0]  31 400
[0]  31 453
[0]  31 202
[0]  31 389
[0]  31 424
[0]  30 267
[0]  30 275
[0]  30 466
[0]  30 315
[0]  30 387
[0]  30 234
[0]  30 304
[0]  30 238
[0]  30 456
[0]  30 309
[0]  30 336
[0]  30 201
[0]  30 358
[0]  30 287
[0]  30 293
[0]  29 336
[0]  29 222
[0]  29 373
[0]  29 470
[0]  29 309
[0]  29 259
[0]  29 302
[0]  29 386
[0]  29 276
[0]  29 306
[0]  29 379
[0]  29 429
[0]  28 326
[0]  28 249
[0]  28 391
[0]  28 278
[0]  28 327
[0]  28 371
[0]  28 384
[0]  28 306
[0]  28 228
[0]  28 283
[0]  28 269
[0]  28 318
[0]  27 447
[0]  27 275
[0]  27 314
[0]  27 203
[0]  27 276
[0]  27 395
[0]  27 303
[0]  27 377
[0]  27 405
[0]  27 494
[0]  26 469
[0]  26 480
[0]  26 253
[0]  26 252
[0]  26 225
[0]  26 452
[0]  26 329
[0]  26 465
[0]  25 411
[0]  25 311
[0]  25 436
[0]  25 403
[0]  25 430
[0]  25 352
[0]  25 379
[0]  25 421
[0]  24 220
[0]  24 358
[0]  24 487
[0]  24 380
[0]  24 311
[0]  24 224
[0]  24 448
[0]  24 256
[0]  24 370
[0]  24 273
[0]  24 320
[0]  24 321
[0]  24 260
[0]  24 359
[0]  23 390
[0]  23 447
[0]  23 449
[0]  23 439
[0]  23 282
[0]  23 389
[0]  23 244
[0]  23 237
[0]  23 235
[0]  23 373
[0]  23 473
[0]  23 409
[0]  23 435
[0]  23 343
[0]  23 476
[0]  23 312
[0]  22 468
[0]  22 408
[0]  22 259
[0]  22 228
[0]  22 294
[0]  22 444
[0]  22 380
[0]  22 491
[0]  22 376
[0]  22 282
[0]  22 500
[0]  22 316
[0]  22 311
[0]  21 263
[0]  21 251
[0]  21 234
[0]  21 361
[0]  21 310
[0]  21 216
[0]  21 294
[0]  21 371
[0]  20 205
[0]  20 265
[0]  20 294
[0]  20 260
[0]  20 414
[0]  20 213
[0]  20 297
[0]  20 278
[0]  20 476
[0]  20 435
[0]  20 274
[0]  20 266
[0]  19 257
[0]  19 429
[0]  19 279
[0]  19 367
[0]  19 263
[0]  19 246
[0]  19 352
[0]  19 392
[0]  19 446
[0]  19 446
[0]  19 269
[0]  18 430
[0]  18 460
[0]  18 343
[0]  18 231
[0]  18 371
[0]  18 431
[0]  18 437
[0]  18 324
[0]  18 427
[0]  18 454
[0]  18 281
[0]  18 252
[0]  18 438
[0]  17 355
[0]  17 270
[0]  17 411
[0]  17 466
[0]  17 432
[0]  17 491
[0]  17 487
[0]  17 252
[0]  17 404
[0]  17 219
[0]  17 386
[0]  17 384
[0]  17 393
[0]  17 447
[0]  17 394
[0]  17 314
[0]  17 231
[0]  17 222
[0]  16 352
[0]  16 372
[0]  16 266
[0]  16 231
[0]  16 305
[0]  16 262
[0]  16 260
[0]  16 234
[0]  16 402
[0]  15 419
[0]  15 255
[0]  15 480
[0]  15 309
[0]  15 418
[0]  15 449
[0]  15 201
[0]  15 373
[0]  14 243
[0]  14 439
[0]  14 236
[0]  14 396
[0]  14 278
[0]  14 416
[0]  14 370
[0]  14 328
[0]  14 340
[0]  14 225
[0]  13 365
[0]  13 200
[0]  13 489
[0]  13 474
[0]  13 297
[0]  13 441
[0]  13 494
[0]  13 247
[0]  12 394
[0]  12 391
[0]  12 394
[0]  12 208
[0]  12 458
[0]  12 417
[0]  12 450
[0]  12 340
[0]  12 476
[0]  12 226
[0]  11 380
[0]  11 384
[0]  11 322
[0]  11 256
[0]  11 491
[0]  11 247
[0]  11 445
[0]  11 255
[0]  11 361
[0]  10 355
[0]  10 315
[0]  10 313
[0]  10 215
[0]  10 271
[0]  10 488
[0]  10 459
[0]  10 234
[0]  10 297
[0]  10 299
[0]  10 402
[0]  10 410
[0]  10 403
[0]  10 461
