  2   0   0   0   0   0   0   0   0   0   0   0   0   0   0   0   0   0   0   0   0   0   0   0   0   0   0   0   0   0   0   0   0   0   0   0   0   0   0   0   0   0   0   0   0   0   0   0   0   0   0   0   0   0   0   0   0   0   0   0   0   0   0   0   0   0   0   0   0   0   0   0   0   0   0   0   0   0   0   0   0   0   0   0   0   0   0   0   0   0   0   0   0   0   0   0   0   0   0   0   0   0   0   0   0   0   0   0   0   0   0   0   0   0   0   0   0   0   0   0   0   0   0   0   0   0   0   0   0   0   0   0   0   0   0   0   0   0   0   0   0   0   0   0   0   0   0   0   0   0   0   0   0   0   0   0   0   0   0   0   0   0   0   0   0   0   0   0   0   0   0   0   0   0   0   0   0   0   0   0   0   0   0   0   0   0   0   0   0   0   0   0   0   0   0   0   0   0   0   0   0   0   0   0   0   0   0   0   0   0   0   0   0   0   0   0   0   0   0   0   0   0   0   0   0   0   0   0   0   0   0   0   0   0   0   0   0   0   0   0   0   0   0   0   0   0   0   0   0   0   0   0   0   0   0   0   0   0   0   0   0   0   0   0   0   0   0   0   0   0   0   0   0   0   0   0   0   0   0   0   0   0   0   0   0   0   0   0   0   0   0   0   0   0   0   0   0   0   0   0   0   0   0   0   0   0   0   0   0   0   0   0   0   0   0   0   0   0   0   0   0   0   0   0   0   0   0   0   0   0   0   0   0   0   0   0   0   0   0   0   0   0   0   0   0   0   0   0   0   0   0   0   0   0   0   0   0   0   0   0   0   0   0   0   0   0   0   0   0   0   0   0   0   0   0   0   0   0   0   0   0   0   0   0   0   0   0   0   0   0   0   0   0   0   0   0   0   0   0   0   0   0   0   0   0   0   0   0   0   0   0   0   0   0   0   0   0   0   0   0   0   0   0   0   0   0   0   0   0   0   0   0   0   0   0   0   0   0   0   0   0   0   0   0   0   0   0   0   0   0   0   0   0   0   0   0   0   0   0   0   0   0   0   0   0   0   0   0   0   0   0   0   0   0   0   0   0   0   0   0   0   0   0   0   0   0   0   0   0   0   0   0   0   0   0   0   0   0   0   0   0   0   0   0   0   0   0   0   0   0   0   0   0   0   0   0   0   0   0   0   0   0   0   0   0   0   0   0   0   0   0   0   0   0   0   0   0   0   0   0   0   0   0   0   0   0   0   0   0   0   0   0   0   0   0   0   0   0   0   0   0   0   0   0   0   0   0   0   0   0   0   0   0   0   0   0   0   0   0   0   0   0   0   0   0   0   0   0   0   0   0   0   0   0   0   0   0   0   0   0   0   0   0   0   0   0   0   0   0   0   0   0   0   0   0   0   0   0   0   0   0   0   0   0   0   0   0   0   0   0   0   0   0   0   0   0   0   0   0   0   0   0   0   0   0   0   0   0   0   0   0   0   0   0   0   0   0   0   0   0   0   0   0   0   0   0   0   0   0   0   0   0   0   0   0   0   0   0   0   0   0   0   0   0   0   0   0   0   0   0   0   0   0   0   0   0   0   0   0   0   0   0   0   0   0   0   0   0   0   0   0   0   0   0   0   0   0   0   0   0   0   0   0   0   0   0   0   0   0   0   0   0   0   0   0   0   0   0   0   0   0   0   0   0   0   0   0   0   0   0   0   0   0   0   0   0   0   0   0   0   0   0   0   0   0   0   0   0   0   0   0   0   0   0   0   0   0   0   0   0   0   0   0   0   0   0   0   0   0   0   0   0   0   0   0   0   0   0   0   0   0   0   0   0   0   0   0   0   0   0   0   0   0   0   0   0   0   0   0   0   0   0   0   0   0   0   0   0   0   0   0   0   0   0   0   0   0   0   0   0   0   0   0   0   0   0   0   0   0   0   0   0   0   0   0   0   0   0   0   0   0   0   0   0   0   0   0   0   0   0   0   0   0   0   0   0   0   0   0   0   0   0   0   0   0   0   0   0   0   0   0   0   0   0   0   0   0   0   0   0   0   0   0   0   0   0   0   0   0   0   0   0   0   0   0   0   0   0   0   0   0   0   0   0   0   0   0   0   0   0   0   0   0   0   0   0   0   0   0   0   0   0   0   0   0   0   0   0   0   0   0   0   0   0   0   0   0   0   0   0   0   0   0   0   0   0   0   0   0   0   0   0   0   0   0   0   0   0   0   0   0   0   0   0   0   0   0   0   0   0   0   0   0   0   0   0   0   0   0   0 
REMAINING SPACE:      80
ACCUMULATED PRIORITY: 194
EXECUTION TIME:       0.000169900
QTY PRI VAL
[2]  97 210
[0]  95 211
[0]  94 209
[0]  93 207
[0]  90 201
[0]  96 216
[0]  90 206
[0]  91 209
[0]  89 207
[0]  97 226
[0]  95 225
[0]  85 203
[0] 100 239
[0]  89 213
[0]  99 238
[0]  92 226
[0]  83 204
[0]  87 216
[0] 100 249
[0]  87 218
[0]  83 208
[0]  85 214
[0]  98 247
[0]  88 223
[0]  94 239
[0]  84 216
[0]  99 255
[0]  90 232
[0]  88 230
[0]  91 238
[0]  86 225
[0] 100 263
[0]  87 230
[0]  99 262
[0]  83 222
[0]  98 263
[0]  94 253
[0]  98 266
[0]  93 255
[0]  98 269
[0]  78 215
[0]  91 251
[0]  89 246
[0]  85 235
[0]  94 260
[0]  73 204
[0]  75 211
[0]  87 245
[0]  72 204
[0]  95 270
[0]  85 242
[0] 100 285
[0]  87 249
[0]  93 267
[0]  95 273
[0]  81 234
[0]  78 226
[0]  78 226
[0]  90 262
[0]  91 265
[0]  82 239
[0]  75 219
[0]  93 272
[0]  74 217
[0]  91 267
[0]  97 285
[0]  71 211
[0]  89 265
[0]  95 283
[0]  76 227
[0]  87 260
[0]  89 267
[0]  75 225
[0]  99 298
[0]  88 265
[0]  75 226
[0]  96 290
[0]  85 257
[0]  94 285
[0] 100 305
[0]  69 211
[0]  96 295
[0]  67 207
[0]  97 301
[0]  74 230
[0]  98 306
[0]  94 294
[0]  94 295
[0]  91 286
[0]  97 305
[0]  95 299
[0]  78 247
[0]  84 266
[0]  78 247
[0]  73 232
[0]  93 296
[0]  75 239
[0]  78 249
[0]  67 214
[0]  81 259
[0]  95 304
[0]  98 315
[0]  99 319
[0]  76 245
[0]  66 213
[0]  83 268
[0]  96 311
[0]  80 262
[0]  92 302
[0]  80 263
[0]  98 323
[0]  98 323
[0]  81 267
[0]  72 238
[0]  69 229
[0]  97 322
[0]  96 319
[0]  89 296
[0]  81 270
[0]  86 287
[0]  91 304
[0]  81 271
[0]  72 241
[0]  69 231
[0]  60 201
[0]  97 326
[0]  96 325
[0]  83 281
[0]  62 210
[0]  67 227
[0]  85 288
[0]  78 265
[0] 100 340
[0]  75 258
[0]  60 207
[0]  73 252
[0]  76 263
[0]  95 329
[0]  99 343
[0]  95 330
[0]  76 264
[0]  82 286
[0]  98 342
[0]  79 276
[0]  99 346
[0]  99 346
[0]  64 224
[0]  68 239
[0]  85 299
[0]  65 229
[0]  87 307
[0]  63 223
[0]  73 259
[0]  93 330
[0]  81 288
[0]  63 224
[0]  70 249
[0]  91 324
[0]  89 317
[0]  89 317
[0]  90 322
[0]  93 333
[0]  73 263
[0]  61 221
[0]  58 211
[0]  64 233
[0]  76 277
[0]  62 226
[0]  57 208
[0]  72 263
[0]  97 355
[0]  82 301
[0]  86 316
[0]  72 265
[0]  88 324
[0]  65 240
[0]  68 252
[0]  75 278
[0]  97 361
[0]  98 365
[0]  90 336
[0]  94 351
[0] 100 374
[0]  59 221
[0]  57 214
[0]  67 253
[0]  94 355
[0]  54 204
[0]  81 306
[0]  64 243
[0]  64 243
[0]  90 344
[0]  87 333
[0]  66 253
[0]  85 326
[0]  80 307
[0]  69 265
[0]  83 319
[0]  95 367
[0]  60 232
[0]  69 268
[0]  87 338
[0]  97 377
[0]  80 311
[0]  91 354
[0]  96 374
[0]  98 383
[0]  97 380
[0]  86 337
[0]  69 271
[0]  89 350
[0]  87 343
[0]  92 363
[0]  94 371
[0]  70 277
[0]  86 341
[0]  96 381
[0]  95 379
[0]  89 357
[0]  87 349
[0]  63 253
[0]  89 358
[0]  80 322
[0]  74 298
[0]  67 270
[0]  65 262
[0]  99 401
[0]  91 369
[0]  81 329
[0]  57 232
[0]  50 204
[0]  74 302
[0]  98 401
[0]  98 402
[0]  88 361
[0]  85 349
[0]  72 296
[0]  52 214
[0]  77 317
[0] 100 413
[0]  82 339
[0]  71 294
[0]  76 315
[0]  55 228
[0]  69 287
[0]  69 288
[0]  54 226
[0]  94 395
[0]  84 353
[0]  48 202
[0]  67 282
[0]  85 358
[0]  98 413
[0]  55 232
[0]  68 288
[0]  95 404
[0]  94 400
[0]  96 409
[0]  69 294
[0]  85 363
[0]  91 389
[0]  97 415
[0]  68 291
[0] 100 428
[0]  77 330
[0]  70 300
[0]  96 412
[0]  51 219
[0]  57 245
[0]  53 228
[0]  53 228
[0]  93 401
[0]  79 341
[0]  55 238
[0]  60 260
[0]  91 395
[0]  55 239
[0]  98 426
[0]  96 418
[0]  96 418
[0]  56 244
[0]  64 280
[0]  81 355
[0]  54 237
[0]  90 395
[0]  69 303
[0]  65 286
[0]  52 230
[0]  67 297
[0]  66 293
[0]  50 222
[0]  45 200
[0]  81 361
[0]  64 286
[0]  84 376
[0]  65 291
[0] 100 448
[0]  54 242
[0]  60 269
[0]  45 202
[0]  94 422
[0]  49 220
[0]  52 234
[0]  79 356
[0]  79 358
[0]  67 304
[0]  95 432
[0]  82 373
[0]  98 446
[0]  72 328
[0]  67 307
[0]  89 408
[0]  75 345
[0]  88 405
[0]  63 290
[0]  71 327
[0]  79 364
[0]  74 341
[0]  75 346
[0] 100 463
[0]  78 362
[0]  92 427
[0]  73 339
[0]  91 423
[0]  68 317
[0]  80 373
[0]  86 401
[0]  70 327
[0]  56 262
[0]  63 295
[0]  79 370
[0]  51 239
[0]  93 436
[0] 100 469
[0]  56 263
[0]  96 451
[0]  72 339
[0]  81 382
[0]  79 373
[0]  67 317
[0]  97 459
[0]  60 284
[0]  77 366
[0]  59 281
[0]  59 281
[0]  88 420
[0]  77 368
[0]  91 435
[0]  97 464
[0]  95 455
[0]  83 399
[0]  77 371
[0]  73 352
[0]  57 275
[0]  74 358
[0]  90 436
[0]  45 218
[0]  91 441
[0]  53 257
[0]  95 461
[0]  64 311
[0]  57 278
[0]  82 400
[0]  97 474
[0]  74 362
[0]  58 284
[0]  94 461
[0]  76 373
[0]  46 226
[0]  82 403
[0]  83 408
[0]  97 477
[0]  73 359
[0]  80 394
[0]  41 202
[0]  89 439
[0]  81 400
[0]  60 297
[0]  63 312
[0]  85 421
[0]  46 228
[0]  99 491
[0]  57 283
[0]  92 457
[0]  96 478
[0]  81 404
[0]  78 390
[0]  82 410
[0]  54 270
[0]  62 310
[0]  64 322
[0]  90 453
[0]  90 454
[0]  95 481
[0]  42 213
[0]  96 487
[0]  90 457
[0]  50 254
[0]  72 366
[0]  78 398
[0]  86 439
[0]  85 434
[0]  63 322
[0]  57 292
[0]  67 344
[0]  89 457
[0]  53 273
[0]  85 438
[0]  63 325
[0]  73 377
[0]  84 434
[0]  95 491
[0]  93 481
[0]  40 207
[0]  91 472
[0]  63 327
[0]  71 370
[0]  71 370
[0]  94 490
[0]  87 454
[0]  73 381
[0]  67 350
[0]  79 414
[0]  83 435
[0]  94 493
[0]  80 420
[0]  61 321
[0]  72 379
[0]  93 491
[0]  81 428
[0]  70 370
[0]  68 360
[0]  77 409
[0]  57 303
[0]  44 234
[0]  69 367
[0]  89 474
[0]  93 496
[0]  74 395
[0]  70 374
[0]  93 497
[0]  87 465
[0]  60 321
[0]  51 273
[0]  75 402
[0]  56 301
[0]  58 312
[0]  52 280
[0]  54 291
[0]  50 270
[0]  62 338
[0]  75 409
[0]  66 360
[0]  46 251
[0]  84 459
[0]  51 279
[0]  42 230
[0]  83 456
[0]  83 456
[0]  73 402
[0]  59 325
[0]  85 469
[0]  59 326
[0]  53 294
[0]  58 322
[0]  43 240
[0]  84 469
[0]  82 458
[0]  68 381
[0]  48 269
[0]  41 231
[0]  86 485
[0]  86 487
[0]  83 471
[0]  37 210
[0]  37 210
[0]  56 318
[0]  71 404
[0]  52 296
[0]  73 416
[0]  70 399
[0]  48 274
[0]  84 480
[0]  72 412
[0]  55 318
[0]  48 278
[0]  45 261
[0]  68 395
[0]  37 215
[0]  77 448
[0]  62 361
[0]  81 473
[0]  45 263
[0]  48 281
[0]  84 493
[0]  84 493
[0]  62 365
[0]  36 212
[0]  65 383
[0]  67 395
[0]  55 325
[0]  73 433
[0]  59 350
[0]  75 445
[0]  40 238
[0]  81 484
[0]  63 377
[0]  40 240
[0]  39 234
[0]  42 252
[0]  51 306
[0]  62 372
[0]  76 459
[0]  75 453
[0]  69 417
[0]  61 370
[0]  67 407
[0]  66 401
[0]  74 450
[0]  63 384
[0]  59 360
[0]  78 476
[0]  57 350
[0]  48 295
[0]  74 455
[0]  49 302
[0]  57 352
[0]  64 397
[0]  40 249
[0]  52 324
[0]  42 262
[0]  50 312
[0]  66 413
[0]  71 445
[0]  78 489
[0]  48 301
[0]  46 290
[0]  71 448
[0]  64 404
[0]  62 394
[0]  61 388
[0]  66 420
[0]  65 414
[0]  35 223
[0]  54 347
[0]  77 496
[0]  35 226
[0]  45 291
[0]  68 440
[0]  61 395
[0]  69 448
[0]  44 286
[0]  74 481
[0]  47 307
[0]  66 432
[0]  47 308
[0]  76 499
[0]  67 440
[0]  44 289
[0]  74 487
[0]  72 474
[0]  34 226
[0]  57 381
[0]  37 249
[0]  36 243
[0]  34 230
[0]  40 271
[0]  65 441
[0]  47 319
[0]  66 449
[0]  72 490
[0]  66 450
[0]  40 273
[0]  56 383
[0]  63 431
[0]  39 267
[0]  55 377
[0]  35 240
[0]  69 474
[0]  35 241
[0]  47 326
[0]  66 459
[0]  42 294
[0]  66 463
[0]  58 407
[0]  56 393
[0]  48 337
[0]  65 457
[0]  69 486
[0]  36 254
[0]  54 382
[0]  63 446
[0]  32 227
[0]  30 213
[0]  70 497
[0]  49 348
[0]  43 307
[0]  58 417
[0]  66 476
[0]  64 462
[0]  65 471
[0]  53 385
[0]  52 378
[0]  31 226
[0]  34 248
[0]  40 292
[0]  42 307
[0]  54 397
[0]  62 456
[0]  39 287
[0]  65 479
[0]  64 472
[0]  52 384
[0]  61 453
[0]  59 440
[0]  61 455
[0]  64 478
[0]  46 345
[0]  59 443
[0]  64 483
[0]  63 477
[0]  57 432
[0]  63 478
[0]  51 389
[0]  27 206
[0]  38 290
[0]  63 481
[0]  34 260
[0]  49 375
[0]  52 398
[0]  52 398
[0]  29 222
[0]  38 291
[0]  57 438
[0]  61 469
[0]  52 404
[0]  57 443
[0]  40 311
[0]  41 319
[0]  55 429
[0]  60 470
[0]  37 291
[0]  54 427
[0]  55 436
[0]  54 429
[0]  62 495
[0]  42 336
[0]  29 232
[0]  31 248
[0]  39 312
[0]  48 385
[0]  41 329
[0]  39 313
[0]  61 490
[0]  44 355
[0]  25 202
[0]  44 356
[0]  60 486
[0]  48 389
[0]  52 422
[0]  36 293
[0]  61 497
[0]  44 359
[0]  45 368
[0]  33 270
[0]  51 418
[0]  49 402
[0]  34 279
[0]  25 207
[0]  44 365
[0]  54 450
[0]  41 342
[0]  26 217
[0]  52 435
[0]  40 335
[0]  29 244
[0]  25 211
[0]  45 381
[0]  48 407
[0]  28 238
[0]  52 442
[0]  33 281
[0]  54 460
[0]  41 350
[0]  43 368
[0]  47 403
[0]  52 449
[0]  41 355
[0]  51 442
[0]  45 390
[0]  43 373
[0]  56 487
[0]  24 209
[0]  53 463
[0]  42 367
[0]  47 414
[0]  51 451
[0]  41 363
[0]  42 373
[0]  33 294
[0]  38 339
[0]  31 277
[0]  55 492
[0]  54 484
[0]  40 361
[0]  55 497
[0]  53 479
[0]  36 326
[0]  51 462
[0]  44 400
[0]  52 474
[0]  48 438
[0]  46 420
[0]  40 369
[0]  50 462
[0]  32 297
[0]  37 344
[0]  42 391
[0]  48 447
[0]  22 205
[0]  25 233
[0]  26 243
[0]  40 374
[0]  39 365
[0]  44 412
[0]  34 319
[0]  30 282
[0]  25 235
[0]  52 489
[0]  45 424
[0]  24 228
[0]  33 317
[0]  23 222
[0]  42 406
[0]  51 498
[0]  36 352
[0]  38 372
[0]  43 421
[0]  42 412
[0]  50 497
[0]  25 249
[0]  33 330
[0]  49 492
[0]  20 201
[0]  45 456
[0]  42 429
[0]  27 276
[0]  39 400
[0]  25 257
[0]  40 412
[0]  46 478
[0]  25 260
[0]  44 461
[0]  33 346
[0]  22 231
[0]  45 473
[0]  42 442
[0]  42 442
[0]  38 400
[0]  25 264
[0]  37 391
[0]  39 417
[0]  36 385
[0]  33 353
[0]  37 397
[0]  41 440
[0]  24 258
[0]  27 292
[0]  22 238
[0]  37 403
[0]  37 405
[0]  31 342
[0]  21 232
[0]  30 332
[0]  28 310
[0]  19 211
[0]  36 401
[0]  28 313
[0]  39 437
[0]  36 406
[0]  26 294
[0]  33 374
[0]  41 467
[0]  38 434
[0]  28 320
[0]  36 417
[0]  29 336
[0]  22 256
[0]  42 490
[0]  26 305
[0]  35 411
[0]  38 450
[0]  40 476
[0]  26 310
[0]  37 442
[0]  27 324
[0]  26 312
[0]  31 373
[0]  17 205
[0]  28 338
[0]  30 363
[0]  35 424
[0]  36 437
[0]  18 219
[0]  33 403
[0]  25 308
[0]  29 358
[0]  30 372
[0]  36 447
[0]  22 275
[0]  32 401
[0]  38 478
[0]  30 378
[0]  25 318
[0]  24 308
[0]  25 322
[0]  35 451
[0]  38 490
[0]  26 336
[0]  30 389
[0]  36 467
[0]  27 351
[0]  27 353
[0]  34 445
[0]  31 408
[0]  36 475
[0]  20 265
[0]  29 386
[0]  28 377
[0]  32 434
[0]  30 408
[0]  34 463
[0]  32 436
[0]  29 398
[0]  24 330
[0]  19 262
[0]  23 321
[0]  29 407
[0]  18 253
[0]  19 268
[0]  24 339
[0]  34 483
[0]  26 372
[0]  26 376
[0]  29 421
[0]  15 218
[0]  19 277
[0]  34 498
[0]  20 294
[0]  27 398
[0]  16 236
[0]  32 476
[0]  18 269
[0]  31 468
[0]  22 333
[0]  29 440
[0]  14 213
[0]  23 351
[0]  20 306
[0]  27 415
[0]  31 481
[0]  17 264
[0]  28 435
[0]  27 423
[0]  13 204
[0]  30 476
[0]  20 318
[0]  22 350
[0]  23 369
[0]  28 456
[0]  18 296
[0]  29 479
[0]  27 446
[0]  29 482
[0]  14 233
[0]  27 452
[0]  19 321
[0]  25 425
[0]  16 273
[0]  24 410
[0]  20 344
[0]  23 399
[0]  27 470
[0]  20 351
[0]  28 492
[0]  12 211
[0]  24 425
[0]  15 270
[0]  19 345
[0]  22 401
[0]  20 366
[0]  12 222
[0]  19 352
[0]  18 334
[0]  16 301
[0]  19 359
[0]  21 397
[0]  11 209
[0]  25 481
[0]  22 425
[0]  25 486
[0]  23 448
[0]  18 353
[0]  17 337
[0]  24 477
[0]  13 260
[0]  23 461
[0]  22 441
[0]  16 321
[0]  14 282
[0]  10 205
[0]  22 454
[0]  22 454
[0]  17 352
[0]  17 353
[0]  10 210
[0]  17 358
[0]  23 490
[0]  17 363
[0]  16 342
[0]  10 215
[0]  16 348
[0]  14 306
[0]  19 418
[0]  17 379
[0]  11 246
[0]  17 386
[0]  12 274
[0]  17 389
[0]  10 229
[0]  20 461
[0]  11 256
[0]  17 403
[0]  10 238
[0]  18 433
[0]  20 484
[0]  12 294
[0]  13 319
[0]  10 247
[0]  19 473
[0]  13 324
[0]  19 474
[0]  15 375
[0]  18 452
[0]  14 355
[0]  18 457
[0]  15 387
[0]  19 492
[0]  15 393
[0]  19 499
[0]  12 318
[0]  16 424
[0]  12 318
[0]  17 453
[0]  15 400
[0]  15 400
[0]  18 481
[0]  18 481
[0]  13 350
[0]  13 352
[0]  12 325
[0]  17 461
[0]  15 408
[0]  18 493
[0]  18 495
[0]  11 303
[0]  14 389
[0]  16 445
[0]  12 342
[0]  14 406
[0]  11 319
[0]  14 408
[0]  15 438
[0]  13 382
[0]  14 420
[0]  15 457
[0]  16 488
[0]  13 402
[0]  13 420
[0]  13 421
[0]  11 358
[0]  13 426
[0]  12 399
[0]  12 400
[0]  14 469
[0]  14 486
[0]  13 458
[0]  12 439
[0]  12 473
[0]  11 434
[0]  12 476
[0]  12 482
[0]  11 445
[0]  11 466
[0]  11 473
[0]  10 436
[0]  11 484
[0]  10 455
[0]  10 457
[0]  10 473
