  2   0   0   0   0   0   0   0   0   0   0   0   0   0   0   0   0   0   0   0   0   0   0   0   0   0   0   0   0   0   0   0   0   0   0   0   0   0   0   0   0   0   0   0   0   0   0   0   0   0   0   0   0   0   0   0   0   0   0   0   0   0   0   0   0   0   0   0   0   0   0   0   0   0   0   0   0   0   0   0   0   0   0   0   0   0   0   0   0   0   0   0   0   0   0   0   0   0   0   0   0   0   0   0   0   0   0   0   0   0   0   0   0   0   0   0   0   0   0   0   0   0   0   0   0   0   0   0   0   0   0   0   0   0   0   0   0   0   0   0   0   0   0   0   0   0   0   0   0   0   0   0   0   0   0   0   0   0   0   0   0   0   0   0   0   0   0   0   0   0   0   0   0   0   0   0   0   0   0   0   0   0   0   0   0   0   0   0   0   0   0   0   0   0   0   0   0   0   0   0   0   0   0   0   0   0   0   0   0   0   0   0   0   0   0   0   0   0   0   0   0   0   0   0   0   0   0   0   0   0   0   0   0   0   0   0   0   0   0   0   0   0   0   0   0   0   0   0   0   0   0   0   0   0   0   0   0   0   0   0   0   0   0   0   0   0   0   0   0   0   0   0   0   0   0   0   0   0   0   0   0   0   0   0   0   0   0   0   0   0   0   0   0   0   0   0   0   0   0   0   0   0   0   0   0   0   0   0   0   0   0   0   0   0   0   0   0   0   0   0   0   0   0   0   0   0   0   0   0   0   0   0   0   0   0   0   0   0   0   0   0   0   0   0   0   0   0   0   0   0   0   0   0   0   0   0   0   0   0   0   0   0   0   0   0   0   0   0   0   0   0   0   0   0   0   0   0   0   0   0   0   0   0   0   0   0   0   0   0   0   0   0   0   0   0   0   0   0   0   0   0   0   0   0   0   0   0   0   0   0   0   0   0   0   0   0   0   0   0   0   0   0   0   0   0   0   0   0   0   0   0   0   0   0   0   0   0   0   0   0   0   0   0   0   0   0   0   0   0   0   0   0   0   0   0   0   0   0   0   0   0   0   0   0   0   0   0   0   0   0   0   0   0   0   0   0   0   0   0   0   0   0   0   0   0   0   0   0   0   0   0   0   0   0   0   0   0   0   0   0   0   0   0   0   0   0   0   0   0   0   0   0   0   0   0   0   0   0   0   0   0   0   0   0   0   0   0   0   0   0   0   0   0   0   0   0   0   0   0   0   0   0   0   0   0   0   0   0   0   0   0   0   0   0   0   0   0   0   0   0   0   0   0   0   0   0   0   0   0   0   0   0   0   0   0   0   0   0   0   0   0   0   0   0   0   0   0   0   0   0   0   0   0   0   0   0   0   0   0   0   0   0   0   0   0   0   0   0   0   0   0   0   0   0   0   0   0   0   0   0   0   0   0   0   0   0   0   0   0   0   0   0   0   0   0   0   0   0   0   0   0   0   0   0   0   0   0   0   0   0   0   0   0   0   0   0   0   0   0   0   0   0   0   0   0   0   0   0   0   0   0   0   0   0   0   0   0   0   0   0   0   0   0   0   0   0   0   0   0   0   0   0   0   0   0   0   0   0   0   0   0   0   0   0   0   0   0   0   0   0   0   0   0   0   0   0   0   0   0   0   0   0   0   0   0   0   0   0   0   0   0   0   0   0   0   0   0   0   0   0   0   0   0   0   0   0   0   0   0   0   0   0   0   0   0   0   0   0   0   0   0   0   0   0   0   0   0   0   0   0   0   0   0   0   0   0   0   0   0   0   0   0   0   0   0   0   0   0   0   0   0   0   0   0   0   0   0   0   0   0   0   0   0   0   0   0   0   0   0   0   0   0   0   0   0   0   0   0   0   0   0   0   0   0   0   0   0   0   0   0   0   0   0   0   0   0   0   0   0   0   0   0   0   0   0   0   0   0   0   0   0   0   0   0   0   0   0   0   0   0   0   0   0   0   0   0   0   0   0   0   0   0   0   0   0   0   0   0   0   0   0   0   0   0   0   0   0   0   0   0   0   0   0   0   0   0   0   0   0   0   0   0   0   0   0   0   0   0   0   0   0   0   0   0   0   0   0   0   0   0   0   0   0   0   0   0   0   0   0   0   0   0   0   0   0   0   0   0   0   0   0   0   0   0   0   0   0   0   0   0   0   0   0   0   0   0   0   0   0   0   0   0   0   0   0   0   0   0   0   0   0   0   0   0   0   0   0   0   0   0   0   0   0   0   0   0   0   0   0   0   0   0   0   0   0   0   0   0   0   0 
REMAINING SPACE:      94
ACCUMULATED PRIORITY: 200
EXECUTION TIME:       0.000168700
QTY PRI VAL
[2] 100 203
[0]  97 201
[0]  97 207
[0]  97 216
[0]  93 214
[0]  91 210
[0]  98 227
[0]  86 200
[0]  94 220
[0]  93 221
[0]  97 231
[0]  94 225
[0]  99 237
[0]  92 221
[0]  96 236
[0]  84 209
[0]  99 247
[0]  98 248
[0]  80 203
[0]  94 241
[0]  93 246
[0]  97 258
[0]  91 244
[0]  88 237
[0]  79 214
[0]  77 209
[0]  82 223
[0]  76 207
[0]  87 237
[0]  85 232
[0]  84 230
[0] 100 274
[0]  94 259
[0]  84 232
[0]  93 258
[0]  88 245
[0]  82 229
[0]  93 260
[0]  94 263
[0]  86 241
[0]  82 230
[0]  92 260
[0]  95 269
[0]  91 258
[0]  87 247
[0]  88 251
[0]  94 270
[0]  99 285
[0]  88 254
[0]  69 200
[0]  90 261
[0]  81 235
[0]  75 219
[0]  85 249
[0]  78 229
[0]  97 286
[0]  89 263
[0]  71 210
[0]  97 287
[0]  98 292
[0]  92 275
[0]  95 284
[0]  78 236
[0]  96 292
[0]  75 229
[0]  92 281
[0]  68 208
[0]  73 224
[0]  88 271
[0]  88 271
[0]  75 231
[0]  82 253
[0]  87 269
[0]  94 291
[0]  68 211
[0]  80 249
[0]  81 253
[0]  96 301
[0]  95 298
[0]  66 208
[0]  91 287
[0]  64 202
[0] 100 317
[0]  65 207
[0]  85 271
[0]  79 253
[0] 100 321
[0]  76 244
[0]  71 229
[0]  80 259
[0]  72 235
[0]  96 314
[0]  96 314
[0]  75 246
[0]  92 302
[0]  91 299
[0]  94 309
[0]  81 267
[0]  91 301
[0]  87 288
[0]  76 254
[0]  97 325
[0]  92 312
[0]  93 317
[0]  61 208
[0]  82 280
[0]  95 325
[0]  74 255
[0]  96 331
[0]  96 333
[0]  98 340
[0]  67 233
[0]  71 248
[0]  60 210
[0]  82 287
[0]  62 217
[0]  95 334
[0]  61 215
[0]  59 208
[0]  64 226
[0]  99 350
[0]  73 260
[0]  74 264
[0]  75 268
[0]  73 261
[0]  92 329
[0]  64 229
[0]  60 215
[0]  85 305
[0]  59 212
[0]  57 205
[0]  82 296
[0]  98 354
[0]  80 289
[0]  74 268
[0]  78 284
[0]  87 317
[0]  88 321
[0]  78 285
[0]  92 337
[0]  79 290
[0]  80 294
[0]  57 210
[0]  99 366
[0]  57 212
[0]  83 309
[0]  88 328
[0]  94 351
[0]  99 370
[0]  61 228
[0]  79 296
[0]  99 375
[0]  77 292
[0]  69 262
[0]  91 348
[0]  59 227
[0]  90 347
[0]  97 375
[0]  75 290
[0]  54 209
[0]  78 302
[0]  74 287
[0]  85 330
[0]  82 319
[0]  76 296
[0]  60 234
[0]  82 321
[0]  82 322
[0]  58 229
[0]  87 344
[0]  76 301
[0]  68 270
[0]  87 346
[0]  84 335
[0]  65 260
[0]  96 384
[0] 100 401
[0]  99 397
[0]  80 321
[0]  95 382
[0]  74 298
[0]  72 290
[0]  91 367
[0]  51 206
[0]  79 320
[0]  92 373
[0]  86 349
[0]  81 329
[0]  60 244
[0]  49 201
[0]  96 396
[0]  70 289
[0]  70 289
[0]  60 248
[0]  64 265
[0]  72 299
[0]  93 388
[0]  79 330
[0]  56 234
[0]  62 260
[0]  61 256
[0]  69 290
[0]  64 270
[0]  65 275
[0]  72 305
[0]  68 289
[0]  93 396
[0] 100 427
[0]  77 329
[0]  71 304
[0]  66 283
[0]  91 391
[0]  59 254
[0]  91 393
[0]  59 255
[0]  93 402
[0] 100 433
[0] 100 434
[0]  73 317
[0]  97 422
[0]  89 388
[0]  86 375
[0]  65 284
[0]  91 398
[0]  98 429
[0]  58 254
[0]  68 298
[0]  94 412
[0]  90 395
[0]  80 352
[0]  95 418
[0]  72 317
[0]  79 348
[0]  80 353
[0]  65 287
[0]  60 265
[0]  62 274
[0]  70 310
[0]  55 244
[0]  87 386
[0]  80 355
[0]  89 395
[0]  63 280
[0]  90 400
[0]  53 236
[0]  86 383
[0]  67 299
[0] 100 447
[0]  89 398
[0]  87 390
[0]  90 404
[0]  61 274
[0]  75 337
[0]  72 324
[0]  85 383
[0]  83 374
[0]  73 329
[0]  67 302
[0]  59 266
[0]  45 203
[0]  52 235
[0]  95 430
[0]  93 422
[0]  93 422
[0]  63 286
[0]  83 377
[0]  80 364
[0]  59 269
[0]  91 417
[0]  78 359
[0]  72 333
[0]  93 431
[0]  55 255
[0]  83 385
[0]  78 362
[0]  59 274
[0] 100 466
[0]  68 317
[0]  49 229
[0]  96 449
[0]  63 295
[0]  60 281
[0]  51 239
[0]  88 413
[0]  98 460
[0]  76 357
[0]  53 249
[0]  63 296
[0]  87 409
[0]  45 212
[0]  88 415
[0]  74 349
[0]  93 439
[0]  58 274
[0]  80 379
[0]  69 327
[0]  92 436
[0]  50 237
[0]  64 304
[0]  93 442
[0]  75 357
[0]  93 443
[0]  99 472
[0]  69 329
[0]  78 372
[0]  70 334
[0]  91 435
[0]  96 459
[0]  68 326
[0]  97 466
[0]  71 342
[0]  73 352
[0]  85 411
[0]  67 325
[0]  62 301
[0]  62 302
[0]  49 239
[0]  84 410
[0]  60 293
[0]  62 303
[0]  45 220
[0]  84 411
[0]  66 323
[0]  86 421
[0]  89 436
[0]  43 211
[0]  68 334
[0]  60 295
[0]  92 453
[0]  53 261
[0]  56 276
[0]  94 464
[0]  79 390
[0]  78 386
[0]  59 292
[0]  61 302
[0]  73 362
[0]  51 253
[0]  91 452
[0] 100 498
[0]  81 404
[0]  61 305
[0]  96 481
[0]  63 316
[0]  95 477
[0]  91 457
[0]  68 342
[0]  66 332
[0]  85 428
[0]  69 348
[0]  68 343
[0]  70 354
[0]  77 392
[0]  94 479
[0]  64 327
[0]  71 363
[0]  62 317
[0]  75 385
[0]  89 457
[0]  80 411
[0]  42 216
[0]  93 479
[0]  87 449
[0]  85 439
[0]  72 372
[0]  48 248
[0]  88 456
[0]  92 477
[0]  67 348
[0]  66 343
[0]  83 432
[0]  93 485
[0]  87 454
[0]  70 366
[0]  70 367
[0]  90 472
[0]  89 467
[0]  50 263
[0]  75 395
[0]  77 407
[0]  78 413
[0]  92 489
[0]  80 427
[0]  67 359
[0]  61 327
[0]  93 499
[0]  51 274
[0]  78 420
[0]  57 307
[0]  72 388
[0]  76 410
[0]  50 270
[0]  87 470
[0]  79 427
[0]  61 330
[0]  52 282
[0]  42 228
[0]  46 250
[0]  78 425
[0]  79 431
[0]  85 464
[0]  37 202
[0]  89 486
[0]  91 497
[0]  75 410
[0]  55 301
[0]  87 477
[0]  76 417
[0]  57 313
[0]  59 324
[0]  63 346
[0]  42 231
[0]  74 407
[0]  81 447
[0]  76 421
[0]  83 460
[0]  85 473
[0]  85 473
[0]  79 440
[0]  52 290
[0]  88 491
[0]  78 436
[0]  69 386
[0]  87 487
[0]  50 280
[0]  40 224
[0]  81 456
[0]  67 378
[0]  51 288
[0]  75 424
[0]  74 419
[0]  42 238
[0]  82 465
[0]  40 227
[0]  50 284
[0]  75 428
[0]  81 463
[0]  72 412
[0]  74 424
[0]  76 436
[0]  47 270
[0]  79 455
[0]  67 386
[0]  44 254
[0]  71 410
[0]  49 283
[0]  73 422
[0]  38 220
[0]  38 220
[0]  54 313
[0]  77 448
[0]  61 356
[0]  80 468
[0]  84 492
[0]  78 457
[0]  80 470
[0]  65 382
[0]  76 447
[0]  58 343
[0]  69 409
[0]  70 415
[0]  42 249
[0]  72 427
[0]  66 392
[0]  58 345
[0]  40 238
[0]  52 310
[0]  58 346
[0]  38 227
[0]  49 293
[0]  53 317
[0]  73 437
[0]  35 210
[0]  52 312
[0]  82 493
[0]  51 307
[0]  34 205
[0]  34 205
[0]  74 447
[0]  82 496
[0]  58 351
[0]  50 304
[0]  59 359
[0]  56 342
[0]  59 361
[0]  73 447
[0]  62 380
[0]  44 270
[0]  51 314
[0]  57 351
[0]  79 488
[0]  67 414
[0]  64 397
[0]  78 484
[0]  52 324
[0]  42 262
[0]  63 393
[0]  54 337
[0]  54 338
[0]  70 439
[0]  72 452
[0]  70 443
[0]  36 228
[0]  43 273
[0]  77 490
[0]  33 210
[0]  32 204
[0]  58 370
[0]  44 281
[0]  72 461
[0]  37 237
[0]  75 481
[0]  65 417
[0]  65 418
[0]  34 219
[0]  51 329
[0]  73 472
[0]  60 389
[0]  54 351
[0]  74 481
[0]  58 377
[0]  60 390
[0]  61 397
[0]  60 391
[0]  51 333
[0]  68 444
[0]  63 413
[0]  70 459
[0]  64 420
[0]  37 243
[0]  59 389
[0]  75 495
[0]  73 482
[0]  72 476
[0]  54 358
[0]  50 333
[0]  59 393
[0]  39 261
[0]  62 415
[0]  72 482
[0]  52 349
[0]  70 470
[0]  55 370
[0]  31 209
[0]  64 432
[0]  41 277
[0]  63 426
[0]  49 333
[0]  42 286
[0]  30 205
[0]  40 274
[0]  69 473
[0]  61 421
[0]  51 352
[0]  72 498
[0]  72 499
[0]  67 465
[0]  35 243
[0]  65 453
[0]  71 495
[0]  52 363
[0]  70 491
[0]  54 379
[0]  39 274
[0]  34 239
[0]  55 390
[0]  46 327
[0]  69 491
[0]  64 457
[0]  66 472
[0]  65 467
[0]  69 496
[0]  62 447
[0]  54 390
[0]  48 347
[0]  39 282
[0]  46 333
[0]  32 232
[0]  62 452
[0]  31 226
[0]  32 234
[0]  61 448
[0]  63 463
[0]  60 443
[0]  48 356
[0]  48 358
[0]  43 321
[0]  65 486
[0]  37 277
[0]  39 292
[0]  47 352
[0]  28 210
[0]  38 285
[0]  58 435
[0]  33 248
[0]  62 466
[0]  36 271
[0]  35 265
[0]  64 485
[0]  44 334
[0]  59 448
[0]  59 449
[0]  36 274
[0]  50 383
[0]  47 361
[0]  47 362
[0]  54 416
[0]  49 378
[0]  49 378
[0]  61 471
[0]  41 317
[0]  50 387
[0]  53 411
[0]  43 334
[0]  63 490
[0]  64 500
[0]  43 336
[0]  46 360
[0]  29 227
[0]  60 471
[0]  41 322
[0]  63 495
[0]  58 456
[0]  63 496
[0]  61 481
[0]  39 308
[0]  62 490
[0]  32 253
[0]  34 270
[0]  26 207
[0]  32 255
[0]  55 440
[0]  47 379
[0]  43 350
[0]  26 212
[0]  55 449
[0]  26 214
[0]  54 446
[0]  29 240
[0]  47 389
[0]  39 323
[0]  60 498
[0]  41 341
[0]  48 400
[0]  36 300
[0]  43 359
[0]  43 361
[0]  47 395
[0]  43 363
[0]  48 406
[0]  52 440
[0]  45 382
[0]  52 444
[0]  45 385
[0]  37 317
[0]  51 437
[0]  40 343
[0]  38 326
[0]  31 266
[0]  54 464
[0]  50 431
[0]  29 250
[0]  48 415
[0]  32 277
[0]  29 252
[0]  34 296
[0]  42 366
[0]  51 445
[0]  51 445
[0]  34 297
[0]  36 316
[0]  55 483
[0]  35 308
[0]  56 493
[0]  37 326
[0]  55 485
[0]  31 274
[0]  46 408
[0]  53 471
[0]  32 285
[0]  44 392
[0]  39 348
[0]  45 402
[0]  35 313
[0]  47 421
[0]  25 224
[0]  31 278
[0]  34 305
[0]  35 314
[0]  49 441
[0]  32 290
[0]  48 438
[0]  54 493
[0]  48 440
[0]  37 341
[0]  22 203
[0]  35 324
[0]  49 455
[0]  42 391
[0]  49 458
[0]  22 206
[0]  40 377
[0]  25 236
[0]  27 255
[0]  51 484
[0]  25 238
[0]  34 324
[0]  30 286
[0]  51 488
[0]  50 479
[0]  49 471
[0]  22 213
[0]  49 475
[0]  48 466
[0]  23 224
[0]  40 390
[0]  24 234
[0]  45 441
[0]  31 304
[0]  45 442
[0]  42 413
[0]  43 424
[0]  44 434
[0]  48 474
[0]  30 297
[0]  48 476
[0]  24 238
[0]  30 298
[0]  27 269
[0]  45 450
[0]  35 351
[0]  35 351
[0]  45 452
[0]  41 413
[0]  42 425
[0]  49 496
[0]  32 324
[0]  44 448
[0]  48 489
[0]  40 409
[0]  34 348
[0]  42 430
[0]  30 308
[0]  34 351
[0]  29 300
[0]  40 414
[0]  35 363
[0]  21 218
[0]  26 270
[0]  45 468
[0]  38 397
[0]  32 335
[0]  47 496
[0]  36 383
[0]  39 415
[0]  45 479
[0]  39 416
[0]  39 418
[0]  30 322
[0]  45 484
[0]  25 269
[0]  27 291
[0]  39 421
[0]  46 497
[0]  38 412
[0]  41 445
[0]  32 349
[0]  33 361
[0]  30 330
[0]  43 476
[0]  39 432
[0]  40 446
[0]  18 201
[0]  30 336
[0]  42 471
[0]  19 214
[0]  33 372
[0]  21 237
[0]  26 294
[0]  30 340
[0]  44 499
[0]  38 431
[0]  21 239
[0]  38 435
[0]  23 265
[0]  39 450
[0]  29 335
[0]  35 405
[0]  21 243
[0]  42 487
[0]  23 267
[0]  32 372
[0]  36 420
[0]  21 247
[0]  40 472
[0]  27 319
[0]  21 249
[0]  39 464
[0]  37 441
[0]  20 240
[0]  36 432
[0]  21 253
[0]  37 446
[0]  38 460
[0]  19 231
[0]  33 403
[0]  27 332
[0]  18 223
[0]  38 471
[0]  21 263
[0]  29 366
[0]  38 481
[0]  24 304
[0]  31 393
[0]  39 497
[0]  16 204
[0]  18 230
[0]  32 413
[0]  35 454
[0]  36 467
[0]  35 456
[0]  27 353
[0]  38 498
[0]  20 263
[0]  30 397
[0]  31 412
[0]  20 266
[0]  23 308
[0]  32 429
[0]  35 470
[0]  24 323
[0]  30 404
[0]  32 431
[0]  22 297
[0]  25 338
[0]  16 217
[0]  21 285
[0]  17 231
[0]  33 452
[0]  30 411
[0]  33 454
[0]  31 428
[0]  25 346
[0]  28 390
[0]  28 392
[0]  30 420
[0]  20 282
[0]  28 395
[0]  33 466
[0]  23 326
[0]  25 356
[0]  20 286
[0]  22 315
[0]  24 349
[0]  24 350
[0]  30 440
[0]  23 339
[0]  25 369
[0]  18 266
[0]  23 341
[0]  24 357
[0]  28 418
[0]  28 422
[0]  17 259
[0]  31 473
[0]  27 412
[0]  25 388
[0]  21 326
[0]  26 404
[0]  24 373
[0]  31 483
[0]  20 312
[0]  26 408
[0]  30 471
[0]  23 367
[0]  24 386
[0]  31 499
[0]  29 467
[0]  15 247
[0]  19 318
[0]  28 470
[0]  16 269
[0]  16 271
[0]  26 441
[0]  21 358
[0]  23 393
[0]  21 363
[0]  13 225
[0]  25 435
[0]  22 383
[0]  22 385
[0]  21 368
[0]  23 404
[0]  21 370
[0]  22 388
[0]  14 247
[0]  28 495
[0]  19 337
[0]  23 408
[0]  24 427
[0]  20 357
[0]  16 287
[0]  20 359
[0]  26 469
[0]  19 345
[0]  24 436
[0]  25 456
[0]  21 387
[0]  25 465
[0]  25 466
[0]  20 376
[0]  21 396
[0]  23 437
[0]  22 422
[0]  19 366
[0]  21 405
[0]  24 463
[0]  21 410
[0]  24 474
[0]  11 218
[0]  17 338
[0]  12 240
[0]  24 482
[0]  16 322
[0]  22 446
[0]  10 204
[0]  11 225
[0]  16 331
[0]  22 461
[0]  19 403
[0]  16 341
[0]  11 235
[0]  19 408
[0]  23 500
[0]  11 242
[0]  22 485
[0]  10 221
[0]  15 334
[0]  22 496
[0]  18 411
[0]  12 274
[0]  10 229
[0]  13 302
[0]  14 331
[0]  20 478
[0]  19 466
[0]  13 320
[0]  17 419
[0]  13 322
[0]  18 447
[0]  20 499
[0]  13 325
[0]  19 482
[0]  13 330
[0]  14 363
[0]  12 312
[0]  16 417
[0]  11 287
[0]  10 262
[0]  18 482
[0]  16 430
[0]  15 410
[0]  16 440
[0]  16 441
[0]  16 444
[0]  15 418
[0]  13 365
[0]  14 399
[0]  15 428
[0]  12 347
[0]  15 435
[0]  10 295
[0]  10 305
[0]  16 491
[0]  13 401
[0]  13 410
[0]  14 444
[0]  13 422
[0]  12 394
[0]  11 365
[0]  11 368
[0]  10 341
[0]  12 427
[0]  10 359
[0]  12 436
[0]  12 444
[0]  13 493
[0]  11 420
[0]  13 497
[0]  11 423
[0]  11 453
[0]  10 424
[0]  10 424
[0]  10 434
[0]  10 435
[0]  11 479
[0]  11 480
[0]  10 460
[0]  10 467
[0]  10 467
