1000 500 200 500 10 100
38 361
72 247
36 353
25 210
76 342
91 242
70 430
92 305
70 455
54 362
37 443
47 438
66 238
21 388
99 393
85 391
24 366
19 384
58 245
58 224
95 396
84 362
39 429
47 266
19 350
95 384
20 223
76 405
65 369
35 355
20 498
53 214
82 432
54 229
13 241
79 313
12 218
25 211
92 391
57 229
69 403
10 282
10 484
35 386
27 477
44 313
32 234
78 235
66 224
97 340
87 217
66 452
54 326
47 381
59 438
46 206
26 323
60 465
76 473
98 408
98 288
46 371
82 296
87 486
99 370
15 285
74 478
36 371
69 398
26 269
48 411
99 425
25 261
43 289
60 489
10 431
34 416
40 348
23 457
15 230
62 358
59 462
99 301
71 387
75 334
10 282
29 429
39 227
75 346
51 472
28 210
45 309
14 453
21 336
92 490
92 434
91 431
60 380
88 426
18 428
87 421
38 202
72 415
12 487
56 243
33 293
58 258
81 378
98 308
42 317
72 277
59 342
36 293
68 437
55 487
40 426
12 323
10 403
52 355
73 497
57 296
36 298
81 440
30 262
61 387
30 243
49 328
12 421
14 356
52 337
100 471
17 447
13 439
38 229
75 488
70 338
23 263
89 335
11 310
35 500
51 225
49 411
50 378
27 472
20 438
30 274
14 320
38 400
62 268
80 250
84 352
20 288
99 222
17 316
34 269
25 330
13 307
27 345
68 320
61 366
68 323
15 416
88 409
43 450
63 443
39 483
78 286
97 408
12 392
39 441
99 287
28 454
72 208
18 226
97 313
71 285
29 331
90 327
36 213
19 416
61 475
35 398
52 417
14 318
89 277
97 219
50 227
52 457
77 470
14 313
45 375
91 417
31 296
71 394
28 219
45 464
45 456
33 203
19 466
57 379
87 328
65 305
85 269
11 340
30 494
51 469
98 249
29 222
37 379
75 404
87 474
50 340
97 478
35 499
27 413
30 384
89 224
40 345
55 500
51 230
64 285
58 310
86 384
42 377
84 497
84 358
43 398
17 347
23 341
99 267
78 223
97 244
29 389
93 290
32 221
67 330
89 267
10 389
54 221
13 412
66 295
23 437
91 268
91 317
80 378
97 361
33 233
23 347
84 493
44 259
66 455
17 268
41 278
46 422
67 471
39 265
16 404
84 457
90 484
64 278
26 407
80 410
71 293
72 260
25 340
76 247
69 458
52 264
71 220
48 283
17 269
22 405
45 248
74 342
32 435
58 240
15 257
14 428
47 455
83 385
45 257
59 337
20 446
30 500
15 285
71 305
61 329
53 474
95 370
84 307
17 434
28 292
86 245
14 290
62 458
10 492
24 306
80 228
23 428
69 416
30 259
58 214
39 479
94 214
81 252
51 351
35 367
81 425
18 362
59 310
35 440
83 333
71 328
37 495
25 338
30 467
53 380
97 233
42 468
69 406
29 217
80 403
96 398
81 495
45 292
90 327
51 356
35 225
50 219
60 489
76 379
27 452
20 384
26 316
66 380
81 269
58 226
93 230
20 248
73 331
66 278
95 320
50 316
82 367
100 314
72 390
74 207
19 200
28 275
53 440
74 286
86 301
48 430
55 436
13 253
30 267
97 474
56 214
98 431
54 374
86 434
34 486
85 354
97 280
86 200
13 282
37 478
98 349
29 412
86 283
34 248
72 296
84 435
84 210
17 390
41 409
70 346
15 463
25 228
73 327
14 263
22 264
27 490
15 397
80 395
49 315
23 278
50 313
91 420
41 378
24 405
17 332
90 328
54 450
77 286
68 385
56 333
76 339
71 311
90 473
90 413
70 347
65 447
63 452
60 231
70 375
28 263
75 335
15 499
39 497
63 258
80 383
94 227
99 412
54 455
30 242
43 420
62 357
26 247
16 431
71 336
67 413
69 459
23 239
78 229
19 242
65 314
11 377
98 345
39 429
15 421
10 467
12 257
100 405
94 330
58 281
99 339
70 263
19 440
41 203
88 235
26 205
93 369
65 440
45 420
95 312
16 287
68 430
37 300
91 347
91 368
49 243
26 370
19 201
55 307
76 227
54 449
85 441
36 313
90 279
60 497
91 272
58 368
38 326
80 234
70 245
47 400
21 306
26 344
15 277
35 261
67 493
89 484
42 225
17 262
66 228
68 395
86 240
69 500
64 429
23 287
71 384
95 460
77 454
66 246
45 454
25 482
87 465
70 327
99 211
12 244
60 295
75 288
11 450
76 450
44 270
52 249
12 421
49 342
21 211
23 303
59 342
75 359
21 499
80 297
74 273
38 447
51 228
85 452
62 220
72 305
66 335
63 442
23 312
63 327
70 369
98 236
84 413
81 267
69 228
69 370
42 454
82 418
79 300
53 459
43 417
52 359
54 367
84 204
15 333
18 200
39 210
21 462
94 330
35 282
15 341
74 408
70 217
48 224
75 341
95 335
31 445
70 257
13 242
59 489
54 290
10 326
53 474
76 421
13 265
25 410
20 404
19 399
98 289
44 436
10 304
43 436
37 212
23 258
19 452
66 379
56 484
63 291
78 241
100 459
93 465
52 410
13 333
100 488
35 481
36 301
89 443
74 231
35 479
73 459
22 234
61 473
57 291
30 323
14 224
68 336
98 348
26 306
89 303
65 404
75 465
12 266
77 491
42 260
26 285
100 400
96 254
23 236
36 333
40 427
80 389
54 295
34 309
94 468
11 443
90 445
67 273
39 212
31 205
45 233
38 490
39 360
57 452
92 389
49 453
39 340
83 328
21 327
69 234
29 246
26 363
100 334
63 399
26 200
62 317
32 496
58 313
93 298
67 398
13 246
15 252
13 440
42 220
57 214
28 310
88 481
10 200
27 410
78 359
11 303
57 290
45 480
10 351
72 416
74 213
52 347
34 246
83 343
69 354
83 270
32 367
86 386
19 314
50 214
100 403
42 295
91 314
24 344
67 300
75 463
78 369
36 277
35 346
84 431
66 226
98 361
90 250
74 208
12 490
12 484
81 290
74 283
75 301
79 318
54 385
89 465
86 289
49 418
88 411
85 383
51 297
94 279
82 489
93 410
98 260
11 320
92 421
29 202
80 228
61 372
67 300
71 365
27 276
80 272
95 379
74 373
100 345
93 272
52 439
27 261
42 272
44 246
56 482
53 413
24 267
21 322
52 319
51 454
54 218
37 381
48 327
10 271
32 405
81 255
40 222
76 239
79 344
21 236
91 231
23 233
67 482
66 364
70 342
42 444
91 491
79 455
70 277
38 239
34 317
28 222
15 308
52 332
31 295
71 225
81 265
96 323
18 363
56 245
68 203
17 313
20 211
49 260
81 242
35 218
85 342
85 346
64 250
90 401
53 294
76 370
98 384
70 304
87 378
100 200
30 235
29 324
19 228
37 335
99 484
58 278
31 292
53 224
32 402
33 386
56 249
24 304
34 447
76 378
81 404
81 455
100 338
58 486
31 411
62 387
100 373
28 418
70 388
69 205
13 315
84 484
18 345
29 246
99 342
69 314
34 500
43 484
12 244
95 204
38 489
15 247
30 253
20 223
95 355
98 429
89 370
36 283
96 397
55 204
14 452
73 283
62 284
24 238
59 434
50 430
28 331
40 481
42 390
54 273
46 483
50 464
49 362
10 315
85 325
38 245
68 335
80 478
32 344
10 394
29 206
84 449
22 249
12 470
80 382
97 433
24 494
30 465
39 392
61 312
76 297
66 293
15 435
81 499
19 234
34 304
48 466
92 326
47 431
31 352
67 287
60 477
81 430
61 333
64 419
87 338
64 200
91 296
67 349
60 462
68 385
67 373
55 267
84 263
15 493
73 309
86 449
70 257
65 425
39 449
59 233
76 257
84 365
100 417
90 346
80 396
97 392
80 279
59 466
98 456
31 205
53 435
55 248
36 231
59 228
55 214
44 215
85 493
86 323
32 342
96 235
49 397
11 204
61 386
45 215
24 325
81 305
35 374
96 398
61 224
81 384
25 437
90 207
96 477
100 287
67 497
83 305
14 499
88 267
44 227
22 374
14 253
41 309
44 229
91 331
80 432
64 490
49 312
21 496
83 276
25 407
33 302
18 365
81 269
92 333
44 464
89 397
22 434
40 443
55 211
13 415
18 237
10 459
38 401
55 386
86 434
22 398
30 201
99 484
42 443
42 315
56 271
40 423
13 466
40 366
55 337
100 267
28 484
74 472
75 428
29 209
14 297
86 243
42 418
14 267
74 292
67 465
84 343
68 266
30 452
98 484
95 461
92 412
23 224
85 477
63 388
65 460
62 290
17 233
33 480
30 265
75 432
43 282
47 367
98 282
61 479
59 355
18 265
48 231
31 297
36 440
90 391
67 419
57 351
61 437
11 451
94 249
85 481
87 406
53 429
15 414
42 253
77 296
30 483
89 305
47 232
51 213
32 393
58 352
98 282
77 221
17 238
92 414
23 350
40 315
25 256
33 436
25 497
23 325
78 256
49 207
44 373
68 460
23 401
62 207
52 399
35 464
