1000 500 200 500 10 100
34 499
12 432
44 300
71 349
41 203
65 398
37 401
20 317
48 425
95 303
56 457
95 382
87 372
21 406
13 395
96 488
96 302
16 230
77 305
11 406
41 417
90 438
42 291
31 428
53 263
21 327
79 240
45 212
93 214
91 237
27 292
50 500
100 393
70 245
14 357
46 203
90 401
30 288
51 445
65 458
29 445
56 427
81 491
63 295
10 305
86 362
92 357
57 240
100 288
29 445
13 383
65 416
53 338
78 224
52 418
88 239
71 464
69 296
34 353
78 408
92 474
14 253
52 278
37 278
95 225
34 209
75 471
55 441
91 378
75 339
82 345
13 407
59 242
57 211
20 343
70 252
50 439
10 396
16 246
60 281
10 445
62 429
37 466
18 421
19 231
23 337
46 337
96 383
69 495
41 473
39 262
43 352
55 228
35 416
34 419
62 294
86 236
25 477
10 289
94 294
17 356
63 344
50 423
10 269
10 370
51 453
59 215
72 280
45 250
28 215
99 390
20 282
73 281
60 428
22 354
82 339
76 401
35 451
56 459
52 490
84 211
48 458
40 496
63 469
70 431
61 465
77 242
69 247
96 253
76 393
88 395
91 366
55 463
42 368
32 235
19 498
40 497
65 471
67 391
62 488
78 372
21 443
83 396
19 487
61 413
12 254
96 308
65 352
36 436
13 390
44 325
80 415
32 241
60 262
78 222
43 253
87 348
25 307
88 383
64 442
19 371
50 352
76 365
17 449
64 472
76 418
49 475
88 316
53 416
24 397
76 275
93 280
27 344
85 467
43 379
16 271
31 352
74 377
23 376
79 215
18 412
92 342
63 413
82 351
97 234
54 214
69 396
89 481
17 431
54 464
38 252
19 257
69 408
72 371
26 207
76 380
58 467
99 255
25 378
80 457
93 352
85 419
33 214
64 485
62 244
44 453
31 483
65 451
52 342
52 372
94 354
19 217
10 472
25 200
50 377
38 409
45 377
74 224
11 375
24 234
99 405
70 414
27 344
37 476
24 434
91 283
60 297
22 358
70 220
39 316
12 263
32 374
59 251
31 230
32 304
40 242
57 450
68 346
87 320
97 227
36 418
73 240
12 309
63 231
93 204
61 476
39 271
95 406
41 446
65 446
60 450
11 208
57 444
44 441
26 373
44 216
43 226
18 253
72 352
87 364
42 280
21 321
84 387
22 371
47 361
41 281
71 252
67 407
64 392
60 459
94 212
49 304
81 378
88 273
44 289
32 334
74 224
10 469
65 380
72 443
89 404
62 249
99 261
93 351
82 201
59 415
26 431
27 202
71 223
66 286
95 461
43 482
85 272
25 294
18 238
14 443
69 208
35 347
47 346
46 369
87 204
19 362
18 200
26 492
57 388
100 285
34 395
19 281
93 465
75 369
91 361
24 445
99 200
80 337
30 488
27 444
36 239
35 325
26 367
76 212
51 292
24 300
70 312
100 403
74 455
26 279
17 280
77 384
79 462
68 377
51 476
31 288
39 323
74 203
79 427
82 391
40 261
57 404
46 218
79 398
47 327
91 488
88 347
77 437
93 289
82 456
46 331
73 228
39 405
30 290
11 445
36 248
24 369
58 327
56 258
34 310
84 400
64 240
99 366
90 356
37 239
88 219
91 355
11 222
23 478
37 289
50 242
73 377
63 289
78 248
19 479
27 430
43 353
63 425
74 448
85 422
40 290
92 255
86 388
12 402
78 289
76 236
56 278
98 441
31 367
97 413
94 244
32 472
58 261
30 364
17 375
49 343
40 426
30 307
33 425
77 376
25 450
44 243
91 224
96 343
70 422
52 485
68 296
53 312
39 500
64 213
96 460
46 237
43 253
14 396
52 354
29 390
33 383
91 279
57 366
90 246
94 427
44 201
86 333
94 277
77 488
24 457
22 395
61 480
43 287
74 274
99 345
14 442
72 346
63 332
97 392
63 247
63 306
68 238
46 260
27 272
71 304
48 341
18 420
92 345
26 445
90 346
21 332
64 465
15 257
28 438
48 424
18 215
77 431
49 418
90 267
90 436
24 416
60 318
90 397
37 241
15 331
84 278
38 424
26 389
43 287
25 430
25 458
45 439
26 448
31 328
67 295
83 334
65 290
66 295
83 314
22 226
37 473
85 306
60 295
78 326
99 219
91 291
81 400
85 314
90 334
29 260
43 405
53 440
98 244
14 430
28 269
86 201
40 208
90 335
88 250
100 333
24 416
25 496
96 402
71 360
69 399
57 414
93 263
26 246
35 285
87 415
65 381
79 395
96 472
10 391
89 441
31 240
71 396
77 318
99 242
68 231
38 347
87 443
41 246
36 466
13 415
35 486
48 244
25 383
35 308
42 487
43 246
97 251
25 210
32 438
74 296
99 392
68 311
48 301
67 273
81 438
14 345
92 231
36 200
12 303
50 438
54 255
61 315
86 324
23 425
16 326
98 429
15 412
15 302
80 397
44 478
97 362
82 455
54 409
21 205
85 463
90 300
43 376
79 273
43 239
90 210
96 218
71 282
68 480
16 392
65 207
23 409
52 389
66 460
66 216
14 309
38 357
96 446
61 324
53 431
83 415
60 428
45 329
95 262
59 291
66 383
15 221
38 416
36 301
16 207
71 238
22 245
68 226
32 326
45 357
39 412
70 447
76 454
72 246
70 282
35 368
45 384
30 454
13 247
30 373
65 321
84 321
15 204
48 204
50 395
66 285
81 382
31 344
94 205
27 249
24 477
15 200
45 254
11 358
45 406
21 305
38 340
40 241
25 471
34 322
78 305
45 371
24 388
68 219
76 354
34 429
90 383
65 390
27 229
36 488
51 477
26 361
58 366
76 358
88 396
38 400
52 337
39 436
19 234
37 316
45 422
38 417
16 372
22 491
76 252
87 285
11 418
23 293
21 347
86 368
69 329
80 493
13 287
40 389
70 282
60 459
99 498
93 206
61 380
93 469
70 322
70 358
98 500
84 271
52 299
34 287
46 406
84 343
39 356
78 263
99 485
67 339
42 294
65 499
81 241
82 303
89 220
22 352
51 360
95 263
28 260
29 337
85 329
29 357
27 359
76 320
50 339
75 223
18 202
74 356
87 489
39 356
24 369
24 477
64 379
38 437
53 340
25 303
60 401
69 351
57 328
18 402
94 378
79 349
77 397
53 373
24 412
55 343
50 485
74 309
41 257
11 201
58 268
76 263
77 213
11 227
41 333
84 257
20 201
89 341
30 410
66 232
78 492
53 351
44 392
85 237
81 454
22 295
83 241
64 388
48 221
46 344
92 492
30 315
98 306
51 340
14 418
79 235
28 445
62 283
65 294
90 234
12 257
38 417
16 336
97 301
73 418
14 461
41 346
29 350
97 480
19 366
78 310
99 255
90 235
20 340
77 357
91 274
28 351
80 461
36 244
60 293
89 455
80 268
51 227
21 451
70 306
65 302
89 466
59 420
95 394
86 329
31 280
30 362
20 343
92 367
93 332
25 297
14 361
28 285
94 231
56 292
77 300
26 202
55 451
96 265
97 328
36 293
74 496
85 237
73 226
47 474
80 262
100 343
20 384
55 259
20 362
84 451
93 394
68 477
92 272
12 386
98 334
32 205
11 332
19 365
99 397
38 414
72 357
78 331
72 384
11 405
51 389
85 457
11 205
43 375
69 374
43 375
36 438
91 235
35 423
10 325
19 488
28 227
47 444
79 385
83 446
54 270
28 291
29 366
44 359
21 322
97 251
31 489
73 325
23 406
75 322
49 316
69 468
44 453
26 450
78 385
56 273
48 429
76 432
56 409
82 284
75 271
74 476
27 222
35 482
62 298
70 407
64 361
30 257
98 484
74 298
62 300
59 273
19 485
84 323
98 493
85 373
23 492
86 220
58 398
87 390
36 202
73 359
49 420
51 375
94 320
21 221
97 292
35 449
58 247
33 419
92 428
45 200
28 337
99 330
57 370
12 378
95 264
90 434
32 401
80 286
17 479
87 391
23 350
72 245
48 309
81 283
65 453
97 353
62 201
76 472
97 451
17 493
17 335
88 448
36 432
71 206
74 289
100 378
86 485
75 483
82 335
25 278
87 297
100 275
33 413
19 419
16 345
74 327
77 484
69 466
44 257
100 222
50 317
20 484
87 323
22 344
57 481
31 444
12 353
45 325
59 464
18 327
52 302
59 237
59 477
85 399
57 423
26 329
64 271
85 290
39 226
72 301
88 304
83 233
40 462
25 370
53 249
34 483
69 348
76 336
100 421
74 256
62 405
69 230
44 446
28 319
67 452
58 377
64 363
44 411
76 415
100 499
100 475
76 214
69 348
13 344
28 333
41 258
84 233
21 463
70 357
90 349
47 451
44 313
96 333
57 336
54 252
15 461
96 213
38 297
48 273
49 378
72 290
63 394
96 224
36 251
68 387
19 439
80 323
68 348
85 223
62 401
88 268
98 500
27 285
64 392
30 487
49 265
99 455
64 348
76 212
76 259
14 497
10 485
92 448
22 473
100 266
