1000 500 200 500 10 100
28 373
29 462
71 450
16 402
86 271
37 388
18 206
82 391
78 370
84 329
15 316
78 303
74 478
10 300
82 359
67 209
21 323
26 395
28 419
82 482
39 385
26 376
95 410
81 244
76 220
88 434
81 298
85 227
87 209
22 280
56 314
30 298
65 460
11 459
33 488
49 215
18 257
25 212
43 356
38 445
76 328
54 411
44 415
64 450
40 465
51 491
56 269
15 413
34 229
20 304
53 259
89 389
41 461
26 482
26 356
84 391
33 304
49 358
82 439
50 391
42 286
23 379
78 418
25 281
89 361
39 363
10 404
18 435
86 351
16 378
42 290
57 439
43 269
31 361
25 403
90 308
78 331
99 293
85 476
20 395
65 408
30 455
31 206
60 373
25 253
34 312
18 268
75 487
94 346
29 293
83 297
29 437
37 285
15 376
94 251
10 346
82 225
76 269
21 438
35 287
55 442
10 283
21 399
31 245
34 314
40 492
75 438
67 289
93 356
77 232
68 484
60 315
61 428
69 489
78 275
80 305
70 475
13 424
18 355
49 315
75 205
13 381
54 433
68 363
22 383
85 394
39 473
28 374
86 341
79 214
44 387
50 381
92 355
48 432
77 472
96 429
82 302
17 266
86 477
71 272
73 223
40 224
52 474
55 344
62 458
91 480
99 377
25 403
46 364
52 491
66 330
81 460
63 426
35 467
26 404
62 209
13 454
91 371
67 329
46 492
48 323
77 329
84 229
89 429
18 315
59 427
96 236
75 377
81 309
77 262
96 280
49 389
47 203
71 360
91 224
31 318
96 270
38 295
89 428
25 391
20 341
34 437
30 401
81 238
61 304
61 422
48 321
72 316
55 268
88 407
11 326
37 439
69 420
93 395
81 456
71 289
98 301
23 423
19 237
46 410
50 261
43 474
23 391
73 456
100 265
67 200
32 284
61 487
21 371
66 500
77 364
100 371
11 262
18 416
16 203
44 389
68 406
99 345
45 453
11 203
48 310
62 256
24 392
79 296
82 321
98 337
50 332
49 399
73 500
25 443
28 338
53 466
90 444
29 288
38 258
87 260
15 295
10 210
24 308
72 498
39 300
17 364
28 290
84 225
66 224
88 492
20 498
32 354
98 415
52 234
35 482
65 289
39 412
22 211
60 304
66 398
69 342
31 235
82 222
96 421
66 375
85 357
39 266
39 211
21 350
78 402
35 290
93 357
24 239
88 470
15 326
26 446
79 327
24 298
68 388
24 293
55 277
63 385
31 358
36 273
53 391
95 288
64 415
96 431
55 261
15 246
90 416
87 304
49 371
45 341
74 268
57 270
20 282
12 438
82 300
91 397
97 385
11 421
89 327
91 202
98 399
19 474
99 438
18 306
61 377
71 265
66 329
16 239
91 489
35 300
11 386
59 227
27 379
20 370
75 248
12 291
23 318
21 261
72 239
22 211
91 262
73 259
10 309
49 200
52 224
80 334
53 495
13 481
53 309
39 225
40 369
15 202
71 279
28 440
63 379
81 433
23 374
63 479
49 239
31 229
39 477
97 423
57 424
68 491
93 400
43 288
93 230
40 203
27 302
58 325
52 292
87 268
98 449
95 398
68 424
91 200
98 439
95 269
67 223
16 343
59 474
46 491
87 470
30 210
87 385
47 450
32 240
19 341
53 463
84 477
47 364
70 234
78 297
88 413
80 312
58 242
96 436
97 487
32 424
11 375
21 479
64 484
36 240
26 207
77 311
53 337
91 409
57 476
94 424
29 274
54 445
27 218
33 246
84 234
57 399
27 227
88 433
10 397
16 232
18 425
43 337
60 216
91 382
18 450
31 330
19 290
68 238
24 352
13 211
100 203
10 495
27 237
60 388
27 348
24 235
12 461
50 283
98 265
87 368
77 219
97 436
46 470
75 317
17 207
39 406
91 437
32 388
43 275
15 305
65 444
11 394
40 411
46 330
98 340
43 439
94 495
76 367
56 297
16 234
45 261
33 263
37 289
60 370
54 475
46 486
85 264
39 322
15 254
15 349
61 399
40 253
41 361
100 255
57 353
68 211
68 478
81 309
100 475
82 278
22 403
79 316
29 341
38 340
83 287
91 289
45 476
13 277
37 461
44 242
35 370
92 425
55 277
52 261
30 411
25 398
14 351
56 228
11 298
75 337
26 307
97 269
49 467
55 367
28 427
22 489
53 412
10 393
94 344
15 438
38 241
18 367
78 497
83 282
47 463
79 378
39 294
42 249
37 492
54 436
38 222
62 464
87 285
41 320
30 207
93 433
30 240
18 339
28 393
39 279
65 289
100 373
99 303
34 392
44 286
98 212
61 500
15 492
92 230
27 360
46 267
33 235
37 290
27 292
49 244
92 287
44 278
23 414
85 280
48 475
79 330
53 373
75 311
39 260
20 375
77 328
83 212
77 499
58 487
45 233
30 411
80 261
26 479
24 318
94 228
82 322
24 428
27 385
45 258
54 328
29 365
66 323
10 269
91 377
52 361
72 485
25 429
54 459
98 470
96 363
83 216
42 254
11 378
85 380
32 333
56 317
76 414
32 272
70 210
88 436
11 358
10 290
28 364
22 391
21 222
33 478
48 437
54 330
41 420
67 500
84 468
30 499
50 205
89 312
27 468
84 285
52 315
100 310
38 372
49 209
45 203
61 281
53 468
50 253
60 421
63 388
82 318
19 217
88 354
94 237
91 224
51 344
61 447
66 266
41 404
56 412
93 210
22 346
74 403
83 313
85 350
31 410
82 284
50 489
92 404
91 457
74 298
40 215
98 453
40 312
26 305
68 211
55 215
17 492
59 205
16 390
88 254
63 470
30 425
55 424
63 433
19 256
40 329
77 275
99 302
83 387
19 360
50 371
46 255
47 492
63 467
92 262
97 430
73 207
36 489
55 483
26 459
41 401
67 209
63 369
79 261
61 417
11 453
15 494
21 399
96 466
58 264
78 233
20 207
34 246
85 370
89 316
59 466
73 365
92 391
99 485
34 237
74 270
59 387
37 396
85 447
98 348
73 287
13 454
79 371
83 239
32 478
27 267
18 321
61 316
80 414
86 361
71 348
93 389
92 392
16 268
15 344
73 299
95 247
23 224
30 201
91 306
85 368
87 268
24 304
55 398
59 382
61 417
15 336
66 213
90 288
74 316
92 397
35 311
38 416
22 259
61 297
64 293
37 487
91 352
51 444
45 256
92 456
46 305
28 477
95 320
36 298
65 445
84 350
66 336
92 288
33 381
81 459
88 249
90 284
22 485
77 349
94 303
69 412
28 397
94 424
58 350
97 401
100 415
12 298
55 213
43 396
99 471
64 317
48 248
27 369
47 327
70 422
24 272
69 235
79 420
72 383
44 380
48 313
11 282
61 345
97 496
87 439
35 242
44 434
57 354
87 221
71 270
87 309
48 225
45 208
33 202
52 463
92 423
63 476
94 436
66 498
34 208
11 346
19 389
86 290
77 331
76 423
81 203
50 441
70 274
44 371
17 288
76 458
39 409
19 464
69 402
92 223
81 295
15 410
56 398
73 426
25 208
33 379
10 328
24 438
74 217
43 428
61 340
98 265
64 217
38 290
44 388
42 226
76 432
32 468
54 333
17 306
43 439
27 200
30 253
85 418
70 445
38 222
53 430
19 281
41 214
93 263
29 434
54 385
34 424
43 341
33 443
100 296
44 381
81 397
38 485
20 351
99 358
27 463
37 410
59 483
53 364
98 274
39 284
31 309
43 209
95 462
68 345
49 282
91 304
28 357
10 441
43 415
40 381
51 284
13 370
90 463
67 261
83 478
17 445
76 250
84 434
32 356
43 218
69 253
17 315
70 359
42 367
71 251
26 400
93 286
91 351
94 200
85 233
70 455
96 212
58 382
68 465
47 474
69 424
88 254
19 385
47 492
60 437
76 247
99 327
22 355
67 279
100 338
81 282
60 490
13 495
72 439
52 357
88 341
77 336
49 467
49 206
36 221
20 450
92 228
88 300
98 203
19 487
76 390
28 383
83 261
98 499
72 235
25 309
59 283
52 219
78 414
47 456
53 418
32 402
30 381
47 277
44 278
41 475
26 230
45 296
98 485
69 239
81 399
82 344
75 241
91 480
78 338
73 288
11 239
27 451
31 389
12 252
37 241
74 385
18 334
14 312
68 275
38 235
19 398
95 354
60 491
53 343
39 218
74 283
36 319
25 477
71 210
38 476
77 204
13 221
38 289
91 303
43 433
61 237
54 466
90 218
57 474
57 433
74 491
43 498
37 248
74 318
38 401
59 208
67 351
89 442
33 311
54 253
77 332
35 272
23 431
51 401
73 350
73 294
45 348
100 399
80 214
34 354
37 207
75 217
99 341
15 497
22 453
15 394
81 238
74 228
72 205
81 270
39 262
44 445
76 405
10 205
69 309
26 231
16 368
16 322
35 457
91 359
34 265
90 340
52 218
62 419
95 297
58 328
12 251
98 469
88 365
51 272
85 230
68 488
75 352
60 356
50 325
