1000 500 200 500 10 100
78 375
54 202
17 413
93 225
13 297
98 327
27 307
51 385
43 305
48 500
60 355
91 457
14 383
96 393
93 480
78 249
12 351
57 425
90 412
18 258
95 428
63 477
50 338
22 463
90 330
48 284
15 377
39 331
47 433
94 272
89 362
62 414
57 322
27 423
37 486
55 441
59 263
43 396
21 476
45 293
87 269
30 238
74 366
64 353
11 341
66 357
45 495
61 362
52 357
54 248
68 213
64 254
16 354
41 427
69 257
99 435
22 294
100 471
42 240
23 456
74 497
12 282
23 332
27 205
42 478
61 331
70 491
42 466
75 336
19 473
12 310
89 418
91 227
28 313
14 409
82 397
37 280
12 344
47 372
33 401
91 351
95 288
99 367
52 485
63 345
69 293
69 211
97 308
62 347
44 305
73 338
60 409
26 379
67 278
45 351
59 348
37 461
65 292
43 440
24 227
67 433
23 488
20 280
11 432
88 416
54 432
78 437
77 420
82 291
20 315
50 375
68 343
75 349
82 411
92 410
66 270
95 207
11 485
16 251
93 412
11 401
34 418
12 382
73 403
97 233
64 313
68 430
39 493
71 289
13 264
32 239
75 489
29 341
48 231
78 286
45 257
40 235
59 222
32 261
81 338
31 392
45 400
83 305
85 298
11 244
70 291
75 497
68 227
73 450
45 427
63 450
29 471
66 459
90 350
80 367
87 461
30 338
15 278
60 252
20 286
96 487
48 226
77 405
80 217
38 209
52 338
20 428
47 393
66 250
81 303
22 480
62 425
52 373
100 209
21 327
80 419
15 472
93 245
50 396
47 428
12 457
31 363
23 322
15 469
58 247
41 290
15 233
13 242
61 416
22 279
75 295
95 254
73 289
78 340
75 261
53 389
12 281
52 299
42 256
76 275
96 288
24 227
63 227
22 476
83 269
11 383
43 399
53 328
45 436
81 472
44 433
86 361
60 360
42 366
11 477
100 417
78 204
62 283
94 412
17 423
78 460
49 243
14 441
79 294
75 288
59 270
99 374
34 484
89 340
68 297
91 239
51 278
43 356
99 473
56 266
28 448
77 398
98 332
75 311
84 413
89 440
37 370
93 312
99 244
44 452
89 466
86 253
56 432
58 302
17 375
76 497
90 342
18 313
87 431
63 399
85 272
82 225
91 400
36 244
73 238
55 433
58 384
53 497
22 293
75 417
67 416
72 290
57 204
43 481
63 224
30 228
63 467
76 488
39 390
96 458
89 425
25 381
45 325
67 321
68 373
40 335
46 399
44 244
83 276
89 288
89 352
63 346
37 318
57 383
57 263
31 334
57 429
62 495
14 289
11 370
77 353
60 449
98 378
68 354
33 415
41 203
45 456
25 283
87 381
38 428
78 203
59 382
95 474
42 385
92 441
88 423
39 208
98 244
94 261
69 289
39 487
54 491
20 390
100 413
57 488
20 465
49 300
76 322
79 420
59 285
15 209
55 353
100 276
33 353
35 493
35 261
17 483
54 318
10 274
41 341
43 268
45 451
19 349
42 391
46 227
75 328
53 381
85 203
52 326
98 242
62 246
57 495
64 201
50 299
17 240
74 235
86 444
86 375
47 207
100 208
34 490
87 220
74 265
82 224
95 278
56 407
64 216
41 200
67 411
44 293
80 438
42 208
81 211
77 320
62 397
26 202
67 414
43 454
90 445
19 268
20 442
93 246
84 325
18 475
68 295
96 487
23 293
66 311
71 275
91 272
35 208
35 255
72 246
49 249
99 333
98 463
39 292
100 481
77 204
81 403
22 421
99 280
66 231
46 217
22 219
22 477
60 364
57 298
31 388
100 349
17 464
92 244
13 269
76 372
98 429
95 372
85 412
99 262
19 490
40 499
52 317
86 436
15 404
87 288
38 380
18 261
10 249
44 297
90 278
10 341
83 242
60 306
50 363
34 295
73 345
97 310
69 466
26 392
78 227
63 410
69 366
13 500
71 224
36 432
75 214
10 259
47 233
78 409
35 431
62 447
29 246
76 486
94 200
42 280
20 255
77 384
30 410
11 234
45 377
68 435
43 487
83 397
45 256
29 314
26 258
31 460
93 464
13 215
14 220
57 390
95 233
20 446
31 303
31 275
66 394
92 320
38 402
42 297
51 270
97 292
59 369
29 383
40 395
91 495
68 442
75 440
88 355
93 367
61 262
91 387
30 298
42 284
73 421
47 356
53 241
44 217
77 397
16 442
48 246
30 406
97 218
85 412
44 429
56 331
55 367
37 447
45 473
49 414
98 310
85 281
46 415
14 461
98 448
46 301
16 235
68 380
78 301
88 376
84 267
32 219
43 422
83 297
46 344
12 485
33 478
46 305
31 364
45 401
61 365
64 255
63 208
33 403
37 476
15 287
17 483
65 375
14 420
45 496
31 380
46 217
88 495
77 447
31 286
37 470
18 298
66 300
39 358
66 314
100 480
40 273
25 407
73 264
96 317
69 339
19 438
88 302
86 376
32 290
39 345
69 311
67 432
36 448
23 363
25 371
79 413
99 203
12 341
23 394
42 475
41 455
50 337
28 344
46 203
23 373
63 341
40 489
70 344
42 310
74 397
21 247
65 424
46 326
43 466
82 222
96 201
97 352
95 380
88 249
28 328
32 480
46 355
64 490
81 303
51 404
16 279
97 257
88 451
93 216
18 351
76 304
50 362
66 389
50 402
37 425
17 258
12 397
21 271
58 310
79 435
63 322
40 414
20 415
18 210
64 228
56 368
47 412
66 237
93 272
18 436
37 367
80 299
31 306
21 398
63 442
94 328
93 494
92 391
13 354
85 288
43 461
98 412
36 436
45 421
31 286
11 402
32 248
50 465
52 320
86 418
69 342
47 274
66 286
26 243
55 264
90 270
40 486
84 396
12 380
11 377
89 320
45 368
64 280
26 421
64 394
36 360
98 383
46 320
66 349
48 357
25 392
62 438
78 357
38 247
81 297
31 453
95 203
42 284
68 351
26 381
23 240
16 479
80 425
90 289
67 359
18 486
28 321
91 377
86 455
94 414
57 298
88 417
43 435
26 282
40 404
86 279
11 402
80 316
61 304
42 399
60 300
63 463
91 455
91 297
34 462
95 358
98 325
12 258
10 224
96 244
40 252
47 320
90 279
39 229
49 290
32 295
39 210
94 259
18 294
59 323
68 316
40 213
89 204
59 400
77 361
83 354
89 465
11 316
64 308
82 376
29 221
28 236
69 227
94 447
21 300
72 326
22 449
24 255
60 361
52 380
44 296
97 384
72 458
26 253
92 293
54 413
82 399
31 295
63 443
80 446
30 209
70 408
33 258
96 309
20 316
73 390
90 223
39 371
67 221
12 495
70 302
86 428
45 305
55 274
48 463
35 239
94 439
27 328
42 307
63 365
78 375
59 233
95 276
44 276
60 277
90 411
55 478
71 228
98 259
88 279
14 220
31 443
71 412
40 404
78 406
18 340
29 322
38 377
18 225
55 444
71 473
14 381
72 391
15 482
54 460
31 421
32 225
35 387
17 332
59 354
22 308
57 216
89 264
71 226
57 243
82 341
22 273
97 416
23 379
70 363
21 305
42 267
60 345
90 466
87 444
68 413
15 261
93 380
63 270
54 363
96 326
90 279
74 424
92 261
52 289
71 391
14 405
60 474
88 259
47 426
50 206
89 203
46 216
66 290
60 289
71 298
61 406
26 263
64 320
38 382
31 497
48 303
65 377
16 349
63 464
42 388
75 362
76 486
27 274
73 413
14 478
86 477
75 337
16 411
72 261
23 367
96 211
45 356
22 445
83 274
20 279
95 327
99 302
23 267
65 286
57 437
46 390
13 293
98 350
11 433
16 495
79 417
76 417
80 344
44 227
79 217
40 277
56 446
97 304
72 453
18 391
46 351
23 251
65 205
22 397
60 261
98 436
85 296
68 200
77 462
42 255
72 231
82 221
65 461
13 388
93 464
17 251
29 257
42 456
21 454
29 398
73 443
62 391
52 434
91 427
47 316
37 272
96 313
53 222
87 367
12 436
85 387
72 291
56 238
13 404
20 348
37 354
12 384
20 277
34 385
36 411
34 485
43 246
35 224
59 218
59 428
54 419
33 339
10 206
45 204
100 267
91 461
56 392
96 414
64 410
67 422
54 498
53 251
36 352
89 261
53 364
99 222
45 201
93 240
81 487
12 316
100 347
32 372
12 369
75 355
10 333
19 348
49 382
20 272
57 424
77 301
63 220
23 319
77 484
97 378
59 303
90 422
18 219
30 335
56 278
39 416
16 216
80 440
28 362
46 329
51 293
38 322
68 253
65 234
73 449
17 405
23 303
97 348
88 319
95 460
38 422
15 256
89 388
15 233
37 206
45 233
44 241
46 312
77 444
62 478
79 456
33 341
82 408
76 330
64 421
66 372
19 413
53 428
19 322
68 248
63 221
42 326
38 386
62 203
95 482
70 471
63 312
27 394
40 249
68 444
25 261
65 459
21 442
87 422
29 296
85 340
