1000 500 200 500 10 100
50 413
53 250
23 451
47 413
69 308
75 440
59 294
69 357
78 307
85 473
87 249
33 442
84 314
74 312
41 365
78 322
33 474
22 477
11 430
96 311
23 489
92 267
15 325
30 467
58 463
89 329
94 380
73 331
27 288
53 494
69 311
92 428
68 385
54 406
26 243
55 300
35 215
10 313
60 489
77 471
53 417
15 361
41 369
23 239
42 332
69 359
13 296
72 425
63 441
56 243
81 347
18 214
46 408
45 452
20 356
67 245
41 470
62 267
30 295
83 494
58 236
79 267
64 389
48 210
82 321
59 312
94 294
67 228
57 402
52 398
41 299
83 229
43 246
60 304
73 352
79 216
100 400
98 470
24 274
42 366
92 483
58 210
39 252
40 278
81 416
15 461
90 265
100 481
85 235
50 452
54 331
40 223
56 500
32 267
89 422
30 315
72 359
81 378
19 312
49 365
56 278
27 440
95 213
86 454
75 403
36 384
33 321
51 213
74 298
13 291
91 463
96 321
27 481
26 482
51 353
80 269
73 369
59 274
77 327
46 379
49 382
87 212
56 368
52 221
64 254
45 383
41 468
70 236
34 451
48 491
67 312
88 484
79 467
60 312
98 483
60 272
31 452
73 265
38 258
23 233
86 296
100 477
15 368
91 411
34 479
30 320
57 358
84 220
35 258
43 317
38 220
86 354
94 423
16 239
52 352
76 492
41 437
70 410
23 430
93 321
90 419
38 448
10 493
88 300
17 498
21 290
77 254
75 439
72 260
54 356
64 500
14 309
75 213
58 439
34 237
35 301
79 449
76 482
54 466
68 440
10 396
23 430
39 372
10 325
86 296
77 242
54 226
98 481
18 268
17 432
21 428
73 209
76 230
87 266
28 471
44 356
87 435
95 266
24 353
42 437
66 270
13 493
16 279
92 284
19 291
19 350
58 498
37 293
30 249
69 472
31 264
29 335
76 261
49 253
35 491
54 311
69 419
63 254
20 475
89 294
16 303
67 483
43 252
67 277
71 384
27 219
38 224
25 446
23 454
21 448
61 439
55 402
75 259
58 303
79 492
68 248
61 239
66 294
81 306
74 342
22 267
59 387
91 413
71 325
54 229
68 207
100 279
51 273
47 313
22 322
61 472
27 298
13 350
33 251
33 211
89 343
51 452
48 319
38 260
99 480
17 216
50 206
96 345
98 384
15 405
75 461
89 324
95 387
38 450
39 327
41 228
59 490
27 398
77 344
70 252
91 446
59 258
10 263
47 230
13 310
17 452
34 261
32 329
88 448
63 284
38 438
97 494
39 292
48 485
86 247
44 457
10 203
69 393
64 418
100 462
20 257
44 297
66 438
27 464
43 403
87 408
91 360
22 267
24 492
88 234
84 435
39 430
41 454
48 454
84 495
61 347
71 277
92 318
78 268
43 297
69 278
99 311
67 305
41 287
87 327
43 232
13 260
17 449
50 284
93 334
19 216
80 279
65 375
15 456
60 377
70 363
32 456
40 342
42 300
32 254
53 449
52 437
54 498
54 422
30 436
43 207
54 486
35 443
10 381
68 201
97 349
42 213
58 337
70 263
97 483
72 261
19 302
59 339
35 281
73 228
66 264
11 366
82 270
45 359
84 405
96 209
93 473
61 256
10 275
94 444
21 334
100 388
78 452
47 486
23 235
74 448
79 499
15 298
28 320
96 219
15 215
82 477
28 449
48 496
26 300
42 231
59 444
21 371
52 343
55 326
32 267
61 426
20 233
24 334
70 380
93 277
63 280
73 332
33 286
26 201
68 267
39 269
52 349
69 304
63 494
22 318
59 350
65 275
93 217
60 435
14 211
92 240
97 265
12 268
92 450
31 435
40 450
39 374
27 342
39 489
75 254
81 295
40 300
55 486
41 279
49 412
36 432
13 279
57 222
51 245
87 315
61 386
49 433
62 313
13 487
100 309
95 357
27 394
42 273
20 421
93 299
73 340
52 483
14 425
98 465
10 426
44 449
64 242
30 371
12 355
15 355
28 348
98 316
50 367
34 319
30 440
73 369
63 346
31 346
78 304
39 489
28 287
19 341
19 216
97 383
26 216
39 283
27 499
98 304
30 487
82 401
28 289
96 403
86 318
65 403
61 307
21 452
30 276
24 423
59 452
68 362
39 292
37 281
34 293
40 404
35 256
20 454
46 272
51 478
85 303
11 261
63 270
77 203
96 203
39 337
65 480
46 372
95 394
29 310
77 286
89 465
88 216
19 436
13 473
72 376
66 241
86 436
11 349
64 355
16 313
30 256
54 441
44 262
56 329
83 218
76 335
89 205
32 350
13 337
57 251
39 347
64 450
57 352
93 470
78 349
31 448
49 273
82 230
76 420
100 206
23 472
82 319
18 390
99 315
55 240
13 239
31 356
24 419
49 486
53 463
86 369
42 488
48 446
34 276
13 325
34 202
61 322
28 471
18 239
45 488
90 349
63 313
32 413
52 461
63 318
52 481
31 481
90 428
97 383
99 241
46 234
80 201
37 313
83 266
42 205
78 278
46 228
95 307
33 321
39 237
95 338
51 425
27 333
65 244
16 304
77 422
49 226
29 342
71 293
38 339
46 410
50 351
63 258
12 277
45 424
90 267
76 479
72 328
34 242
70 225
54 356
46 332
19 318
32 472
29 382
100 459
47 477
63 428
47 465
49 312
98 216
38 347
69 268
29 204
53 297
86 406
89 476
53 284
49 211
41 403
15 264
50 384
42 368
15 474
32 214
61 419
83 413
18 424
15 491
60 240
81 458
18 438
30 483
30 375
52 425
54 286
54 337
26 479
24 479
65 235
76 486
45 473
31 470
25 327
44 273
11 445
73 261
10 363
33 302
42 437
44 263
12 465
43 390
36 303
50 343
19 259
34 241
90 475
61 376
62 419
96 367
36 379
72 495
41 422
19 227
49 221
22 278
94 389
71 378
29 233
74 278
53 298
46 272
33 279
27 273
54 296
10 259
61 317
32 465
83 248
28 294
84 480
73 454
49 288
60 308
71 251
59 312
11 456
35 320
54 231
72 380
82 231
95 500
97 442
88 336
21 353
63 407
100 251
35 399
86 390
69 308
35 342
49 489
76 254
23 480
43 451
82 259
19 298
20 278
19 420
47 377
30 242
26 302
52 393
48 330
53 457
10 473
52 308
30 294
41 217
10 345
81 432
52 347
75 411
21 418
76 288
68 351
74 327
97 321
52 403
71 500
14 339
89 406
91 330
74 257
14 221
59 213
73 203
54 331
79 286
84 493
39 291
30 403
89 494
45 335
24 424
51 203
57 204
75 458
64 307
32 432
38 263
69 430
98 254
10 429
40 257
100 413
53 411
89 465
100 287
89 249
56 332
96 472
86 361
66 370
88 342
34 495
85 444
43 472
69 433
74 287
44 469
85 236
94 263
82 284
59 498
33 209
25 335
87 365
14 410
13 362
40 233
70 407
83 479
60 424
63 477
67 350
61 460
47 325
77 335
63 272
14 440
20 360
67 210
47 469
49 457
62 371
94 436
21 416
51 455
44 273
58 350
27 326
14 257
25 231
99 257
69 372
81 333
48 470
39 455
72 462
51 268
74 299
73 409
74 366
19 302
44 494
17 311
93 461
78 468
55 408
12 243
58 470
19 209
85 417
98 327
79 323
97 210
83 348
91 385
100 482
26 351
84 338
94 242
61 229
100 238
63 483
45 466
12 406
32 340
18 387
59 450
68 311
57 330
78 329
76 370
64 400
19 233
78 433
39 284
53 233
60 296
57 301
42 416
66 485
62 227
84 472
78 279
30 386
71 439
89 372
75 222
37 228
52 258
67 279
59 320
72 312
42 276
30 427
58 369
38 498
76 231
48 373
80 200
58 468
28 472
87 446
88 309
94 249
45 332
73 409
86 339
29 317
44 383
55 407
51 352
65 448
58 271
51 391
70 277
79 408
45 447
44 241
42 276
79 372
67 317
89 309
12 500
87 319
20 418
92 434
78 328
95 351
59 349
80 368
44 400
70 423
77 379
27 300
21 402
12 312
64 451
48 372
99 296
29 280
29 416
86 483
66 243
48 341
25 375
97 267
39 233
54 268
87 352
41 367
30 289
40 471
34 349
67 387
65 283
57 409
59 379
43 491
76 473
93 263
63 289
67 270
34 217
61 484
46 456
73 322
88 226
67 431
97 435
60 270
35 482
99 465
12 267
61 231
39 434
86 234
21 322
10 243
64 341
20 209
69 274
82 238
11 372
31 425
88 484
58 222
51 371
22 274
51 290
47 376
43 298
35 496
39 413
54 209
12 463
18 247
100 247
26 285
55 452
61 475
82 454
72 348
28 383
92 211
20 376
65 445
24 496
62 292
41 325
62 308
32 268
13 323
77 338
48 484
30 368
80 422
70 404
87 395
89 390
73 457
70 441
69 438
44 239
54 491
52 280
72 401
39 453
21 413
59 331
90 277
57 302
98 217
74 217
68 491
25 467
77 371
32 247
31 292
29 235
95 349
