1000 500 200 500 10 100
50 491
91 498
38 338
13 413
77 491
90 210
89 204
59 485
17 384
73 337
56 479
15 496
99 312
52 497
69 342
44 234
95 451
68 357
57 271
98 282
79 496
23 347
16 251
63 436
68 304
84 475
63 337
50 200
13 453
83 301
26 316
60 375
68 315
97 252
51 200
10 347
80 325
51 393
12 325
63 208
55 401
10 360
51 401
86 385
58 305
96 396
11 269
11 385
72 252
46 470
91 469
96 446
22 258
19 418
66 467
49 211
88 306
45 302
16 480
99 309
15 422
92 403
11 225
92 325
53 422
11 227
73 359
66 484
97 310
63 249
26 475
90 341
14 329
95 287
72 329
37 239
49 300
100 440
37 427
39 351
81 256
76 238
92 299
91 230
33 269
30 384
18 238
70 273
98 315
49 374
20 455
99 393
21 304
80 328
14 295
82 328
13 254
37 465
16 234
99 461
35 472
96 296
93 266
73 326
84 427
22 274
51 310
33 334
35 498
65 343
76 390
78 290
20 234
36 496
49 447
19 320
70 248
34 377
33 483
15 446
34 400
81 490
91 385
92 271
70 285
18 321
18 333
77 267
16 415
99 384
54 218
46 228
76 318
39 279
83 357
86 409
61 494
46 466
32 470
30 407
63 400
54 429
94 336
53 298
87 206
18 361
22 384
17 490
41 493
13 201
43 242
85 356
17 256
98 260
37 255
48 229
35 392
23 437
77 351
82 227
35 414
94 229
61 424
52 499
100 486
16 266
97 358
89 461
91 390
59 337
84 385
70 400
53 472
54 201
29 217
45 379
78 263
18 478
55 325
85 353
31 475
49 286
98 238
84 393
40 465
68 372
93 295
48 323
90 254
81 338
80 251
80 452
71 374
13 250
10 405
33 257
41 270
11 359
26 338
96 434
44 230
86 349
16 224
89 392
25 244
68 299
11 445
16 308
89 480
52 214
60 460
37 410
27 363
99 236
40 269
53 200
19 474
64 374
26 320
74 226
37 243
53 358
43 325
28 254
85 221
74 386
61 288
51 460
94 262
76 400
96 363
98 328
74 498
83 284
29 215
11 380
52 384
11 496
30 401
69 261
52 216
66 352
98 390
45 204
73 204
77 231
55 202
36 402
51 310
72 215
65 244
43 333
81 330
17 386
27 226
31 351
19 292
89 296
74 262
60 382
60 353
67 331
27 471
34 253
65 468
92 354
86 413
53 390
85 214
29 222
36 472
51 231
17 324
68 495
26 327
43 299
71 488
44 283
56 362
55 237
81 355
56 290
50 277
31 259
22 204
53 280
70 404
64 438
33 337
20 261
66 258
95 290
16 240
23 453
60 460
52 480
85 279
96 330
23 448
22 396
46 370
90 326
59 486
46 500
92 445
10 434
26 422
46 447
88 346
64 261
43 286
78 317
67 208
15 471
70 235
68 357
83 240
75 427
81 496
94 246
85 437
82 290
53 401
50 467
93 333
40 250
36 216
70 233
61 463
89 482
55 269
35 300
29 219
87 284
75 351
88 352
91 457
76 292
12 427
90 353
100 234
47 428
54 470
44 225
44 414
34 327
41 242
43 241
77 402
77 224
26 302
80 289
87 267
67 313
88 389
10 202
93 268
75 475
70 340
68 418
94 404
18 435
69 420
47 207
88 499
66 323
95 357
37 256
53 243
86 317
66 284
43 304
86 499
76 338
42 476
21 289
89 498
59 274
35 448
18 488
36 210
80 495
72 472
64 491
26 369
72 345
89 426
57 254
39 375
83 460
66 346
60 479
41 221
28 209
32 282
95 415
64 204
42 409
97 307
67 389
62 455
21 327
98 381
42 202
91 471
61 354
35 461
26 358
30 282
48 451
34 261
26 406
87 423
39 491
71 412
22 404
89 362
36 496
55 360
75 496
46 359
17 345
47 329
54 249
85 318
35 224
14 213
22 444
63 443
92 414
27 263
18 469
91 296
54 366
29 361
43 485
55 409
53 287
90 280
75 399
14 234
99 276
13 251
64 432
42 352
15 245
58 361
28 289
39 376
46 311
54 213
77 204
45 322
16 359
79 377
25 299
43 378
92 408
51 293
66 371
100 383
96 309
12 379
22 451
48 250
52 240
54 255
54 435
10 285
41 279
95 248
62 321
87 452
38 355
62 317
37 387
82 340
35 493
99 342
41 222
23 403
56 405
65 255
73 232
77 331
98 250
77 388
100 254
29 400
54 281
47 334
95 466
30 464
29 442
85 350
83 396
61 475
81 408
54 388
98 319
74 200
93 398
71 240
67 476
99 259
70 355
18 473
27 316
11 278
21 440
61 470
100 480
85 384
53 422
50 275
22 290
100 410
27 412
76 337
60 288
58 341
19 238
10 212
58 499
36 360
13 217
25 471
24 272
100 332
55 426
72 484
26 432
89 401
40 491
81 429
92 383
36 471
21 282
53 275
92 222
92 417
83 213
24 486
70 491
28 479
62 424
44 329
23 253
39 397
50 215
60 270
28 294
95 269
75 474
24 405
80 478
78 485
76 407
23 226
14 487
22 460
84 415
24 412
42 266
12 460
80 333
39 378
10 470
90 251
33 490
95 336
19 476
29 458
26 490
46 426
90 386
13 283
67 473
32 467
88 252
97 467
13 355
64 209
21 490
79 465
19 415
65 395
62 370
29 470
42 234
62 283
76 228
57 470
100 259
58 386
29 261
16 446
97 395
90 489
39 465
70 312
58 252
30 467
71 308
89 230
68 228
87 210
32 378
93 205
75 366
34 248
22 492
43 291
26 346
43 220
16 231
56 438
53 288
38 404
42 288
42 487
83 498
59 372
24 426
15 312
56 466
63 416
86 200
93 293
44 285
19 406
55 394
68 298
95 497
38 326
92 385
52 401
52 258
96 206
70 297
72 423
57 376
100 418
83 345
98 471
81 272
30 445
36 469
51 346
10 493
20 498
66 233
29 208
80 369
92 423
97 281
27 426
14 432
49 230
72 303
30 354
71 275
58 240
54 238
80 457
41 307
100 306
69 301
68 279
23 278
14 282
39 244
26 214
11 352
46 451
65 445
41 228
15 300
85 462
51 353
67 267
71 321
42 499
65 437
58 239
76 427
51 273
83 330
10 346
85 230
19 283
66 350
55 393
94 329
47 237
21 220
80 391
50 375
92 463
37 365
100 225
10 272
70 462
33 334
84 230
33 352
37 288
60 426
22 350
76 283
51 486
81 389
31 395
95 213
89 273
24 256
88 369
91 345
24 429
44 386
47 293
16 222
18 489
57 311
36 400
97 474
72 447
23 260
61 323
32 396
93 351
90 495
24 429
53 247
19 268
52 214
16 470
84 491
41 382
99 494
79 445
61 416
89 226
60 482
45 449
51 496
81 477
33 216
36 227
49 211
63 445
54 405
66 211
47 219
85 446
44 373
57 429
67 480
33 464
47 202
61 235
22 409
44 386
90 417
21 386
68 458
46 403
98 442
12 206
79 204
97 423
14 240
71 416
14 203
51 429
79 239
55 402
97 426
89 321
21 450
42 219
92 234
90 268
97 284
49 386
97 426
87 415
14 408
88 435
68 208
22 366
57 276
53 444
18 304
56 293
59 469
61 460
29 483
55 428
60 451
53 303
56 370
36 290
67 348
69 437
69 337
88 353
65 269
85 364
90 310
19 376
45 217
51 281
74 261
42 214
15 270
59 336
95 335
75 415
62 349
49 238
40 302
62 297
31 437
85 493
94 315
21 326
26 453
56 229
74 314
94 424
53 309
57 222
37 384
99 326
27 487
35 468
74 203
69 408
50 423
68 488
100 217
89 318
94 367
32 331
13 339
63 314
32 211
94 342
94 471
65 378
92 229
84 495
94 359
77 473
58 252
93 268
40 420
90 438
43 432
17 267
91 271
55 468
42 415
89 427
93 475
62 241
59 399
67 486
14 438
48 287
95 316
73 208
39 491
22 322
37 463
34 441
16 469
94 213
81 467
91 417
51 494
74 394
14 493
52 398
91 286
35 369
10 289
73 335
77 220
27 399
85 245
84 414
47 498
55 244
75 266
53 303
14 418
79 350
20 325
44 239
90 431
49 210
30 484
83 498
23 201
63 436
68 435
51 458
40 225
85 293
58 412
47 249
55 343
87 439
99 395
66 277
53 334
78 244
79 382
86 270
78 336
15 378
48 354
13 349
69 287
99 369
25 237
78 277
23 265
52 296
48 391
63 485
38 359
27 291
71 218
25 322
14 315
47 323
94 284
46 497
91 364
78 268
97 232
56 229
35 259
85 456
68 397
28 424
58 417
29 494
48 274
30 239
81 264
58 206
33 283
52 367
56 367
46 245
54 228
25 395
53 298
16 436
64 489
33 448
32 272
57 340
12 205
77 384
60 491
74 264
45 392
59 419
62 365
97 356
51 437
49 379
75 247
31 427
42 423
67 390
60 212
88 239
16 307
63 434
15 261
11 268
15 429
95 461
19 349
37 386
11 213
33 217
84 379
69 245
63 215
42 244
29 413
92 393
10 456
