1000 500 200 500 10 100
82 363
46 297
19 233
56 438
100 468
20 283
60 486
59 343
22 297
10 208
52 299
41 216
54 493
12 460
52 405
56 422
40 481
49 273
27 463
28 262
90 242
37 486
82 337
18 333
51 275
66 216
56 375
49 327
94 316
16 374
70 373
86 237
34 211
11 316
46 270
85 353
22 422
38 289
62 415
14 391
19 461
59 314
83 337
81 400
48 476
74 474
67 317
33 451
11 218
96 251
18 342
73 299
56 491
94 271
11 207
73 344
84 266
38 201
29 347
41 304
22 424
55 420
82 486
33 267
30 385
29 440
62 471
75 290
57 324
78 314
29 470
85 248
36 263
32 387
47 399
39 482
85 467
92 261
26 219
11 354
97 446
37 431
77 281
83 325
86 228
98 486
27 244
34 482
57 481
62 468
89 256
16 400
38 299
56 373
22 487
16 472
42 269
47 245
24 269
58 205
96 207
31 243
53 423
29 257
27 290
56 481
35 423
43 267
24 239
34 237
46 364
62 356
91 308
12 233
81 470
14 474
68 427
52 427
98 490
73 451
52 208
85 273
99 260
94 299
69 478
11 474
20 294
100 274
24 429
69 228
25 243
34 324
25 468
20 217
10 484
55 384
29 348
83 320
19 245
93 355
73 203
63 312
20 356
10 398
82 392
83 483
96 427
97 253
99 306
50 499
17 437
15 229
87 287
16 339
44 466
91 303
55 220
53 465
32 500
53 461
76 287
64 475
58 448
99 306
84 246
18 292
97 435
80 414
28 369
96 302
10 446
31 253
55 468
74 291
82 380
44 256
68 443
45 379
21 257
35 394
44 488
49 434
74 256
94 342
85 401
16 209
91 497
57 260
28 228
76 380
64 351
74 222
71 467
10 383
14 284
40 225
32 210
96 393
23 307
50 391
40 428
100 251
63 360
28 337
40 412
98 444
31 453
80 254
79 315
54 340
15 462
85 421
79 274
49 387
85 296
53 286
61 375
98 347
61 346
58 269
90 450
49 218
80 427
29 218
98 459
95 340
19 473
56 239
75 271
42 376
46 452
36 238
53 446
37 207
66 267
59 497
94 488
29 316
79 236
86 355
37 390
96 261
76 453
87 358
63 476
63 237
30 394
22 452
93 359
94 330
87 435
29 340
12 290
71 285
12 488
20 468
52 383
38 490
73 329
31 205
60 330
88 482
52 268
69 262
11 290
55 302
68 416
85 447
76 296
14 229
27 421
34 410
83 225
50 337
40 496
44 357
71 334
86 298
30 470
20 278
34 450
36 233
94 219
62 371
29 460
27 297
44 346
69 382
68 355
90 424
97 258
14 424
18 419
44 243
61 331
77 396
36 450
40 447
76 357
69 483
75 416
58 395
91 235
53 382
52 493
73 489
82 386
70 393
29 383
45 390
74 206
82 295
77 464
46 323
67 256
64 335
54 385
13 484
54 255
56 258
68 420
45 498
58 357
56 307
34 223
74 202
65 230
78 435
67 236
10 263
45 312
28 464
38 377
87 366
95 209
78 379
60 369
28 483
43 214
47 265
28 234
45 216
30 314
95 457
90 457
37 341
58 316
23 266
93 449
31 374
95 305
12 336
92 377
24 500
58 306
18 378
36 230
40 355
28 293
22 392
83 229
43 267
57 286
43 286
73 464
90 443
79 411
21 492
76 295
58 377
50 403
80 492
35 397
11 475
98 355
61 438
63 298
73 478
67 236
77 317
32 423
59 466
21 236
34 370
22 296
90 482
64 250
18 330
42 216
42 335
33 369
18 204
13 226
77 249
50 496
79 460
18 375
37 500
24 280
32 440
97 315
14 324
45 292
49 210
86 456
70 430
90 367
21 240
22 365
42 353
94 405
52 476
11 487
48 337
56 493
68 392
100 396
66 421
11 367
74 496
65 226
21 345
75 307
64 235
37 373
66 480
33 450
13 305
12 278
66 400
38 417
10 326
75 204
88 499
87 376
79 392
95 367
59 244
40 371
19 294
88 416
68 270
100 427
61 499
76 215
60 473
66 439
58 494
97 243
33 212
60 384
88 270
19 390
40 423
38 342
86 202
41 489
90 321
24 398
95 267
84 467
74 243
32 287
98 247
83 477
65 498
49 464
51 360
69 381
23 311
47 447
40 479
53 387
71 497
87 367
37 344
36 303
74 438
85 372
94 469
17 243
100 407
27 233
68 308
11 247
64 335
81 483
79 326
76 361
16 300
30 386
33 310
97 280
31 327
84 481
48 249
36 260
10 480
68 472
19 406
13 406
70 410
66 251
33 455
13 358
58 388
90 447
43 430
94 444
67 428
42 300
84 398
31 433
75 352
16 312
74 321
20 445
19 303
44 266
71 356
88 209
34 314
25 440
80 381
48 248
11 206
67 285
11 407
33 479
94 320
77 213
65 257
10 473
25 402
86 316
45 361
31 499
67 481
52 468
72 271
45 470
34 313
22 430
15 470
65 226
54 448
29 481
81 395
62 315
80 440
45 251
73 205
100 474
67 488
38 296
96 354
65 284
37 268
17 384
92 371
58 225
29 347
70 323
22 458
59 235
68 267
33 345
77 336
33 207
92 457
35 280
34 317
32 476
84 327
21 320
65 468
74 264
100 351
47 254
28 223
30 354
15 274
80 312
94 266
25 432
28 371
88 282
94 324
84 321
48 316
14 397
81 235
13 245
38 298
17 343
62 288
95 361
45 495
49 221
95 240
39 232
31 413
81 398
89 270
54 386
76 357
56 317
53 442
89 478
25 411
90 259
34 316
43 259
76 341
77 371
64 482
99 240
85 415
63 379
60 354
62 218
82 296
45 352
83 447
32 476
30 449
37 254
60 403
93 324
16 342
21 322
37 295
17 466
14 447
47 393
40 358
17 259
87 496
63 389
76 439
84 248
61 347
29 350
44 313
62 491
43 366
73 277
99 372
44 369
13 284
84 367
60 422
18 293
97 236
68 308
19 295
48 311
62 356
97 390
79 333
100 372
47 442
45 358
69 389
11 381
23 487
69 415
39 373
72 223
65 440
77 332
44 437
61 375
82 354
17 210
32 446
34 435
59 280
14 399
11 217
53 443
53 226
13 310
15 263
87 307
67 414
61 436
78 331
76 342
85 375
72 370
16 484
93 406
28 346
46 483
65 282
97 265
64 429
70 206
37 407
93 393
19 451
75 369
27 439
100 465
88 312
89 332
31 387
76 257
77 239
69 295
63 362
29 379
82 383
50 482
44 346
29 307
49 452
58 327
99 436
48 401
82 323
96 241
17 468
52 492
45 287
96 278
55 345
42 438
66 490
62 265
77 492
71 432
38 297
99 281
38 497
38 479
36 413
22 329
58 318
45 336
54 305
55 251
55 218
52 375
31 357
74 343
48 209
40 239
79 231
66 289
91 200
27 296
81 287
24 241
74 495
86 207
89 490
80 396
80 497
71 215
89 408
24 451
96 331
66 473
99 208
81 340
41 278
33 370
17 310
14 468
59 488
61 250
46 431
98 383
26 465
42 230
65 454
95 237
27 318
88 397
44 220
31 335
83 370
50 412
54 315
70 482
60 251
13 227
24 426
37 359
85 256
62 460
42 216
26 244
69 457
91 462
34 375
40 224
29 500
59 474
88 213
93 365
12 334
97 496
22 200
37 348
19 441
100 466
61 253
26 241
82 399
48 436
46 497
39 317
21 344
55 208
70 393
64 371
97 414
14 234
10 419
69 369
46 439
78 214
100 292
42 451
28 206
13 263
21 294
45 398
83 318
11 295
92 228
40 486
42 229
60 305
93 300
69 455
67 257
89 480
58 474
64 340
64 264
56 381
25 482
24 295
44 485
13 208
44 253
77 353
42 413
71 378
35 329
26 251
94 500
22 485
90 409
80 350
60 425
82 330
79 258
36 354
74 213
11 403
91 254
46 497
85 360
19 480
10 405
11 324
95 408
98 325
53 279
90 237
28 405
40 308
46 490
73 353
23 273
81 417
69 259
52 243
51 236
26 356
50 400
61 294
95 435
44 423
51 242
66 467
75 224
65 307
25 435
31 415
29 464
58 283
99 243
95 339
24 246
53 420
91 373
25 252
24 280
11 270
46 332
87 467
63 260
32 268
97 483
33 451
34 313
66 367
44 258
35 334
33 451
75 500
45 415
25 329
49 374
41 215
47 385
22 260
33 204
58 388
13 259
98 383
78 219
78 477
77 204
32 279
44 262
40 477
87 478
56 370
90 454
37 254
31 366
90 232
47 340
90 307
81 406
58 219
13 437
33 400
38 256
42 294
15 206
68 494
82 274
44 283
27 247
60 315
37 299
19 232
49 416
94 287
12 476
95 445
77 252
48 252
35 272
40 324
15 264
50 211
75 429
20 314
72 280
56 338
73 476
89 267
81 357
58 461
33 411
14 494
32 499
31 219
48 239
69 298
76 410
20 390
18 252
58 212
55 382
95 460
86 418
19 497
28 331
28 356
73 260
68 402
91 242
33 329
13 212
62 282
63 435
45 459
57 373
14 318
23 269
