1000 500 200 500 10 100
18 244
31 476
64 455
54 222
57 261
53 488
47 233
85 324
21 493
13 266
33 224
33 386
15 289
73 271
33 452
10 484
53 461
83 380
79 470
19 219
99 308
46 246
10 359
82 296
46 216
86 212
95 335
59 241
45 477
42 268
11 348
27 321
80 410
77 421
89 403
48 410
12 345
12 300
85 473
40 253
32 457
71 479
51 363
79 464
67 281
34 216
70 431
38 486
13 287
25 219
55 295
59 398
26 231
76 342
99 292
49 441
11 309
100 237
92 338
54 259
69 379
43 297
83 311
96 450
39 387
59 285
90 295
57 268
32 429
70 278
55 204
67 416
44 337
61 233
23 351
10 342
100 266
75 289
67 420
86 223
97 355
97 435
68 239
17 475
39 362
36 387
12 470
39 428
75 454
35 229
21 452
34 232
31 259
56 343
48 207
11 432
55 372
46 260
51 318
66 276
84 236
27 295
65 464
87 210
63 433
45 419
64 360
11 350
84 471
90 296
15 205
82 288
52 292
36 236
87 281
90 288
11 224
74 221
81 354
59 353
88 219
34 368
25 472
90 498
45 357
46 267
87 469
64 488
61 403
47 420
45 336
35 500
98 339
29 296
75 450
74 427
89 418
30 246
86 460
29 480
14 235
34 428
100 351
28 213
41 388
61 436
56 390
93 281
10 404
84 421
15 223
54 219
18 340
61 229
46 207
24 366
61 254
41 496
53 208
74 408
41 391
77 369
37 226
56 208
97 225
29 481
50 474
96 389
46 465
51 363
52 426
85 464
31 321
26 334
92 467
75 425
40 283
90 388
36 493
75 438
38 222
33 466
66 317
89 258
91 271
46 451
21 398
99 374
100 321
33 247
30 449
39 344
11 213
98 239
64 325
59 423
65 294
32 291
27 491
85 441
12 219
67 206
13 254
73 386
96 286
56 412
93 353
55 465
67 485
84 270
77 430
75 405
41 278
78 383
33 346
82 329
45 413
30 231
29 363
14 290
52 298
56 433
100 456
55 215
16 298
50 249
34 477
78 450
38 451
76 323
71 354
67 359
59 435
72 431
80 205
56 245
90 473
28 453
66 221
18 368
65 452
56 297
89 321
16 482
42 277
95 265
92 455
73 447
48 212
28 435
73 348
65 271
38 356
68 446
73 390
67 446
50 430
79 217
62 488
18 469
83 201
61 445
27 355
24 293
84 218
62 335
32 456
35 384
25 327
17 387
86 341
78 255
12 324
28 218
94 220
22 273
56 469
13 375
59 359
54 390
76 393
51 492
85 328
74 358
33 402
88 370
18 325
61 211
75 447
93 458
69 466
61 386
77 249
50 457
98 477
67 233
25 268
87 466
47 297
62 299
95 265
96 440
31 343
41 288
89 431
43 454
37 226
34 228
20 399
92 381
84 478
97 442
82 336
61 441
97 429
15 329
79 407
57 282
20 470
21 236
20 315
18 244
11 277
67 314
32 405
46 248
69 357
30 428
79 295
87 374
19 307
65 415
56 220
67 212
63 317
81 338
86 488
74 221
47 303
78 439
52 278
54 288
73 426
79 376
71 283
25 493
19 450
48 352
18 353
47 358
46 311
99 350
32 277
34 260
29 455
54 234
42 486
100 365
34 288
55 329
59 437
92 209
29 426
87 255
97 424
63 447
14 358
26 230
86 366
59 462
69 289
40 251
64 319
14 332
33 304
100 226
45 230
12 377
46 294
55 433
76 293
38 200
31 375
15 335
58 270
76 310
67 242
80 280
61 477
88 216
59 321
28 219
94 226
74 204
36 276
89 287
90 215
81 270
33 216
82 430
50 451
77 343
79 351
16 302
93 334
39 305
44 360
61 203
94 470
84 456
17 394
30 365
14 278
34 247
50 288
89 329
79 467
22 430
75 394
49 342
75 299
72 380
88 220
63 243
20 340
64 486
34 490
41 392
11 233
45 311
34 365
57 258
52 361
77 397
13 419
46 430
20 435
13 324
57 442
96 445
28 264
48 213
61 478
97 220
43 292
30 281
28 220
50 237
26 225
49 335
95 422
24 309
19 323
66 260
47 499
50 244
74 333
71 215
29 411
67 270
63 264
100 359
80 388
14 365
65 279
79 255
55 263
64 255
74 246
47 350
43 468
40 256
37 401
21 359
85 454
35 212
81 228
45 252
73 466
73 330
18 416
49 444
98 499
82 263
48 462
99 237
32 256
69 478
56 212
32 466
21 265
95 485
81 497
69 460
41 402
97 456
46 372
66 494
11 245
31 363
83 419
10 436
21 393
26 329
12 500
23 371
58 421
31 256
100 289
98 328
86 202
43 256
93 431
28 443
46 205
22 433
85 456
86 297
82 230
79 201
13 419
77 493
100 426
53 205
52 213
93 205
98 365
21 288
34 210
100 220
95 286
14 337
34 270
38 287
91 309
70 478
63 410
55 265
45 467
78 300
64 352
40 394
59 265
13 260
61 462
69 489
78 432
51 487
62 208
34 450
13 311
100 243
41 396
44 305
31 327
79 240
46 409
46 444
39 313
41 448
69 483
62 220
36 460
11 314
45 229
94 433
83 439
67 310
27 232
15 446
77 218
34 286
72 317
70 349
90 432
54 352
64 431
58 226
72 278
40 205
11 302
72 397
98 363
78 375
93 268
26 203
84 203
44 462
91 217
56 449
68 305
92 312
69 422
91 273
79 377
64 205
72 415
81 470
26 306
100 423
94 363
41 410
46 414
32 385
43 329
33 329
95 331
12 368
81 478
57 451
77 418
93 231
99 306
87 359
47 243
88 235
29 355
34 470
57 463
18 449
51 334
17 476
18 417
62 417
65 432
12 396
83 272
97 430
48 377
60 239
33 217
42 223
65 366
33 390
76 245
28 369
35 314
25 293
61 386
50 323
49 326
38 415
26 395
30 474
71 280
66 389
80 485
62 470
27 353
73 428
43 396
73 226
43 390
83 388
82 227
91 290
54 428
32 449
15 246
88 291
85 384
87 374
67 289
62 468
14 401
41 238
79 389
86 453
18 282
33 251
53 301
36 360
41 294
30 249
64 479
39 366
77 218
66 480
45 331
81 397
69 489
12 225
42 398
22 405
19 268
93 436
21 246
22 295
40 352
15 379
66 383
97 442
40 232
39 406
97 214
40 293
85 437
11 329
85 496
29 212
76 387
73 330
93 243
56 472
81 417
81 424
76 293
42 449
92 485
44 387
44 355
52 451
33 498
44 375
85 261
28 204
37 334
10 330
76 406
69 420
34 350
57 370
79 458
69 216
23 422
58 340
93 282
38 368
17 370
87 220
88 378
68 379
96 205
23 236
42 259
44 432
48 247
83 300
43 420
51 346
16 419
29 366
62 224
78 478
28 474
40 325
32 420
100 261
30 462
15 233
58 252
44 379
94 266
77 202
30 245
62 224
79 282
52 362
37 271
80 450
47 285
77 294
18 477
50 378
51 401
16 357
58 274
22 450
67 414
94 223
69 249
77 371
89 335
95 286
10 320
33 349
85 259
71 358
92 246
10 371
29 344
95 297
19 463
44 206
58 397
26 283
45 475
27 477
37 384
11 363
49 246
92 357
87 403
96 238
36 499
73 293
65 285
48 209
37 335
13 321
18 444
65 427
92 255
93 375
20 363
73 340
81 499
63 413
80 460
98 248
17 259
77 498
91 430
100 340
96 421
67 245
49 313
36 429
84 273
76 204
75 291
69 294
66 238
75 389
80 408
30 353
95 478
21 259
74 255
67 370
78 257
52 487
71 284
74 436
59 468
10 492
88 482
78 246
91 241
68 466
77 321
73 313
47 366
56 455
76 469
96 294
62 437
86 293
24 496
40 327
100 366
59 369
64 352
20 315
95 298
95 490
83 245
96 416
31 373
94 281
81 392
12 265
90 456
28 349
11 285
94 261
16 242
13 247
96 293
94 486
55 341
78 208
72 227
19 247
40 493
53 389
55 203
16 462
97 262
10 308
100 484
61 247
63 247
38 318
41 407
64 481
73 477
39 383
30 260
91 251
68 258
34 336
51 343
73 368
82 306
62 451
84 243
87 213
41 292
57 380
63 281
75 496
69 247
33 460
69 308
13 309
73 400
66 274
85 492
42 397
66 368
46 284
16 344
49 451
64 326
36 384
70 440
15 415
84 206
82 493
32 283
97 378
38 445
36 224
91 394
41 482
24 267
59 422
63 261
85 246
56 452
97 243
91 258
72 276
57 230
81 276
54 268
92 244
92 354
21 448
48 490
92 207
83 392
46 315
10 500
79 289
58 240
36 291
94 239
77 260
13 385
46 280
50 238
55 465
17 341
40 338
72 488
71 285
89 473
16 281
54 210
100 372
77 452
68 246
86 279
37 407
17 340
62 366
27 259
14 218
53 441
43 480
30 401
85 257
90 362
61 294
94 407
63 320
48 428
94 246
81 370
75 421
19 388
24 336
23 366
24 295
26 410
43 434
40 486
72 432
35 226
80 418
83 491
52 489
79 353
17 375
82 436
63 482
35 279
44 468
