1000 500 200 500 10 100
98 280
82 311
99 398
29 237
51 450
85 404
70 406
44 330
15 462
20 381
84 402
31 306
66 347
31 483
21 413
49 435
91 412
33 233
66 263
29 275
87 253
46 344
18 244
93 387
77 484
76 445
53 313
10 301
70 216
69 240
19 426
54 319
55 220
51 344
82 371
81 245
38 347
41 333
22 311
76 398
89 236
66 428
10 341
13 207
13 210
69 484
97 472
22 471
52 353
62 224
14 431
18 398
75 356
95 470
35 499
93 209
37 407
71 282
41 414
24 354
63 235
58 308
58 389
64 447
13 290
50 215
74 438
12 248
60 392
51 259
83 282
61 323
19 403
64 235
22 443
48 490
24 476
88 433
83 274
35 304
29 248
94 335
86 430
94 279
56 298
29 410
96 305
11 317
27 386
17 274
59 440
15 204
14 310
62 477
98 214
73 499
78 349
73 249
24 414
61 298
64 365
62 340
76 438
63 377
44 206
32 350
43 213
83 309
47 489
88 458
47 367
23 215
79 487
77 493
15 290
26 360
70 497
28 324
57 354
91 206
31 400
46 255
67 408
11 435
25 399
10 298
11 245
76 429
63 275
35 380
96 410
91 218
82 386
26 290
69 291
82 298
84 351
54 251
100 415
54 404
60 276
94 277
85 263
57 302
38 376
32 203
50 369
69 441
47 313
23 493
56 225
60 242
40 341
42 434
76 227
71 318
57 288
13 374
88 350
96 439
96 304
66 209
57 362
31 477
74 430
27 276
56 457
21 330
43 360
79 250
93 248
61 491
67 463
43 387
23 237
33 236
20 216
18 263
40 444
78 250
73 406
86 276
88 343
68 357
50 317
56 390
49 225
44 451
70 443
23 498
69 463
56 271
51 227
100 254
93 272
48 293
52 379
10 238
30 474
23 474
68 302
65 456
39 493
76 212
76 493
46 314
88 493
77 280
18 417
19 390
32 387
45 416
45 250
13 486
31 297
89 263
12 321
59 425
15 323
41 448
76 397
78 468
85 344
91 256
46 381
19 499
75 378
96 230
53 265
37 401
42 474
26 460
32 381
76 256
62 220
71 267
100 213
90 203
56 230
93 366
97 455
77 376
19 226
43 459
34 320
53 352
86 221
64 287
97 445
44 304
26 295
11 330
16 304
26 414
87 292
33 495
74 393
17 277
36 476
98 358
75 292
26 338
72 269
85 415
35 216
42 377
50 339
30 317
87 239
34 278
17 208
20 275
20 341
63 467
85 285
97 361
27 282
36 441
18 322
20 315
92 322
48 348
49 448
50 354
30 394
63 465
85 402
72 200
53 341
95 257
11 240
13 253
29 315
72 423
66 246
87 473
88 479
52 278
18 234
26 260
83 312
29 227
51 213
79 456
41 443
11 480
26 380
25 254
61 424
35 380
85 413
75 286
63 422
63 214
89 296
63 281
20 248
55 270
35 335
71 314
59 436
62 459
41 223
73 258
43 387
18 365
36 239
54 439
80 265
59 365
11 426
93 468
19 202
89 434
34 211
27 312
85 239
58 211
73 430
71 408
45 457
87 365
42 422
59 354
26 456
42 297
46 362
55 202
90 302
53 450
93 381
60 209
66 230
19 432
56 291
97 226
38 309
62 391
94 393
44 217
82 462
91 428
28 379
37 488
79 263
30 492
67 448
28 313
52 222
23 388
33 281
51 207
19 202
31 370
77 392
77 442
95 400
39 425
66 247
83 457
63 247
32 203
47 450
14 422
40 207
12 483
90 421
78 376
56 337
29 268
26 332
97 279
25 328
50 259
18 314
80 384
90 413
16 304
69 350
41 231
91 233
25 394
49 453
97 276
54 264
43 215
74 251
61 377
29 496
70 453
88 400
25 419
68 421
66 373
96 499
88 376
93 367
29 384
58 287
90 255
57 201
35 446
25 262
73 381
50 456
89 265
99 367
67 418
14 457
18 255
45 444
49 384
62 449
32 277
64 426
21 286
60 301
95 430
48 201
36 320
62 291
79 261
98 369
42 444
85 468
65 478
46 430
20 420
89 379
70 363
33 228
25 481
43 379
22 391
76 368
87 285
80 396
51 365
27 223
42 288
33 256
49 351
64 427
29 261
18 466
57 308
33 271
41 221
45 346
65 227
18 372
12 472
32 409
81 229
36 394
69 423
74 332
45 333
29 241
43 211
17 267
49 399
25 305
23 487
87 480
35 464
82 327
99 367
43 419
17 416
55 412
46 460
46 309
56 500
62 435
73 307
41 329
26 239
91 273
34 334
71 489
34 352
49 380
73 299
65 312
68 359
72 251
38 215
11 359
53 461
89 225
86 444
90 471
93 488
94 457
74 244
38 266
87 209
47 363
76 494
56 472
74 448
27 369
15 332
11 428
44 220
36 257
73 455
84 395
75 220
45 462
58 495
63 410
67 372
57 211
27 447
55 417
46 204
19 255
53 262
62 327
27 334
70 444
29 362
71 480
11 388
59 345
42 366
20 386
37 226
57 353
86 328
99 264
74 354
36 368
44 251
67 397
39 328
13 372
61 428
32 321
43 490
74 447
56 419
36 393
13 428
37 315
48 263
37 286
96 449
91 232
13 398
54 283
11 468
71 414
49 203
23 409
74 398
20 347
34 437
67 409
46 484
97 317
46 302
58 363
86 306
88 448
59 221
48 428
53 332
75 334
10 273
36 327
38 347
21 486
100 362
69 345
34 317
45 290
88 314
28 367
94 296
79 373
10 493
29 307
88 339
61 460
45 381
79 383
50 408
14 208
30 461
10 313
38 264
41 445
91 305
15 247
82 324
54 218
63 419
89 389
30 464
55 470
90 282
55 321
40 368
96 208
87 432
31 355
58 473
94 272
38 309
87 428
46 438
55 447
66 470
66 364
99 382
69 476
98 333
45 402
36 325
50 277
53 429
91 451
51 481
13 428
46 239
15 420
83 250
62 334
56 399
88 350
38 228
59 442
33 372
25 361
88 452
35 451
90 319
95 481
99 321
73 286
50 212
98 338
91 269
34 480
39 367
16 447
85 404
55 256
22 431
29 470
89 253
57 461
69 219
18 421
66 298
83 451
75 462
55 219
55 458
64 449
70 225
14 468
89 482
24 352
83 339
27 442
14 441
11 264
42 241
21 249
16 442
29 296
90 236
99 383
69 211
44 266
49 425
46 364
61 206
55 216
21 287
30 487
100 257
15 436
58 434
92 335
73 485
99 477
48 495
22 413
22 389
100 441
58 412
51 417
59 269
31 462
32 288
49 332
36 396
26 342
34 202
64 352
82 306
76 406
22 386
91 255
61 446
48 336
88 249
44 473
11 384
16 424
70 279
18 215
26 221
96 203
95 233
100 409
38 433
23 389
43 331
91 341
19 338
83 331
44 427
43 455
46 436
32 231
75 280
28 389
27 302
40 274
53 496
68 424
85 496
85 444
10 404
92 301
67 459
33 327
54 235
100 445
32 357
22 436
78 421
88 438
33 465
86 307
38 393
58 235
51 490
20 463
17 212
78 334
75 496
38 305
30 492
72 400
75 373
12 484
77 408
26 265
89 382
77 480
73 249
55 411
29 493
28 381
66 437
65 425
23 425
23 360
84 427
66 212
32 344
81 342
75 315
62 271
25 477
42 219
79 264
65 213
69 252
89 460
59 358
83 318
99 312
32 447
43 487
20 236
19 302
81 281
50 484
10 363
51 352
16 384
100 261
44 371
71 490
94 500
92 464
55 378
34 244
89 212
28 430
49 259
52 325
75 450
78 442
38 417
33 393
11 407
32 447
92 466
31 409
21 231
77 231
29 346
98 380
84 306
70 355
16 341
14 455
85 488
72 301
10 336
73 402
44 397
10 320
50 482
90 226
60 350
82 319
29 333
51 302
20 257
52 201
12 335
60 387
93 249
62 373
43 430
58 377
83 372
66 337
96 475
48 315
75 420
34 217
78 331
77 440
49 474
68 485
76 346
92 278
29 307
23 479
95 476
92 210
45 301
27 399
29 209
49 246
64 347
13 431
11 280
82 264
100 210
54 209
47 368
96 450
69 438
27 409
97 482
57 458
83 266
35 255
55 320
58 404
100 313
12 342
95 403
13 345
87 403
31 218
19 391
52 494
52 294
58 439
95 322
42 307
96 253
41 311
94 464
22 237
12 298
57 368
99 484
54 363
72 316
35 355
72 297
76 233
100 500
24 417
54 368
33 357
40 386
53 492
15 432
81 325
42 306
69 479
51 455
43 373
14 420
20 475
99 274
90 358
89 429
55 293
78 246
82 416
96 366
58 481
15 334
73 275
29 496
78 427
16 293
100 418
42 225
88 230
21 349
92 321
61 360
95 272
79 261
63 236
26 241
38 224
12 270
69 212
95 303
17 465
74 488
76 409
79 224
62 209
19 474
15 349
54 443
62 438
39 255
22 380
52 440
40 421
31 403
55 275
62 321
81 350
32 372
57 218
35 345
71 467
25 255
14 350
39 383
71 451
98 460
41 433
14 433
19 408
33 484
51 289
80 422
73 310
