1000 500 200 500 10 100
16 500
55 410
51 364
67 296
76 366
30 407
87 395
50 212
39 385
56 381
57 281
87 374
26 468
50 387
96 486
83 331
23 363
34 255
61 399
16 239
23 330
13 394
62 325
88 409
86 497
24 247
96 496
77 411
21 428
90 252
30 403
19 295
63 373
60 490
87 400
67 233
55 423
62 202
40 282
25 456
45 451
74 355
94 321
15 357
84 261
22 411
30 491
10 478
81 306
22 333
43 444
83 485
66 293
59 260
10 398
37 453
66 417
39 242
68 271
65 486
92 206
55 244
24 300
20 309
70 437
41 361
29 307
54 444
20 331
44 473
93 469
19 275
35 431
18 322
45 416
43 282
66 401
11 368
98 296
54 356
61 367
32 310
61 361
28 272
96 205
45 420
86 368
10 258
55 210
66 248
98 385
79 297
51 405
59 235
18 390
31 431
50 357
12 479
100 242
34 409
45 494
10 420
76 220
95 408
35 255
73 355
22 234
11 424
85 314
81 439
25 248
25 208
72 358
28 322
10 436
29 345
75 205
82 238
46 492
34 455
90 401
56 385
11 409
82 373
70 466
42 425
81 378
66 266
37 319
76 384
16 316
89 382
41 243
84 296
100 366
11 480
68 258
17 451
68 371
18 389
67 282
39 498
24 496
52 445
59 401
59 267
40 255
99 287
72 317
11 481
16 331
23 448
24 222
97 255
35 368
36 377
72 205
39 359
78 387
18 213
62 329
18 201
14 427
26 381
52 369
64 425
84 270
86 237
23 468
97 384
13 434
39 285
51 333
78 389
66 496
35 204
16 432
36 408
49 243
13 352
86 399
67 311
60 398
47 459
88 389
20 450
29 302
82 209
34 428
15 353
62 301
70 447
36 363
42 340
64 340
83 268
28 217
90 456
55 476
13 478
33 456
86 435
79 361
75 390
80 342
55 359
73 400
63 374
37 357
91 367
56 455
21 235
76 262
68 284
90 304
62 350
10 336
27 214
67 478
45 234
35 396
42 211
32 448
23 255
16 347
13 301
40 357
53 471
41 226
35 355
99 214
97 338
50 238
95 296
33 204
70 284
47 421
73 444
23 378
27 422
16 422
44 275
62 257
14 396
61 499
41 311
96 205
74 260
68 499
69 208
25 435
12 352
57 336
84 473
41 244
52 487
48 315
47 442
90 205
20 354
98 287
25 465
95 312
92 284
37 330
16 313
15 333
67 318
64 210
48 380
14 383
96 418
92 275
69 268
48 395
47 232
46 284
92 222
31 420
57 456
97 297
64 211
89 432
26 297
34 319
46 394
16 492
97 449
38 420
96 296
24 285
37 296
21 223
55 464
66 323
54 390
27 334
27 249
37 429
57 406
24 221
15 249
89 360
45 228
85 361
18 343
37 401
22 212
81 404
44 264
31 292
62 397
58 253
54 442
38 240
63 229
58 345
90 223
33 423
42 483
28 324
70 427
11 462
57 398
12 364
28 342
95 314
72 331
75 382
90 298
44 369
72 382
74 252
54 468
49 355
31 456
52 474
22 204
35 320
35 250
39 211
24 389
50 328
75 493
28 241
99 329
70 315
16 372
85 366
93 290
62 489
90 449
30 427
57 346
50 253
46 480
15 486
11 339
100 286
88 271
57 371
43 486
18 361
76 302
63 344
79 496
99 438
82 243
50 295
74 361
36 484
69 362
87 407
14 282
63 281
30 217
40 202
89 337
11 257
58 338
86 280
96 483
75 477
11 281
68 313
15 369
66 480
89 264
98 429
55 276
10 398
33 361
91 244
96 212
39 385
36 402
96 331
24 382
98 308
49 277
72 302
21 216
27 374
42 366
19 376
39 261
78 434
13 371
37 368
40 427
68 381
98 417
50 462
51 217
18 459
28 490
43 438
70 290
56 234
92 311
15 296
39 381
83 243
31 405
58 384
39 363
80 460
96 225
29 224
83 439
89 234
16 242
93 331
99 231
40 237
31 224
74 464
45 311
18 407
28 317
43 347
45 253
65 457
58 426
40 218
20 412
94 491
13 473
55 484
14 488
54 294
47 302
11 264
90 214
27 378
39 460
83 208
35 229
68 489
30 343
22 218
25 207
73 406
71 279
46 432
28 308
64 426
34 232
26 221
39 410
86 275
93 321
96 279
68 497
100 204
23 472
44 342
97 429
74 458
87 335
43 223
63 363
50 301
25 439
65 340
100 419
76 415
71 448
73 289
87 408
42 232
64 463
54 357
45 320
81 348
91 401
52 295
74 269
94 408
58 417
97 253
24 413
28 274
59 308
39 202
43 303
61 394
100 308
19 405
49 262
28 281
67 425
45 476
25 221
100 451
67 380
100 473
84 370
29 351
72 358
40 443
83 337
64 225
21 285
80 271
27 432
52 259
86 426
95 299
43 417
91 284
52 451
44 287
71 302
30 497
39 490
64 369
13 223
20 470
55 221
38 456
15 239
35 207
30 498
54 310
22 253
26 409
88 399
52 472
40 281
17 358
85 355
98 295
16 318
29 436
61 202
49 492
36 303
19 404
57 254
73 464
61 306
50 459
29 266
23 455
81 347
45 367
55 288
70 330
12 475
75 496
45 406
46 365
14 434
81 258
36 482
46 494
22 291
89 241
95 280
54 404
85 258
93 328
84 431
54 201
67 421
29 280
22 432
90 233
38 412
40 251
40 261
13 379
25 395
47 408
56 314
47 351
79 280
34 417
18 334
65 364
77 313
40 330
12 287
69 308
16 403
57 290
39 353
15 265
15 235
27 222
97 483
93 420
20 250
54 221
20 203
21 439
56 278
40 309
88 330
15 261
61 226
56 497
76 467
61 427
68 433
43 301
21 219
93 426
68 306
68 403
72 331
28 323
100 308
93 421
74 247
97 421
22 481
41 453
68 326
33 399
49 475
15 422
17 418
82 212
62 242
15 230
44 454
14 481
62 484
47 399
57 281
23 304
50 434
20 459
62 282
59 266
79 305
23 499
25 283
23 445
61 272
64 448
33 277
56 487
81 226
74 290
90 402
59 268
57 348
63 293
83 332
35 435
39 245
10 357
97 291
48 352
60 276
70 390
86 425
84 311
71 459
56 457
97 494
16 342
91 500
78 470
44 493
89 216
51 235
81 314
29 475
58 491
83 213
78 301
96 454
87 287
72 262
44 419
63 467
38 345
73 445
44 246
72 417
43 474
74 436
23 227
95 452
35 359
89 244
61 250
82 321
67 307
42 278
38 387
68 286
12 409
90 244
10 416
85 216
37 311
57 374
14 261
74 254
45 438
60 278
63 245
97 273
47 231
47 327
88 243
59 349
98 341
52 406
99 303
96 394
47 272
38 200
20 240
99 452
81 302
15 414
15 378
80 397
94 485
44 277
47 334
87 479
40 267
59 429
81 255
81 482
60 288
87 410
38 435
79 203
59 390
69 281
86 301
32 427
81 451
23 313
22 327
78 407
55 425
99 463
98 407
16 255
14 273
81 220
40 274
14 443
97 389
69 431
74 452
23 224
75 258
34 385
53 326
93 227
55 377
86 428
33 332
26 477
48 346
70 362
73 470
47 283
100 278
67 246
24 319
80 431
33 356
38 210
68 357
36 431
21 477
46 265
30 239
35 462
76 488
64 255
85 378
70 263
33 300
19 485
69 328
35 494
55 429
30 415
48 490
15 216
85 401
20 472
13 272
90 326
93 206
80 465
71 468
77 237
38 235
41 435
91 334
52 296
46 380
74 246
45 202
60 284
84 294
50 344
68 387
82 375
100 248
53 475
63 265
27 231
31 482
68 414
94 342
73 328
98 368
40 339
42 386
24 273
22 377
29 295
21 284
93 355
62 257
98 296
81 290
86 373
52 241
93 285
25 494
92 302
28 486
18 481
75 262
93 249
14 318
84 401
23 262
15 433
38 333
70 391
43 305
37 393
62 247
84 428
11 289
54 300
60 420
97 343
11 482
39 319
27 434
47 450
15 473
32 213
18 360
70 427
64 366
53 208
43 496
57 352
65 466
27 256
25 431
66 316
83 490
86 460
71 353
94 368
93 439
73 381
33 233
32 211
93 376
67 210
11 456
33 353
23 263
44 204
81 205
18 304
58 454
26 367
98 321
20 382
14 364
16 307
79 267
41 495
14 287
23 211
20 315
89 311
13 221
79 271
85 436
10 471
61 337
77 445
15 269
10 467
34 286
10 228
46 340
54 245
93 476
72 369
66 370
53 418
45 244
17 317
34 262
62 317
14 374
43 255
80 286
83 325
14 243
32 425
40 273
16 259
96 425
89 287
92 306
48 385
25 392
19 278
42 237
51 302
27 304
19 303
82 378
63 462
91 428
52 252
78 304
16 498
52 387
51 222
89 238
87 291
23 306
32 384
84 412
18 453
58 291
60 355
35 381
95 287
24 451
63 257
57 401
27 483
26 287
22 229
37 258
34 205
57 337
23 456
29 273
41 263
12 412
86 231
30 484
70 298
79 458
89 388
54 307
51 344
55 323
91 470
24 391
86 494
33 261
65 275
