1000 500 200 500 10 100
51 367
99 317
15 389
41 434
82 436
78 326
39 457
64 332
92 439
60 315
38 285
83 205
73 380
21 295
14 462
52 436
54 490
56 485
39 291
48 340
43 474
63 270
63 470
43 291
90 398
77 408
27 330
73 331
89 232
17 279
23 220
11 270
62 467
25 338
97 370
81 482
96 341
27 472
23 403
12 467
16 469
85 232
54 287
78 455
58 237
89 261
97 499
91 217
100 232
65 420
85 230
88 443
42 453
39 379
27 477
22 404
91 418
21 441
70 248
40 221
90 378
51 293
34 311
60 238
63 363
82 443
76 308
28 411
90 299
27 364
68 332
57 418
89 402
93 202
73 400
93 486
67 203
10 352
38 286
40 355
37 246
38 489
97 483
21 363
83 386
18 254
84 493
99 466
87 477
46 344
39 390
21 403
35 305
12 457
72 344
16 288
16 409
66 443
71 424
14 370
31 230
95 276
42 344
39 416
47 407
78 496
67 236
89 490
65 352
54 482
87 205
89 283
21 295
76 202
84 280
36 226
19 244
72 281
39 241
70 457
93 404
69 244
90 249
13 282
10 377
44 294
33 282
60 495
40 352
81 295
31 267
99 491
16 322
82 449
88 466
75 311
52 256
92 310
53 236
12 404
14 353
20 495
31 323
89 211
58 333
55 355
92 325
73 411
76 314
97 259
59 463
96 399
30 373
22 471
44 247
42 221
23 320
93 284
75 402
22 418
13 299
65 334
73 367
19 269
45 301
11 210
56 397
21 481
10 315
65 377
47 274
63 210
12 362
58 287
89 288
63 447
90 476
67 210
17 273
100 222
61 306
10 387
78 339
45 470
45 268
38 213
59 494
59 435
99 216
38 318
39 425
96 391
34 293
97 441
54 378
47 438
23 393
74 333
22 442
31 383
17 399
18 249
13 369
81 446
36 404
52 388
25 276
100 427
63 428
44 433
55 228
75 437
45 445
75 351
57 322
84 293
17 379
48 310
22 474
76 330
54 217
67 455
65 245
72 361
62 447
89 427
66 414
91 293
65 382
74 493
23 427
94 422
12 274
58 250
76 487
62 426
13 296
52 246
48 460
13 463
99 451
69 329
71 450
28 471
40 315
65 233
12 446
90 295
15 386
82 216
33 423
64 324
25 470
22 259
45 477
25 283
33 359
60 489
59 282
46 338
70 370
95 387
75 276
39 232
85 275
78 231
16 338
61 217
63 373
10 485
14 246
94 474
25 428
48 411
31 369
25 356
11 370
79 200
20 224
73 305
81 481
28 247
44 338
89 375
69 238
57 258
68 376
64 387
56 392
20 313
12 295
84 498
62 462
42 308
69 430
29 484
17 447
53 426
80 493
47 495
83 358
22 263
97 233
33 285
95 446
83 436
31 266
63 404
28 329
17 411
63 374
53 366
74 323
21 354
53 290
55 295
15 350
39 430
60 257
17 257
21 363
50 442
57 273
79 405
60 305
79 359
76 357
100 248
44 265
19 495
85 500
40 252
48 397
18 481
48 447
14 355
15 429
18 487
73 441
91 353
91 353
25 474
17 235
32 389
88 373
56 406
58 472
79 470
71 389
19 221
11 437
85 393
47 473
32 316
97 468
59 357
99 429
70 229
88 301
74 464
86 249
63 294
31 224
56 287
27 463
27 498
96 485
90 213
75 468
69 216
51 247
75 455
91 454
34 339
89 350
69 427
44 369
70 368
26 233
75 306
98 212
25 343
74 393
51 300
43 385
72 244
36 440
12 306
80 431
74 345
88 445
95 428
27 241
14 206
43 450
39 269
87 314
49 306
76 467
98 316
100 472
18 232
15 308
32 201
64 232
70 217
92 316
90 239
83 439
14 431
35 255
73 498
15 310
72 274
11 458
16 377
93 500
17 289
52 496
63 243
89 387
19 403
14 404
52 360
56 487
28 378
17 438
57 309
12 427
19 272
14 222
85 313
94 306
21 226
85 494
13 227
23 228
16 331
75 371
67 473
32 429
29 297
76 474
14 362
74 238
99 232
93 332
92 231
38 498
84 438
94 226
48 268
62 395
34 385
67 288
38 372
39 405
81 280
49 324
100 226
61 324
54 372
44 353
55 292
11 360
47 289
41 495
65 338
39 205
10 405
42 328
47 207
48 444
40 308
65 478
62 327
91 342
86 456
15 250
22 294
32 225
28 494
43 490
74 308
34 303
85 236
11 487
91 362
12 279
52 395
23 202
47 306
36 420
91 236
63 257
65 277
24 463
66 252
28 350
100 395
66 270
71 282
70 423
32 385
45 311
93 257
94 500
24 355
62 374
24 286
33 471
80 463
78 382
21 333
91 272
10 434
58 407
76 297
87 306
53 330
34 459
43 480
38 449
11 224
79 476
30 451
21 423
66 277
99 377
48 337
50 336
45 490
19 485
42 321
35 466
81 457
84 236
41 281
87 470
64 454
74 365
84 288
84 317
37 342
42 224
35 342
22 447
43 351
44 367
44 420
23 321
46 205
54 460
34 239
35 341
76 271
72 345
84 242
24 474
54 355
48 260
92 255
49 276
62 285
26 327
69 224
37 279
53 202
98 214
39 366
65 432
31 258
81 245
99 489
41 383
51 466
31 288
55 349
83 377
32 256
67 388
93 350
22 457
92 403
22 343
42 274
52 455
30 300
84 383
26 468
88 380
19 458
25 404
95 281
89 490
61 482
71 264
65 241
51 484
57 492
40 462
58 298
69 347
67 364
77 436
84 244
67 464
72 232
37 257
98 396
45 348
33 372
27 458
53 382
99 305
48 414
14 387
37 431
54 410
42 263
94 325
84 360
34 258
97 404
37 455
40 310
68 374
41 413
69 343
69 419
100 416
75 214
29 344
40 285
59 438
93 297
50 354
66 299
47 298
90 425
72 250
100 252
100 465
40 454
78 207
14 204
33 204
44 424
44 361
25 300
46 204
62 310
10 303
78 469
97 361
38 402
12 326
24 234
30 368
50 347
70 258
92 497
88 318
99 309
63 326
41 477
47 204
12 388
73 445
65 207
100 448
91 416
83 311
30 314
75 284
81 252
79 261
54 304
60 417
50 256
82 220
39 271
73 268
83 280
74 213
68 466
56 394
91 484
42 228
58 433
99 457
69 354
63 482
96 294
82 217
89 338
80 281
45 460
21 317
14 209
82 224
74 240
10 305
29 372
56 219
13 293
68 237
47 493
10 302
60 314
94 335
45 306
83 361
42 464
24 254
96 257
72 448
88 497
50 219
69 283
47 370
12 213
97 272
52 323
44 490
42 444
66 338
27 440
73 264
59 375
96 376
47 398
76 479
19 273
94 461
75 485
49 431
62 436
80 401
96 327
31 394
69 414
30 268
52 479
99 255
43 452
17 485
40 452
67 390
62 359
27 228
17 379
68 290
28 462
89 321
24 330
67 256
23 495
86 396
43 458
28 225
40 280
19 405
34 421
19 404
53 394
40 372
20 391
83 335
98 452
69 339
98 420
75 274
22 469
38 285
43 320
84 482
98 268
60 330
86 430
89 467
22 466
52 344
79 248
24 407
60 383
68 481
71 338
31 415
93 474
54 431
32 259
25 443
47 247
68 265
98 306
24 498
37 319
59 275
54 268
99 317
72 425
78 452
62 351
42 268
20 264
98 367
77 309
25 399
14 331
63 231
93 395
37 407
97 268
89 381
21 413
34 436
15 243
79 299
63 452
39 469
59 263
69 287
65 394
67 428
29 399
33 359
60 386
95 256
100 447
22 490
32 384
20 395
64 260
75 270
25 258
90 476
56 272
64 444
95 498
43 388
12 477
52 388
44 210
71 215
82 329
34 265
46 327
20 338
13 403
26 297
52 345
57 231
80 233
73 280
94 243
14 273
89 412
58 281
92 353
46 328
28 499
93 393
31 302
28 461
51 337
17 414
30 228
55 296
37 318
37 490
86 241
79 280
87 473
77 273
72 406
67 205
46 294
17 228
24 327
55 349
50 445
22 343
25 407
32 432
47 263
35 233
16 381
77 456
94 423
87 377
66 379
18 481
65 479
86 318
31 345
99 468
93 429
94 460
40 499
23 257
92 209
79 315
15 302
54 442
100 498
81 251
47 449
84 298
85 388
98 483
62 282
39 321
32 209
25 243
10 420
55 219
93 289
90 217
80 303
24 366
36 225
60 425
10 347
38 350
65 338
90 216
48 231
34 328
13 316
32 498
94 420
59 363
64 249
48 299
98 287
38 350
19 279
60 286
85 496
94 360
39 217
84 201
27 463
47 487
20 449
51 264
62 399
90 276
64 256
76 248
52 237
84 456
93 371
71 441
47 426
43 449
27 477
16 389
88 478
45 467
38 258
64 493
48 407
70 354
98 341
25 254
12 499
65 444
59 500
89 433
16 434
36 317
65 229
49 496
49 331
66 330
70 391
30 294
53 289
36 208
52 498
54 206
13 272
66 262
60 232
22 447
92 325
17 222
97 218
24 309
93 429
39 487
26 460
87 366
66 427
73 378
26 387
78 368
51 232
