1000 500 200 500 10 100
99 310
45 203
44 460
76 412
30 273
47 362
23 230
41 344
45 383
91 484
40 477
70 334
78 405
31 354
44 410
97 500
96 358
13 224
57 285
54 381
44 357
29 230
44 345
94 444
20 428
39 442
91 294
79 287
95 431
66 472
97 312
34 308
57 422
84 435
70 467
98 211
44 257
23 459
93 364
73 379
17 278
70 496
27 244
82 320
64 422
13 263
62 460
14 351
82 402
39 234
41 351
71 441
33 286
69 258
17 500
45 491
98 457
38 399
33 415
90 424
73 208
47 268
47 306
60 247
56 204
32 326
95 327
25 211
94 364
97 261
80 457
95 441
63 435
54 311
58 256
37 435
54 470
71 481
42 421
73 232
35 258
39 479
14 374
47 445
55 209
78 401
38 455
10 276
20 328
40 488
15 370
51 397
95 373
12 363
59 252
41 468
87 253
67 342
41 386
14 414
10 241
20 258
16 303
46 334
45 419
47 264
60 492
62 325
25 487
97 407
56 383
21 247
24 218
86 261
45 476
95 497
34 488
91 463
41 286
19 420
29 316
80 491
97 344
12 370
23 252
49 266
53 399
65 320
38 202
76 219
40 254
35 393
37 219
58 230
15 350
45 208
77 383
83 221
73 212
11 254
47 416
18 500
64 434
20 431
22 399
82 312
56 415
70 444
86 309
15 439
47 322
42 373
27 344
13 481
63 484
39 370
72 304
53 412
73 387
81 372
12 241
91 488
32 387
59 339
94 303
25 352
67 474
71 430
36 316
37 423
96 342
52 346
30 411
56 332
74 298
42 281
15 386
89 243
100 449
62 216
64 409
50 477
88 290
67 449
11 213
66 353
78 413
27 450
28 204
54 319
63 483
31 339
72 418
22 389
73 464
26 418
14 471
19 453
41 499
69 365
34 470
93 215
58 215
62 354
45 495
84 470
55 322
47 294
95 440
50 354
87 235
20 423
87 365
82 465
97 474
22 324
37 295
48 223
40 252
77 227
69 299
54 473
46 254
57 358
49 447
24 295
81 232
25 386
55 290
10 209
10 428
88 455
44 422
39 281
88 355
12 470
47 203
88 323
46 406
76 500
95 442
37 232
79 459
58 320
67 216
91 311
88 360
21 415
66 494
95 204
37 201
63 251
70 313
19 210
48 304
18 217
38 202
34 417
51 416
93 459
94 263
38 273
23 285
65 454
70 381
32 324
73 329
33 336
52 448
66 307
44 306
48 495
18 374
42 218
71 346
30 369
71 497
61 281
78 328
26 257
37 391
98 341
49 205
60 360
80 323
43 453
52 241
48 487
70 306
36 403
68 431
20 310
31 464
92 457
49 324
100 249
18 293
94 434
80 316
11 500
85 459
72 317
97 296
49 364
53 256
23 252
86 236
28 363
58 451
69 490
81 231
90 489
27 327
64 371
52 413
19 330
26 219
62 269
17 499
42 467
77 398
88 441
41 278
31 281
80 270
12 201
20 206
66 324
38 309
88 275
48 263
16 343
40 301
94 347
32 294
62 253
43 280
77 272
72 444
43 336
14 372
28 214
90 276
69 211
13 231
61 356
15 442
31 327
88 360
10 291
12 236
35 292
27 485
90 424
27 217
57 341
67 345
63 216
59 391
37 306
41 264
29 467
17 410
63 497
28 465
31 370
41 330
83 266
76 274
64 493
57 498
40 379
86 437
86 263
79 423
22 499
63 228
36 441
45 456
28 354
68 475
100 370
22 434
37 368
70 374
97 498
11 391
93 463
47 220
48 353
54 292
51 328
92 214
40 406
83 205
15 288
24 232
29 483
13 343
41 372
47 409
16 337
81 495
52 274
41 273
96 407
51 476
18 384
41 302
32 358
23 246
81 435
59 353
81 443
19 216
53 463
65 433
21 422
75 348
26 442
16 371
17 485
22 331
53 234
27 355
29 389
28 236
85 429
27 490
57 283
39 434
100 379
75 243
94 294
36 245
35 209
31 282
53 211
75 259
49 494
50 336
49 264
49 455
63 210
89 312
55 398
35 288
76 361
27 274
66 420
78 389
13 485
87 372
59 281
69 440
16 345
84 355
40 397
42 299
51 451
65 450
12 354
67 322
53 266
100 419
54 215
63 414
39 226
67 343
64 466
50 230
97 307
96 417
18 393
83 360
75 324
71 441
91 295
17 493
75 408
15 295
10 468
93 321
71 243
81 450
10 496
75 267
33 313
50 204
61 448
16 298
34 372
66 499
68 499
21 226
97 351
78 279
47 280
89 461
45 262
23 230
70 338
58 206
75 480
88 406
48 274
23 397
35 491
12 260
69 283
89 344
56 358
78 452
89 221
28 408
15 270
85 488
45 434
32 307
20 454
98 487
30 414
100 372
53 476
11 291
42 468
93 392
18 307
45 461
53 453
46 258
20 255
87 379
42 488
28 248
45 397
27 367
90 316
37 413
83 420
34 249
27 387
29 462
13 232
85 469
43 239
68 456
67 220
25 482
26 268
14 399
75 214
96 474
12 253
24 320
60 287
25 308
28 309
65 366
25 339
41 274
32 361
28 422
16 363
51 338
39 332
63 243
40 302
32 374
81 300
43 276
10 363
71 310
20 301
68 211
75 309
47 266
24 264
12 249
62 290
69 206
24 373
59 466
79 215
13 227
43 282
53 452
22 385
79 316
11 236
20 374
62 362
90 463
40 327
59 303
98 296
46 236
11 307
83 341
92 289
56 387
50 369
85 266
38 399
47 489
26 458
32 478
31 252
70 246
66 349
53 244
25 356
54 363
47 230
22 234
77 270
26 389
83 258
41 443
80 285
67 289
88 242
53 363
63 405
70 371
57 405
61 499
65 444
51 421
95 213
56 441
48 324
50 472
89 233
58 236
21 294
81 310
29 290
18 329
63 228
80 247
54 313
99 391
99 255
36 429
30 465
64 300
17 447
52 369
11 384
27 247
95 429
21 462
49 228
59 462
24 488
75 439
32 403
93 306
77 339
23 475
26 301
27 342
97 494
46 477
87 365
20 253
78 278
95 261
68 202
28 312
100 431
66 239
29 226
15 239
93 277
55 419
21 486
59 375
96 219
69 306
20 272
25 428
80 272
68 355
44 410
45 463
96 415
27 473
21 296
37 255
67 474
39 251
17 233
49 388
45 475
47 387
66 250
60 244
90 200
46 295
67 314
29 500
99 208
94 367
86 382
40 428
65 345
84 264
73 303
92 381
19 394
79 222
18 279
73 465
20 414
84 388
16 265
19 454
65 309
40 328
86 441
19 244
55 483
93 414
95 208
14 261
77 259
41 244
39 247
82 315
76 216
42 386
84 340
12 304
16 357
15 337
66 385
22 333
33 439
18 351
89 238
84 247
22 393
12 333
81 248
53 349
65 349
54 295
53 322
50 335
52 229
68 476
32 303
44 480
48 252
35 438
28 492
18 285
32 475
45 273
58 263
76 236
90 406
78 401
39 429
56 355
35 458
14 218
20 336
28 250
17 227
47 376
61 372
28 301
66 327
11 267
14 246
15 302
60 333
90 378
63 438
49 366
39 311
24 404
17 281
97 232
85 340
12 275
89 317
44 205
47 200
47 283
76 274
62 396
89 286
94 316
13 204
19 316
48 265
44 461
29 372
33 454
36 350
66 371
74 354
85 360
99 397
79 247
37 277
80 277
98 416
83 285
15 324
59 434
79 370
63 234
32 286
27 400
38 466
36 301
83 446
39 321
59 353
35 263
64 260
27 441
42 482
25 345
18 375
17 444
30 422
10 433
73 415
27 393
64 403
66 347
45 353
98 390
65 284
97 334
91 491
42 269
77 248
87 476
48 442
89 366
81 398
36 320
34 432
53 340
78 404
88 381
66 352
15 212
70 421
11 229
79 319
100 332
54 411
57 239
97 476
76 465
15 204
83 384
73 444
80 218
61 408
62 353
68 419
10 444
86 359
15 500
62 471
35 293
17 337
78 432
99 488
97 384
19 378
59 325
67 489
31 417
22 441
98 404
66 282
34 398
79 218
31 367
61 376
64 268
56 242
51 273
48 293
20 419
79 422
92 490
60 233
80 254
21 323
69 232
91 203
45 295
49 224
63 409
40 372
84 361
75 374
93 392
34 289
33 284
88 251
64 319
91 326
36 457
19 229
96 304
67 316
32 203
24 310
68 490
28 286
39 344
38 484
68 324
50 243
81 482
69 430
37 277
78 424
23 454
74 472
13 384
13 406
100 377
37 497
71 396
35 467
64 491
47 275
42 471
39 471
77 311
58 202
19 404
84 370
93 327
41 364
14 327
48 295
24 433
89 319
46 322
64 367
40 484
48 324
13 459
49 356
91 443
64 355
48 232
85 454
20 264
54 319
40 234
46 343
84 455
56 294
10 497
46 287
74 301
67 384
40 455
74 226
65 346
83 442
91 354
23 486
63 411
43 206
76 417
11 360
66 261
95 294
30 312
60 487
40 241
89 319
85 358
53 341
16 475
32 279
73 427
61 394
29 216
45 480
35 250
70 201
57 491
20 317
