1000 500 200 500 10 100
64 311
65 301
55 375
70 435
16 234
64 223
98 425
32 446
51 283
45 397
83 201
49 329
66 316
56 453
58 367
22 265
64 482
90 420
45 298
58 338
80 267
65 294
70 209
11 382
100 365
20 459
41 397
43 200
46 315
94 321
92 240
86 409
47 201
81 277
50 431
12 432
68 224
22 388
17 213
11 274
77 297
52 443
71 268
30 456
37 345
81 263
30 412
91 254
57 248
28 462
26 495
42 323
14 316
21 200
85 281
81 457
88 256
86 270
35 291
83 457
29 301
98 468
46 440
86 376
75 302
16 313
51 429
75 264
19 448
29 323
25 289
71 253
12 377
24 419
25 297
53 250
77 344
64 310
91 490
31 419
70 220
19 388
39 418
82 392
50 467
58 240
26 493
31 349
92 315
73 235
59 393
30 208
28 202
64 218
50 451
91 282
76 419
46 318
10 321
32 399
81 423
15 291
24 481
42 483
35 406
92 457
84 202
35 233
59 431
91 496
36 387
71 250
44 395
32 339
87 225
48 251
87 425
81 312
97 430
33 399
81 261
31 383
37 218
47 267
98 365
48 227
72 238
89 306
25 294
66 398
82 432
32 267
75 490
33 461
78 422
19 202
88 464
94 496
50 499
27 328
67 473
88 416
73 382
97 342
14 416
16 244
30 386
17 403
94 388
28 242
67 420
100 491
31 328
32 262
32 448
88 491
13 245
81 329
15 376
44 352
94 459
21 338
78 456
88 469
39 301
21 401
97 454
13 302
13 327
68 358
37 254
79 392
84 452
32 424
90 389
24 368
69 369
76 441
35 444
33 365
32 317
60 214
56 356
25 251
51 429
48 404
91 205
34 480
39 214
80 482
39 377
28 500
47 253
98 268
20 297
89 241
28 398
77 383
27 269
50 485
37 342
99 430
31 432
72 451
96 262
95 298
100 231
31 434
87 486
34 230
66 334
55 394
24 225
21 284
76 210
63 242
65 354
100 347
10 330
62 430
77 480
83 280
49 273
38 243
49 414
85 238
37 295
51 227
77 458
46 313
39 226
71 469
39 327
97 364
96 311
51 298
32 269
10 300
54 289
60 247
53 316
23 449
91 466
85 429
80 486
36 239
45 346
29 341
84 220
30 328
75 246
67 422
58 201
30 304
21 264
57 492
41 436
98 489
87 366
14 473
28 408
92 363
91 468
53 476
36 208
70 319
98 478
23 268
57 462
19 218
40 223
86 303
52 450
55 208
81 207
58 416
53 441
78 419
22 282
71 344
20 447
66 244
29 403
62 352
40 434
44 338
90 379
95 315
28 481
32 342
25 303
23 352
99 285
28 349
37 363
77 356
82 405
54 482
38 411
40 420
93 452
92 250
19 396
39 358
51 437
89 313
21 206
52 481
55 434
85 356
76 271
83 354
19 310
21 232
59 418
32 263
79 459
87 449
79 377
25 480
95 204
13 251
69 205
79 250
41 310
23 433
40 367
27 305
49 371
14 345
43 238
67 406
30 420
64 248
86 359
82 358
100 268
49 322
56 390
100 411
98 227
20 329
34 430
94 269
83 271
35 337
51 271
54 254
98 296
32 485
13 279
80 267
52 200
88 370
63 210
12 338
25 425
50 380
13 401
77 353
95 262
64 229
56 380
32 222
79 283
53 329
59 298
11 209
14 233
25 438
56 460
80 280
94 492
74 386
81 308
45 261
14 426
37 350
33 271
67 480
13 277
10 466
96 203
26 423
71 354
30 229
22 335
50 345
47 219
65 417
27 217
55 344
24 467
45 447
41 315
13 341
75 234
60 266
32 230
87 474
33 248
72 396
71 312
13 407
89 219
88 305
84 449
92 428
24 443
46 401
92 301
52 449
15 247
15 271
40 351
83 360
63 247
62 480
83 244
57 338
50 408
40 248
39 392
86 219
75 299
61 340
33 310
48 434
68 450
83 383
99 499
25 449
36 496
47 251
59 264
42 200
37 332
87 226
20 423
73 255
93 364
67 320
54 381
70 279
75 456
73 431
34 403
34 397
28 257
31 336
28 286
39 440
52 334
38 339
50 461
64 227
52 237
74 298
89 349
70 498
12 237
90 457
84 205
49 288
10 500
96 281
87 260
91 453
67 436
17 400
46 486
66 220
56 222
46 390
36 393
24 323
66 213
28 320
43 330
68 230
91 331
25 365
50 230
32 485
87 358
40 362
64 209
74 265
34 347
71 250
43 291
16 420
68 401
47 271
18 396
97 258
30 311
39 265
80 490
94 307
54 332
53 389
82 249
44 270
53 409
84 335
15 493
84 201
94 242
36 373
52 272
11 311
61 303
60 473
18 375
23 388
94 448
32 296
100 480
98 291
33 436
92 285
87 429
27 270
76 257
46 255
93 272
17 461
94 243
100 416
90 411
63 374
96 278
75 253
68 234
64 395
16 219
46 348
100 465
36 266
33 259
57 248
72 437
85 205
47 289
30 296
61 422
73 307
86 337
68 207
72 402
61 240
93 331
34 267
78 203
30 465
49 352
43 393
94 369
93 217
65 466
30 458
23 481
35 337
56 373
14 388
77 495
22 445
26 264
77 269
22 242
20 330
37 445
89 432
34 268
78 271
94 461
14 370
16 241
68 208
31 299
97 387
55 272
46 318
71 490
81 352
73 369
61 323
98 352
11 428
83 403
19 402
94 477
46 253
15 477
79 279
57 406
13 319
100 444
52 211
62 272
69 362
76 243
51 254
31 438
57 263
85 379
44 453
97 385
94 219
64 216
55 437
63 411
38 298
98 441
48 485
28 473
47 403
90 229
30 360
57 286
79 205
98 236
35 217
72 361
59 281
54 233
100 498
63 472
32 247
34 353
73 323
40 276
10 291
77 381
95 470
61 272
81 380
65 330
15 478
34 331
62 266
31 476
47 257
70 307
61 257
56 233
63 235
22 304
69 363
10 424
76 349
52 256
36 202
25 374
43 378
21 489
43 318
36 457
43 359
66 377
16 473
43 246
60 469
49 231
98 233
45 414
63 401
99 360
20 356
83 332
25 488
65 376
91 283
92 328
13 293
81 308
85 314
41 421
86 402
63 312
82 306
35 266
12 445
87 307
47 408
29 482
81 208
37 349
91 387
57 433
92 431
12 393
68 343
19 225
77 215
89 429
88 312
57 276
46 420
65 254
29 322
62 421
30 290
70 321
70 246
14 355
71 293
90 471
68 361
44 429
88 281
19 446
45 300
27 347
63 354
81 245
66 335
82 204
30 485
61 351
85 378
13 456
52 202
47 304
55 370
71 438
67 288
17 242
100 354
10 306
70 439
60 381
77 266
39 448
100 460
50 229
71 202
56 206
100 360
86 317
92 293
86 328
53 437
77 218
98 459
30 496
75 425
19 368
75 211
64 490
91 313
20 257
74 453
92 320
23 375
80 489
50 440
79 246
75 437
98 365
49 288
92 439
60 486
27 402
66 371
98 417
11 308
35 248
38 237
10 270
19 253
35 277
99 324
68 266
59 338
61 302
99 490
75 387
70 347
83 421
91 429
100 451
15 259
84 245
67 315
64 407
64 271
52 258
92 257
51 354
92 204
66 269
33 497
11 417
12 494
83 259
45 372
11 305
69 406
100 478
68 363
27 286
14 317
63 329
42 417
26 467
31 389
76 312
39 441
11 427
79 315
88 202
82 444
26 368
36 406
92 318
95 478
96 201
41 497
74 367
25 212
22 232
35 318
54 234
82 322
59 390
18 395
90 374
51 448
56 385
47 335
87 319
73 355
19 305
94 299
93 412
37 255
71 461
18 236
43 381
50 405
30 245
17 361
11 336
42 358
51 360
58 422
91 253
36 498
50 326
47 280
54 407
100 430
15 207
56 311
79 222
56 357
55 212
72 384
37 274
67 267
10 233
69 311
62 463
54 395
40 405
98 223
81 309
61 377
86 317
51 403
67 401
25 356
77 475
84 409
18 281
82 381
83 362
99 350
61 498
63 362
97 218
37 412
75 287
81 342
59 474
77 492
45 451
53 485
96 387
26 371
40 266
21 230
65 441
74 201
80 374
33 289
50 446
70 418
11 487
37 385
89 451
92 231
59 223
99 274
88 307
21 326
76 446
57 500
59 487
35 274
73 261
31 451
18 211
91 489
58 326
87 356
48 500
86 427
39 301
14 331
99 396
60 481
64 262
84 477
53 430
68 307
67 312
56 447
43 375
11 269
81 258
16 227
82 210
79 478
39 404
53 418
24 464
28 441
73 276
55 473
38 417
22 394
65 285
87 300
67 475
14 360
92 243
84 488
28 340
47 313
62 472
49 343
56 327
71 409
86 399
62 255
92 409
72 292
95 489
70 353
62 209
25 444
10 348
25 254
24 344
76 481
69 348
31 499
99 305
97 276
71 237
24 267
48 229
34 339
97 449
57 429
84 402
10 409
71 302
66 486
58 280
77 460
73 489
40 351
53 366
17 246
11 207
93 298
70 371
45 453
37 275
77 476
27 253
58 475
73 297
52 500
18 325
46 202
