1000 500 200 500 10 100
72 307
99 429
81 222
81 428
60 241
93 231
23 317
57 489
100 455
71 327
74 204
67 408
45 404
71 455
44 397
95 241
47 275
43 423
41 246
20 367
54 224
95 228
47 262
54 218
49 454
42 373
91 308
68 371
37 288
99 481
92 469
94 387
49 390
57 240
12 460
89 472
86 202
40 273
50 215
32 230
25 335
64 274
80 485
94 353
78 219
58 455
11 252
61 430
40 451
85 275
91 274
15 240
72 245
62 291
82 302
64 377
65 474
65 278
66 345
69 428
67 212
12 300
31 473
72 405
88 398
57 230
99 226
54 448
97 281
82 231
15 308
92 219
79 308
32 489
31 228
78 316
70 248
72 254
60 344
52 393
70 440
24 413
23 392
38 487
53 347
67 305
71 375
83 486
31 422
48 384
58 340
56 388
22 364
18 357
24 351
72 500
75 422
53 204
34 220
77 234
17 407
89 219
92 413
44 462
92 378
81 482
61 293
30 303
53 261
61 415
68 459
69 201
34 223
100 391
18 395
89 308
18 213
20 230
28 281
38 209
36 235
76 425
98 310
76 235
13 386
35 282
21 210
29 422
31 487
57 225
94 236
72 331
38 460
28 426
35 251
83 449
28 375
64 365
70 299
29 355
28 247
60 277
64 418
38 290
60 310
78 485
46 397
17 295
30 374
47 295
45 404
33 462
94 316
41 212
80 475
52 349
68 202
91 278
43 374
70 274
66 381
99 228
49 271
92 280
58 292
95 319
74 267
18 224
67 355
83 496
63 353
61 299
52 219
70 225
32 443
40 325
94 255
15 247
24 426
82 469
89 402
81 413
93 266
83 249
54 422
22 449
16 338
18 380
40 374
97 499
33 453
66 287
45 426
76 231
84 361
84 268
32 486
88 429
15 366
90 372
88 221
83 311
91 317
69 414
68 395
99 206
17 434
34 303
51 326
10 409
19 232
60 447
10 406
72 417
70 301
82 257
80 358
31 380
55 308
17 364
17 455
30 248
33 311
30 497
17 384
63 373
31 280
21 280
77 444
17 405
62 234
74 265
53 329
28 265
48 489
36 338
42 447
88 280
28 486
93 443
55 328
69 432
85 384
79 292
27 209
23 269
75 458
73 334
46 229
41 422
81 225
56 409
94 394
40 478
14 412
64 447
95 485
52 397
66 339
93 444
16 434
24 290
94 297
24 325
96 220
76 343
38 203
51 416
28 439
97 474
67 262
99 339
46 497
40 364
34 474
48 382
93 270
37 497
66 344
41 442
59 265
90 358
55 233
35 363
21 416
22 271
99 455
93 224
24 395
100 235
73 446
58 475
62 388
67 331
89 491
42 344
67 305
13 222
62 224
12 208
24 471
68 417
89 387
20 376
100 228
67 349
19 276
90 387
62 492
52 393
16 238
67 436
70 437
12 328
62 291
58 400
82 313
15 488
38 405
89 481
88 473
63 355
86 350
67 411
62 207
67 221
20 238
96 235
20 312
64 384
28 449
65 363
53 297
87 211
85 412
73 384
47 269
31 279
95 229
87 458
23 492
79 481
40 384
66 402
88 380
75 297
95 317
68 339
62 259
83 314
83 290
34 201
97 436
14 476
97 219
48 400
44 412
97 438
16 397
77 439
45 424
62 302
98 445
95 301
91 240
22 321
48 312
55 439
92 351
89 410
13 297
23 329
69 440
74 202
89 354
85 259
17 426
80 215
29 251
81 220
67 482
45 423
92 412
66 238
11 474
87 433
98 456
14 228
73 226
58 429
44 370
48 407
42 247
73 313
18 489
33 390
99 475
43 410
20 372
36 399
69 293
80 416
77 291
86 393
25 372
64 448
38 457
27 236
82 225
84 302
97 483
28 330
91 202
86 242
76 436
39 218
34 220
64 227
18 326
13 328
99 389
100 439
31 378
60 349
70 272
56 315
67 341
62 360
51 434
75 216
21 291
23 399
38 367
63 321
42 243
33 389
86 223
30 278
11 500
73 254
93 276
92 225
55 212
33 208
53 235
38 316
64 457
26 386
45 287
91 214
99 456
71 262
99 429
91 279
87 415
89 449
44 400
55 305
86 256
10 359
38 485
55 366
97 336
100 463
14 208
71 201
67 328
87 341
48 302
45 434
57 201
84 405
12 203
97 263
15 220
42 300
52 294
51 395
76 467
96 301
56 333
82 388
24 315
58 467
63 398
67 332
26 480
27 499
78 496
33 242
38 432
96 470
69 205
45 353
12 220
23 447
23 205
88 263
44 312
17 487
92 378
69 255
41 305
52 289
27 213
72 214
57 371
88 369
67 348
23 297
80 425
44 420
48 276
84 250
30 461
41 244
82 202
45 394
13 252
47 306
25 211
38 460
76 253
51 206
28 300
27 219
53 246
90 455
47 371
90 460
27 388
96 317
48 252
37 447
81 442
51 319
46 271
85 283
20 356
70 475
15 291
89 430
66 331
67 409
15 286
86 230
94 269
11 262
38 306
62 375
66 460
31 398
44 221
94 304
95 418
46 282
68 471
76 244
67 293
89 251
14 218
20 500
72 378
19 307
13 470
71 430
37 425
51 409
62 206
80 221
62 489
73 381
67 212
15 259
43 326
21 331
84 341
26 381
60 341
71 400
97 419
12 489
88 406
59 488
51 307
21 284
70 209
85 203
49 339
77 474
100 271
47 258
37 435
92 379
88 375
67 386
58 357
35 336
75 219
64 372
75 480
82 319
76 318
34 409
36 334
61 320
53 436
73 265
77 214
29 343
43 471
65 381
17 300
52 287
73 488
25 343
98 312
45 404
43 233
51 336
33 393
96 220
25 231
55 396
48 478
19 333
77 216
35 474
27 378
84 385
100 418
54 331
21 439
87 410
74 245
24 288
56 400
73 214
94 343
26 426
73 397
76 468
25 470
87 479
96 400
49 211
31 339
72 246
98 275
51 500
11 450
68 456
54 345
82 229
76 277
95 258
49 411
50 336
89 415
60 227
60 426
58 331
54 228
41 240
40 281
75 321
100 475
52 329
91 495
16 256
10 261
30 494
34 288
67 300
23 392
76 466
41 264
18 229
16 371
52 293
84 207
96 431
76 439
52 249
51 366
11 402
21 318
54 296
18 474
75 257
53 473
58 330
92 267
31 226
31 377
61 338
15 482
13 314
74 277
64 250
29 317
28 268
13 245
40 239
99 209
60 281
18 318
88 417
91 218
24 220
98 211
43 228
11 427
48 362
18 405
52 395
84 262
68 405
59 327
25 274
66 490
25 216
46 465
91 391
75 224
10 379
96 269
38 427
43 448
34 448
41 400
41 322
63 305
65 269
60 370
85 416
18 397
16 416
66 263
97 294
64 417
65 272
57 277
56 431
32 236
57 326
19 470
41 347
51 374
46 354
93 457
43 351
47 201
72 414
45 272
96 250
83 429
57 423
70 269
46 480
46 379
18 491
98 203
80 321
62 201
66 318
25 244
18 261
10 434
27 208
66 431
97 392
90 329
40 262
73 366
68 453
86 297
80 342
42 280
85 324
91 387
11 240
11 359
31 375
16 474
100 497
24 339
19 410
65 203
79 315
42 463
25 312
40 210
10 257
70 365
83 373
88 271
29 433
19 361
16 422
88 440
88 436
27 306
68 496
64 265
36 326
10 326
77 486
100 391
28 377
78 322
83 256
47 309
70 472
14 245
36 252
44 259
20 211
91 230
96 322
41 214
67 471
90 385
34 427
36 347
20 479
16 250
85 260
20 473
27 328
83 373
33 451
46 214
40 497
37 316
98 237
37 266
63 420
23 363
68 425
57 398
32 427
51 386
33 255
23 468
93 273
73 461
75 472
75 384
100 468
20 285
33 278
78 412
26 200
37 293
20 232
78 225
100 286
12 344
80 468
36 474
75 351
13 463
35 307
34 289
42 243
47 479
44 424
52 268
86 362
97 246
25 200
54 250
93 431
10 428
35 456
60 337
53 234
65 428
94 394
65 314
86 288
91 206
43 380
42 384
37 386
77 282
66 450
30 421
40 227
46 477
74 449
27 237
58 412
57 272
34 430
39 491
77 377
93 479
79 221
54 446
80 241
21 491
67 361
56 320
79 208
78 268
50 359
86 439
40 468
65 274
17 245
36 312
23 461
19 377
70 351
62 286
100 300
10 331
31 487
26 496
64 498
68 452
52 266
64 376
49 249
62 379
21 414
93 465
33 230
44 304
81 414
58 221
85 466
99 372
30 252
85 345
35 379
87 355
59 386
75 427
31 379
53 427
40 244
47 415
63 482
35 353
93 357
39 357
94 476
63 473
15 344
60 476
54 363
70 467
12 258
64 381
87 447
83 479
69 448
97 464
27 310
82 222
14 440
13 238
48 357
38 341
68 277
10 473
51 344
77 387
68 230
40 237
10 273
35 366
96 308
53 347
53 345
85 334
99 498
36 347
72 332
16 252
69 201
13 298
41 413
64 394
74 450
16 317
33 346
96 441
26 211
94 320
90 355
43 287
83 276
50 404
50 319
100 317
27 430
