1000 500 200 500 10 100
96 473
33 281
18 222
26 320
17 411
53 207
69 468
11 239
43 426
41 271
89 227
79 364
86 359
44 282
88 315
69 400
44 418
40 408
71 394
50 373
64 364
13 381
67 454
47 237
98 380
12 254
51 218
19 313
85 457
53 481
62 274
71 307
29 207
65 431
20 390
47 405
60 433
61 282
18 403
43 412
92 429
17 438
80 281
68 272
32 345
89 257
11 279
96 410
22 225
91 437
81 342
61 367
78 375
37 358
35 218
17 309
69 433
58 291
40 446
65 500
15 313
62 458
28 267
53 427
34 405
26 457
34 454
62 218
51 472
13 305
75 343
92 385
34 359
98 288
81 287
42 343
31 241
55 240
67 314
97 350
58 279
22 464
53 328
46 311
79 256
70 237
22 278
50 424
27 346
26 440
63 498
47 281
31 230
50 245
16 237
42 313
21 400
63 298
44 457
21 225
65 273
29 311
58 434
40 488
32 496
36 462
85 408
86 380
81 262
95 232
34 269
69 364
98 268
26 445
47 371
71 437
71 482
43 245
75 230
20 443
100 357
45 367
35 345
91 351
72 471
56 455
37 426
57 457
100 280
29 417
100 269
11 294
42 349
15 414
88 218
66 304
78 459
71 338
47 216
17 459
62 320
67 476
95 231
77 438
50 282
57 410
48 457
36 351
73 240
12 383
73 320
46 383
86 457
15 331
85 459
95 358
94 202
90 222
93 213
62 492
79 211
45 397
83 354
23 472
29 210
14 402
10 290
96 358
38 254
36 367
41 226
22 239
99 306
92 409
85 470
87 313
24 302
42 347
56 456
15 299
88 371
68 245
78 234
54 405
44 289
81 249
27 244
25 242
58 248
33 368
60 351
58 398
40 389
35 307
62 312
62 207
13 356
17 392
62 353
49 377
95 266
34 206
77 414
53 359
20 397
30 378
85 456
61 399
85 269
65 386
43 361
12 312
25 395
44 305
34 498
36 439
29 307
56 272
64 391
47 380
75 355
97 285
61 282
91 353
97 439
46 231
88 432
39 264
38 244
43 324
72 250
97 203
83 457
50 326
13 404
19 333
16 212
91 318
64 249
67 395
53 458
53 235
30 468
97 466
71 367
36 453
61 300
50 222
37 430
80 251
40 252
72 341
59 200
31 257
60 378
89 486
70 328
42 474
93 467
11 205
30 477
22 500
23 363
79 231
69 268
44 323
64 365
63 283
85 422
88 363
51 241
46 384
34 266
63 414
33 245
43 315
18 326
52 446
34 485
34 479
41 458
55 271
92 214
71 436
71 392
20 485
15 344
85 251
14 423
73 341
28 282
99 337
78 469
74 294
33 458
58 455
84 322
39 487
37 328
13 221
76 419
73 351
50 220
36 422
58 265
99 360
32 468
29 203
100 227
65 389
18 318
67 350
41 317
29 475
59 207
83 362
63 348
85 439
65 314
19 260
74 372
70 425
68 314
58 473
99 424
16 224
51 402
98 380
86 460
67 361
66 498
49 342
20 435
30 412
44 390
15 376
10 289
66 298
80 427
90 443
53 381
85 340
49 290
94 250
25 273
85 465
26 383
99 314
20 387
65 314
75 396
79 286
61 489
43 337
75 404
73 213
45 496
39 315
56 323
71 334
45 276
15 364
42 354
51 225
49 403
59 266
56 227
52 232
52 435
64 380
71 347
61 371
10 497
52 427
75 351
81 413
30 257
88 284
54 453
67 401
24 346
70 403
33 218
39 288
59 202
55 291
46 259
51 492
59 397
56 323
31 326
23 373
76 261
30 243
56 464
76 318
84 309
93 382
19 353
45 229
79 335
51 455
58 480
61 399
11 211
20 374
96 206
91 419
88 351
54 230
25 304
67 322
27 317
68 439
82 371
58 223
55 486
37 350
16 271
90 341
57 219
20 318
33 409
41 242
75 448
17 322
85 369
14 312
88 397
55 354
38 467
45 223
64 202
13 365
77 370
58 304
56 368
93 314
31 409
52 284
89 327
12 255
51 249
37 431
43 366
77 412
84 359
71 482
100 256
88 383
30 301
63 214
66 308
17 495
59 331
100 219
89 384
19 403
36 339
47 327
28 315
93 234
51 423
29 233
91 260
80 304
14 250
12 279
68 293
73 272
86 251
26 331
55 213
30 316
34 264
12 306
44 380
71 500
75 254
89 481
59 347
39 425
81 300
49 454
14 425
27 265
64 215
81 359
31 327
52 331
30 316
61 417
66 476
66 247
91 398
59 242
39 260
28 340
47 369
75 451
59 267
21 218
52 310
85 261
18 250
83 226
44 226
19 259
45 309
56 482
82 232
38 450
20 440
11 351
40 280
78 299
85 216
10 328
43 393
27 212
75 479
43 206
59 432
34 457
80 270
83 445
48 410
52 294
29 381
31 304
46 394
10 206
51 470
74 486
12 422
89 253
53 435
48 354
36 223
59 304
52 497
47 243
68 392
11 454
59 430
63 432
85 411
78 483
82 471
74 242
96 414
24 490
47 253
14 413
34 403
96 216
75 266
28 204
84 295
83 429
15 414
90 297
26 497
25 454
73 496
98 256
14 489
70 456
74 339
77 465
17 335
90 339
67 440
77 256
37 449
100 208
22 295
85 385
57 282
52 207
15 231
50 384
24 258
23 460
10 458
65 337
25 303
52 391
61 467
50 226
42 432
83 225
38 487
99 216
31 497
30 294
69 485
100 497
98 215
87 338
66 328
86 213
95 298
81 423
19 300
60 428
32 330
21 457
64 312
25 333
39 394
74 285
33 303
44 319
49 486
44 240
89 330
49 443
20 356
56 441
66 462
88 436
11 270
66 357
89 262
49 388
80 315
79 232
49 202
86 486
61 257
56 449
12 477
86 213
41 455
59 236
10 322
48 458
61 313
30 222
11 253
30 280
99 332
10 485
75 413
89 470
32 393
75 255
56 258
64 451
18 473
46 429
21 409
36 436
14 450
38 295
79 266
13 269
57 386
78 432
15 473
20 467
64 268
80 485
61 489
59 287
73 371
94 454
43 300
73 500
39 244
70 201
22 317
48 408
93 222
54 500
45 489
52 259
11 386
35 331
82 427
85 233
43 333
54 224
24 273
76 483
82 216
24 326
71 401
80 285
95 321
78 368
13 500
18 315
31 419
83 458
82 263
73 341
62 375
90 328
97 287
29 213
64 441
89 386
22 322
51 265
17 204
63 202
27 308
78 338
68 462
13 320
81 484
63 420
56 225
17 254
34 205
47 365
88 306
75 237
56 470
33 269
23 433
36 479
19 287
42 215
26 310
26 222
75 495
92 401
11 337
90 281
53 421
76 289
24 445
56 302
46 377
49 388
64 341
54 298
95 381
14 374
85 397
34 283
26 486
60 411
41 337
53 414
38 335
40 483
50 226
92 494
28 353
99 410
31 497
73 319
92 320
90 316
97 236
15 358
55 281
95 242
14 459
33 424
46 357
11 322
13 388
72 235
87 445
67 433
39 402
50 215
15 444
22 437
69 480
96 400
84 312
64 427
90 346
47 312
67 205
75 335
96 498
55 383
33 263
16 230
68 266
45 385
12 275
92 387
38 416
49 263
39 477
26 496
52 289
18 274
65 440
42 385
83 227
22 277
25 282
30 454
92 252
18 255
75 460
29 331
13 427
24 300
70 282
25 424
20 351
84 312
69 305
52 426
66 463
73 322
99 208
63 290
20 414
48 388
35 486
89 446
34 310
34 263
60 289
31 211
35 384
61 429
31 269
25 321
83 254
31 475
44 468
35 272
18 308
94 452
39 427
89 403
10 391
73 378
79 402
46 368
62 462
24 223
63 348
87 461
82 236
81 466
54 397
33 282
78 447
76 445
24 379
86 359
94 262
55 498
14 325
38 448
15 360
66 215
46 263
30 410
59 308
96 200
15 362
83 357
62 264
15 379
76 398
18 461
65 474
94 372
17 272
53 333
74 238
98 439
61 221
90 350
28 473
39 283
31 382
87 391
87 490
22 338
46 257
10 295
47 205
87 277
24 235
47 208
48 207
24 325
61 245
88 307
53 274
83 301
55 227
19 301
60 460
73 353
69 487
23 445
66 364
40 218
56 381
86 372
20 373
18 365
30 420
30 384
76 310
63 349
71 324
42 303
21 337
97 499
41 352
12 214
35 363
58 314
72 208
37 380
59 431
32 247
95 466
69 242
17 314
17 362
21 238
25 471
18 369
28 449
47 309
63 435
79 444
16 413
16 483
11 231
96 235
99 462
39 460
76 474
52 242
41 461
50 498
48 456
30 297
60 234
13 264
93 276
87 217
49 308
58 480
22 311
38 418
96 362
94 423
30 400
72 369
62 495
34 239
32 380
84 252
75 389
58 382
32 472
82 352
55 246
76 419
83 243
40 327
50 463
30 438
32 413
49 420
29 371
65 305
81 493
86 413
88 372
76 295
96 341
99 423
88 476
70 493
94 426
28 372
49 266
30 397
56 365
36 385
96 223
79 484
92 245
31 346
25 337
15 209
18 285
77 313
94 221
