1000 500 200 500 10 100
94 397
28 336
91 253
63 258
28 316
92 255
50 394
79 335
63 285
13 251
44 369
92 302
40 290
68 406
81 279
74 202
76 293
56 365
98 338
89 353
93 229
36 402
60 363
97 225
78 303
42 415
40 384
95 272
83 356
97 434
55 443
92 258
79 472
49 228
73 295
55 263
35 290
23 446
49 450
60 299
37 396
54 422
78 479
53 201
63 370
78 468
36 319
91 495
32 398
98 348
30 353
76 465
87 273
93 294
63 279
68 422
97 355
73 202
76 235
52 416
45 387
99 415
14 359
92 244
82 380
48 397
59 201
20 374
12 270
88 445
72 309
71 222
84 209
59 245
39 478
14 347
83 243
98 319
18 368
77 356
41 455
54 480
37 413
89 378
84 270
21 481
47 490
76 292
42 477
60 391
89 247
98 268
83 248
21 390
47 449
43 362
65 247
31 206
68 393
49 291
11 456
22 290
22 273
32 342
40 469
79 454
99 218
53 454
34 306
35 381
15 338
12 356
18 282
26 244
96 496
44 386
95 406
98 345
99 256
25 427
64 417
19 387
87 299
60 400
81 433
45 359
15 220
19 405
33 275
17 475
70 482
41 220
61 234
35 264
21 249
50 462
60 320
17 299
22 438
75 222
14 227
41 389
20 294
88 248
39 441
79 439
99 332
27 258
48 472
72 354
18 262
52 385
35 361
31 249
80 431
56 417
32 351
94 403
37 400
92 313
38 423
29 211
80 358
13 318
51 341
94 298
13 235
80 233
21 415
92 444
23 253
74 251
34 466
40 298
65 354
44 404
55 361
47 279
25 434
69 296
41 317
41 427
24 326
36 447
39 442
25 335
28 499
14 398
73 289
84 477
83 305
31 418
61 494
25 433
71 343
59 400
100 320
100 210
27 486
48 436
71 295
25 370
68 405
58 457
80 462
69 336
75 211
54 231
20 449
11 329
16 339
45 451
12 254
82 303
34 316
39 364
99 206
46 403
90 249
97 303
51 491
86 276
17 391
51 404
61 418
24 380
28 460
35 465
21 240
68 400
52 254
56 215
68 296
70 420
66 476
80 305
85 360
32 365
57 387
36 390
42 500
92 259
80 349
99 320
50 489
52 494
79 232
96 251
70 376
20 423
85 393
41 266
72 308
23 252
91 398
53 498
53 460
46 305
79 479
40 395
63 393
74 209
97 295
41 202
51 380
17 220
95 351
57 222
28 417
47 352
73 465
95 461
89 304
65 431
38 439
48 250
39 412
86 455
99 468
17 427
31 279
38 317
80 432
44 287
18 414
70 361
89 487
23 252
20 335
60 322
35 257
56 302
73 330
16 425
21 462
37 394
55 497
75 421
66 299
86 475
54 396
73 341
35 405
35 421
81 324
10 261
82 364
87 300
13 369
96 240
34 325
75 269
13 393
30 498
21 447
61 455
77 204
23 473
35 437
63 448
32 436
38 391
35 321
39 242
71 465
34 467
74 465
91 359
10 475
63 350
79 226
40 211
63 348
73 389
55 326
20 344
15 345
99 259
63 424
86 353
24 333
45 426
71 304
82 456
99 288
10 449
38 307
48 293
47 393
96 488
99 267
87 479
54 264
61 275
75 339
94 325
73 445
94 270
26 483
31 277
89 228
54 333
25 384
71 238
28 306
71 494
72 305
47 233
95 209
86 307
23 383
75 218
33 381
83 326
22 461
26 434
89 326
81 272
41 392
28 486
70 284
93 371
100 400
21 458
16 360
80 404
56 394
15 319
92 409
82 388
17 245
68 307
48 286
99 280
52 388
92 476
70 442
16 260
39 397
80 448
41 480
64 248
30 473
28 397
36 261
79 500
24 304
39 325
10 385
40 368
18 368
27 443
68 336
63 349
14 418
58 238
19 347
85 469
98 402
14 398
66 399
31 468
46 403
41 341
88 447
52 308
19 249
90 322
56 202
91 367
12 467
58 266
77 491
13 330
98 349
62 304
18 323
42 397
96 312
54 261
61 496
96 322
28 421
100 379
55 313
87 292
55 450
31 239
93 291
59 280
59 295
16 334
19 353
38 393
75 268
15 223
41 323
58 256
12 437
50 365
64 429
67 477
88 213
94 215
76 283
88 443
80 378
55 494
42 256
57 497
27 289
59 285
80 212
35 303
82 475
39 447
65 373
71 230
47 388
13 441
32 240
100 246
84 409
17 398
90 375
13 238
43 261
83 273
32 415
94 471
45 292
66 241
45 289
33 301
16 216
57 345
26 373
20 372
64 379
96 497
98 362
23 415
24 307
15 445
29 262
67 309
11 281
45 269
38 320
81 244
57 360
89 239
47 228
89 212
79 431
16 359
46 442
70 465
42 460
23 418
92 273
43 275
82 325
93 422
99 412
16 429
27 252
81 201
57 329
27 385
16 421
65 300
16 215
66 309
64 321
27 395
75 201
64 446
91 211
65 470
46 230
43 443
29 265
43 311
45 357
64 402
46 438
95 287
17 465
18 325
93 371
96 428
48 388
77 396
69 438
26 271
29 463
30 499
89 306
40 421
76 202
38 438
76 272
44 341
46 369
33 219
94 436
75 309
41 217
69 421
100 269
13 371
23 405
83 207
12 376
89 422
69 448
15 216
12 282
44 455
18 222
56 389
12 370
97 479
35 401
42 240
30 341
69 450
85 479
99 255
26 333
81 431
67 233
83 249
53 453
33 215
11 426
26 381
62 350
10 381
96 457
37 470
95 229
22 291
63 325
29 260
61 220
64 437
49 336
49 318
80 387
16 211
67 486
11 306
99 450
32 285
97 254
73 402
72 372
33 240
96 288
13 354
14 490
37 311
84 424
62 363
28 211
98 321
54 465
68 231
63 261
63 217
12 319
50 400
73 361
63 438
78 439
42 205
13 228
52 201
25 445
12 211
35 437
29 351
24 458
48 212
93 498
36 284
89 347
87 257
65 321
83 405
85 484
77 436
10 425
37 413
50 250
59 473
56 454
17 336
81 205
10 329
18 276
86 217
28 294
20 430
37 217
78 373
34 442
63 411
91 245
50 434
83 496
68 231
57 479
63 258
83 414
27 384
16 498
50 412
37 425
71 405
71 373
76 341
19 334
29 380
44 323
93 425
47 469
73 216
89 221
85 379
51 360
25 374
68 413
99 347
80 325
22 229
33 226
44 262
42 371
59 489
11 203
56 312
66 267
96 316
16 249
79 422
99 456
31 465
23 331
77 455
14 260
59 454
93 303
88 344
73 355
27 467
51 444
76 228
55 253
78 498
68 487
35 461
30 214
85 259
56 434
52 250
67 447
52 228
57 418
10 472
92 455
19 329
54 415
66 358
74 350
76 469
70 222
24 227
75 252
87 280
77 248
44 480
93 283
57 442
95 279
85 471
38 249
83 380
96 356
43 329
45 341
81 290
36 426
57 299
56 352
48 464
72 459
84 293
85 350
29 389
13 346
65 411
23 357
76 307
49 277
95 416
44 433
14 230
32 323
34 335
58 407
82 325
16 492
100 304
58 351
33 218
85 300
56 341
89 468
33 317
57 232
37 463
56 489
23 271
18 470
74 235
35 403
48 490
73 426
49 433
28 484
44 472
23 277
27 439
38 409
55 289
31 289
38 354
39 392
73 337
69 228
67 486
17 380
52 274
52 466
63 280
26 356
90 481
67 262
57 479
19 425
42 360
63 467
35 489
91 336
56 468
60 396
70 296
26 325
100 330
29 326
55 488
38 411
92 416
13 285
52 342
67 308
70 421
70 465
75 432
18 433
73 414
96 300
51 302
54 380
97 413
28 291
72 437
48 266
68 322
29 393
81 259
94 414
32 275
99 338
78 428
44 304
38 296
83 300
15 477
46 280
25 383
53 238
37 220
68 370
59 405
15 305
35 264
42 392
79 346
18 494
64 498
60 312
82 350
87 442
31 340
52 215
50 290
50 292
48 358
35 452
57 224
89 475
56 224
94 326
78 243
44 290
16 315
86 284
89 263
92 291
95 445
72 324
91 309
75 345
29 276
52 428
57 302
22 287
25 468
90 394
70 430
88 200
43 334
44 459
99 457
57 448
32 305
91 436
41 386
69 330
45 325
90 460
14 359
57 451
33 357
39 234
50 225
49 230
52 217
31 455
72 437
98 324
97 423
88 353
33 288
14 218
83 440
59 289
22 474
33 373
68 282
55 264
95 340
91 417
76 482
51 230
52 222
22 306
52 363
93 451
18 340
96 364
17 344
41 326
76 443
81 295
43 304
51 281
82 403
38 250
69 267
22 449
43 384
77 432
87 462
77 497
29 299
48 330
97 212
18 459
98 302
32 377
78 412
31 248
85 354
33 345
54 328
82 459
32 347
89 206
80 220
66 309
16 210
51 461
47 293
92 375
11 472
37 500
50 358
91 345
34 295
42 382
22 283
28 281
88 429
70 386
88 437
83 217
57 383
60 419
46 345
54 218
28 494
42 397
93 214
19 311
63 231
59 379
44 481
37 442
47 445
52 306
12 271
45 278
20 499
69 328
100 489
