1000 500 200 500 10 100
19 408
57 313
66 332
91 244
29 335
43 334
82 287
72 372
99 472
32 255
59 448
91 299
10 229
53 471
37 441
45 452
87 390
51 352
94 291
80 364
47 421
17 338
53 261
91 435
13 225
17 259
64 265
74 447
78 457
86 349
31 274
14 444
21 263
22 385
49 441
45 479
68 444
68 317
48 474
78 436
88 491
30 420
62 302
68 298
73 482
98 354
37 446
65 418
56 342
71 210
33 248
44 392
37 202
28 395
77 209
43 424
61 274
32 204
20 357
15 435
61 448
40 343
68 334
53 249
90 261
35 456
99 247
29 250
88 254
10 424
23 224
45 212
60 390
49 475
21 218
15 334
75 395
22 206
58 435
19 403
96 314
59 254
30 404
30 308
42 249
35 470
81 329
82 321
91 398
63 463
92 453
36 228
30 471
62 274
68 289
24 350
32 232
57 212
68 208
23 393
61 302
71 229
35 243
34 296
89 395
44 254
71 304
63 393
18 266
32 429
66 392
93 258
36 432
94 309
80 289
19 345
35 314
34 219
11 423
93 246
24 323
88 415
96 331
39 450
82 223
97 201
25 356
88 237
38 227
99 375
15 247
64 457
68 342
54 416
62 490
22 383
35 210
23 437
13 302
51 437
85 464
85 439
90 395
50 304
16 271
51 488
73 447
15 428
55 370
62 303
21 253
99 370
74 481
29 252
45 442
24 357
35 324
28 422
34 270
59 389
33 403
69 409
68 270
89 388
49 378
46 497
78 425
59 393
73 422
45 385
65 382
36 467
21 285
31 473
39 261
93 396
42 238
20 263
51 288
39 497
28 390
12 347
35 308
65 417
55 485
69 290
59 292
26 270
66 343
32 431
80 353
73 317
92 329
38 397
61 330
85 383
95 284
39 282
27 269
82 319
93 499
100 317
62 415
39 416
80 379
76 410
93 422
88 321
48 356
80 468
46 360
79 455
31 278
78 284
10 434
74 298
62 260
61 471
69 200
96 481
31 483
23 308
36 316
23 404
81 447
74 407
74 419
20 499
22 297
96 292
100 434
31 412
22 203
39 418
89 467
82 229
21 237
86 200
60 215
39 274
18 223
19 466
71 342
93 388
71 495
21 368
75 268
86 421
78 359
85 473
65 486
93 422
78 236
40 274
95 325
30 411
88 328
48 489
23 339
57 307
82 253
54 209
64 202
23 341
16 217
24 386
26 212
10 424
49 229
85 249
26 294
99 350
99 285
79 290
94 412
58 456
94 270
11 235
58 345
51 333
75 337
89 263
36 274
48 347
100 433
34 305
55 255
99 397
86 241
81 463
66 283
70 366
20 282
32 324
48 476
87 487
92 373
13 410
44 434
55 449
91 301
75 290
65 207
51 445
13 322
45 450
40 224
81 456
39 415
72 482
38 435
90 400
13 365
10 204
60 265
43 363
51 206
49 471
97 287
72 461
38 220
68 211
75 424
72 299
13 497
80 427
18 447
79 488
78 386
21 358
51 445
79 214
78 372
78 362
34 348
37 317
19 482
47 362
60 244
13 493
69 491
58 370
69 496
14 247
32 349
75 229
86 375
82 493
87 477
90 404
63 426
91 391
75 246
73 260
63 413
50 280
22 422
24 238
51 307
82 496
60 389
100 498
25 466
61 208
94 241
39 464
30 330
82 322
74 255
45 468
83 385
74 268
100 447
40 472
32 290
77 407
30 440
26 441
20 240
63 295
80 259
60 498
92 260
20 266
48 400
17 231
94 479
79 390
31 304
97 325
46 327
88 271
49 333
64 420
43 359
26 404
90 472
39 308
70 367
63 296
58 254
54 351
51 274
61 356
58 351
42 471
84 411
60 443
33 452
99 366
21 326
42 228
53 317
98 227
75 357
46 250
30 297
91 393
77 392
59 449
24 427
28 470
20 359
85 330
73 224
25 369
24 463
10 295
83 432
43 211
58 343
96 449
32 413
65 260
16 287
87 346
68 326
29 300
100 427
37 243
66 323
72 499
26 207
10 262
70 415
72 427
38 285
21 396
33 466
76 301
52 363
61 215
84 410
13 422
63 495
72 235
100 274
62 301
69 327
78 420
21 387
72 498
70 470
26 469
21 247
87 386
71 363
90 347
97 466
54 358
50 431
40 227
75 428
64 485
16 441
88 245
44 448
30 298
95 334
23 500
55 483
49 239
63 286
87 317
47 352
71 410
72 317
89 486
19 214
60 248
10 221
97 231
60 234
65 284
80 294
77 448
95 418
13 320
16 322
33 454
47 361
57 205
21 249
73 472
15 410
10 467
33 210
67 348
94 225
92 312
62 466
60 293
47 496
30 336
71 248
77 292
100 401
43 336
87 237
59 212
92 275
23 326
72 324
61 228
64 304
91 417
74 349
35 351
85 271
80 411
24 474
79 427
44 499
52 324
81 267
38 431
22 213
13 325
31 428
12 436
70 443
64 500
60 210
70 334
24 234
52 349
22 446
16 331
97 286
93 479
21 239
12 444
35 363
70 289
32 372
94 220
65 275
51 253
27 319
22 315
77 329
70 310
48 438
62 217
87 344
38 326
92 302
84 335
99 237
35 454
25 346
76 421
93 443
21 405
91 258
51 314
50 383
18 411
50 263
49 293
41 322
51 239
70 439
11 287
41 445
52 282
54 464
53 411
97 375
19 366
50 284
16 269
88 251
96 236
48 358
80 470
38 498
27 353
18 230
83 309
54 379
59 266
68 343
62 447
29 240
14 399
48 440
77 490
89 398
79 253
32 253
32 234
42 430
75 385
31 226
89 436
44 334
54 446
67 325
28 392
93 402
72 388
97 207
82 280
73 352
38 460
72 305
35 405
64 229
16 444
19 231
40 409
59 227
34 239
52 444
65 467
92 221
92 436
38 481
36 383
87 247
76 436
78 484
78 285
64 327
97 216
59 255
97 422
20 478
50 333
37 341
23 267
94 351
70 289
42 366
12 312
22 461
94 464
42 286
48 406
72 476
87 470
34 297
91 210
67 302
22 496
98 340
76 254
41 413
93 221
94 263
54 390
73 329
76 417
35 351
64 226
75 495
80 203
50 387
96 314
27 255
64 432
44 270
32 285
37 277
10 460
19 337
52 312
72 452
13 330
96 301
56 276
34 351
32 335
21 243
43 476
89 457
16 341
52 290
23 408
16 430
25 456
48 466
24 482
49 496
15 418
11 365
30 340
12 274
62 452
33 372
69 262
18 482
61 305
29 227
93 439
51 329
69 473
38 412
98 460
27 412
91 452
80 321
16 491
26 214
75 410
42 216
78 413
34 324
64 270
11 480
97 258
80 352
57 351
27 332
11 368
73 437
25 269
67 359
13 401
69 348
49 458
75 481
14 363
54 337
70 354
40 390
24 373
10 341
45 203
42 231
25 465
55 440
74 424
79 440
21 370
72 333
65 453
76 447
63 316
91 497
91 348
14 331
58 377
93 442
31 393
18 201
55 390
40 238
92 489
22 388
35 265
25 435
84 232
60 281
73 362
31 266
88 413
85 428
93 317
17 419
27 291
23 265
43 361
54 493
78 229
91 457
67 299
57 210
60 471
50 479
19 318
12 240
60 391
59 269
81 235
29 467
46 408
34 205
49 283
29 366
61 327
10 305
42 413
30 205
26 408
40 414
95 477
49 455
47 270
59 324
28 210
79 330
75 219
96 384
44 281
20 312
88 271
75 231
67 233
74 264
28 418
35 313
63 280
83 460
72 290
81 404
36 271
16 417
62 317
41 341
80 249
16 204
79 320
49 201
38 471
45 441
42 391
85 232
43 321
95 269
25 224
21 410
88 456
69 386
83 377
61 421
67 378
28 495
10 359
98 248
96 459
11 218
11 242
87 269
70 491
66 472
73 261
52 310
59 208
25 238
36 420
94 259
96 333
55 244
96 396
50 270
84 230
45 402
91 287
46 333
66 208
98 292
42 487
51 484
60 295
32 277
95 430
42 262
53 236
11 453
39 348
56 234
93 260
24 349
76 357
42 425
25 236
86 383
41 317
48 415
92 337
40 377
11 225
92 477
76 244
56 493
43 350
45 220
72 412
34 205
36 300
95 382
58 346
61 256
69 329
43 273
85 411
62 380
25 388
40 446
45 484
59 274
67 414
84 492
33 361
39 292
37 326
63 496
67 386
92 281
39 421
49 378
24 304
100 466
54 313
83 374
95 298
47 379
52 440
52 235
93 214
87 409
31 499
31 209
80 355
76 296
47 395
85 305
79 431
16 440
39 432
37 237
84 209
47 389
22 485
64 397
87 449
87 288
70 459
58 229
30 286
74 287
48 248
98 429
59 361
11 420
93 431
38 220
30 322
65 287
82 230
100 203
50 237
39 323
20 286
76 207
20 376
78 302
24 436
55 301
79 348
25 338
12 427
10 467
82 465
81 253
10 435
85 473
82 296
23 367
63 346
87 454
91 367
12 394
93 485
79 296
67 465
59 359
63 490
54 338
41 277
61 397
30 397
45 382
21 363
58 274
100 321
11 479
61 481
