1000 500 200 500 10 100
44 332
82 264
84 404
37 414
44 231
48 293
21 220
66 339
85 287
98 217
96 437
20 380
46 353
55 416
95 271
60 231
84 368
52 462
38 416
54 213
23 263
56 210
18 266
85 499
16 283
48 440
24 474
86 316
68 423
74 202
29 427
53 347
81 278
50 264
36 382
99 390
49 281
74 426
29 499
12 451
93 337
91 500
62 408
84 285
69 296
44 273
60 270
72 215
45 427
67 239
15 255
20 400
72 278
65 433
58 448
80 256
72 472
75 293
62 319
70 458
32 466
36 336
91 349
76 230
35 380
98 230
23 397
12 219
18 204
94 500
51 284
70 485
60 259
63 332
56 456
96 243
35 219
22 303
45 480
15 291
47 352
65 242
36 251
63 472
50 463
64 456
45 476
30 200
31 467
70 413
68 372
17 241
13 233
36 457
71 427
72 371
60 318
86 224
19 423
47 322
94 416
68 382
50 466
87 374
88 464
10 253
74 441
11 373
54 337
79 435
85 275
49 490
94 416
84 210
72 459
42 423
84 358
20 463
14 384
58 455
15 322
63 381
29 500
19 435
18 282
13 299
54 424
37 250
40 200
30 376
94 342
84 231
79 300
64 221
53 229
91 281
32 330
91 362
71 414
40 365
13 415
36 353
87 450
58 426
54 412
82 359
93 349
41 452
22 282
16 383
69 296
40 411
13 323
96 255
46 318
70 232
32 281
97 319
39 486
89 482
85 245
83 349
52 428
48 241
71 472
47 270
68 285
84 442
61 203
24 395
67 315
46 252
60 210
61 428
49 314
71 342
90 447
63 452
30 490
59 333
72 315
84 426
73 283
26 257
99 314
83 305
41 277
18 274
23 478
43 481
89 308
48 400
75 212
72 327
65 292
49 361
80 261
28 256
16 352
92 379
92 464
34 293
93 290
77 225
27 318
31 257
78 226
46 379
34 205
63 439
93 363
79 403
52 283
41 217
58 220
26 299
97 330
34 422
45 208
59 437
38 351
31 450
66 399
74 314
76 231
79 450
55 249
93 268
16 259
18 216
19 380
66 462
38 457
21 328
72 228
89 489
67 206
31 404
41 215
22 206
47 218
91 391
64 206
52 348
33 391
88 243
48 379
10 479
60 287
11 499
45 268
47 393
64 374
88 377
79 262
27 386
70 237
72 296
16 433
56 206
74 257
34 343
67 454
50 470
10 326
65 304
95 352
27 418
70 491
69 365
30 427
27 332
56 224
76 405
12 321
18 478
82 411
67 212
31 392
27 353
20 296
83 412
47 352
26 423
67 323
17 395
34 485
93 412
40 353
23 312
16 426
34 249
64 411
89 398
60 441
32 217
51 406
39 434
31 458
20 348
57 342
92 278
69 417
42 233
15 255
95 441
76 435
62 266
36 200
41 294
73 464
74 427
86 491
27 375
74 465
58 227
17 464
29 331
88 244
93 398
15 458
68 478
86 276
37 385
87 406
25 467
49 291
89 487
17 252
40 478
96 332
28 272
38 258
96 424
24 465
71 299
38 408
64 212
75 269
89 209
76 326
36 292
18 368
48 396
83 388
23 386
84 275
43 264
96 258
53 334
26 258
93 393
69 209
31 349
26 252
20 202
40 283
70 493
23 322
27 269
13 459
36 480
88 310
24 315
98 481
19 390
43 331
31 353
74 437
61 317
79 308
45 315
87 313
56 240
77 393
21 394
29 212
83 384
16 417
16 439
26 397
44 334
80 359
41 317
34 437
97 483
43 202
20 334
100 303
83 500
56 432
72 347
41 215
46 214
67 480
30 226
31 229
22 353
84 296
71 383
98 352
37 227
78 412
23 419
30 485
70 461
89 209
69 258
12 287
46 405
73 225
69 341
85 240
21 341
33 361
92 319
28 338
24 316
29 405
36 213
86 351
79 203
92 480
74 333
68 282
80 231
40 469
88 260
29 212
99 294
60 374
91 385
72 406
91 209
96 435
93 398
76 395
72 344
35 360
78 390
19 464
88 499
59 440
80 389
54 409
85 324
30 243
99 293
42 408
45 209
68 274
35 326
26 456
27 292
96 344
61 206
69 300
70 488
40 462
96 491
26 258
13 401
71 272
92 500
16 495
57 220
28 314
72 487
96 213
11 333
10 209
22 414
64 294
86 349
31 226
94 375
41 403
10 335
79 468
69 353
29 241
60 479
78 468
44 373
36 443
43 235
61 294
21 210
91 299
35 393
96 398
75 308
43 490
92 224
31 475
60 367
56 499
50 319
20 209
22 293
45 447
90 301
10 476
75 327
62 370
28 297
82 434
100 316
85 296
53 380
68 364
18 235
39 290
100 225
21 295
49 449
67 345
16 430
94 311
37 292
43 224
65 446
64 493
56 380
18 300
71 308
28 204
53 275
17 448
22 292
27 317
39 432
17 239
67 429
42 417
18 228
11 307
53 347
90 485
31 337
78 485
38 497
51 487
32 481
87 270
41 375
23 211
51 496
31 416
84 299
11 393
91 471
27 250
86 498
23 241
68 267
78 477
50 412
40 233
41 346
70 312
84 388
95 224
66 323
97 306
41 470
40 447
27 396
28 455
27 480
35 476
86 471
44 208
86 314
23 423
16 293
51 379
29 358
79 261
77 491
88 300
89 263
92 349
92 493
72 250
14 299
57 468
27 376
41 300
81 216
82 399
92 256
40 437
84 327
22 241
100 313
30 277
45 286
95 232
85 427
62 499
80 257
96 495
62 441
62 423
45 265
82 413
82 245
63 485
47 295
78 490
39 265
35 232
73 339
26 378
11 296
63 240
49 342
41 235
49 277
96 387
53 426
36 413
16 398
16 342
27 320
90 350
45 244
46 485
60 345
82 449
40 488
60 493
93 422
43 309
10 383
41 290
87 494
96 278
19 297
99 332
12 399
100 200
29 313
72 326
61 296
58 348
88 462
88 361
61 317
38 381
76 364
69 257
53 371
17 247
82 404
14 283
21 310
86 245
12 216
36 380
64 344
17 344
91 318
47 488
79 424
67 333
61 237
70 393
52 425
82 223
100 216
17 379
53 287
14 498
67 245
17 314
24 304
34 444
73 412
73 254
63 248
59 320
64 477
43 342
21 350
93 478
26 421
85 442
19 280
77 459
83 215
59 413
26 481
81 439
16 286
94 426
46 278
99 319
33 207
32 455
72 325
18 473
41 237
20 401
99 252
42 290
89 381
57 335
90 307
56 452
45 214
82 426
54 320
81 347
75 204
75 383
44 381
88 222
56 468
41 434
12 231
52 235
26 225
21 472
37 392
28 474
70 248
15 500
42 393
17 394
16 295
70 426
81 380
25 343
72 269
45 265
83 299
27 410
86 420
31 354
59 252
10 468
65 426
58 367
56 210
30 414
63 336
65 231
100 486
71 261
53 400
99 303
55 428
50 221
71 343
70 357
36 401
64 394
40 239
51 343
94 269
10 254
23 345
91 318
62 357
10 333
83 456
93 204
96 346
31 428
30 298
86 231
25 307
64 274
24 383
57 244
92 423
28 254
75 281
43 346
86 450
94 393
60 312
21 486
28 320
74 345
88 397
20 417
62 249
74 248
95 306
10 281
94 339
53 244
53 405
58 256
47 317
22 458
37 243
68 336
30 306
73 280
54 254
90 404
74 387
98 433
100 244
17 420
43 297
23 201
100 303
41 203
39 404
96 298
95 303
37 309
95 312
48 309
99 285
16 316
16 414
94 362
28 210
61 240
23 245
65 206
62 498
76 216
12 370
73 297
88 497
74 330
25 494
46 321
65 400
12 499
73 485
93 221
22 442
15 500
44 251
65 232
29 466
12 399
66 261
45 307
37 299
52 264
84 324
82 320
94 322
73 337
42 429
73 500
72 368
97 255
11 455
27 417
18 484
69 203
20 458
81 252
75 445
15 248
73 451
60 291
34 436
48 227
50 235
37 484
53 475
97 272
10 473
92 246
59 202
100 451
26 308
69 415
28 267
12 269
24 280
74 490
10 488
30 329
50 441
79 324
43 498
26 293
52 283
16 375
30 338
87 443
49 276
91 397
46 320
21 260
17 276
24 365
78 464
74 234
92 453
36 319
81 453
31 317
23 451
49 269
97 266
97 433
98 319
65 436
96 245
19 237
79 494
36 333
84 293
90 360
15 424
26 444
84 239
34 412
38 201
20 226
79 392
32 360
19 238
72 347
80 489
33 353
84 484
30 387
75 250
96 270
14 373
82 351
21 223
11 350
59 442
36 491
81 234
66 241
99 292
20 253
34 471
90 210
72 340
37 480
46 342
43 313
97 212
92 376
47 425
20 459
68 300
86 398
58 447
55 304
41 475
88 319
62 211
89 349
12 425
34 389
11 327
15 229
45 364
70 273
53 278
41 403
80 328
77 411
85 438
47 312
50 270
61 306
27 459
53 331
29 232
48 398
97 470
45 397
13 230
41 370
48 349
84 435
15 322
18 250
45 258
33 421
43 441
13 358
87 431
61 281
49 406
53 469
15 304
95 458
19 234
81 391
23 350
