1000 500 200 500 10 100
66 259
37 365
30 489
63 204
24 222
17 310
55 469
76 212
57 237
74 314
69 434
81 369
98 381
71 484
14 366
44 238
15 484
21 429
73 225
79 279
50 222
70 262
89 395
95 339
60 436
18 376
89 205
19 446
29 310
69 268
39 347
19 298
37 407
33 200
59 409
50 481
50 366
57 320
73 215
91 442
36 411
14 269
15 362
28 500
57 341
75 345
15 323
47 267
68 419
59 463
34 244
25 457
72 332
29 421
39 234
30 497
73 429
98 208
11 427
28 460
65 225
23 204
94 246
29 327
83 237
78 492
76 379
61 442
44 474
99 256
90 422
55 351
16 215
56 389
67 317
45 209
30 401
18 388
72 234
38 311
14 452
78 252
78 499
44 240
71 253
47 429
61 298
39 325
98 388
54 255
23 260
12 244
10 476
20 357
10 346
42 481
70 218
48 326
64 475
21 489
24 463
49 451
13 446
22 322
80 488
29 486
72 339
90 457
59 360
97 274
64 480
64 201
11 286
33 465
100 443
54 486
55 268
70 414
50 359
23 244
65 311
22 342
43 458
62 264
64 310
51 471
51 341
67 288
32 247
88 385
87 403
99 343
50 204
54 433
13 440
74 458
79 405
58 500
51 295
13 378
32 300
12 496
21 268
95 266
59 483
27 203
77 219
94 356
47 250
34 284
84 464
72 239
46 238
37 429
39 450
72 438
10 403
50 390
42 363
71 485
81 356
53 229
67 282
91 348
10 321
71 270
21 372
46 351
62 246
61 443
29 335
69 495
59 261
94 458
70 289
99 268
14 378
24 269
51 330
93 491
29 248
34 484
96 319
14 279
59 364
27 310
14 401
60 435
21 387
18 334
70 283
11 318
21 347
63 320
29 453
66 376
71 320
96 369
40 443
93 253
82 419
30 203
22 366
67 429
50 228
31 426
44 363
47 472
10 278
33 435
71 350
85 480
59 419
78 410
96 496
40 315
98 275
81 381
57 454
97 391
75 322
69 243
66 206
81 393
32 305
48 315
19 387
15 374
65 342
56 313
70 496
92 500
100 495
40 358
72 440
69 380
16 262
71 444
97 437
91 353
18 413
93 394
78 462
85 251
97 351
56 389
79 241
50 263
35 217
13 382
15 418
22 416
100 433
100 498
88 445
95 308
82 466
76 303
10 270
54 479
16 468
81 415
27 204
80 442
64 297
29 377
18 334
61 393
25 401
30 334
50 438
25 401
28 394
97 279
68 307
42 231
67 425
22 231
60 322
54 400
56 246
99 382
14 317
35 396
73 413
12 313
86 422
60 203
71 217
86 426
22 289
66 348
57 352
81 392
50 302
46 341
60 265
23 477
57 246
64 350
56 352
95 207
83 425
62 235
26 242
99 216
81 366
34 294
22 442
60 440
18 425
75 340
57 252
50 271
89 439
49 455
33 281
92 210
13 422
76 397
53 455
37 494
55 476
78 236
83 472
46 359
50 205
23 336
61 264
26 202
83 225
46 491
24 317
21 311
81 495
26 401
78 319
74 468
69 431
16 410
43 428
59 247
25 215
97 337
51 238
78 231
58 245
39 318
14 421
16 350
17 336
34 313
39 343
34 499
13 232
12 425
100 425
45 291
50 304
17 418
34 216
78 304
62 370
16 373
37 249
13 455
62 472
83 289
90 246
89 337
27 393
55 489
68 432
59 455
85 457
25 275
68 220
53 484
80 449
49 429
89 277
14 332
98 401
94 261
74 457
96 475
89 358
71 415
93 441
81 273
12 440
11 319
69 426
16 298
84 357
55 321
25 309
38 381
63 322
79 354
67 289
81 376
77 490
28 486
34 306
63 225
21 357
76 455
89 396
82 406
55 479
97 436
12 428
99 245
18 207
55 225
13 426
30 442
40 389
11 294
10 385
70 490
45 413
18 221
81 447
58 259
80 351
58 461
41 209
10 225
32 302
78 461
98 400
68 393
99 227
17 482
13 204
92 351
22 364
34 423
53 248
82 382
52 376
67 376
86 245
86 300
40 401
60 274
23 360
28 287
13 300
37 498
66 438
18 419
45 471
33 259
41 222
73 265
98 232
29 481
60 292
16 323
30 238
81 242
47 210
72 485
87 245
74 364
44 228
83 483
79 374
29 365
37 482
56 492
30 320
33 490
43 201
33 354
22 408
23 336
65 373
26 478
47 200
57 350
35 374
76 426
63 322
77 341
86 418
41 215
98 252
49 450
20 215
58 492
39 398
45 289
19 397
100 489
14 307
53 323
49 369
97 477
22 236
55 494
58 398
29 442
66 412
13 203
58 393
100 298
85 270
44 309
22 352
66 210
53 335
18 439
90 331
57 393
77 430
25 220
67 293
98 277
67 250
62 431
24 473
64 482
22 364
19 357
58 287
50 475
47 200
56 374
63 476
55 347
84 402
81 232
14 226
72 448
41 338
48 469
48 355
71 251
64 439
84 485
71 274
76 396
99 270
61 254
50 235
70 401
75 216
73 330
45 492
67 267
85 456
85 338
71 333
46 278
51 495
62 246
33 471
83 491
75 359
99 485
48 394
10 229
36 267
73 401
88 436
10 285
98 402
21 451
94 459
72 255
95 240
20 420
24 390
66 500
90 404
30 392
49 267
67 457
74 228
100 290
86 223
87 304
48 446
68 358
18 482
94 255
26 361
47 231
59 334
10 249
83 362
93 283
68 311
23 212
15 244
56 252
76 428
90 391
57 360
18 476
13 309
85 311
31 205
77 471
50 271
82 274
61 409
34 311
50 244
77 308
23 427
99 305
45 466
29 374
62 443
74 365
56 381
47 472
96 267
20 424
54 359
84 220
29 202
13 236
19 404
40 284
29 402
38 331
43 283
19 443
10 355
59 476
94 232
33 370
73 235
50 387
89 439
11 411
59 437
57 386
48 489
16 369
79 257
85 206
54 204
15 213
40 455
64 343
77 334
39 235
84 454
83 212
30 477
60 231
52 318
100 452
95 285
74 394
50 319
48 330
69 247
65 381
34 281
13 387
69 487
12 482
38 242
41 281
87 416
90 330
61 478
99 237
95 350
82 304
83 281
54 441
89 226
68 279
38 345
76 471
66 336
12 470
44 395
15 296
87 260
75 293
47 406
56 499
98 210
38 372
73 486
12 420
55 434
37 267
94 362
96 257
62 387
70 274
94 475
79 341
88 444
45 220
43 462
66 251
45 270
91 263
39 485
32 465
25 328
83 395
80 416
85 437
39 376
90 333
46 228
84 333
37 305
21 218
72 321
81 489
87 442
41 345
27 433
26 293
93 489
68 449
41 337
29 457
22 293
73 362
39 212
62 491
74 297
16 333
12 227
69 207
21 322
69 344
80 361
33 462
10 374
98 202
59 243
28 223
89 498
10 407
10 278
64 224
89 304
36 492
20 377
97 249
21 249
22 400
67 279
80 458
53 271
25 363
19 368
54 401
87 419
42 221
32 352
78 270
83 301
28 287
25 459
78 324
97 479
44 316
53 335
46 358
16 431
24 419
57 305
40 361
38 325
84 220
85 326
88 433
28 250
60 303
47 254
33 466
82 401
22 438
98 252
83 339
19 265
47 230
45 326
63 393
12 472
51 326
24 403
53 473
98 426
39 411
95 402
40 411
46 355
63 235
100 393
65 338
22 381
92 327
78 458
85 305
17 331
29 475
80 388
81 487
39 370
74 242
89 221
79 271
18 250
85 231
93 430
43 349
13 436
26 215
96 445
78 219
52 251
51 309
33 338
25 201
95 390
65 279
19 446
88 485
37 406
52 337
38 231
88 344
36 411
39 257
30 480
88 380
31 218
20 368
23 431
86 365
77 311
17 429
46 493
67 451
84 275
18 432
57 274
15 222
26 435
68 289
32 356
35 292
47 355
60 480
33 227
85 354
48 487
49 344
13 342
73 275
78 382
61 222
40 231
71 339
82 324
57 227
10 294
19 200
81 228
24 432
30 273
67 394
17 265
14 437
75 281
61 323
20 417
40 317
96 339
61 261
56 281
80 289
15 408
20 221
74 218
16 441
87 487
61 249
42 270
68 407
58 345
22 212
95 272
72 408
70 483
66 220
19 257
35 387
50 348
27 248
33 360
16 356
97 221
30 346
48 289
62 341
70 480
26 445
43 380
53 361
37 321
82 425
70 440
25 491
69 468
32 351
66 477
82 422
21 362
70 488
53 268
71 283
23 380
40 248
93 328
22 371
55 238
83 226
26 305
88 463
94 204
95 298
65 219
91 376
41 236
52 229
45 391
22 352
26 288
31 228
89 257
55 315
53 343
20 472
89 306
71 419
34 396
57 239
21 237
27 494
60 478
52 378
45 284
70 336
70 328
33 237
50 463
17 329
31 493
79 201
42 382
17 307
85 438
54 441
27 461
10 497
57 406
90 305
69 252
69 310
67 254
12 464
86 449
26 321
54 291
80 439
97 493
51 250
68 341
76 353
82 374
26 488
81 473
46 217
44 483
58 303
60 373
34 452
87 257
53 212
98 293
25 269
