1000 500 200 500 10 100
58 426
51 363
13 423
75 411
18 276
54 432
70 233
37 278
37 475
84 496
45 372
13 373
28 462
24 431
91 368
32 453
21 301
52 459
66 298
65 452
61 320
14 374
64 344
79 210
83 373
47 257
98 328
15 365
77 202
17 490
34 292
68 362
66 207
22 264
53 389
58 377
66 399
87 208
56 401
20 309
44 423
37 267
79 245
20 237
78 476
76 316
20 418
100 359
16 446
60 377
69 388
26 240
86 203
16 278
48 216
51 376
55 452
77 387
73 272
78 443
31 399
69 213
13 435
71 440
97 244
86 464
18 269
52 417
86 201
53 374
92 279
69 354
34 390
69 478
48 362
63 459
16 428
65 326
53 293
83 440
73 230
30 468
87 305
39 269
83 276
96 272
38 391
74 387
62 364
21 492
97 232
32 234
22 319
39 270
76 325
30 449
42 362
46 352
21 499
54 221
73 261
31 379
66 417
25 431
92 327
44 203
27 269
16 319
16 348
57 249
19 349
46 225
26 261
88 427
20 246
47 231
44 491
47 208
81 374
81 386
52 309
76 361
43 376
61 214
81 267
84 445
47 460
21 325
12 295
53 478
94 448
22 449
76 318
36 243
76 344
81 493
84 215
13 279
54 481
29 364
89 306
95 413
33 477
52 485
14 237
64 362
48 421
88 372
90 465
32 479
84 241
99 459
75 472
10 346
83 280
33 449
50 268
59 350
87 347
24 214
96 496
14 317
17 385
74 352
14 301
24 356
62 250
72 246
41 301
72 423
18 402
47 216
76 430
84 413
60 399
15 358
39 201
15 258
10 362
97 486
37 490
19 453
50 405
79 460
16 391
58 336
62 452
73 461
55 417
53 407
54 498
23 459
31 490
82 335
23 325
54 212
15 359
39 302
98 413
90 219
37 343
27 294
97 406
81 425
100 274
72 335
45 346
52 469
29 208
15 333
28 372
46 396
75 209
78 494
99 458
75 424
69 316
78 344
99 470
32 241
82 349
30 263
42 368
100 477
76 284
20 407
26 354
26 386
84 499
26 233
78 340
33 455
10 423
81 325
22 315
77 384
60 492
37 306
49 378
32 485
41 291
17 316
88 392
11 256
43 329
32 244
36 496
37 272
74 245
14 208
74 262
43 472
95 487
41 363
59 310
20 224
59 488
64 294
67 291
88 218
100 388
37 287
29 209
78 500
36 204
41 313
80 246
50 269
60 311
33 346
61 228
25 219
23 210
74 344
61 361
80 419
34 374
66 330
88 313
99 336
42 484
40 333
30 233
49 263
77 283
16 214
69 228
11 275
27 245
62 237
89 282
54 404
65 360
29 237
16 261
83 489
75 271
23 275
55 472
55 398
52 445
22 314
46 343
93 358
14 309
94 243
12 249
16 494
20 481
36 279
70 354
81 236
30 388
56 479
74 347
59 312
62 486
89 463
11 265
77 466
53 465
63 463
70 455
76 371
57 436
76 376
19 467
24 464
14 472
84 412
34 266
19 307
30 400
100 328
96 339
92 287
99 301
57 265
76 403
28 390
87 283
66 326
50 375
14 353
67 480
48 362
83 288
93 245
72 488
52 350
84 416
69 429
50 384
67 472
10 276
64 324
78 324
99 358
27 489
89 242
53 274
38 463
64 321
55 498
39 330
56 434
39 233
58 212
56 253
20 403
99 293
59 489
21 425
20 364
76 305
75 330
53 309
16 440
87 248
96 488
21 234
91 323
82 232
46 434
62 267
100 415
85 311
53 225
31 447
87 398
79 294
78 328
27 268
55 230
62 404
45 394
54 388
41 204
37 300
79 204
87 223
66 226
89 219
29 320
88 389
32 415
30 495
14 283
100 209
13 277
99 229
52 299
36 436
94 336
59 440
15 351
12 458
70 497
42 377
26 341
21 231
49 497
10 497
78 237
66 240
79 367
45 484
33 435
66 218
51 404
15 359
40 370
43 381
25 492
16 431
21 272
97 336
22 437
30 246
24 287
88 487
14 304
39 318
20 337
71 206
35 243
34 244
11 431
29 228
22 431
38 202
69 370
10 470
32 369
34 479
16 500
92 309
60 383
65 290
78 212
49 260
28 410
85 366
57 478
63 460
18 302
56 309
25 499
21 477
77 242
100 221
19 369
20 293
37 456
94 272
63 377
34 421
68 335
64 325
93 430
11 419
17 445
41 401
67 255
87 208
88 231
96 339
94 258
84 401
43 213
89 379
72 453
95 427
10 283
71 297
75 234
57 442
83 494
30 320
40 419
99 295
19 307
42 247
63 265
32 327
55 319
18 469
86 202
18 256
24 396
42 247
68 319
50 307
77 280
15 309
94 204
51 397
24 237
14 425
24 342
52 380
47 455
48 482
80 493
35 492
53 340
99 216
19 476
24 469
72 500
56 203
50 381
67 264
97 294
57 219
60 490
43 345
22 446
100 299
91 211
49 224
55 226
54 259
49 211
13 258
13 203
38 464
36 411
33 500
28 467
96 338
96 316
92 247
73 457
26 449
79 386
60 319
67 361
14 364
34 252
80 332
47 381
44 338
29 221
58 444
64 305
42 291
99 214
29 432
78 485
88 439
65 251
97 482
13 282
53 233
35 465
27 339
57 410
99 284
45 315
39 317
64 310
20 290
59 245
87 493
38 350
100 299
74 386
94 263
22 323
67 251
32 411
37 279
62 316
71 449
82 392
58 249
72 422
24 473
23 309
36 396
37 345
61 309
47 422
94 448
55 367
78 229
60 286
73 295
39 421
71 282
97 258
36 461
12 368
14 345
13 398
31 385
29 433
57 221
53 213
43 296
63 365
38 406
24 332
88 303
60 493
44 263
94 415
78 429
20 406
76 259
77 263
17 294
95 284
79 498
68 483
99 477
85 368
98 247
53 280
32 450
97 434
60 221
36 435
87 379
36 223
24 392
21 279
62 429
12 499
53 410
69 469
18 226
41 467
69 233
90 322
51 218
56 445
77 352
17 490
83 468
78 367
100 446
44 242
57 207
18 249
34 471
69 253
83 251
10 218
10 465
41 215
39 344
31 472
33 287
85 425
73 371
28 362
67 486
50 439
79 394
95 360
88 403
61 309
79 279
75 237
14 366
47 476
19 462
29 455
98 356
27 201
83 419
58 240
78 216
43 295
18 365
22 472
90 265
29 471
51 306
65 338
79 460
14 481
33 459
10 368
54 262
53 239
26 483
92 283
62 207
13 358
62 282
29 339
14 359
91 390
58 266
63 385
19 239
42 396
17 499
26 260
60 433
50 440
88 328
87 363
30 400
73 406
68 298
13 227
57 354
27 268
11 343
59 395
65 216
17 379
32 353
33 473
19 488
76 450
31 383
63 399
52 281
50 463
81 298
45 234
64 305
97 321
60 204
93 278
99 254
49 484
50 395
29 442
62 317
73 446
20 203
51 232
23 399
88 363
60 383
86 398
12 449
59 333
53 432
93 372
68 367
34 341
30 261
46 342
48 424
81 276
97 330
73 410
75 201
31 424
47 419
28 269
51 237
81 218
82 312
98 352
30 246
73 438
38 224
11 383
81 265
51 273
67 216
13 373
92 454
84 350
94 366
94 488
79 218
91 269
63 346
62 206
36 413
50 397
59 422
94 283
87 488
33 331
76 487
12 420
78 299
21 311
50 387
69 316
95 202
95 485
64 254
93 489
97 334
16 251
10 414
48 492
62 389
94 303
61 274
20 263
44 492
62 235
89 371
29 232
60 434
93 221
33 407
29 352
81 395
39 244
52 488
30 407
11 306
20 450
36 432
16 451
51 336
72 249
69 234
38 379
68 498
95 353
15 359
75 393
65 358
83 208
43 473
37 368
43 323
22 357
31 330
57 426
13 492
28 421
72 206
53 443
77 398
85 356
77 249
47 207
25 434
11 450
86 379
19 383
40 384
14 205
67 494
50 377
42 356
95 460
42 295
98 263
10 395
71 447
40 365
17 249
91 418
29 454
11 215
20 247
40 222
18 311
39 434
83 450
44 234
39 349
40 208
10 219
71 279
16 296
42 317
72 491
86 243
24 279
100 478
44 355
66 278
89 465
82 403
30 499
10 271
17 464
11 258
33 431
42 346
35 479
69 271
59 446
13 362
58 270
60 249
95 288
25 340
38 236
16 364
75 428
33 330
63 412
89 271
22 423
41 267
57 277
60 319
18 401
41 496
83 319
75 294
34 321
77 357
86 476
73 341
70 404
41 242
100 257
72 407
67 428
21 279
66 261
46 226
50 327
40 331
86 465
26 251
58 307
34 393
55 429
57 434
18 352
64 346
88 487
28 288
91 425
49 367
26 464
30 345
25 312
15 486
82 298
73 312
40 395
89 385
56 385
26 303
50 441
34 396
68 400
99 289
61 498
68 207
86 246
97 200
28 226
65 334
86 421
55 428
88 297
26 337
96 329
24 468
38 338
90 446
71 244
17 311
52 389
62 452
43 472
54 493
22 285
78 220
63 470
39 270
84 210
63 497
14 295
41 358
42 225
92 472
34 237
