1000 500 200 500 10 100
75 373
16 446
38 451
52 306
100 349
54 405
35 271
62 447
54 444
79 307
56 221
68 469
54 286
28 256
57 305
85 310
42 466
64 204
55 426
42 476
15 375
31 241
31 200
37 455
29 419
59 499
37 453
90 271
18 489
94 346
84 232
13 470
86 409
11 313
35 483
48 358
46 468
87 201
14 234
59 360
83 467
26 291
88 223
54 457
77 439
41 453
97 206
55 367
10 293
76 499
17 216
82 331
100 402
37 349
82 237
55 339
56 266
90 422
39 491
57 449
99 379
46 297
86 220
39 499
48 393
38 338
46 250
24 342
41 249
12 337
53 399
93 238
81 304
60 202
42 236
97 421
20 249
51 498
33 482
45 383
49 441
42 233
99 336
83 392
24 264
14 421
59 454
30 376
96 368
67 249
49 227
31 216
58 487
55 295
69 209
69 292
79 396
55 339
75 449
16 366
40 207
73 425
34 494
45 416
72 378
73 213
81 383
33 431
83 493
37 287
84 402
22 349
60 453
92 227
21 467
40 363
89 428
57 333
59 287
58 231
20 463
58 318
78 223
46 465
75 474
10 466
32 379
36 422
97 251
33 481
42 291
76 391
82 330
59 339
40 272
78 381
90 364
58 330
32 446
80 352
84 243
71 493
19 331
50 201
40 261
77 298
89 274
18 270
37 462
64 320
36 227
34 467
29 398
46 228
92 288
64 461
60 447
80 252
84 315
38 358
56 485
12 428
56 394
32 463
41 355
66 337
44 482
47 222
88 349
31 420
62 431
54 268
73 230
98 404
71 272
87 421
39 466
41 264
64 294
47 463
66 206
25 279
56 353
79 315
99 352
76 388
48 313
35 358
34 425
83 388
20 220
37 253
22 405
50 294
85 292
87 396
52 203
12 235
81 475
58 256
98 283
93 307
70 298
18 439
66 424
51 469
78 434
41 379
64 287
82 285
30 427
52 375
50 302
87 235
52 459
63 353
30 485
48 336
35 323
84 203
65 349
83 440
30 442
85 318
57 239
85 254
50 281
66 294
98 288
75 410
49 370
15 486
83 420
22 284
27 345
25 488
48 207
77 225
75 244
14 426
43 445
62 447
79 357
36 308
69 320
95 389
38 478
39 492
71 446
44 389
65 311
86 233
20 251
33 215
39 301
69 276
79 318
17 220
47 462
12 318
98 294
39 470
24 279
62 418
37 485
89 315
72 380
94 311
52 305
83 424
70 215
52 452
72 420
22 256
56 249
95 361
75 279
42 364
19 489
36 332
17 285
37 466
51 493
24 344
26 402
36 203
48 465
87 499
91 376
100 464
23 327
53 466
81 353
40 463
97 308
89 263
44 490
45 306
62 203
95 228
19 415
63 220
62 385
47 462
11 473
51 332
94 499
29 404
97 325
81 443
41 409
59 224
48 382
77 226
16 428
95 240
54 486
89 420
23 478
20 329
89 255
56 448
19 207
73 354
13 415
61 465
38 200
73 419
29 467
56 216
36 449
67 436
60 215
49 202
99 236
15 341
21 291
32 293
53 388
89 381
27 391
54 323
21 231
48 222
46 384
29 291
43 494
53 465
95 330
83 450
51 246
43 355
12 327
99 386
76 243
27 214
35 360
10 274
69 327
77 287
41 232
77 242
44 353
47 483
75 423
48 247
17 472
58 306
99 300
27 211
43 206
83 276
32 312
31 456
31 344
96 349
19 370
16 402
55 397
99 404
73 266
24 237
81 303
15 234
82 233
70 495
29 471
99 355
36 268
96 471
43 301
90 288
26 459
59 341
66 273
70 373
94 394
34 274
19 202
71 348
24 253
68 223
46 260
12 254
12 437
46 239
52 242
88 356
11 216
55 306
56 440
59 326
61 287
41 330
22 407
23 222
41 218
88 381
64 373
12 406
87 359
64 495
54 221
59 351
13 245
22 224
81 334
63 318
55 449
11 459
95 374
74 213
22 475
29 419
50 278
58 355
87 218
28 287
80 398
86 476
44 344
97 428
32 299
57 296
69 442
61 351
53 433
14 406
49 207
58 453
73 398
79 472
82 354
90 405
92 445
61 445
89 328
13 464
32 316
51 423
89 211
16 220
90 336
60 300
62 200
80 327
78 308
46 212
73 305
36 412
26 245
15 236
98 478
80 300
86 458
74 248
86 444
69 311
18 445
29 321
90 412
20 240
74 495
79 379
45 418
63 247
56 396
29 336
41 481
36 364
83 305
17 305
44 431
59 278
20 275
38 268
39 296
30 455
57 208
12 288
31 373
16 338
51 265
83 391
14 256
24 382
73 417
17 359
23 351
75 471
60 285
51 361
67 494
18 420
87 346
69 377
94 240
10 487
80 386
42 300
19 330
33 302
95 417
68 291
22 347
58 442
61 248
78 261
33 315
94 493
23 438
44 327
53 332
13 232
44 440
70 408
18 262
51 214
87 370
73 495
13 316
34 347
83 385
44 304
14 338
79 359
16 364
88 203
73 248
100 463
53 317
77 455
25 279
63 358
90 223
65 363
19 487
20 452
71 367
61 320
63 251
92 479
68 362
45 360
33 467
65 346
67 392
90 462
22 468
47 368
94 370
59 227
71 439
22 425
40 434
15 207
29 421
79 399
39 417
44 442
75 229
91 364
94 287
76 340
85 343
71 444
41 436
98 317
52 348
42 377
83 235
55 265
98 320
51 489
63 371
14 267
10 416
68 269
91 205
26 456
20 314
15 361
70 267
16 322
22 419
73 497
49 332
22 308
13 374
89 387
66 425
94 393
13 333
23 292
22 319
31 488
79 395
90 329
56 224
22 377
98 348
80 295
66 334
45 330
73 398
90 200
42 368
94 411
61 303
92 339
99 249
21 252
65 373
25 355
97 230
97 289
94 354
93 306
85 235
45 393
77 401
85 203
71 234
70 218
11 366
21 207
53 382
78 257
33 339
46 400
10 393
40 246
34 270
16 433
77 487
29 437
76 417
79 405
100 304
47 237
80 228
10 283
81 452
58 413
51 201
50 459
89 500
45 339
30 203
48 274
55 294
13 377
89 400
46 411
11 453
51 372
41 339
30 289
100 244
96 380
34 212
92 338
42 240
89 231
94 497
59 233
57 264
86 250
61 338
49 417
14 357
97 470
59 493
74 286
58 458
99 481
31 202
95 432
96 295
25 236
35 216
53 332
52 327
44 494
60 343
28 204
37 448
26 394
58 430
43 426
76 345
87 306
10 224
23 339
43 398
47 310
28 343
14 393
28 272
90 383
85 245
59 313
49 309
60 382
45 385
11 324
51 412
34 326
49 417
47 454
38 238
51 427
38 454
97 299
73 454
51 339
57 267
32 442
91 357
56 313
93 329
64 470
63 315
48 425
89 208
84 295
87 340
53 376
59 289
87 218
34 355
97 241
53 258
41 246
27 204
87 354
98 244
70 322
91 418
25 340
19 323
22 371
13 354
90 206
13 369
10 435
67 330
35 343
79 357
17 200
53 447
69 443
60 427
64 249
99 259
46 470
57 472
84 295
76 285
76 467
50 274
86 376
36 274
80 491
77 358
63 240
97 294
87 494
59 496
23 315
45 330
83 438
70 322
15 375
93 282
94 311
73 440
66 458
90 455
66 394
49 388
12 315
13 366
18 202
55 300
37 417
43 299
99 480
92 284
64 278
10 394
80 471
89 324
52 347
44 325
99 340
53 425
98 494
53 212
36 401
90 211
51 491
89 318
51 482
69 221
64 216
78 397
58 248
42 313
99 498
34 334
38 399
60 491
33 247
95 235
27 263
75 464
33 256
33 421
97 433
96 296
23 306
57 334
94 462
88 397
82 282
51 246
51 488
100 219
30 489
87 431
41 200
31 453
41 374
93 293
99 213
51 402
24 279
62 372
13 380
25 398
77 248
22 340
30 379
93 218
68 364
13 316
57 491
27 369
95 391
79 368
77 248
67 422
27 203
25 265
85 260
32 294
60 356
79 241
55 492
46 350
30 458
39 468
90 484
28 209
82 246
39 477
26 395
12 319
41 441
81 230
76 348
76 207
10 456
69 488
42 308
31 251
71 252
93 411
69 304
61 257
71 245
25 292
12 381
10 236
25 296
21 220
10 288
26 345
58 277
18 492
15 419
69 298
16 210
53 405
35 327
42 313
19 445
100 210
55 316
17 345
98 211
24 253
69 393
98 293
78 480
33 304
63 224
22 318
16 308
98 498
85 383
54 256
67 214
69 402
70 211
45 441
58 412
65 221
52 291
59 223
86 245
65 418
38 427
16 202
58 456
93 419
61 309
90 416
15 490
93 353
33 313
97 372
12 236
60 277
40 405
36 347
18 325
26 468
85 248
97 286
54 419
38 291
51 428
85 301
38 273
49 265
30 496
96 359
22 278
39 308
81 486
85 381
73 468
88 311
51 268
15 469
90 299
62 464
23 215
68 341
40 416
66 423
68 241
46 342
69 415
49 200
57 303
92 460
52 429
39 485
81 365
50 381
41 461
81 439
10 256
22 462
17 384
54 282
92 363
