1000 500 200 500 10 100
49 355
47 247
60 280
10 436
35 384
60 472
66 201
71 333
82 430
41 409
56 232
20 329
52 452
34 237
92 207
39 320
23 223
62 483
94 450
16 371
80 337
97 375
59 474
99 376
57 488
50 377
83 306
39 479
87 245
60 349
35 499
72 312
81 336
38 473
49 411
55 318
100 384
27 283
72 449
15 209
19 391
11 405
32 238
42 452
20 297
50 233
43 270
46 216
61 337
51 390
71 281
45 494
10 449
45 271
41 435
70 231
22 364
58 220
65 268
70 434
44 221
36 410
47 209
17 396
100 364
24 344
70 441
94 359
38 363
21 485
96 460
36 321
16 452
69 475
91 210
63 283
65 273
28 272
24 368
27 379
46 401
65 425
71 308
93 428
13 464
84 217
85 429
69 445
20 377
79 247
84 226
51 369
46 271
30 280
57 256
55 419
96 379
25 496
30 326
27 459
74 335
31 410
37 263
66 342
45 473
64 225
92 218
83 246
37 233
15 427
13 433
94 444
32 387
27 248
42 310
39 449
62 380
27 458
67 412
89 281
81 437
83 382
19 450
81 443
32 402
47 220
62 463
88 396
28 351
89 209
66 348
65 355
95 266
15 420
29 361
80 310
62 204
89 201
44 317
34 334
71 261
55 252
81 215
69 272
63 289
58 225
92 239
99 413
21 442
27 481
23 480
57 350
75 230
100 387
31 494
92 214
20 324
24 278
95 463
52 455
57 381
39 386
38 309
51 373
58 329
97 251
27 393
100 292
15 451
65 469
48 450
27 447
19 248
11 362
41 273
24 409
69 495
90 221
99 342
64 252
99 496
44 227
67 454
72 311
96 248
61 245
99 211
18 469
90 415
75 469
80 346
71 340
59 421
63 342
55 254
67 482
39 446
32 438
98 277
84 450
100 226
54 220
39 385
32 495
89 218
11 236
12 238
17 402
86 237
72 419
49 335
47 291
92 357
54 327
43 425
63 458
35 470
57 386
85 315
45 403
93 292
42 446
71 264
56 237
35 289
50 343
18 304
68 352
36 309
69 293
66 455
64 382
91 377
71 426
54 448
12 324
14 465
95 318
100 314
85 280
84 259
61 475
92 203
17 272
20 203
49 244
61 315
83 229
41 443
44 432
21 231
47 327
43 222
53 474
98 498
66 387
43 425
35 368
24 385
15 490
36 203
63 494
74 408
55 207
88 426
69 489
88 392
40 351
64 458
62 398
38 378
96 210
60 394
58 429
81 216
62 314
34 400
19 236
23 279
29 407
70 381
26 360
20 409
78 436
94 335
90 321
20 366
18 462
32 408
99 235
83 256
35 290
92 407
30 212
26 268
70 440
54 262
97 220
96 259
55 286
14 237
73 304
83 436
11 411
10 456
34 465
23 495
15 417
20 279
73 386
92 245
39 295
82 324
25 477
100 470
66 226
68 418
45 359
36 345
18 446
100 364
35 211
54 364
43 207
82 204
17 290
11 417
71 306
72 399
60 373
20 345
92 325
33 478
82 366
35 401
11 271
48 420
63 371
83 408
19 476
66 220
91 411
26 348
13 376
65 299
22 314
58 396
69 406
93 320
57 394
56 280
15 234
11 445
49 482
27 482
11 463
92 369
13 337
71 390
59 463
86 209
26 331
37 464
77 226
89 205
10 202
45 283
92 485
36 341
83 279
14 270
53 273
94 364
68 405
79 371
15 440
51 392
60 233
69 455
61 388
23 378
18 496
29 325
94 388
93 292
25 237
78 406
56 301
41 469
14 220
94 322
91 468
57 379
38 318
41 458
90 242
66 293
12 246
60 415
94 333
89 298
11 318
94 429
16 472
34 323
99 434
83 350
78 356
93 299
18 311
21 377
41 393
58 289
62 338
55 270
22 460
44 239
26 269
34 395
25 263
97 431
76 360
66 347
72 207
77 388
45 452
40 369
65 434
72 430
58 411
52 440
77 265
10 346
23 345
43 273
83 207
15 404
72 233
29 282
82 395
23 307
46 433
55 389
58 383
45 335
97 267
93 361
73 452
29 365
81 498
40 453
55 391
38 270
69 305
23 413
15 220
30 295
98 394
70 467
18 301
78 267
54 223
95 450
80 333
82 470
93 201
77 233
57 279
80 265
79 354
84 333
84 447
52 474
96 360
52 365
79 491
72 227
54 258
66 438
43 489
47 420
60 330
35 281
44 204
49 491
61 324
60 430
53 449
41 360
40 343
15 468
67 355
95 245
97 369
97 202
99 339
81 296
19 323
81 224
37 473
29 435
69 236
86 316
61 216
23 242
26 400
62 391
22 453
19 366
71 368
65 479
12 488
97 374
68 350
83 335
23 362
46 367
61 383
74 282
27 358
65 457
32 283
43 209
36 283
16 306
22 390
82 407
34 205
16 436
18 427
13 426
17 289
84 386
87 475
42 269
98 490
10 287
76 322
27 206
50 370
62 305
75 243
93 386
38 490
17 353
51 290
48 404
22 269
79 499
42 455
65 273
70 242
76 466
63 355
11 218
43 482
27 482
77 284
33 221
72 387
68 440
13 351
88 254
91 381
94 311
94 269
79 227
77 443
63 425
64 362
95 219
80 215
31 265
48 317
25 272
47 410
49 378
52 303
82 379
20 384
44 216
86 322
67 463
85 435
55 259
46 278
62 287
78 228
36 343
36 388
52 246
87 375
76 307
44 254
50 308
48 424
21 289
61 265
49 259
24 387
100 444
61 346
93 258
97 382
71 218
32 264
58 317
66 438
27 263
60 359
71 328
52 393
85 277
77 417
64 356
81 405
67 267
78 278
87 425
41 425
60 429
69 457
90 275
58 418
51 283
37 459
69 308
20 276
98 208
76 471
94 244
78 413
14 375
74 336
82 400
47 491
31 448
12 322
57 488
81 311
30 265
90 380
13 319
95 207
13 347
25 441
44 251
75 402
10 343
93 474
15 496
77 269
62 309
64 416
92 381
32 316
32 244
27 268
76 351
35 491
45 400
93 338
96 232
44 376
31 424
95 317
28 211
81 261
12 226
14 365
59 452
31 302
66 376
15 308
23 292
36 473
98 428
54 443
49 248
15 285
77 366
61 290
33 486
55 446
92 225
82 368
12 490
84 370
14 487
25 340
46 476
92 219
34 322
89 312
86 478
60 240
56 497
74 418
68 430
67 393
40 423
26 329
51 429
27 226
69 427
35 443
48 377
64 202
25 372
24 318
63 410
26 391
48 438
14 287
71 421
83 220
19 438
97 203
79 297
31 480
20 243
69 272
36 281
100 368
93 339
14 500
51 292
81 302
36 397
22 346
20 266
61 409
19 413
97 268
34 340
53 432
91 316
18 251
61 228
84 247
85 353
25 313
72 335
41 475
44 253
58 297
64 384
37 222
28 367
42 256
67 236
50 338
22 441
90 499
83 257
43 284
24 241
19 304
54 211
100 357
20 297
96 282
28 409
64 227
72 293
90 480
43 219
12 430
14 405
46 378
82 474
71 269
37 258
98 340
47 402
85 231
17 401
84 480
65 316
72 334
60 238
82 487
17 380
29 468
92 344
62 444
43 256
31 480
66 335
67 281
79 265
22 485
48 325
74 474
24 369
56 299
60 318
84 414
37 201
42 480
30 476
18 310
43 385
50 244
21 358
28 205
76 336
38 287
54 351
43 300
48 265
95 376
43 433
82 330
98 471
16 479
33 232
99 375
17 327
83 385
72 443
72 305
95 277
78 438
66 350
69 448
26 334
27 247
59 362
84 450
75 435
37 476
13 364
82 281
37 218
94 373
64 203
63 437
28 268
60 209
13 309
50 282
46 479
43 459
29 404
13 370
69 234
19 203
29 393
100 337
17 398
72 269
21 436
46 483
27 278
77 371
79 295
13 279
47 480
72 311
25 395
41 419
69 274
19 275
94 405
98 327
65 319
34 453
56 301
68 457
30 375
57 465
24 478
76 493
23 480
98 237
21 233
39 200
41 276
32 474
19 385
88 231
15 395
12 457
46 368
51 273
68 438
27 412
74 230
60 269
93 457
96 282
86 460
10 497
35 307
14 465
69 218
35 394
67 430
51 358
24 410
31 238
15 418
27 460
94 303
83 407
34 283
16 448
65 221
52 227
93 362
51 218
11 438
51 294
29 410
88 413
10 332
80 416
74 350
11 446
91 404
16 462
79 240
50 378
82 353
87 287
11 346
51 344
29 417
87 399
64 288
46 446
46 462
86 367
92 487
93 264
35 363
22 275
37 434
10 362
71 307
46 500
41 204
91 486
59 230
63 246
14 394
39 436
40 252
76 467
12 312
67 377
30 204
94 276
95 303
66 474
45 337
53 312
70 264
90 261
73 379
41 310
67 498
80 377
48 245
82 287
23 322
94 231
80 315
53 213
45 444
55 277
92 408
72 421
94 384
42 215
30 488
43 233
60 269
47 484
31 202
28 370
29 484
94 349
25 407
90 216
73 297
19 431
96 380
78 375
60 231
19 223
46 464
84 452
28 417
19 296
66 455
64 442
66 316
11 486
