10000 500 200 500 10 100
85 416
20 232
18 349
27 381
36 352
64 394
94 315
47 488
100 332
74 353
19 243
73 478
73 431
90 326
79 211
74 439
50 307
54 301
89 435
10 423
63 403
88 261
63 216
51 280
61 483
75 396
41 205
90 461
11 337
44 267
20 205
22 423
19 425
34 467
38 454
75 343
51 454
26 322
49 299
82 216
45 284
34 205
57 433
98 423
56 400
54 315
66 445
80 467
87 209
35 376
55 270
68 267
78 270
26 442
14 490
81 400
54 217
43 260
81 269
76 468
71 371
19 323
13 218
65 384
18 420
13 440
70 477
22 462
71 243
82 417
89 259
79 203
29 420
61 475
14 444
53 457
73 473
28 329
13 266
65 468
91 470
75 424
18 311
24 494
78 487
18 335
20 424
62 270
24 299
93 280
66 435
56 256
97 214
14 347
75 346
20 215
17 470
41 210
34 222
58 384
14 311
31 452
15 306
17 327
76 464
47 346
44 343
69 254
85 235
56 387
22 214
77 446
14 490
61 212
80 409
57 419
75 364
26 203
41 341
100 272
33 437
47 452
57 269
78 385
59 355
53 384
53 373
53 301
16 484
13 271
76 459
88 360
18 360
85 490
36 393
18 202
10 429
97 357
77 408
51 451
60 211
59 380
93 413
24 495
32 493
49 236
57 204
11 471
93 458
67 262
87 419
58 377
29 417
98 494
44 224
85 285
22 277
60 318
99 344
67 283
17 276
28 485
95 414
83 343
69 261
32 471
24 369
58 277
50 330
57 308
57 463
77 287
75 257
36 428
27 416
57 487
62 279
16 221
21 273
60 363
92 219
51 263
78 379
67 422
17 308
10 260
17 322
49 259
31 201
73 279
31 446
53 408
58 384
57 466
11 294
11 239
15 360
25 450
67 341
64 496
58 299
91 469
58 352
65 299
68 463
98 218
73 291
89 331
100 253
15 380
69 324
19 358
75 472
73 421
16 428
15 261
54 421
10 448
89 206
98 374
18 323
99 276
98 215
28 338
49 453
23 314
94 387
98 209
58 279
63 419
60 294
99 483
28 460
31 485
26 323
26 384
93 448
69 310
27 316
50 431
19 415
90 345
50 216
34 408
74 482
78 200
18 256
53 239
75 310
97 430
73 331
79 329
16 472
18 440
87 284
16 254
39 364
62 249
100 451
39 374
73 284
22 206
46 306
71 253
55 468
66 248
59 495
100 274
45 213
51 452
29 333
81 245
70 353
90 275
28 252
95 484
89 272
89 374
34 383
62 443
96 358
77 397
79 265
18 217
46 435
61 324
33 373
40 463
75 465
24 477
11 435
64 500
41 348
41 233
27 498
60 330
37 415
29 406
28 499
45 456
12 290
47 398
37 398
81 335
23 346
75 276
29 220
85 487
97 397
41 297
35 444
89 499
44 455
30 485
61 225
81 283
60 468
15 425
20 290
15 477
98 320
66 415
34 277
94 406
83 318
97 266
79 431
69 317
18 367
39 235
16 490
86 405
90 247
70 323
39 337
50 222
72 301
33 245
73 287
80 251
13 455
25 365
24 280
59 468
89 482
92 236
60 269
77 377
30 468
65 403
93 248
66 210
91 310
23 426
68 405
34 450
33 493
17 442
49 244
33 417
16 360
48 446
55 291
31 495
79 271
15 260
71 219
88 366
23 224
41 374
21 467
15 436
31 386
44 429
78 485
98 354
46 496
66 222
24 370
46 242
36 260
80 407
39 322
21 255
85 263
86 423
35 200
56 387
13 484
26 265
75 410
82 261
77 467
81 441
34 447
100 476
85 234
74 484
62 353
28 350
54 417
59 344
59 379
52 252
22 294
60 279
99 485
23 358
43 270
82 485
37 479
44 472
76 240
35 268
18 494
38 258
21 440
58 275
18 330
31 430
31 393
33 326
77 497
21 276
57 480
93 283
37 470
96 420
60 209
94 352
38 355
48 310
35 260
72 412
59 212
81 211
91 249
62 231
67 320
39 312
29 318
60 206
75 400
21 496
94 363
20 259
53 205
87 311
16 254
75 353
13 262
98 320
21 201
24 255
49 357
17 319
93 461
77 461
77 500
18 417
20 251
17 379
39 344
95 270
14 360
27 313
40 235
65 432
92 232
46 256
50 251
62 313
74 449
25 270
80 427
36 259
15 462
16 233
90 275
98 403
32 424
65 305
93 448
66 343
62 370
78 318
18 472
97 383
30 403
49 317
100 389
53 307
72 461
66 354
22 291
72 419
95 470
59 322
72 408
88 346
97 313
52 500
57 344
13 204
24 232
40 326
80 344
44 470
96 421
29 289
80 227
69 426
43 430
78 363
23 211
92 416
83 370
78 409
46 444
32 460
32 381
53 295
100 416
70 277
13 234
29 298
96 272
74 258
70 270
96 339
69 378
55 304
85 367
97 460
12 323
60 485
45 453
53 426
52 241
55 205
64 267
93 286
26 326
50 289
71 463
85 324
49 381
98 285
62 389
70 256
76 413
15 413
85 217
17 234
70 290
46 232
91 291
99 445
20 309
18 460
100 360
37 309
85 211
89 238
81 388
27 310
95 233
30 467
43 361
70 207
54 489
52 205
97 204
67 394
51 381
51 333
84 385
15 282
65 284
85 495
16 261
55 472
87 326
43 243
67 387
85 335
71 488
71 301
39 488
74 253
28 296
46 359
18 276
49 326
100 408
34 230
88 373
69 212
72 388
19 333
68 254
65 296
46 206
59 482
79 340
71 311
63 369
24 366
76 308
60 202
50 209
43 434
81 484
28 227
30 450
97 395
85 328
81 494
66 388
22 276
79 407
57 413
16 306
29 469
50 468
19 379
80 453
44 205
71 206
28 308
52 393
42 408
55 392
74 252
69 273
17 206
68 466
95 203
14 396
73 435
73 392
98 488
51 375
66 280
56 225
12 286
25 289
88 337
74 344
44 209
46 218
42 295
32 384
59 203
30 219
44 340
67 451
98 454
36 269
83 405
64 320
98 462
46 435
65 338
100 438
14 394
13 261
29 388
89 237
78 422
63 278
64 366
17 338
91 252
78 301
96 451
38 397
36 227
41 460
100 359
53 412
92 301
12 440
61 316
52 329
26 432
14 498
88 334
42 314
34 441
68 291
68 234
22 252
33 319
48 376
46 307
90 429
10 459
12 295
10 294
54 209
22 279
60 470
86 241
40 247
65 447
39 322
21 276
79 492
21 232
84 322
72 353
86 446
29 316
50 283
58 413
62 333
14 498
32 303
67 334
63 419
78 387
70 210
23 312
49 307
83 267
83 382
60 377
79 480
35 316
78 352
76 252
53 418
14 236
87 237
91 218
19 400
58 445
36 317
99 310
59 350
62 250
34 245
25 307
70 419
85 485
33 349
39 454
95 236
13 486
32 257
84 479
42 306
37 266
65 378
98 295
15 452
18 207
87 220
96 420
37 435
93 408
94 339
52 247
28 299
32 398
67 434
99 212
46 497
30 463
24 352
41 350
39 301
76 499
37 318
88 210
67 219
78 284
28 279
11 483
92 262
13 433
38 204
74 236
36 472
55 324
38 455
87 325
35 479
100 327
49 439
43 298
30 203
83 266
56 413
47 359
71 378
59 471
14 435
53 383
80 455
98 428
84 431
37 363
62 325
88 455
77 326
33 472
94 334
98 310
90 484
50 470
11 459
77 493
31 345
100 497
81 331
34 407
44 427
52 369
14 208
23 264
22 376
94 362
52 420
72 454
52 390
18 463
20 262
21 490
31 279
59 405
35 360
82 370
62 278
82 235
26 361
10 370
41 233
61 445
48 453
41 306
43 271
59 440
51 473
12 489
61 365
53 410
61 402
72 208
74 317
42 215
11 292
45 414
89 366
42 228
81 455
42 410
39 351
84 307
41 478
68 323
64 336
41 315
61 312
91 468
18 315
78 306
27 266
16 233
71 224
59 448
75 344
44 454
99 406
46 267
67 255
47 474
40 372
62 378
97 309
24 261
91 226
79 280
30 284
76 422
86 272
58 236
42 374
80 309
37 251
86 411
45 464
41 446
27 370
28 269
98 367
82 301
51 446
58 383
98 444
25 235
75 372
60 381
83 262
100 223
18 314
66 317
70 216
82 362
52 284
10 212
60 209
53 293
96 443
35 331
51 479
39 351
95 388
85 294
83 470
49 461
31 449
98 258
28 237
41 249
43 300
90 222
39 323
19 412
60 490
81 401
12 359
42 216
62 231
36 445
26 325
89 431
96 482
54 437
28 358
10 289
42 445
70 217
85 274
59 333
41 421
61 430
66 483
93 325
72 404
25 412
19 474
88 201
52 279
45 321
80 322
48 396
88 420
10 334
51 239
87 205
15 347
41 489
94 280
14 291
68 281
70 462
49 293
98 357
15 350
79 258
94 337
24 487
51 264
70 499
90 434
90 463
56 388
82 409
16 463
31 452
69 451
67 498
64 325
26 365
23 281
18 395
37 275
51 423
26 451
33 341
83 373
27 465
43 453
41 427
48 322
40 306
15 240
42 265
42 356
93 288
69 250
79 303
12 363
74 414
57 344
87 447
74 256
32 476
66 232
36 321
42 229
91 325
81 480
33 332
97 217
84 220
42 351
24 342
100 297
62 276
11 258
12 356
15 382
62 271
14 483
55 467
17 269
63 429
85 430
26 333
65 430
26 464
80 426
95 244
44 360
51 413
76 241
91 482
41 348
69 235
40 394
61 491
75 242
52 410
10 429
20 419
85 344
79 338
29 436
96 241
10 349
25 412
54 420
19 211
21 343
10 245
17 498
15 398
75 404
58 212
78 298
20 389
57 211
80 410
42 357
56 441
76 302
71 345
94 392
30 437
75 352
73 470
45 467
82 338
88 424
65 451
24 480
82 363
26 315
64 335
90 473
54 377
43 274
10 444
22 276
96 450
31 310
86 475
46 235
93 395
23 361
52 329
85 435
78 228
11 212
76 420
50 337
73 407
62 216
74 275
74 479
77 469
90 342
24 314
46 454
76 484
80 303
12 455
68 303
82 236
75 245
59 448
94 201
62 492
21 453
45 258
20 490
43 469
92 367
89 458
27 239
13 436
44 253
24 329
12 271
70 319
70 219
56 448
67 421
72 436
59 455
80 253
99 418
31 224
33 201
44 405
36 372
65 333
69 429
35 428
92 225
66 265
78 263
77 463
45 400
39 306
35 289
79 248
47 279
77 239
73 203
92 271
74 483
86 498
51 314
84 309
16 370
19 281
60 335
44 417
51 339
14 338
61 229
63 383
100 408
86 339
66 316
87 484
86 262
51 459
84 303
86 414
74 390
90 355
44 488
45 207
77 493
24 203
49 430
89 279
32 308
73 446
13 276
43 222
86 256
42 464
73 497
21 231
21 320
33 359
50 407
95 383
35 461
54 369
12 271
22 426
33 264
39 303
98 499
79 428
73 203
51 364
91 466
82 334
79 229
20 342
90 308
99 232
77 410
52 408
11 248
66 310
11 455
23 402
84 437
82 406
65 470
92 389
11 362
20 471
94 465
80 276
89 286
24 289
47 409
43 375
83 229
35 217
20 296
84 334
57 499
12 421
14 258
84 352
46 281
67 261
77 333
40 215
77 344
83 312
74 500
24 458
95 421
94 461
68 344
61 498
59 284
89 258
37 477
32 211
82 431
66 200
88 359
40 482
67 269
41 255
92 230
49 496
75 437
53 315
36 449
56 320
47 429
48 324
33 488
46 412
76 408
27 482
61 377
44 268
33 455
20 362
48 285
64 334
56 210
18 450
37 209
30 441
25 397
10 293
54 400
17 251
49 366
100 322
44 393
81 387
72 412
46 230
67 354
49 365
33 210
21 324
74 333
51 357
99 278
55 312
89 403
35 483
49 344
53 460
30 341
13 333
41 344
28 447
66 477
74 362
77 375
66 457
79 449
57 436
22 211
82 402
26 359
17 330
57 386
64 437
10 385
87 228
87 383
55 225
35 485
58 244
29 220
69 316
47 211
37 444
43 247
39 284
42 478
94 306
60 453
84 288
96 262
71 365
37 489
88 201
61 425
81 282
75 394
95 363
82 399
88 326
57 401
91 301
63 273
42 491
58 399
89 311
48 292
35 354
38 263
54 203
74 249
85 383
90 483
23 246
64 301
66 276
45 481
63 330
93 232
37 227
36 297
94 341
38 262
66 419
57 499
71 263
23 206
69 439
51 389
54 319
100 307
41 391
28 220
96 290
15 238
24 332
10 405
32 423
53 366
20 241
77 212
84 411
53 397
19 457
14 284
61 225
72 369
65 427
12 334
63 341
99 283
67 406
66 394
54 403
57 367
35 373
99 396
40 347
78 332
44 328
28 277
12 255
12 217
96 285
80 448
40 472
52 296
39 217
11 403
43 448
10 262
99 398
94 303
49 200
94 246
70 299
57 379
64 269
38 284
81 445
70 478
48 210
70 492
83 462
23 346
83 362
47 428
75 264
72 202
65 414
76 290
39 372
60 264
45 262
51 494
22 278
90 372
87 494
55 214
30 404
48 312
99 467
10 224
41 219
67 494
91 224
85 293
28 451
22 484
49 405
95 469
38 397
39 470
43 401
100 293
31 293
83 319
48 394
19 239
56 319
39 495
34 213
83 437
74 445
31 426
76 346
92 230
100 483
81 381
30 484
22 436
44 276
34 285
78 398
61 282
35 305
87 257
29 312
65 481
27 312
70 304
65 498
59 398
81 283
60 311
36 450
14 241
30 302
14 445
34 400
48 415
72 200
18 222
19 415
85 268
21 358
46 433
14 456
95 335
51 357
11 452
43 391
100 280
98 218
60 391
87 450
44 372
85 276
49 212
41 346
48 466
94 401
82 358
79 426
62 292
47 337
23 286
86 487
96 470
44 341
30 371
16 465
41 240
32 335
11 481
30 281
69 484
33 242
38 287
43 283
11 449
16 373
76 346
55 401
91 261
79 424
72 281
38 322
93 326
46 272
77 387
60 451
44 284
49 411
64 358
25 200
41 312
44 341
77 430
40 221
94 482
42 320
57 281
84 230
84 349
22 463
13 405
59 304
17 354
35 258
96 407
91 267
36 329
96 425
39 347
87 498
98 339
13 237
15 459
73 275
33 370
12 240
20 399
53 462
76 257
15 463
46 227
61 482
83 437
91 364
99 300
60 259
22 377
66 307
67 364
70 340
23 369
43 456
50 424
67 218
81 335
88 445
31 209
51 467
75 230
42 428
73 390
32 269
18 231
29 249
80 207
82 328
23 218
42 394
26 450
80 423
35 393
23 395
85 491
77 297
60 339
50 300
65 409
33 442
77 443
65 284
94 380
12 276
77 445
34 289
61 381
90 376
50 276
95 476
31 329
10 486
44 495
66 394
76 301
88 342
95 326
62 443
14 236
58 302
26 488
37 272
11 300
79 391
83 416
39 340
98 336
84 411
43 257
56 482
55 390
23 351
12 449
90 420
57 261
14 364
83 361
66 315
58 282
89 234
70 321
98 441
20 398
25 486
47 355
24 262
32 240
94 458
66 404
58 371
30 296
48 463
94 369
51 315
47 232
99 346
20 473
38 209
39 337
36 222
78 411
84 434
40 395
88 337
23 467
72 212
61 441
63 418
77 201
22 208
60 331
85 336
69 391
16 422
28 238
91 468
99 427
59 349
14 240
51 318
99 341
78 218
50 254
84 340
61 417
57 238
70 453
97 350
16 418
91 319
61 363
85 353
72 436
13 308
60 335
20 432
85 456
87 257
45 334
67 464
30 496
32 298
55 222
45 239
84 418
13 344
33 393
19 318
10 397
34 252
84 250
71 207
86 382
18 465
82 360
79 266
90 327
54 200
82 260
22 238
78 295
25 206
29 226
59 264
27 500
80 404
44 499
86 204
25 374
13 396
32 294
61 236
100 223
73 468
20 475
100 210
81 286
52 206
29 290
83 485
10 234
64 237
30 248
27 414
96 408
95 303
30 419
56 320
76 324
64 475
30 242
38 317
96 401
63 389
98 240
78 479
25 211
95 308
43 205
97 380
60 228
19 363
62 219
62 338
10 269
23 340
97 246
47 337
85 478
69 387
63 298
42 241
40 380
39 266
65 319
65 496
42 326
57 493
56 289
47 438
52 443
94 368
28 483
93 385
95 230
47 375
24 436
88 386
32 265
81 398
68 296
65 380
35 500
56 267
47 452
55 395
16 230
90 280
79 267
91 370
97 485
46 324
87 462
27 382
66 360
22 258
59 370
32 328
51 259
83 406
88 298
40 353
75 261
45 239
65 347
97 273
44 403
34 450
29 304
56 289
29 360
18 370
98 234
80 348
89 341
16 252
52 252
87 466
84 235
87 340
74 413
63 412
43 207
92 429
18 441
10 475
68 263
16 228
30 239
83 288
10 327
48 217
90 494
85 392
18 487
74 360
72 343
53 413
40 330
29 360
44 308
76 218
56 376
83 417
84 320
47 494
18 293
52 224
72 442
33 213
62 346
80 474
50 342
91 236
67 478
81 440
93 480
66 406
18 453
40 469
67 225
56 469
79 370
35 303
89 358
11 386
72 387
36 390
12 246
54 347
89 271
87 257
61 494
46 305
53 484
79 468
71 383
48 224
32 377
70 262
48 341
77 436
51 307
30 454
82 200
39 325
25 336
69 220
84 243
99 274
44 297
10 433
65 426
71 481
38 233
24 235
65 491
49 351
57 296
22 349
60 354
25 317
84 305
68 267
52 412
58 324
60 281
71 386
22 214
27 208
88 409
81 371
32 214
21 394
15 276
70 305
92 466
57 318
32 208
60 317
98 374
77 326
28 448
88 361
95 326
98 407
46 412
34 331
61 249
100 436
85 466
85 453
71 463
69 400
73 354
30 288
35 356
43 432
60 374
100 463
52 461
90 484
38 397
72 498
75 237
18 219
56 473
89 332
88 441
74 303
75 447
84 270
17 304
69 355
64 493
38 427
66 436
56 224
94 422
46 476
51 403
80 412
100 314
78 259
25 474
11 297
98 253
53 471
28 267
89 233
44 392
51 412
43 318
56 307
41 406
20 448
62 425
97 432
75 301
12 292
78 302
44 392
51 454
43 410
62 386
15 480
47 300
58 251
70 275
86 356
22 339
10 487
11 361
90 301
33 358
30 434
58 480
75 212
13 385
31 352
92 212
24 296
100 471
34 480
40 455
33 475
31 387
43 305
83 328
63 458
94 497
69 292
63 414
67 358
68 424
85 369
78 341
51 498
35 211
99 306
11 260
87 458
35 440
19 393
32 418
40 400
71 440
30 339
60 244
89 401
92 455
40 353
90 383
62 305
74 275
59 257
99 389
61 480
82 476
96 344
58 421
84 204
88 484
51 411
17 237
28 445
30 331
30 486
93 396
13 356
95 450
58 203
97 275
81 416
96 253
46 341
27 201
72 231
49 336
69 462
69 253
17 263
99 452
78 346
72 237
74 215
42 262
77 275
19 451
34 336
49 398
21 426
15 219
88 334
21 398
10 478
97 451
86 233
62 488
49 499
44 279
53 462
60 482
32 478
39 425
91 435
79 238
24 222
10 265
91 311
21 349
18 363
25 227
66 451
75 225
63 239
43 360
11 395
89 486
79 221
42 384
76 483
33 264
20 378
55 258
61 241
18 226
91 456
81 249
63 268
24 252
26 328
86 206
13 202
68 292
18 300
13 429
91 296
74 485
22 220
29 463
48 297
97 414
78 492
11 407
85 487
73 265
37 268
45 234
86 410
39 243
84 200
78 491
32 362
92 219
87 365
34 392
65 369
80 463
23 218
89 369
60 225
25 217
19 352
44 262
80 276
52 221
68 225
91 322
51 385
51 468
56 221
25 461
22 313
69 500
39 491
87 233
18 200
93 208
24 251
39 364
62 325
74 353
81 294
36 436
100 214
59 428
14 411
82 375
49 209
15 303
60 441
84 415
93 336
50 243
28 442
27 213
23 240
25 366
18 240
78 262
27 352
42 239
82 276
11 484
26 486
62 234
61 372
99 368
37 269
77 343
80 266
88 226
11 421
12 440
17 392
44 465
34 390
73 204
53 366
89 200
98 223
63 226
48 382
65 249
62 202
83 411
52 446
14 323
36 278
26 276
50 464
30 412
91 493
96 268
85 301
83 408
34 251
94 417
59 226
10 282
16 306
32 246
16 430
11 317
42 330
38 427
41 383
73 345
69 452
28 483
16 481
88 326
100 272
66 363
94 407
49 276
67 386
21 464
97 338
32 273
93 422
91 460
72 236
72 378
86 216
46 439
17 499
85 427
69 206
81 267
88 483
78 324
53 312
43 433
64 265
95 367
79 455
98 240
11 380
44 427
22 226
95 291
13 380
89 443
47 255
87 446
52 250
95 304
16 255
61 311
56 492
44 308
93 203
37 334
26 465
61 478
51 375
20 414
89 235
43 287
85 314
39 226
47 252
47 475
23 265
78 377
15 411
56 349
69 231
19 246
17 492
77 435
79 241
66 268
66 402
72 317
81 338
93 277
87 321
89 395
54 485
86 340
94 205
74 258
42 420
100 481
70 225
98 476
80 462
69 293
78 298
48 277
95 451
39 223
86 304
98 406
46 439
15 433
42 432
54 430
79 243
22 461
29 224
49 284
89 429
97 247
65 485
78 360
74 429
56 456
51 500
15 270
54 254
43 280
53 442
76 235
94 319
69 201
24 330
38 277
79 361
86 484
69 399
18 230
86 476
19 308
34 245
40 361
35 329
43 485
22 401
62 453
60 414
46 260
91 439
39 250
99 411
82 394
94 377
27 385
71 359
32 275
13 269
90 453
14 275
32 367
95 406
87 393
67 223
81 311
59 239
97 209
88 395
25 458
31 276
77 372
31 233
50 288
41 229
80 451
41 376
63 229
86 386
42 349
88 324
26 268
86 269
57 262
55 380
70 484
30 259
31 391
63 449
93 294
80 417
39 283
73 259
46 322
20 484
27 303
91 328
61 471
19 348
65 361
43 399
94 483
34 398
31 450
11 249
81 325
85 236
91 207
28 469
32 490
68 249
90 260
45 414
50 275
20 411
35 237
92 229
33 216
59 291
66 223
67 458
94 255
36 255
61 238
37 342
45 425
85 269
32 217
37 414
92 442
93 427
54 382
62 448
27 281
30 313
88 327
46 401
54 213
45 395
79 429
14 228
84 325
11 287
36 479
95 333
39 222
60 348
35 414
23 251
12 333
51 498
47 334
50 291
21 303
60 297
21 369
67 282
16 320
64 286
59 216
76 366
100 377
35 392
27 257
93 483
99 205
35 247
84 327
91 385
61 472
11 308
30 204
83 284
89 407
86 270
22 487
89 462
14 398
62 402
25 494
14 242
13 262
22 236
14 326
99 216
69 351
16 337
84 413
80 378
90 239
35 491
43 383
39 338
54 202
32 433
61 322
46 394
65 462
68 472
24 300
14 284
28 210
35 204
10 341
90 440
87 278
17 354
92 280
30 439
90 481
68 478
41 294
30 334
25 249
82 292
16 493
38 499
61 495
89 273
85 333
67 464
56 392
17 320
19 207
100 204
96 378
65 489
34 301
48 476
36 377
58 449
33 342
84 270
13 449
98 421
67 304
76 441
91 401
76 418
90 267
24 294
97 301
37 416
26 302
87 200
21 408
65 297
84 344
44 336
73 408
92 271
21 390
14 458
29 271
64 397
56 495
19 282
19 471
89 395
37 287
58 200
73 293
63 443
60 363
60 428
92 284
79 232
34 210
68 412
27 313
24 369
63 247
41 300
86 296
79 289
58 338
78 275
12 337
56 266
38 495
11 219
19 441
86 451
81 490
12 482
39 419
87 307
12 448
44 432
63 299
64 324
12 208
20 266
72 316
29 243
35 274
46 338
28 212
95 415
92 399
22 202
77 444
39 231
42 415
30 333
86 381
32 349
79 306
55 484
62 497
30 430
21 488
86 235
13 304
54 450
94 244
79 268
81 210
67 277
81 210
34 387
88 317
70 230
14 401
86 242
14 439
54 366
34 489
72 374
89 249
33 494
99 474
70 229
73 361
18 357
39 416
35 461
14 228
62 353
35 454
76 224
53 264
55 266
75 240
15 243
60 461
62 331
56 297
91 417
74 365
34 227
58 266
46 261
70 428
72 422
46 257
34 221
83 284
29 323
22 476
36 362
79 351
47 370
73 302
16 304
90 258
13 446
16 217
64 316
10 370
34 223
89 381
52 498
17 280
44 289
59 385
18 491
21 393
79 434
45 345
85 360
43 267
36 425
90 209
42 427
78 477
53 255
95 494
90 271
29 271
85 277
19 261
31 442
10 326
69 347
49 361
33 271
94 459
47 410
48 434
36 296
63 234
98 466
74 301
22 499
36 346
33 278
15 292
30 208
18 394
13 235
58 259
55 381
86 500
33 485
34 376
66 241
93 380
61 387
13 492
76 303
86 461
39 443
70 400
59 317
64 254
51 245
89 407
25 228
14 216
25 236
24 492
42 250
44 283
90 302
82 322
41 311
63 234
20 482
45 454
64 425
47 450
73 469
27 345
64 460
89 459
23 451
59 273
73 271
27 387
58 329
26 226
82 438
75 443
29 392
77 216
71 250
68 234
12 469
84 465
70 438
98 372
38 271
17 287
67 500
80 413
86 380
29 467
93 397
21 485
29 202
74 404
65 313
49 470
81 215
33 208
57 203
50 239
94 274
67 366
45 248
54 299
96 416
88 443
83 423
79 350
50 325
17 376
85 391
34 218
41 477
31 308
95 356
91 203
45 423
28 350
56 347
63 297
99 464
56 273
66 416
100 260
41 427
36 479
26 479
97 222
34 422
99 383
15 428
32 354
62 205
29 219
22 453
77 312
49 306
71 250
20 309
73 211
40 444
29 352
21 386
12 325
60 403
26 283
16 395
68 379
89 441
40 450
85 464
91 206
92 447
91 490
85 265
16 239
24 389
33 329
31 413
34 331
54 411
99 395
53 299
28 403
15 369
59 381
27 363
77 300
64 342
75 314
84 489
26 313
33 392
51 401
39 294
35 419
79 343
42 208
53 284
26 431
35 212
66 235
94 397
62 433
26 323
23 394
70 247
25 488
42 347
48 492
94 317
16 394
23 422
20 300
26 262
96 408
27 290
57 347
19 426
86 474
44 224
53 359
91 323
61 459
50 433
57 359
88 308
32 357
29 404
85 485
32 436
12 438
57 483
78 411
31 312
18 405
24 450
87 305
45 307
54 440
99 462
99 437
82 248
50 248
26 499
25 315
67 272
15 357
40 234
43 411
25 350
44 381
29 327
60 269
67 448
66 372
69 255
13 429
47 350
67 454
41 357
29 480
62 219
75 432
87 302
71 298
22 355
94 449
34 364
21 313
20 475
72 419
94 241
45 230
82 222
21 488
100 451
21 256
81 252
71 472
57 278
68 203
99 448
63 363
67 367
39 320
14 359
19 268
92 335
18 490
19 481
87 434
76 342
34 349
46 426
76 446
89 288
24 385
20 298
72 244
68 422
18 254
81 353
86 378
72 318
45 243
77 242
54 478
45 416
25 226
35 396
91 294
51 318
63 469
62 425
56 278
14 275
54 324
81 352
56 314
88 318
51 217
39 231
33 493
89 270
36 288
94 388
90 398
48 309
22 319
93 277
29 277
85 427
81 479
67 352
35 497
44 398
34 278
87 458
28 325
60 237
51 391
70 493
13 328
45 353
72 284
10 241
33 230
81 211
68 495
56 249
17 281
85 454
44 274
53 378
62 336
15 209
18 237
42 263
100 251
17 209
67 294
42 446
20 467
73 231
77 268
33 349
35 426
42 457
58 411
84 296
87 447
21 272
27 255
33 297
46 200
14 391
11 305
72 318
75 491
52 430
25 379
52 305
62 330
36 253
32 293
28 236
62 404
67 222
99 393
22 215
83 374
100 438
79 441
22 448
68 353
21 388
56 405
14 286
63 453
27 473
67 387
57 285
38 266
24 500
66 325
34 301
32 369
49 427
21 492
71 490
80 200
80 326
24 267
97 337
40 449
25 214
23 267
80 325
48 304
41 240
10 236
31 326
53 227
50 464
86 324
97 313
18 477
53 427
22 299
62 462
27 271
50 230
11 223
44 420
93 377
69 455
95 449
42 216
24 230
64 496
18 330
81 377
90 496
11 298
90 265
18 239
57 484
63 372
94 374
24 232
36 449
96 362
90 414
84 323
35 306
29 496
61 324
59 491
13 374
16 311
39 297
63 473
35 318
98 236
76 384
30 442
57 402
48 479
32 431
67 207
69 317
90 422
12 324
33 208
78 450
62 334
53 368
93 226
56 450
59 427
64 229
87 415
75 370
75 496
19 393
54 285
44 455
24 400
62 368
15 475
77 426
10 262
98 364
61 227
46 300
39 396
15 220
74 458
67 453
41 439
97 405
71 303
45 230
94 387
86 258
54 414
83 420
44 475
46 213
88 346
31 354
45 340
21 301
33 213
74 449
72 296
12 477
63 461
44 300
61 303
19 408
44 239
58 441
89 359
90 465
93 215
18 446
63 493
100 351
25 249
50 408
59 452
82 494
53 237
85 208
98 350
72 254
12 441
73 352
77 449
84 203
35 435
97 268
38 444
37 382
48 467
39 287
46 371
72 279
53 272
56 498
13 402
82 210
46 247
59 391
69 428
46 358
88 240
99 237
18 243
69 477
66 407
53 377
89 242
54 436
33 391
46 435
43 485
95 383
89 205
19 375
49 315
68 243
13 357
15 340
54 398
31 360
51 329
39 332
14 391
35 434
100 449
81 322
68 211
38 312
45 477
30 398
55 219
74 397
53 471
50 225
32 301
70 371
61 320
67 499
45 218
73 240
79 449
93 299
81 264
56 375
31 398
64 231
26 412
52 491
33 413
28 448
80 299
82 291
13 270
22 378
93 369
99 205
91 427
34 226
76 464
50 380
18 371
36 476
58 236
19 413
87 381
52 360
42 480
59 399
35 439
47 287
72 393
15 425
91 243
87 208
72 249
25 266
57 247
30 452
46 407
48 481
67 474
51 266
77 490
98 401
51 440
84 235
44 479
92 349
28 257
16 478
31 245
33 424
36 485
82 325
46 438
95 427
72 396
27 262
63 407
14 313
23 399
80 376
76 455
98 297
12 382
47 266
88 466
64 419
39 263
87 289
81 349
40 360
43 458
18 430
36 333
26 408
100 288
59 256
84 256
32 202
22 326
36 264
55 456
77 440
52 225
22 218
98 494
56 368
63 249
53 212
39 487
91 364
27 401
29 265
75 222
51 395
36 233
13 337
30 390
28 207
97 254
76 489
45 303
50 396
48 352
13 484
24 225
68 362
60 216
60 382
92 393
38 284
40 434
62 364
21 396
13 438
73 296
27 395
100 480
69 250
23 396
77 368
30 330
49 346
84 303
31 282
62 452
56 320
91 435
70 408
13 304
35 228
14 418
46 247
73 411
67 427
95 281
93 226
40 221
20 456
94 246
15 218
55 302
11 333
85 219
64 315
60 283
80 473
58 464
30 346
47 267
86 480
83 315
18 457
73 275
89 308
78 297
76 268
71 362
30 384
64 390
59 454
53 290
77 473
17 396
84 376
46 340
12 208
63 258
94 439
56 275
56 403
93 321
18 219
24 321
35 262
93 350
54 484
76 340
45 442
43 474
53 447
13 421
23 467
83 369
56 260
68 401
25 213
12 383
40 403
79 384
57 465
48 430
16 422
47 302
22 254
50 429
38 338
37 405
74 225
74 459
65 364
47 497
55 331
29 307
28 282
12 448
87 473
55 443
27 344
61 455
88 269
21 348
18 430
83 461
75 473
27 489
13 278
72 462
29 211
96 392
16 207
92 237
65 465
48 271
91 475
37 456
27 357
73 400
51 202
33 490
64 227
18 259
30 360
42 464
88 237
66 414
52 443
12 422
93 381
51 414
67 467
40 296
80 370
35 307
20 253
63 295
24 472
57 387
67 323
63 202
80 455
11 302
75 368
37 253
18 465
29 352
18 284
38 452
24 342
72 223
37 252
61 476
58 421
65 354
97 411
70 250
99 273
60 210
92 324
19 438
27 428
54 417
87 435
23 363
98 324
88 472
73 453
55 399
18 207
46 314
90 358
43 231
93 465
77 269
42 203
64 325
23 494
85 341
53 358
26 454
46 339
92 306
14 321
94 363
19 456
81 495
61 239
13 443
70 465
54 241
29 417
24 348
80 357
22 338
60 390
36 395
59 466
31 218
28 455
57 312
16 255
53 472
68 229
74 247
91 324
57 411
52 403
32 450
33 445
17 422
91 278
58 261
24 265
83 228
57 358
33 327
30 294
47 406
86 411
42 215
55 490
12 223
23 383
82 350
32 409
45 412
85 336
79 479
35 451
95 370
54 245
100 369
57 495
24 360
74 477
72 338
99 302
78 257
61 232
20 261
64 428
22 376
11 293
11 414
15 259
72 249
40 429
86 392
34 443
45 225
19 377
79 232
43 423
83 412
86 395
95 345
28 344
51 283
98 273
73 429
28 480
78 386
86 346
61 279
79 228
33 405
66 417
23 383
74 476
19 242
69 466
62 441
74 306
70 445
72 420
90 211
94 250
10 255
100 374
51 382
73 387
29 306
38 473
54 391
55 481
24 216
84 269
64 455
41 380
81 203
29 221
18 447
16 310
54 416
86 233
83 334
31 282
50 473
24 275
24 401
74 495
46 401
30 273
67 337
87 452
81 200
33 253
45 494
78 346
98 495
47 405
38 247
62 467
44 491
89 281
99 246
12 257
35 288
61 250
47 282
92 214
33 425
86 478
33 278
75 225
80 451
27 349
97 366
12 416
18 357
15 247
16 471
68 299
94 435
87 433
46 249
37 498
73 413
91 290
39 497
26 211
94 444
43 343
76 476
84 466
90 204
17 434
61 215
92 483
20 228
65 364
73 260
79 450
68 285
96 362
51 202
32 426
72 234
87 204
64 328
84 240
23 381
66 205
30 404
81 294
52 300
50 459
91 268
77 232
13 295
72 332
47 216
51 243
22 276
18 459
99 467
100 434
100 421
48 493
39 324
23 454
81 495
21 433
98 219
45 314
23 256
18 361
11 453
31 221
87 400
70 381
11 478
59 413
87 452
84 369
42 390
59 348
76 434
100 345
59 443
36 465
51 302
49 220
94 478
46 232
26 221
28 443
37 427
81 244
91 407
93 352
77 486
61 430
75 228
78 269
57 431
22 419
11 308
67 237
84 430
92 412
71 330
43 349
12 407
75 333
41 255
41 360
34 383
23 357
68 262
49 280
22 460
77 424
75 386
35 301
100 429
75 216
89 265
85 264
32 456
47 485
42 279
34 450
33 331
82 271
56 232
69 284
45 349
98 457
59 418
86 248
65 470
44 404
68 327
98 456
40 313
70 493
75 232
55 303
58 447
15 205
57 474
88 369
36 246
29 255
71 282
59 309
27 317
42 234
75 379
92 425
36 379
94 333
35 206
25 224
37 208
13 381
58 268
94 253
39 274
31 226
80 361
90 305
35 495
99 319
24 227
68 365
68 308
68 466
62 332
93 267
13 468
36 272
49 396
61 247
95 332
42 473
78 255
88 368
15 315
66 423
39 378
87 396
10 433
16 300
91 299
14 303
57 213
72 200
77 399
38 328
68 469
25 421
54 276
12 223
51 422
96 431
18 381
58 286
89 437
88 275
63 452
91 303
85 452
32 322
48 249
49 278
83 449
69 492
29 434
12 364
55 307
67 456
79 370
89 249
42 325
100 343
30 402
30 439
15 498
83 453
12 409
39 214
85 428
38 330
85 418
90 216
37 237
56 462
88 462
90 463
73 233
77 312
96 500
61 288
50 261
70 443
27 219
17 276
60 360
31 257
76 298
38 301
30 495
89 440
45 222
91 492
30 207
64 440
28 304
42 403
20 466
36 283
64 500
92 381
43 464
76 385
86 409
38 294
50 498
41 308
58 436
56 473
89 301
19 298
50 388
37 218
70 243
50 287
24 410
64 350
16 252
82 383
96 469
78 313
54 460
84 383
94 418
97 486
65 216
52 322
74 232
27 456
22 443
83 215
61 357
100 424
93 297
39 319
18 482
88 430
79 250
80 233
27 367
16 385
45 251
50 435
54 297
68 206
88 331
19 289
50 336
32 346
16 268
85 398
67 396
93 388
96 338
70 312
48 338
58 337
88 453
17 321
81 411
24 237
79 349
70 480
58 288
24 266
15 239
96 252
33 239
34 279
61 310
95 331
33 387
99 485
66 489
69 338
44 433
68 390
32 401
94 414
45 444
62 243
70 392
39 366
45 485
39 258
73 335
58 440
39 306
34 260
24 479
95 442
93 472
70 391
16 450
21 310
35 284
18 324
84 346
14 305
26 384
78 373
30 201
66 440
44 436
70 299
99 346
70 325
81 321
86 439
56 268
55 362
87 299
39 226
64 426
14 224
94 495
87 277
87 409
35 450
58 414
96 257
22 237
27 276
57 295
97 328
25 462
47 465
14 374
88 404
36 271
12 358
54 275
96 459
57 350
78 276
78 405
40 221
37 363
63 499
22 210
51 219
64 214
93 430
81 424
53 437
53 262
89 208
23 427
91 218
67 272
54 238
95 274
51 317
95 255
33 293
80 340
99 236
78 245
82 440
51 248
27 413
97 368
54 345
52 235
60 218
66 304
70 483
88 214
100 264
41 364
53 334
59 470
17 255
58 233
85 433
77 269
56 290
34 415
62 430
98 497
48 456
25 454
40 429
44 487
48 236
61 350
50 251
58 438
100 231
63 500
69 202
11 208
28 403
24 477
11 270
92 281
91 223
73 414
35 452
23 444
45 500
81 256
10 259
59 306
99 414
100 204
13 271
81 208
36 333
64 255
32 407
93 327
78 269
98 330
35 390
94 406
11 265
72 388
66 354
28 416
95 247
84 484
29 330
28 241
76 476
100 263
54 331
21 261
20 380
51 318
45 415
85 458
72 384
12 202
39 288
18 304
11 235
84 352
19 227
39 276
10 388
47 284
83 480
92 316
83 486
54 429
40 406
27 227
11 481
56 275
13 397
81 303
18 365
89 297
83 496
30 294
55 462
90 299
78 472
84 249
78 348
40 204
83 312
73 241
40 210
42 260
45 394
11 338
40 215
34 350
16 206
59 342
74 270
14 358
84 304
64 346
42 333
31 404
15 331
25 436
75 459
42 497
87 256
26 259
86 468
93 231
21 301
32 340
54 212
36 310
41 302
14 467
47 256
13 328
46 212
51 427
93 208
47 222
42 206
59 286
29 439
35 346
93 440
25 308
100 432
36 218
57 272
12 468
83 304
63 414
52 309
55 236
12 211
77 331
17 288
78 442
76 234
30 214
76 222
68 375
12 490
15 488
88 327
17 339
41 449
51 496
91 341
43 273
88 239
54 370
98 270
49 354
88 297
59 476
68 491
92 221
37 442
29 491
69 311
48 448
23 330
99 215
49 425
22 322
14 441
11 291
51 451
92 212
19 212
54 315
47 237
100 381
97 243
52 497
35 449
81 363
97 336
68 248
73 415
51 474
100 260
96 264
56 408
95 457
54 463
58 372
48 307
27 428
94 372
25 454
77 316
30 398
37 443
88 411
31 463
40 359
98 347
34 433
38 398
72 373
31 410
89 309
58 495
83 316
93 409
32 435
56 334
21 324
57 425
99 331
53 317
62 359
80 311
58 366
32 481
16 266
66 430
92 356
65 360
27 488
71 490
42 441
72 452
25 348
14 498
60 262
69 366
61 426
78 462
19 383
92 227
69 230
75 324
34 278
33 306
49 400
17 436
36 367
87 303
61 211
82 391
10 313
12 394
51 483
33 228
43 496
40 263
35 411
25 309
97 270
26 203
96 408
42 208
30 275
90 237
35 360
18 310
74 433
50 411
16 256
75 229
51 342
68 475
72 378
88 441
30 396
29 316
92 332
64 377
42 384
18 444
77 290
19 466
53 205
27 387
86 264
62 211
23 407
66 408
11 269
16 431
75 241
27 217
50 268
94 229
87 257
66 495
82 475
29 370
88 285
10 440
93 422
80 204
45 436
54 311
16 459
49 368
13 486
63 270
10 227
15 454
20 221
67 381
100 357
97 374
32 205
40 490
59 212
84 454
72 304
21 351
14 254
21 460
25 352
41 241
46 278
66 362
71 392
28 495
71 441
74 389
21 431
71 271
40 321
44 340
62 488
43 385
14 459
91 480
45 323
62 389
67 465
17 399
12 242
62 303
13 460
67 377
19 268
65 281
62 321
13 212
17 311
42 248
17 440
58 278
16 499
12 413
91 467
65 217
100 403
67 389
68 209
44 251
77 412
42 366
60 401
14 290
99 423
96 480
86 315
74 425
26 423
29 475
50 347
10 295
63 260
14 411
53 498
24 245
100 441
38 391
18 437
43 251
96 268
39 221
45 237
37 446
97 431
31 246
39 360
48 275
14 273
92 387
54 294
57 378
79 241
29 275
80 499
20 337
54 357
20 399
33 202
67 251
56 462
82 409
36 336
93 490
88 368
68 377
16 257
11 396
99 273
88 225
46 245
70 287
65 419
96 443
43 227
87 252
13 489
36 207
13 395
86 482
29 321
12 423
30 363
36 376
50 237
77 206
75 263
94 383
80 227
97 300
51 268
11 441
13 314
100 330
36 393
78 469
55 420
97 240
100 209
20 467
99 316
89 228
86 215
29 258
71 486
41 496
62 461
28 209
49 282
89 231
65 349
83 387
62 340
11 248
10 291
64 295
61 437
36 485
88 432
65 341
88 351
86 319
17 471
69 334
47 365
31 476
94 262
38 231
83 488
33 201
13 243
99 487
55 266
26 329
97 412
16 262
93 204
33 322
75 458
56 476
66 218
40 286
43 212
30 433
60 397
25 278
93 377
43 318
11 434
43 389
94 316
81 357
21 332
49 295
22 333
61 311
88 471
90 330
58 213
100 432
26 394
87 249
91 223
20 212
79 212
89 250
19 302
74 449
37 284
71 422
70 211
81 466
22 378
41 363
97 307
95 200
17 253
49 220
64 314
53 431
65 384
84 404
27 286
59 317
70 293
57 485
13 220
13 435
23 495
12 239
91 341
13 201
94 237
21 368
10 254
15 427
22 227
93 321
46 432
47 330
87 427
24 478
47 463
69 243
78 458
50 457
30 270
82 390
95 480
34 408
37 304
77 319
82 414
42 343
74 327
12 218
52 236
13 348
61 305
28 354
43 423
23 259
75 217
41 249
69 405
81 428
21 489
99 289
26 436
91 396
35 355
66 464
37 358
28 288
96 451
97 474
68 200
18 264
32 380
66 463
31 468
12 241
57 386
52 256
94 212
42 282
90 365
58 456
30 305
30 383
39 383
17 327
54 287
93 299
28 453
83 449
21 351
44 324
86 321
94 256
29 281
24 449
86 332
14 367
65 295
48 441
68 305
53 259
34 407
50 257
20 268
54 278
71 445
52 404
37 232
51 296
87 246
81 458
91 296
96 212
73 273
11 317
52 419
52 468
53 434
44 485
78 429
48 369
38 364
57 337
52 431
75 407
26 376
65 202
94 388
61 362
93 366
60 287
69 253
36 360
19 478
39 386
57 305
88 477
30 225
68 262
96 445
11 330
51 232
27 240
79 296
27 329
56 329
32 496
58 368
90 267
82 398
17 449
59 207
40 370
93 386
14 386
94 299
62 399
88 297
96 449
73 289
17 253
16 442
97 500
13 353
86 353
68 219
77 451
88 375
21 458
14 451
85 391
48 258
95 279
79 478
55 447
30 254
87 383
17 497
54 203
32 449
96 297
86 357
69 444
42 317
70 291
59 444
60 215
55 470
87 305
61 270
55 462
57 250
71 218
78 476
38 345
71 276
89 392
59 440
45 413
54 435
53 273
77 384
100 328
20 331
34 248
81 485
15 424
75 253
17 481
70 361
52 402
87 466
12 319
14 326
90 411
33 486
23 337
45 470
47 421
25 348
42 399
67 326
49 265
39 462
47 357
73 269
56 459
99 249
94 338
23 207
23 334
42 430
62 260
67 335
48 448
86 398
41 263
81 418
47 352
16 272
72 349
89 465
37 274
40 334
53 338
84 409
15 283
74 341
55 486
82 272
75 458
36 278
73 392
12 248
79 222
20 451
14 360
69 428
13 378
79 294
68 351
39 335
41 289
19 475
96 401
96 456
20 415
39 277
91 377
20 299
67 344
20 218
46 364
28 386
94 456
59 456
23 431
13 388
54 214
57 492
12 307
73 222
37 378
22 277
23 323
88 453
70 324
67 419
93 366
18 479
83 283
63 327
17 473
29 431
41 326
27 351
83 317
72 404
18 319
91 499
70 306
65 357
92 320
99 418
17 379
32 206
36 278
65 373
13 245
21 435
23 423
40 254
44 305
32 433
87 439
38 315
17 279
49 372
41 497
100 284
16 383
54 235
70 321
92 409
19 410
71 237
94 327
45 270
66 499
98 255
96 331
25 379
44 291
28 259
27 238
77 413
11 382
82 331
56 254
98 317
39 332
51 445
85 395
77 239
69 416
56 278
62 413
47 406
51 406
35 241
45 256
71 313
49 248
71 338
42 382
77 466
52 259
19 320
29 373
40 296
77 402
32 284
74 229
89 217
87 353
100 225
41 410
30 296
39 481
39 209
38 338
95 324
87 333
70 300
17 252
20 493
49 218
76 468
64 465
92 329
94 492
34 475
78 442
69 256
62 403
78 232
66 490
33 387
94 499
75 477
55 382
47 455
43 444
34 295
57 406
100 423
32 227
39 496
40 366
71 237
58 266
99 257
37 323
83 226
40 430
84 322
58 420
96 410
61 447
13 469
61 326
21 447
89 288
47 469
64 442
37 471
72 223
52 463
19 421
46 418
98 491
50 360
14 264
62 472
82 472
35 260
30 331
80 349
50 397
90 270
13 323
42 244
14 466
91 442
71 393
79 486
57 398
39 492
28 312
42 421
18 402
96 278
13 436
63 298
71 494
75 318
86 306
12 360
54 267
67 407
83 410
46 292
28 486
16 468
29 495
99 329
69 267
83 327
86 232
42 233
14 492
30 239
40 463
44 318
42 400
61 438
100 366
71 264
89 210
26 398
42 319
61 299
73 333
89 287
96 248
68 340
54 421
53 235
91 477
30 361
51 327
64 384
41 476
85 243
27 429
90 389
79 366
76 332
10 311
63 262
49 489
59 297
35 479
40 241
15 384
11 229
95 400
22 402
52 310
18 259
61 386
45 434
66 334
81 449
76 382
25 203
80 361
70 479
92 331
31 493
60 371
15 474
88 384
43 293
78 269
25 380
67 499
31 405
72 327
51 227
61 312
24 277
93 279
99 260
47 224
44 373
15 474
67 364
48 421
48 249
69 206
71 394
78 491
20 338
56 400
49 223
81 344
100 433
63 305
20 231
44 444
22 474
75 449
58 473
43 492
54 257
23 348
90 452
15 498
93 302
77 403
84 306
74 324
30 419
99 429
90 207
65 302
45 488
81 465
68 318
52 379
78 352
36 274
72 262
83 342
19 315
21 439
16 240
57 408
75 441
47 357
50 408
28 327
58 357
41 304
76 446
37 299
28 459
37 401
22 292
71 385
70 485
41 328
30 334
29 381
59 271
21 473
30 395
47 271
92 289
94 476
41 256
38 281
10 347
65 484
92 422
98 295
71 440
54 380
43 358
48 247
55 247
54 305
88 216
16 392
49 200
10 239
46 340
92 219
19 251
22 324
45 320
25 277
65 240
59 481
58 468
15 224
18 496
41 304
68 455
39 216
63 260
50 409
47 273
99 285
14 379
20 496
47 226
18 406
21 479
79 363
64 363
35 308
61 466
32 268
29 356
51 221
16 237
44 265
12 255
62 384
70 458
19 331
79 401
89 449
86 320
76 473
69 447
38 290
84 441
64 479
37 392
85 461
76 378
12 489
78 275
47 316
17 200
34 364
92 381
38 479
44 321
42 433
32 480
48 378
10 380
18 465
32 254
51 450
38 349
92 263
89 259
70 304
12 223
44 410
70 228
33 302
93 236
32 365
15 256
30 435
88 297
61 457
48 273
71 481
18 293
99 244
18 371
55 412
25 315
13 496
78 357
15 441
17 281
85 358
24 246
83 223
22 390
75 443
98 284
54 334
25 365
29 228
74 475
43 328
26 410
90 381
89 319
27 409
49 375
35 488
32 258
27 212
67 388
21 360
92 225
88 297
71 269
93 374
44 414
12 281
88 473
17 338
13 481
51 441
89 212
31 225
10 285
72 467
57 391
86 343
48 467
71 254
96 465
69 477
88 328
54 450
25 417
67 340
49 482
87 201
48 407
65 212
36 462
69 415
72 203
85 466
43 396
44 455
72 346
32 487
90 438
51 222
53 371
50 200
79 392
46 295
24 426
28 240
53 485
33 438
58 410
88 408
79 321
46 415
14 492
63 440
60 485
25 483
74 273
58 457
73 383
69 212
74 256
37 394
37 405
95 479
84 434
92 319
29 446
66 221
59 333
44 265
48 321
76 422
41 428
64 256
44 378
91 368
36 270
88 425
94 342
64 489
26 237
55 279
10 289
49 369
18 408
85 490
95 379
31 320
47 238
56 366
34 395
51 248
80 494
40 338
73 324
66 360
67 382
14 293
11 437
42 292
35 294
29 322
40 441
35 478
89 216
74 293
81 275
36 325
70 263
50 353
78 238
48 498
44 400
27 340
58 450
72 429
93 411
29 415
95 391
63 228
52 434
59 267
32 412
10 476
68 303
51 310
19 289
96 210
95 346
15 273
89 481
89 288
31 451
67 492
42 293
99 498
37 239
16 434
59 354
13 323
20 237
25 497
98 490
90 264
50 254
98 432
71 289
35 324
74 472
72 330
93 233
90 239
44 289
78 473
83 332
72 348
89 479
75 394
24 248
41 303
21 245
72 485
41 203
38 271
15 322
37 437
32 426
80 326
93 347
21 406
55 293
67 246
33 296
83 488
22 347
81 346
14 223
69 424
12 388
68 348
22 345
32 262
38 459
64 234
39 437
58 432
22 393
80 499
72 366
63 231
75 225
71 303
86 457
42 474
53 472
21 302
20 304
100 336
62 201
85 266
56 209
37 365
19 424
29 288
32 349
28 200
79 446
93 270
45 280
68 245
50 264
52 316
93 461
62 380
86 221
61 298
42 392
62 381
20 326
87 353
43 288
56 496
74 407
92 385
36 208
96 436
54 476
90 389
69 402
16 296
15 412
85 453
17 356
52 367
98 251
77 303
23 272
14 271
71 263
95 363
17 285
35 292
53 298
24 395
84 499
29 372
14 384
89 463
67 356
56 369
49 497
20 496
18 469
48 445
73 472
92 251
11 354
58 266
96 222
84 351
72 400
84 328
16 245
14 220
29 318
54 257
46 259
30 281
42 217
87 208
81 282
48 444
59 301
91 286
84 368
49 292
76 358
31 299
57 460
36 253
49 407
45 289
61 210
93 442
50 345
62 415
21 408
67 260
22 265
40 280
47 482
14 449
27 490
21 441
78 264
50 424
44 202
28 385
67 332
14 490
16 225
54 403
83 210
13 390
47 208
53 457
38 239
60 227
47 350
29 427
35 410
95 334
71 313
80 324
86 295
23 422
13 416
73 452
58 486
43 400
73 209
79 382
98 460
56 277
26 325
21 223
61 304
73 345
27 275
75 310
53 481
59 388
72 254
96 270
61 430
79 381
42 224
89 436
49 369
73 241
73 416
69 477
53 321
71 334
100 239
90 214
49 425
63 364
33 440
95 365
13 302
71 205
83 256
74 207
57 352
12 367
47 212
15 485
65 364
22 427
74 211
34 321
13 490
50 312
61 317
74 246
33 472
63 393
20 493
54 351
53 348
49 310
81 259
79 340
46 311
27 224
57 405
48 206
91 278
50 272
86 493
69 213
74 370
79 339
76 204
50 353
42 456
72 461
59 456
76 336
58 264
67 388
97 454
82 261
94 359
54 326
98 400
14 213
99 443
55 278
32 290
18 248
10 343
94 408
47 207
54 364
24 353
26 490
79 343
60 237
82 281
68 302
81 400
66 449
72 365
32 238
69 459
20 398
37 245
81 400
36 299
31 273
99 213
61 207
61 461
66 307
42 356
91 473
21 422
17 296
67 448
76 439
32 370
20 457
17 340
32 315
79 317
84 340
71 349
71 436
73 290
81 301
76 400
80 400
82 494
70 305
79 278
54 296
11 277
60 261
18 306
15 305
15 213
44 202
87 491
25 370
57 429
26 475
84 243
73 347
99 318
67 377
57 393
41 294
37 424
30 286
52 430
13 351
24 234
88 202
69 240
77 202
61 292
11 246
15 249
63 271
69 243
98 212
93 369
74 254
45 309
83 220
83 480
98 379
49 474
24 385
13 452
87 433
100 211
26 278
61 321
35 325
62 296
98 500
77 291
91 206
83 393
61 387
38 346
25 233
23 345
48 283
46 203
99 238
21 443
67 473
56 414
54 378
40 282
79 373
77 430
81 222
59 303
77 341
16 424
27 217
10 241
10 263
90 213
99 457
22 367
90 470
73 475
39 290
12 223
72 380
93 239
54 473
46 260
55 290
39 437
36 451
91 306
93 420
88 264
45 225
18 304
30 210
31 290
100 233
46 461
65 464
76 264
97 341
93 447
44 206
77 438
23 309
22 369
10 261
59 353
62 312
33 479
64 383
58 270
41 330
87 227
50 480
31 376
91 313
51 451
98 455
58 476
47 278
43 491
33 476
83 324
76 499
30 308
77 320
56 246
90 410
29 391
21 313
38 408
26 339
52 444
59 444
88 204
87 462
44 260
75 237
57 473
49 436
43 366
19 460
86 354
47 434
54 456
18 311
76 370
24 420
48 442
44 431
69 335
72 339
93 277
46 227
13 310
27 331
63 367
51 336
14 357
15 213
63 213
93 374
48 473
19 395
80 407
91 258
74 467
68 334
24 222
16 294
51 222
43 256
39 362
14 358
35 359
54 228
87 446
79 453
53 446
36 230
42 423
87 342
41 434
35 382
74 285
53 236
44 247
44 395
33 382
69 376
75 323
62 310
59 307
48 384
28 360
50 353
16 451
83 420
61 368
72 289
29 476
66 459
64 316
90 381
11 305
61 437
34 462
90 394
15 259
10 218
27 390
10 450
93 314
33 474
17 318
41 383
73 287
15 215
59 394
76 299
16 402
89 324
11 482
22 329
31 493
57 357
25 217
71 472
57 373
78 261
15 457
16 234
31 485
13 345
70 394
57 274
31 378
15 459
77 262
55 348
56 435
100 335
60 259
59 482
81 500
34 322
61 437
26 347
15 354
78 247
24 385
51 343
33 366
84 371
54 288
23 431
40 473
88 373
46 320
23 362
89 347
28 424
94 288
47 402
26 211
38 439
12 468
92 407
15 281
51 209
12 495
23 290
40 455
49 396
10 215
72 343
25 440
92 343
33 286
72 368
16 391
96 442
95 286
98 389
61 375
23 435
67 287
23 233
90 334
90 264
41 385
42 461
51 372
65 251
24 297
40 203
52 424
94 244
76 242
64 223
56 331
16 484
66 380
73 408
99 343
99 313
76 278
85 251
26 326
71 357
56 419
24 310
52 203
62 499
25 287
17 360
18 429
47 234
97 257
28 221
88 313
33 377
19 356
60 289
74 428
29 304
84 255
45 336
68 216
16 252
38 306
16 421
53 453
73 241
79 295
97 358
71 345
100 497
54 361
69 382
79 481
64 334
47 348
13 492
58 253
13 417
49 302
85 292
80 491
95 462
65 345
95 392
91 253
68 389
52 423
79 401
77 204
99 286
95 403
82 466
92 219
55 213
59 469
87 325
13 387
13 493
52 356
56 471
92 471
40 220
50 379
81 495
14 354
94 485
62 308
30 462
24 229
47 398
68 228
64 354
85 259
55 396
29 429
69 221
23 474
34 241
71 412
97 434
11 214
53 271
82 265
69 348
48 405
68 241
93 217
56 297
16 491
67 389
10 307
62 216
88 401
94 331
18 492
50 327
97 482
89 226
30 380
37 289
26 419
91 467
43 424
12 411
47 204
37 231
58 459
78 341
93 254
20 421
41 485
36 200
71 344
32 410
71 400
21 207
16 278
60 453
11 436
52 364
85 362
11 450
86 393
40 429
31 210
58 442
82 294
16 358
98 366
96 361
50 214
72 281
35 239
59 242
47 296
37 313
44 450
26 226
34 301
77 237
77 252
71 203
17 318
63 433
68 377
89 498
45 359
26 433
45 211
59 322
40 228
29 213
40 446
19 268
72 444
73 255
19 432
23 490
36 368
10 483
51 464
27 384
12 407
72 220
73 490
46 423
69 475
39 394
81 373
63 364
33 466
54 210
86 426
38 397
96 371
32 235
80 206
11 457
47 434
84 228
93 466
75 338
11 335
60 257
14 392
34 273
65 288
86 203
61 232
80 204
14 427
73 486
68 356
29 244
47 265
40 410
86 223
54 419
34 228
32 315
43 345
82 226
51 370
65 395
97 277
76 253
26 387
65 385
76 379
52 281
50 451
16 424
13 489
38 229
64 267
83 335
71 432
20 345
48 237
40 203
36 337
25 317
17 494
90 466
63 329
96 215
39 487
17 451
25 230
87 390
60 274
92 210
86 283
58 306
40 242
85 384
57 264
72 353
79 401
10 277
18 313
24 207
24 231
43 473
30 439
71 308
14 233
26 467
26 321
40 335
63 331
77 242
77 468
37 299
26 411
13 297
86 469
35 222
11 211
92 460
14 255
28 411
40 335
63 354
19 399
30 267
71 456
44 322
61 403
19 490
61 246
11 287
56 340
26 464
21 252
59 250
87 440
89 294
76 236
54 428
60 385
36 362
33 253
48 461
58 302
61 219
86 486
35 313
14 313
14 375
23 398
96 371
58 283
43 309
51 361
88 452
23 429
48 283
46 495
30 388
96 443
83 395
59 411
75 452
59 232
79 337
59 500
35 215
20 421
56 249
18 207
79 275
19 263
31 419
65 300
66 253
48 360
94 420
19 455
22 242
26 447
94 315
82 285
99 377
12 353
16 287
51 376
59 245
64 419
70 396
84 468
95 209
91 345
81 346
35 500
30 484
10 466
44 290
95 378
38 204
50 342
34 288
46 352
15 406
62 246
45 487
26 499
83 290
44 323
69 391
73 273
74 467
66 422
18 436
13 473
75 227
98 430
98 280
45 399
59 249
94 236
22 408
50 481
43 327
75 384
69 375
18 342
73 343
67 397
51 312
44 218
77 381
41 404
91 479
94 448
89 497
60 212
23 417
59 351
100 296
22 461
70 441
28 311
57 314
40 310
55 224
40 214
32 226
75 315
63 470
43 482
18 445
15 267
19 436
41 303
87 402
94 451
36 314
15 323
97 468
62 303
90 211
89 294
80 485
52 491
85 421
47 317
40 365
40 425
16 251
75 281
41 240
66 244
43 242
31 231
87 250
97 399
37 350
51 247
10 402
12 486
40 357
57 386
92 436
73 271
76 287
18 389
69 332
37 430
62 500
94 332
94 245
23 259
37 473
91 428
20 491
93 395
96 465
75 267
90 289
11 284
11 388
72 452
10 356
88 343
74 292
63 404
33 404
51 481
57 416
13 398
51 270
35 202
99 271
87 332
100 306
53 486
24 338
87 464
93 268
93 348
17 480
87 446
10 361
16 407
86 232
42 432
32 346
36 285
29 402
18 226
27 230
46 452
55 399
72 311
23 419
13 275
72 358
78 481
43 395
83 244
20 441
19 478
98 359
63 452
21 326
62 217
11 389
32 475
100 281
94 452
20 443
97 348
66 496
16 269
74 464
81 215
84 289
27 439
52 403
24 457
31 267
54 334
53 341
79 441
32 292
65 372
85 316
77 284
51 245
11 348
89 467
63 362
52 254
71 452
76 389
19 485
24 280
29 309
92 376
73 293
86 288
18 401
15 433
36 413
85 338
35 435
90 373
62 257
30 295
89 332
71 314
56 338
24 385
68 214
89 344
46 376
86 220
60 285
56 260
10 379
39 258
30 349
76 308
78 307
68 312
55 284
27 205
93 219
92 216
65 297
17 340
70 240
35 248
47 261
68 272
75 405
90 201
96 460
40 409
78 410
39 405
15 397
49 314
14 498
20 398
73 439
87 216
37 295
24 202
56 271
75 494
58 303
79 429
82 202
26 227
32 256
44 355
28 290
88 266
76 299
18 280
43 348
97 467
32 309
98 497
55 493
26 255
35 383
20 255
30 218
29 296
99 464
43 426
63 370
11 290
82 354
40 405
67 415
11 343
10 238
31 303
70 278
75 223
95 290
27 294
38 361
30 332
26 240
52 328
100 449
70 327
63 487
22 253
53 352
18 374
21 486
24 318
39 283
92 474
91 420
11 431
72 407
54 303
64 269
83 305
66 247
99 269
32 363
10 383
88 468
44 354
65 483
97 466
11 262
82 439
23 455
37 460
85 330
53 206
94 392
65 366
96 443
94 421
91 455
56 319
29 259
93 273
11 343
96 256
94 375
21 335
39 262
55 390
45 255
25 240
88 207
50 284
97 488
26 203
54 207
27 262
25 494
74 256
25 221
46 439
62 257
78 476
21 266
68 461
85 260
48 467
26 304
17 416
48 455
62 482
59 492
27 477
14 227
16 219
77 294
91 445
25 430
47 420
55 233
46 265
14 278
64 260
34 232
59 371
57 344
26 397
15 294
59 218
89 354
56 319
71 393
20 248
31 382
76 317
79 245
68 407
58 364
66 403
55 392
71 331
51 375
88 269
48 400
28 489
66 273
17 451
37 268
76 288
75 416
88 263
26 236
89 483
77 335
20 494
85 408
50 460
31 300
44 450
38 315
58 202
16 494
83 354
47 401
55 410
64 244
82 477
50 340
17 379
41 242
65 399
62 395
68 482
59 336
15 444
44 368
43 237
45 297
47 321
38 230
20 212
87 401
34 254
24 346
16 363
22 203
88 338
93 318
20 292
73 500
92 304
58 380
21 376
13 431
38 423
13 425
86 434
93 322
26 264
69 319
25 356
57 437
72 419
20 211
54 459
23 496
17 226
86 301
27 300
93 348
47 391
57 356
49 347
60 261
20 395
51 286
25 400
92 392
10 277
85 227
11 312
15 496
86 346
53 240
44 328
21 418
95 460
67 292
35 450
62 466
61 431
33 293
64 223
80 347
80 337
89 234
25 346
16 236
49 326
67 387
58 413
26 371
26 276
49 377
80 213
49 268
67 292
34 473
50 295
65 364
31 392
27 279
11 326
10 480
99 289
86 304
25 420
26 220
65 336
46 470
83 438
93 441
20 349
49 293
83 431
97 223
75 202
68 360
100 315
79 228
15 205
72 252
45 206
24 369
69 317
62 390
62 325
16 482
33 493
86 316
23 378
36 245
59 390
26 207
25 494
20 255
38 318
13 321
32 277
90 364
41 225
96 346
95 283
27 222
20 350
87 397
49 375
37 357
70 244
73 416
64 350
31 383
81 476
28 439
14 391
57 345
22 254
54 466
16 318
88 311
38 474
67 395
12 398
91 311
64 365
36 378
63 447
36 380
44 213
100 424
79 370
64 218
61 260
60 460
80 319
11 494
37 226
10 389
79 389
28 314
34 476
78 217
65 201
85 343
75 414
28 316
94 285
43 405
90 216
75 421
57 383
93 376
61 251
40 281
64 213
89 443
30 285
38 410
33 254
10 499
60 218
50 449
10 348
97 397
92 217
76 449
27 481
49 258
78 338
71 421
54 434
82 289
79 271
22 203
32 201
62 492
41 265
34 271
10 294
84 226
73 483
57 410
81 497
31 445
91 206
89 385
67 478
35 407
80 422
63 272
60 361
10 340
25 454
85 237
73 276
34 256
81 436
51 472
93 384
72 465
26 229
98 278
83 272
45 454
70 293
82 366
76 238
36 328
33 315
33 488
96 377
57 450
54 460
53 443
70 234
46 431
74 205
50 469
29 391
35 469
100 397
35 437
52 238
30 376
89 328
34 493
27 356
76 465
42 261
71 407
42 263
69 309
66 294
79 493
19 500
38 469
74 244
48 279
41 318
16 333
37 267
30 298
38 216
25 488
78 470
89 323
18 481
42 448
82 208
22 208
78 401
64 352
30 281
46 425
86 284
61 242
46 331
30 223
41 404
97 324
47 353
45 253
59 378
82 357
14 441
86 292
98 291
12 433
67 273
96 469
91 312
64 407
91 301
26 489
45 338
57 224
78 258
90 273
86 227
31 470
29 244
52 456
72 403
98 406
56 494
80 232
11 283
89 497
44 267
40 286
44 246
78 345
96 286
11 439
55 297
51 479
55 418
54 375
11 321
54 246
23 352
57 368
47 415
33 268
67 299
22 387
13 415
38 348
20 399
97 263
79 393
93 286
40 425
13 381
67 490
52 309
61 403
20 226
60 239
41 248
61 398
43 433
97 415
26 211
28 316
52 259
22 264
47 269
97 255
10 484
79 223
59 284
13 467
91 441
66 303
43 242
38 321
81 461
65 454
21 299
35 495
59 477
97 452
70 446
27 393
35 450
76 419
88 239
16 492
60 289
63 367
89 442
86 204
79 474
82 322
12 477
53 379
70 222
75 448
22 286
64 294
13 455
85 416
89 295
32 372
26 399
95 415
38 477
36 492
10 326
98 471
40 277
81 254
16 428
56 215
63 240
67 396
66 270
20 386
96 468
56 398
43 246
79 406
46 429
78 370
92 409
66 305
42 438
47 285
55 259
67 277
29 359
37 242
92 233
93 244
96 436
24 266
14 452
99 402
23 266
13 435
68 309
89 462
68 297
48 309
82 245
47 405
55 257
49 283
37 325
49 439
96 467
60 440
18 374
13 297
88 310
89 365
92 470
55 414
65 219
89 372
24 256
65 419
25 474
85 250
62 277
74 256
12 392
74 410
98 336
58 456
100 386
95 262
76 344
12 370
22 396
57 377
42 217
75 463
79 296
62 487
45 452
13 314
75 237
20 358
16 480
21 216
67 331
59 469
34 202
52 287
15 227
89 248
20 208
58 484
75 473
45 376
62 461
19 267
79 213
63 268
50 386
17 255
59 311
65 390
82 208
46 410
70 338
51 229
14 417
86 400
36 381
52 262
32 213
41 237
81 402
13 417
84 339
91 252
77 342
42 411
25 316
62 336
28 476
82 300
28 276
28 481
87 223
96 498
30 270
37 212
84 289
85 207
13 248
26 277
46 451
55 491
52 257
63 220
73 440
19 374
10 218
99 423
60 346
77 228
83 403
44 285
60 317
13 370
73 351
60 205
40 383
33 317
75 270
31 422
84 356
92 424
84 399
52 315
83 464
77 358
85 281
11 257
55 234
60 463
87 322
89 385
79 361
78 394
62 486
54 338
93 359
46 415
88 357
19 500
69 372
51 437
59 248
50 499
19 369
47 366
37 326
38 393
10 399
75 366
68 299
78 475
80 215
35 414
28 418
90 442
46 219
57 390
100 269
24 299
23 298
31 326
13 464
72 360
82 453
46 496
28 428
99 409
90 308
28 264
85 485
21 213
66 333
42 272
27 290
37 238
34 285
98 261
35 281
58 309
16 395
19 235
16 222
49 214
95 214
30 305
93 233
27 453
62 220
22 466
69 344
36 448
25 317
47 376
57 378
19 432
88 237
13 344
90 359
16 339
37 335
80 322
84 210
94 483
19 247
40 238
72 401
34 269
17 443
53 416
29 429
80 342
98 263
27 474
15 242
88 494
76 454
78 495
27 338
20 443
40 324
67 225
34 416
15 441
80 488
21 428
37 401
69 279
53 204
75 284
73 263
54 322
83 393
24 481
56 442
89 365
39 302
14 488
63 433
74 326
84 232
41 233
92 272
63 346
49 262
93 470
16 457
24 342
32 307
51 277
63 443
81 262
10 280
34 212
20 427
22 330
45 289
85 290
70 373
34 335
92 264
30 209
26 295
86 318
73 371
80 399
82 286
98 257
98 459
25 277
29 305
27 242
44 469
17 454
12 217
22 476
57 291
91 251
40 285
75 236
28 214
17 468
13 344
62 365
36 492
71 386
68 299
35 389
17 459
32 358
73 328
13 456
94 267
20 254
87 326
15 205
93 475
31 338
27 396
23 320
22 395
78 433
89 332
100 459
99 412
69 214
29 399
71 358
82 427
62 465
29 452
90 341
42 342
33 495
19 380
28 374
47 268
28 216
62 377
48 439
66 241
10 227
41 322
23 253
69 245
98 249
58 437
25 373
23 266
12 265
11 430
70 470
43 495
91 347
32 360
34 359
61 488
35 238
22 469
30 306
39 258
32 460
30 494
40 273
13 448
82 405
79 225
16 324
57 258
32 341
51 255
30 267
44 334
56 250
20 295
37 315
20 211
90 297
24 305
91 464
78 406
31 379
94 440
85 400
50 422
83 365
26 239
92 368
74 437
69 424
77 274
87 334
73 212
43 439
21 499
67 319
76 468
98 334
79 399
73 405
15 223
73 497
20 452
98 385
28 230
31 368
79 297
98 289
100 330
54 375
81 378
99 231
62 391
78 200
95 298
75 359
58 374
84 384
65 417
69 411
100 327
94 201
23 479
83 232
84 266
86 437
10 350
90 237
59 231
18 228
34 341
52 400
84 441
13 288
15 250
47 253
78 476
47 300
84 293
29 210
73 438
48 251
68 313
89 226
22 224
70 372
44 390
28 329
10 252
83 437
74 365
38 429
23 443
59 293
20 259
27 344
63 449
57 233
20 382
11 354
96 262
31 469
100 495
20 231
52 464
33 248
75 355
30 468
89 353
11 282
75 210
45 307
64 269
21 469
54 297
22 203
10 246
42 311
47 218
26 436
61 258
67 258
26 358
40 409
84 433
30 322
76 416
48 351
74 468
67 283
89 392
29 424
23 207
69 377
66 325
65 406
51 244
15 443
35 439
89 261
93 341
29 264
36 209
98 440
44 234
80 241
98 206
92 262
23 397
50 439
98 200
59 302
89 257
32 345
62 345
86 266
82 237
76 492
36 443
34 473
91 351
55 301
66 325
24 320
96 200
59 492
31 352
21 443
89 236
51 303
16 392
21 366
95 397
59 375
22 486
90 266
49 259
54 494
44 429
85 355
86 321
50 378
67 338
44 228
58 357
59 203
37 399
69 428
19 425
52 334
26 347
34 496
94 465
70 239
27 500
30 270
13 489
36 440
48 217
42 449
71 249
76 321
77 219
30 493
24 248
17 302
84 475
59 250
90 484
14 230
90 381
73 201
21 498
43 394
32 410
17 287
29 493
91 355
81 406
82 404
100 423
52 298
10 252
23 235
45 336
97 418
68 315
44 336
67 309
54 225
15 270
45 426
61 470
85 274
100 378
52 226
35 434
98 345
57 372
24 369
54 395
80 224
42 455
17 470
54 288
14 481
76 205
47 370
38 436
30 247
68 372
15 261
83 297
27 438
40 235
86 476
15 342
22 337
96 207
63 309
99 251
24 403
33 444
27 481
100 466
68 340
36 500
22 340
39 307
66 264
34 334
69 220
32 388
93 272
28 362
83 440
94 368
16 419
76 312
95 389
88 375
59 313
89 430
86 420
27 481
12 276
55 372
97 238
15 301
21 403
24 389
66 325
18 382
88 317
76 391
38 221
60 484
40 338
38 236
45 297
84 441
59 279
72 368
32 371
60 377
81 330
55 314
45 220
89 447
26 388
84 241
27 249
58 442
99 336
90 395
94 444
44 256
64 396
60 238
63 240
47 487
47 329
96 273
71 495
85 385
12 254
57 490
29 399
94 440
16 357
24 418
72 367
14 471
81 295
38 226
37 322
56 454
29 262
36 249
90 495
56 337
43 308
37 301
34 455
42 491
29 222
94 259
32 330
80 350
25 487
26 408
46 338
97 458
23 337
35 304
60 389
74 278
47 465
17 453
48 318
66 378
23 249
21 478
74 466
64 202
25 453
21 459
52 221
96 338
57 423
85 388
11 332
63 206
22 294
73 363
90 300
82 450
68 426
10 477
64 453
10 241
44 288
19 343
46 416
14 365
35 372
26 349
100 219
37 449
65 212
36 373
55 301
20 359
80 448
71 316
76 462
38 203
100 305
59 256
15 327
55 309
14 424
29 401
12 210
79 454
36 410
39 482
38 347
20 435
23 374
68 444
69 305
25 334
23 293
67 381
53 260
21 317
83 345
23 375
67 316
70 276
60 353
37 434
64 347
77 243
45 266
83 253
20 434
35 230
51 476
52 345
13 298
50 469
74 429
52 247
19 370
87 468
36 278
37 421
78 467
84 343
11 451
80 353
44 232
99 309
97 493
79 442
31 365
66 483
100 451
89 235
82 250
94 242
14 352
24 452
34 427
96 351
27 440
64 459
43 336
10 378
66 472
55 367
24 478
99 328
82 225
48 499
78 366
34 302
63 202
64 336
100 296
93 254
14 440
41 356
71 230
39 301
74 302
94 286
21 215
28 457
41 226
20 214
98 444
17 358
100 318
27 324
47 380
78 349
28 239
51 293
50 487
96 219
43 260
28 266
44 418
65 215
11 427
10 284
89 346
76 214
42 334
86 276
65 365
46 231
36 378
89 473
83 467
16 351
36 444
87 252
33 338
100 253
42 245
87 332
17 228
18 253
18 435
44 325
38 453
56 452
29 429
56 393
45 313
80 320
49 359
41 367
34 388
60 209
40 257
51 222
62 438
12 345
33 303
44 369
25 223
24 334
14 442
62 245
49 470
19 208
24 487
77 325
81 295
69 205
36 425
74 284
85 201
21 432
75 348
69 308
62 369
13 272
71 368
14 262
60 431
24 465
27 446
76 240
81 322
35 239
70 472
95 358
55 252
26 226
24 339
36 469
85 425
95 216
95 306
82 378
38 349
82 403
50 330
71 233
55 438
91 396
75 345
32 280
17 241
13 495
50 340
23 285
32 203
97 305
32 278
88 245
90 222
69 369
80 340
78 451
52 425
65 384
16 349
46 416
52 220
98 218
42 373
80 322
81 252
98 334
70 307
25 456
71 275
15 329
40 476
91 390
14 375
62 419
60 488
87 363
10 493
57 265
57 384
22 441
28 211
56 215
76 402
63 294
72 243
50 341
68 452
64 368
66 253
99 299
77 318
44 247
31 293
89 426
43 448
31 361
37 389
65 475
65 244
12 215
66 441
18 205
99 336
59 417
88 358
97 379
96 427
57 286
47 488
75 445
100 275
57 292
90 329
93 202
19 284
98 360
63 272
62 366
78 487
42 496
86 247
46 320
32 248
78 443
55 316
66 369
66 391
98 304
51 425
26 292
10 472
52 234
28 316
77 299
41 432
79 396
11 417
78 452
34 319
19 399
61 480
87 224
52 375
89 288
36 281
70 309
27 331
52 246
41 492
58 499
92 389
15 350
14 358
96 469
92 394
71 310
44 282
86 493
95 360
95 257
41 410
20 443
38 458
19 386
45 232
96 270
20 476
45 373
10 471
70 207
99 408
60 237
51 400
81 396
72 208
30 348
56 216
23 356
56 427
71 321
17 323
80 277
83 259
59 380
35 490
37 344
21 454
29 285
86 258
25 260
92 281
23 382
38 448
86 470
77 478
38 281
75 379
64 297
12 205
94 366
40 262
24 290
71 289
31 268
59 254
68 311
44 435
52 381
88 428
19 204
100 338
47 404
73 290
47 404
77 426
66 489
61 478
76 403
22 403
41 362
59 497
38 490
97 414
81 261
87 470
11 496
55 248
22 222
66 348
18 383
53 394
13 460
53 399
89 386
92 281
53 457
82 469
59 458
78 266
78 222
46 233
13 241
81 365
71 369
38 388
42 235
53 321
48 452
77 306
78 219
19 333
34 465
65 321
85 432
39 391
59 320
58 370
66 455
41 324
91 497
32 222
67 293
31 425
89 261
95 280
46 417
50 404
20 464
70 202
63 360
74 247
74 265
91 240
76 402
45 242
16 375
52 328
97 306
42 360
89 282
13 294
57 301
58 278
74 472
79 358
80 371
65 261
90 220
99 406
39 414
47 269
65 410
72 455
26 398
99 280
94 202
55 376
18 322
33 266
85 382
35 374
70 476
34 490
98 485
94 367
29 240
34 385
84 281
98 313
26 402
30 356
61 216
76 405
41 334
67 381
64 292
97 268
44 439
63 213
15 350
30 219
88 265
35 488
68 492
33 223
82 442
57 495
81 258
81 495
85 268
91 357
93 328
90 326
16 381
31 387
62 469
64 319
60 258
73 277
38 355
27 340
65 327
69 453
60 432
21 226
51 220
46 257
52 205
33 363
95 421
87 315
60 456
59 371
56 438
53 212
98 498
57 286
98 385
61 459
83 436
54 213
37 214
83 253
42 353
90 304
24 415
46 463
43 250
100 283
96 230
36 478
38 346
18 250
25 302
45 245
41 391
47 392
43 279
100 374
36 207
65 454
65 294
77 492
75 499
50 229
44 267
26 455
22 269
61 343
56 463
52 307
48 345
71 258
72 290
73 253
59 307
64 470
54 372
38 494
32 433
51 246
17 228
38 311
17 455
37 419
47 240
13 470
30 423
83 207
98 409
53 259
45 267
87 366
64 438
33 207
56 382
15 319
21 203
63 406
48 282
46 222
85 248
34 405
40 469
61 381
25 473
47 341
91 418
66 377
11 315
95 424
43 336
91 304
97 371
37 445
60 283
83 473
75 459
13 449
77 238
97 252
47 219
14 448
84 247
46 440
76 357
21 307
93 304
80 230
73 319
50 325
42 339
84 432
56 373
39 422
67 460
77 370
48 265
59 262
31 340
69 423
51 264
31 388
100 338
86 292
71 290
57 258
74 362
37 476
81 268
14 394
71 320
32 353
79 278
40 395
92 367
59 364
96 295
38 247
44 418
29 288
65 455
35 335
34 285
58 299
44 405
32 330
60 204
76 307
88 347
91 450
31 267
37 342
46 263
38 494
96 478
65 336
50 377
53 497
14 229
96 212
80 236
69 357
35 223
68 221
13 364
18 282
78 432
68 242
64 211
74 375
69 215
74 319
82 431
100 251
80 309
51 292
76 355
90 284
17 312
76 497
86 225
62 407
83 401
94 350
41 332
22 299
96 485
36 437
65 433
79 272
84 450
21 336
56 263
22 431
74 475
91 299
72 353
40 355
35 354
16 363
91 229
84 231
68 381
79 326
61 354
85 303
40 211
19 356
59 309
65 347
19 360
99 232
62 402
51 214
62 340
16 490
93 289
54 280
62 438
64 481
79 304
74 343
97 472
74 288
14 483
94 313
48 330
20 304
84 430
49 235
89 394
13 337
45 444
58 401
79 272
37 370
22 414
46 389
84 409
80 364
12 361
28 432
29 469
66 472
16 251
11 365
60 481
39 377
25 368
19 254
25 408
31 264
100 386
63 405
41 328
89 435
69 443
46 428
62 299
91 257
69 355
26 245
22 373
78 208
59 449
11 429
49 437
27 376
53 343
85 366
39 246
80 408
97 365
86 297
80 484
43 315
84 225
31 474
68 480
50 336
11 494
16 234
36 205
51 252
67 389
26 268
62 417
57 322
75 260
33 246
71 222
20 382
25 368
66 292
56 286
26 275
19 441
23 209
20 367
42 492
53 377
90 388
17 485
26 376
41 327
54 237
69 481
72 294
21 223
84 444
43 262
40 338
87 226
14 397
70 357
36 397
58 346
82 327
24 493
10 272
64 322
19 417
88 229
69 348
18 345
82 311
70 260
73 358
27 244
15 378
40 341
64 383
74 257
16 214
96 411
97 267
41 396
44 233
50 393
81 376
73 372
79 343
37 384
14 416
82 454
95 277
67 317
63 479
56 368
45 271
93 228
64 210
100 272
14 247
28 272
23 401
47 307
49 324
97 444
81 367
79 231
53 390
50 352
93 421
92 259
11 248
68 279
70 409
26 500
33 265
22 276
88 465
92 408
49 322
96 278
28 498
22 432
73 407
58 453
21 253
55 267
87 247
41 308
96 447
47 310
55 328
82 376
72 468
86 331
77 435
58 227
18 416
83 267
85 493
62 347
97 481
35 295
45 460
55 382
23 459
39 367
15 328
63 329
46 274
51 334
46 266
33 338
31 270
51 253
63 323
29 256
35 263
95 228
74 202
26 378
59 403
17 497
28 485
94 223
35 483
93 466
97 219
78 230
49 356
51 300
10 432
61 230
40 456
58 467
21 469
53 367
46 337
87 299
47 336
45 278
79 430
96 316
70 244
19 436
71 327
20 327
46 289
96 203
96 365
43 451
43 263
40 403
100 379
60 420
61 222
71 283
48 439
67 298
55 495
80 281
36 467
86 329
77 214
12 299
50 450
97 410
85 316
79 310
16 462
84 459
86 425
96 385
74 441
96 295
93 415
44 454
28 232
54 437
64 262
84 272
55 484
51 473
70 493
40 492
21 210
97 387
86 441
84 247
17 452
41 463
71 416
82 446
59 347
100 342
99 315
43 370
26 346
62 295
67 323
25 241
70 436
37 218
66 397
67 405
16 255
36 413
91 482
82 317
23 489
78 487
82 272
81 351
58 447
10 454
88 431
55 404
90 371
28 390
20 385
82 365
10 410
20 360
96 435
93 469
90 334
83 475
44 310
86 272
22 470
70 276
10 470
74 465
24 299
61 357
94 397
30 373
68 298
47 396
49 407
35 404
63 319
63 396
88 453
15 385
33 444
62 271
71 389
93 202
44 287
35 369
49 330
85 238
12 472
33 359
78 248
42 318
28 340
53 495
96 380
68 464
51 237
31 435
72 218
22 311
67 245
60 237
55 471
76 253
82 408
61 219
56 424
52 221
51 248
43 305
71 293
82 200
84 302
86 455
80 321
78 272
61 444
69 491
88 282
26 255
96 456
82 293
33 360
78 392
83 279
75 285
38 213
81 349
76 419
84 333
26 267
55 355
15 463
45 374
20 338
80 382
18 401
19 370
48 238
69 367
24 456
90 336
16 487
81 232
89 487
91 394
42 468
98 213
76 292
58 322
20 214
55 472
88 428
23 374
15 301
73 431
96 441
89 225
32 451
100 231
86 372
79 491
53 372
83 218
73 288
68 342
30 292
28 416
41 352
60 334
39 227
45 209
86 280
89 242
55 291
82 468
42 397
76 251
91 359
66 430
51 358
62 397
64 282
41 368
74 299
57 387
78 215
91 441
42 379
33 275
31 256
44 331
29 398
64 419
67 349
72 350
70 317
41 405
67 307
81 282
81 473
60 379
46 262
20 283
84 303
27 308
11 349
47 210
71 269
39 200
83 226
62 373
51 346
93 492
83 499
64 257
27 440
74 459
28 204
94 391
43 297
32 365
36 438
28 390
86 252
51 374
75 438
37 320
77 472
49 486
57 282
38 441
27 376
37 222
48 389
100 386
95 411
79 380
16 374
81 253
18 408
22 352
51 320
25 378
33 481
93 261
67 303
16 283
85 349
82 308
81 416
30 472
82 244
59 373
59 369
42 243
77 500
30 320
21 265
62 361
62 309
40 308
38 322
29 339
97 344
62 458
99 442
14 335
44 229
31 251
55 332
77 322
35 439
13 350
95 388
60 498
36 330
38 306
52 344
95 372
76 392
78 246
92 206
71 467
62 288
81 281
73 261
56 450
16 293
23 401
40 207
20 324
79 453
85 488
76 374
32 232
51 386
42 246
99 358
67 326
75 480
85 264
58 258
61 489
52 211
82 479
63 286
11 254
57 231
25 232
81 299
37 319
63 292
27 327
51 327
39 294
49 258
26 295
16 371
78 366
14 472
93 299
14 396
25 444
97 293
47 230
94 240
63 327
59 413
35 480
27 304
25 294
94 380
80 377
73 421
20 331
16 335
24 347
23 232
35 356
33 266
51 416
99 434
37 285
100 394
20 334
42 236
100 258
84 265
51 416
36 426
13 326
43 426
70 490
57 212
30 431
30 481
98 231
91 287
93 208
12 278
33 377
92 218
49 480
28 319
48 217
67 391
13 255
68 213
19 422
85 390
59 201
26 448
51 482
97 246
23 464
46 280
59 388
86 225
28 330
50 211
21 389
70 388
69 366
14 438
16 325
17 389
20 395
37 257
57 370
95 314
85 428
33 424
47 441
94 381
76 491
85 366
12 493
82 221
45 352
49 344
92 484
32 252
98 369
26 452
82 412
78 271
30 408
25 354
72 341
85 367
14 376
15 460
40 484
41 373
90 389
43 261
53 250
45 449
78 422
58 356
88 415
42 321
89 319
74 420
83 458
78 240
98 268
20 399
33 379
29 388
84 289
56 390
43 211
94 405
15 238
87 414
93 437
64 225
38 208
58 414
12 481
24 498
18 352
54 301
38 418
70 298
51 335
65 243
69 224
21 478
26 458
84 414
25 426
53 349
91 333
81 298
36 466
57 311
45 442
92 296
91 298
11 314
39 280
79 478
41 202
52 316
88 346
30 202
89 418
37 403
37 311
35 261
29 496
23 291
100 233
91 244
82 231
84 464
20 362
34 365
16 345
26 222
27 408
77 460
72 324
85 273
75 210
78 461
55 457
20 442
21 389
97 219
55 241
66 480
96 373
88 216
83 222
22 406
12 263
69 454
93 374
90 271
26 311
77 339
21 483
41 205
14 465
79 290
70 457
41 358
51 312
30 244
85 362
51 463
31 212
78 209
26 393
97 220
50 461
29 219
76 389
10 313
50 499
56 309
39 370
38 233
32 290
85 214
54 227
20 274
98 291
68 376
17 211
72 385
53 203
35 414
13 429
62 246
67 276
26 331
21 270
56 326
29 443
12 209
28 215
65 408
63 265
93 489
50 377
44 498
18 277
76 273
57 336
82 330
25 372
35 307
69 275
69 200
75 222
24 385
47 492
36 242
66 274
87 281
46 352
62 332
89 439
84 281
45 473
21 486
26 271
86 234
44 476
89 312
95 494
83 434
46 238
58 439
90 353
33 213
64 497
98 332
39 499
13 458
62 222
33 212
77 434
79 388
42 230
10 356
34 395
31 406
91 412
88 444
22 261
32 467
59 301
44 492
26 410
25 468
24 290
19 475
37 476
29 382
73 260
97 427
28 474
83 336
60 374
14 398
97 486
11 493
19 412
61 284
83 331
68 201
41 231
14 342
45 287
92 410
69 459
67 250
68 366
21 265
35 364
53 475
16 276
58 335
52 348
14 257
10 420
85 246
66 433
64 356
76 361
72 264
59 351
48 200
95 398
98 256
38 427
68 310
57 395
23 388
87 261
87 369
16 402
46 280
76 253
89 302
71 451
12 432
52 429
99 217
25 397
28 286
99 202
51 275
28 238
17 287
99 357
19 480
27 321
56 341
71 444
98 435
58 308
23 344
66 498
62 260
71 383
88 415
83 441
78 481
19 402
33 478
41 422
92 265
13 414
67 314
45 297
68 399
80 365
72 390
55 403
80 454
66 495
85 369
59 307
67 313
63 264
93 215
11 445
68 478
85 384
95 413
52 289
38 385
96 303
84 213
32 422
29 491
83 335
54 250
82 356
27 399
26 402
91 405
57 392
85 351
45 372
61 204
57 324
35 364
89 361
55 383
71 293
26 397
40 430
11 267
80 258
72 204
92 328
76 453
36 490
80 493
55 367
75 271
47 334
16 367
17 209
63 475
89 371
48 479
48 267
94 386
31 460
39 484
44 499
23 204
81 239
95 247
14 442
36 295
69 451
93 218
57 461
71 211
88 263
26 432
21 434
70 354
92 356
71 379
67 274
95 489
94 278
36 469
59 302
11 244
21 474
20 360
13 403
66 265
53 258
43 495
18 462
22 334
29 486
88 369
84 344
50 322
35 342
92 391
19 251
27 395
50 395
52 459
73 374
24 212
16 367
97 322
77 304
78 395
72 417
99 247
65 371
85 432
95 357
36 355
32 455
34 381
98 253
96 397
100 209
12 207
83 365
48 455
33 285
72 206
98 311
12 461
35 371
14 444
80 464
33 333
64 297
54 217
12 251
85 426
75 220
34 387
11 261
70 302
68 439
46 246
65 260
44 481
15 348
36 357
96 421
13 480
32 403
73 266
22 308
89 413
60 424
98 463
65 389
12 229
62 271
51 327
12 481
33 212
86 430
20 389
71 257
39 367
88 211
80 363
22 374
50 397
62 324
50 482
67 321
49 340
16 434
63 474
37 473
44 241
99 252
57 251
30 497
25 218
51 249
71 276
43 406
53 420
20 229
75 241
99 258
22 442
29 246
77 405
24 349
85 369
27 275
44 460
44 236
18 478
71 308
28 407
52 425
25 492
27 425
56 203
29 262
46 475
97 257
20 225
50 224
32 255
16 263
32 268
42 443
51 333
36 249
32 463
94 315
57 326
90 385
52 473
33 472
73 454
28 275
39 383
95 321
52 347
44 352
13 381
85 411
95 242
77 203
14 382
81 408
44 256
80 286
96 438
38 425
86 286
14 267
77 248
56 357
25 471
19 208
82 251
89 263
67 327
19 247
90 283
49 217
22 496
73 266
49 310
93 471
19 439
29 315
21 324
32 229
82 378
71 343
35 406
56 471
41 422
26 241
17 421
71 492
11 260
54 497
61 497
91 215
96 454
73 320
12 449
59 320
90 335
64 203
59 268
69 273
38 441
37 393
31 271
29 477
94 390
89 450
36 389
41 218
15 443
55 369
62 436
18 217
50 351
82 311
82 394
51 357
52 448
19 394
38 331
58 247
27 241
93 304
42 360
92 272
91 461
18 495
12 380
19 468
88 431
50 398
57 412
97 408
69 253
89 275
60 370
46 354
100 216
47 340
25 280
79 480
37 252
37 387
29 383
45 360
53 330
93 387
76 260
25 298
20 345
59 498
14 393
10 374
86 308
45 235
92 324
86 379
80 386
20 455
75 317
68 280
94 320
44 438
29 210
30 494
26 307
100 267
90 290
34 358
63 404
56 236
62 305
89 251
71 378
39 458
17 269
80 390
37 403
33 218
90 261
87 416
49 401
36 316
66 373
84 339
99 265
90 202
35 488
91 310
40 207
58 308
42 453
65 415
68 223
80 467
58 343
26 401
31 264
51 485
28 389
69 463
28 447
76 325
89 416
65 247
11 350
84 500
