10000 500 200 500 10 100
14 301
29 406
90 295
46 357
81 403
60 432
30 223
52 352
52 488
81 315
31 477
76 265
38 222
56 264
17 416
89 423
94 426
63 290
33 348
46 408
77 454
33 466
23 203
61 286
49 381
89 271
13 489
97 448
21 397
87 331
98 223
56 278
64 280
91 419
71 263
17 428
49 364
98 340
32 210
81 205
16 226
57 448
86 413
68 475
22 356
42 320
47 257
28 277
24 464
13 213
62 469
86 442
68 283
80 398
59 406
23 383
28 479
38 345
24 475
28 399
14 373
100 458
65 365
68 215
16 479
27 303
45 419
86 228
66 224
93 494
79 277
43 311
40 405
28 345
67 473
97 458
22 210
92 474
40 399
73 452
84 467
68 273
19 447
85 234
72 426
53 350
10 302
65 458
56 314
47 334
99 295
64 380
93 404
14 379
68 291
86 429
30 232
87 341
60 451
68 399
65 352
52 329
59 407
58 409
15 337
44 255
55 231
41 436
54 487
50 487
76 342
80 233
42 264
52 303
53 448
40 391
83 250
36 452
52 203
100 427
59 301
24 471
95 264
68 217
53 418
77 277
43 266
42 384
38 434
30 344
57 488
52 430
59 453
34 393
43 492
74 496
66 499
59 374
59 270
25 263
87 242
48 247
10 400
22 438
63 417
73 412
73 265
12 340
56 422
11 373
59 249
44 454
80 282
92 260
35 366
57 340
62 412
58 465
37 216
17 342
29 433
26 235
58 294
39 414
17 306
19 377
68 352
98 404
99 305
93 235
22 235
61 328
61 410
54 258
96 444
95 307
41 352
32 323
93 417
18 410
54 221
29 378
33 315
76 256
86 443
71 391
34 365
35 425
95 261
89 449
94 280
31 330
58 348
39 327
68 387
13 235
28 272
50 230
66 393
90 307
47 276
12 313
45 364
72 414
33 367
83 328
44 419
67 278
19 308
95 228
59 391
15 301
85 426
45 350
34 366
55 455
47 353
59 282
47 203
75 340
82 358
49 266
77 425
70 490
27 499
80 476
79 281
16 352
94 356
30 274
38 357
52 312
85 495
21 425
32 338
55 316
23 231
82 471
26 476
93 386
85 478
73 312
20 387
43 464
47 364
31 412
54 215
68 429
37 417
23 456
81 366
25 200
41 403
47 301
64 380
54 250
65 246
66 314
59 224
79 373
79 264
89 358
90 257
24 237
51 389
93 428
75 263
79 401
68 296
63 493
71 387
33 283
86 303
65 314
51 373
58 413
60 471
14 465
18 307
45 349
35 494
43 500
99 402
15 370
53 352
13 424
91 354
13 421
79 301
74 482
64 420
65 359
84 414
79 316
14 273
67 415
68 440
39 471
38 212
48 288
82 452
59 352
96 416
11 460
83 255
20 389
23 334
77 263
98 320
69 467
86 242
96 358
89 244
73 271
49 469
25 370
43 269
56 474
89 492
28 350
48 322
33 471
30 235
38 402
18 362
100 448
85 499
10 334
46 383
54 248
11 464
14 469
96 388
35 416
33 272
71 374
62 253
12 298
57 277
79 342
90 318
21 241
36 293
11 308
12 479
56 224
23 222
10 424
91 332
18 237
58 303
12 297
35 403
17 342
62 293
100 317
28 472
79 426
50 431
80 438
34 338
72 300
66 403
72 218
77 261
34 387
75 313
61 469
57 277
45 445
71 493
23 429
73 368
60 427
35 336
44 458
81 275
77 282
94 230
57 411
45 253
20 404
33 230
73 331
56 380
15 376
16 286
32 286
36 407
71 452
37 326
37 414
19 415
71 329
14 494
35 434
61 286
22 361
70 407
27 373
56 467
95 460
67 250
57 405
61 206
17 397
85 213
76 484
64 254
22 271
27 249
34 242
100 240
62 402
47 294
47 484
27 221
18 210
58 386
76 478
100 220
77 474
97 434
95 310
51 467
82 235
71 284
100 301
68 379
38 221
19 225
61 482
70 345
19 216
52 306
52 371
48 316
52 258
87 500
95 487
71 499
22 432
61 497
11 356
52 433
49 297
31 279
87 403
33 470
71 403
61 361
42 350
21 317
42 476
48 225
52 231
82 381
12 204
93 393
23 201
60 436
59 232
63 276
34 388
58 302
77 269
33 262
70 439
19 276
96 496
92 273
82 223
65 439
69 280
14 337
19 406
99 329
24 235
30 270
63 399
96 463
13 283
10 336
26 404
39 334
84 463
22 323
20 310
67 412
51 291
25 420
15 269
45 332
91 352
31 477
23 222
45 417
62 362
17 275
35 414
53 362
29 214
92 260
59 496
73 463
99 220
77 481
64 329
87 293
93 412
60 380
50 407
50 437
19 349
44 282
93 319
17 387
69 377
68 406
73 420
80 356
27 499
38 377
84 346
88 457
48 489
100 440
95 432
53 463
96 286
12 240
91 437
79 487
34 324
93 384
77 208
84 330
45 325
92 232
89 477
21 478
80 324
78 308
22 242
96 234
71 212
21 482
87 452
36 211
91 257
33 216
16 383
78 220
82 302
87 377
66 440
23 442
72 219
36 218
74 218
55 338
99 225
21 429
73 485
21 200
82 232
84 255
14 312
56 270
47 477
35 391
94 300
65 378
92 281
11 330
39 296
26 279
39 435
39 298
92 397
28 359
48 213
79 243
25 338
54 488
47 260
28 428
44 461
58 378
37 400
17 289
32 324
73 266
25 377
25 376
15 360
43 401
98 348
58 447
63 206
39 248
97 262
93 273
57 230
29 462
79 307
66 324
23 368
24 387
94 452
45 466
36 247
14 485
16 208
10 329
80 315
31 479
66 301
70 246
43 401
59 461
78 456
22 387
70 373
29 266
83 286
24 385
59 347
60 426
43 500
87 318
69 329
51 338
47 245
47 460
25 340
54 403
91 403
48 368
19 262
39 297
11 415
64 430
88 250
24 365
90 358
59 312
34 227
83 365
37 282
13 469
95 494
99 415
77 359
98 369
30 416
77 217
96 347
81 341
71 250
29 395
21 489
72 394
95 354
69 487
90 333
73 255
82 224
86 421
71 451
43 202
36 454
75 446
31 416
31 446
66 240
15 323
45 295
75 443
85 474
60 282
68 333
76 382
21 205
98 489
98 340
90 271
31 460
73 394
73 200
43 289
61 429
32 468
80 378
35 371
94 287
55 407
89 489
10 225
45 339
98 399
19 454
83 221
14 333
45 236
66 454
31 322
43 237
22 304
13 448
94 215
13 327
20 404
86 408
54 258
90 393
42 423
38 273
55 208
33 258
35 488
84 319
69 342
26 348
19 220
45 422
42 279
68 355
93 261
43 311
90 257
88 423
47 247
100 374
74 350
98 249
38 392
71 396
79 474
95 480
69 236
54 479
95 347
16 498
27 396
87 477
35 260
54 332
15 344
81 312
57 386
94 280
76 427
99 310
51 468
42 344
48 389
74 218
60 405
83 445
82 272
63 453
59 218
96 388
77 238
59 306
70 258
72 450
69 311
16 335
42 298
46 481
50 249
76 473
15 213
93 204
97 235
20 315
25 490
72 315
98 401
79 451
89 255
83 394
36 408
84 343
91 405
10 392
55 322
94 306
13 229
100 319
95 465
54 216
78 335
11 430
62 200
59 445
83 478
61 320
84 213
93 239
80 286
69 269
86 243
10 441
11 384
89 484
36 341
69 251
75 229
96 461
66 259
40 235
11 390
73 372
88 318
23 218
75 290
71 209
97 362
11 252
87 408
21 292
49 485
80 473
13 274
66 494
45 236
34 319
49 332
85 278
79 350
73 251
42 334
66 471
67 409
54 439
20 207
83 262
44 324
89 404
53 417
87 480
30 374
51 329
70 238
22 405
50 453
17 226
82 466
37 480
40 418
18 439
99 399
25 366
70 485
97 369
37 416
27 252
93 345
80 244
20 237
81 471
39 355
58 475
24 392
22 393
83 321
57 484
75 230
24 491
92 368
21 313
57 457
39 270
60 496
82 383
63 463
83 370
14 248
66 335
42 246
36 499
62 257
97 285
72 280
88 250
47 384
99 378
91 478
23 340
46 462
73 404
20 325
55 490
48 366
60 210
52 250
96 479
31 390
56 394
28 288
73 316
59 204
76 210
62 391
15 405
46 322
24 224
86 280
51 217
79 236
68 256
49 435
50 342
71 247
80 294
57 377
16 205
40 301
35 363
33 366
53 293
72 223
97 332
89 280
98 447
11 326
14 351
44 436
74 334
68 477
93 216
59 235
83 484
44 237
44 226
11 312
17 289
71 387
100 336
13 219
97 482
79 433
18 304
73 325
81 249
89 314
54 404
36 236
53 434
61 482
17 375
91 229
14 326
81 335
36 280
27 392
15 398
88 343
73 493
22 439
90 467
80 256
11 350
49 455
93 264
95 493
78 428
78 352
99 335
49 414
59 239
58 375
25 430
41 438
58 383
95 362
17 377
43 418
43 409
80 258
45 258
51 412
22 420
21 489
94 449
100 318
42 207
70 373
55 409
99 206
71 384
12 339
67 485
50 235
80 379
51 315
57 492
54 371
37 489
98 365
41 262
35 322
16 424
30 354
23 202
26 322
75 426
25 344
26 467
57 253
10 319
37 230
16 344
44 472
62 261
26 217
91 267
28 239
26 231
20 272
48 451
40 266
17 303
71 287
36 487
45 364
42 457
47 365
69 245
44 381
38 421
39 276
81 435
78 428
77 407
90 346
40 291
90 233
37 270
87 362
41 358
53 311
20 319
74 313
88 261
26 317
47 341
98 419
84 406
24 389
43 493
37 419
50 345
91 426
40 471
94 370
25 212
97 341
90 457
69 393
94 398
18 448
20 300
57 212
98 410
70 267
93 335
29 434
77 386
73 293
50 295
40 332
66 444
54 336
22 376
48 315
78 436
45 261
25 327
45 490
80 322
69 337
65 491
31 335
98 278
64 431
23 340
66 429
46 485
14 382
49 241
63 383
63 459
67 461
15 364
17 220
70 456
74 392
27 327
82 271
52 404
79 277
92 463
61 276
71 269
48 256
72 354
52 235
24 229
28 346
37 394
68 328
65 474
47 244
53 445
23 454
26 215
23 290
36 485
61 374
56 222
32 261
62 215
68 488
46 490
58 387
38 450
86 431
75 484
92 472
67 238
76 225
97 404
70 431
79 431
46 339
82 433
69 278
59 394
72 493
77 297
84 464
99 342
24 418
17 368
54 203
73 262
36 359
71 293
19 251
79 342
91 425
94 488
56 222
50 467
10 462
47 291
47 259
70 319
72 207
83 315
68 292
98 489
42 241
53 438
33 253
22 432
82 303
37 379
22 249
18 237
19 357
23 385
54 260
71 342
78 390
94 227
25 282
56 279
75 296
61 365
85 244
38 276
97 464
20 421
58 248
10 422
37 234
77 219
24 208
59 312
16 266
16 226
59 304
42 370
79 270
11 499
84 279
99 360
21 478
68 403
55 488
53 328
99 328
26 266
46 406
30 433
81 415
91 218
16 213
43 368
43 371
64 297
36 389
76 390
88 487
87 238
64 314
78 395
38 412
92 228
31 236
42 289
66 318
21 368
73 444
73 314
88 350
48 212
14 367
78 302
73 393
51 226
56 455
15 449
75 330
57 484
73 285
78 214
38 277
63 433
42 366
32 232
24 457
97 253
46 344
74 376
37 444
62 493
60 322
29 264
27 265
48 215
81 217
27 201
68 412
73 212
68 430
83 242
28 237
64 409
15 400
53 316
69 384
78 491
72 499
17 406
35 251
42 362
87 399
41 261
56 496
17 286
26 318
96 210
31 372
79 436
12 350
85 313
36 360
91 488
75 307
50 370
69 211
31 326
57 292
63 470
84 461
26 412
76 332
97 384
50 238
49 224
98 319
23 370
48 389
48 285
81 448
38 355
86 435
21 368
75 316
45 264
60 290
20 305
52 295
85 375
46 205
97 419
19 485
29 252
40 343
86 318
17 491
23 248
35 351
89 350
61 401
21 494
10 287
45 362
93 485
60 464
15 333
34 211
29 368
34 388
37 299
71 300
86 428
54 412
72 412
38 246
28 425
97 251
34 286
50 343
24 347
17 458
55 387
44 495
11 482
88 214
95 389
89 267
58 361
54 344
37 490
69 333
48 327
90 325
59 246
15 432
92 473
56 322
71 256
38 364
74 449
26 215
36 391
11 351
47 209
30 222
54 283
46 363
53 490
80 323
28 404
38 429
24 342
19 435
36 317
19 384
25 374
31 300
93 379
52 465
57 395
30 337
23 240
18 389
54 436
84 265
36 414
45 414
95 443
88 403
18 344
84 222
48 333
92 482
53 273
87 350
31 330
27 395
35 435
26 400
77 443
68 458
75 357
16 412
74 418
16 257
17 249
31 229
74 351
50 394
18 405
42 238
97 479
90 354
48 415
27 231
32 417
81 213
51 259
82 220
99 438
22 488
94 254
24 318
19 425
46 476
17 454
74 262
37 397
51 345
32 368
16 469
17 263
13 256
91 304
36 248
36 251
58 427
45 451
87 409
90 455
36 454
65 399
63 339
26 329
84 355
89 258
19 231
39 202
17 393
25 262
72 497
98 374
34 317
92 366
88 449
98 411
40 477
39 264
70 302
22 498
21 339
96 229
60 274
60 356
72 486
26 356
80 429
63 354
20 252
78 221
51 237
37 249
53 439
90 277
75 456
83 446
66 477
33 414
84 354
100 467
75 385
88 270
57 251
20 308
20 341
81 452
80 209
95 340
73 263
26 386
49 390
50 261
94 454
10 366
73 391
85 345
43 405
54 338
93 236
73 406
69 224
27 453
60 307
89 329
59 458
50 286
29 244
29 463
26 220
53 203
46 410
52 436
81 211
85 468
23 417
39 373
63 480
47 373
32 315
25 405
56 465
59 318
18 287
52 406
23 307
40 416
12 257
92 280
41 322
56 265
87 319
53 429
95 462
79 334
42 251
24 298
59 479
26 424
67 446
18 270
43 487
93 218
85 235
28 261
24 243
33 397
58 212
30 411
82 325
86 500
56 232
28 290
35 463
35 225
29 240
35 308
45 231
97 469
65 373
99 424
51 253
60 478
23 344
69 438
79 381
35 293
17 433
56 425
50 244
88 201
41 495
47 210
56 385
59 491
75 407
53 373
95 433
42 424
46 487
28 494
17 247
66 229
96 368
20 324
56 353
85 447
90 333
63 271
83 333
56 475
85 373
36 449
28 395
49 279
31 233
96 446
20 257
53 209
73 378
31 286
40 357
69 276
92 387
65 457
59 255
84 259
36 476
75 483
78 278
35 449
44 283
92 290
82 319
76 463
24 382
90 426
30 230
74 228
43 496
11 387
65 365
52 478
58 352
100 460
57 471
89 439
18 251
61 291
40 278
60 316
51 251
62 448
62 441
99 398
80 409
67 435
47 479
89 312
53 270
48 458
39 479
17 492
69 426
90 349
58 233
16 412
15 455
49 265
19 283
79 279
63 496
86 464
71 324
22 202
79 346
77 383
49 305
17 253
14 303
32 483
63 265
78 319
59 202
89 364
27 494
19 227
28 355
44 361
87 215
29 321
69 220
73 333
96 326
41 254
40 487
26 463
55 330
23 219
74 364
35 367
48 224
35 295
56 283
73 306
41 216
61 357
14 379
33 312
29 325
100 331
26 352
68 362
73 324
38 263
100 213
54 244
77 222
31 365
27 494
82 352
11 346
74 246
28 499
15 427
60 224
60 384
47 300
64 307
26 326
72 310
71 248
80 326
75 341
88 324
20 360
13 343
65 434
44 429
74 446
84 204
71 362
27 295
79 333
80 334
36 220
36 246
84 497
61 288
33 312
14 420
71 337
73 375
48 351
71 451
19 357
63 215
69 492
50 480
60 410
58 231
87 456
100 498
16 399
83 488
99 447
37 380
20 420
57 302
32 256
34 264
52 355
37 380
29 236
74 470
22 421
82 324
32 227
33 227
94 305
68 385
18 371
77 283
20 267
40 258
68 336
91 434
67 249
47 337
58 421
82 481
59 205
70 468
23 376
72 458
24 458
62 482
51 355
13 368
25 399
58 393
24 448
18 474
29 389
84 231
83 366
48 400
98 266
75 352
26 259
27 320
39 349
25 295
70 264
96 272
79 338
30 395
17 291
92 430
47 479
68 237
57 422
23 464
76 202
65 327
88 373
85 228
77 447
97 423
81 234
48 422
98 409
70 305
23 485
96 377
35 445
97 204
68 300
90 252
61 231
51 263
52 224
28 272
88 363
44 431
70 438
44 468
67 418
35 294
64 256
94 262
83 334
88 265
27 483
63 435
84 394
80 315
92 237
33 288
75 330
64 496
49 269
65 363
65 485
49 287
74 377
34 440
49 365
60 394
52 270
98 310
80 224
78 230
91 210
67 411
69 234
63 358
44 317
40 490
70 478
44 241
74 324
90 314
43 435
42 286
78 234
38 367
32 469
45 268
70 464
41 269
48 282
26 200
74 447
44 400
88 464
77 478
99 319
91 226
85 498
81 207
42 355
36 488
77 220
40 303
89 382
55 380
27 247
17 261
80 267
34 316
45 248
45 268
46 283
76 370
38 253
99 209
81 450
35 481
21 450
20 351
90 353
35 494
90 360
61 343
10 363
53 408
11 201
43 278
40 417
84 262
81 223
38 326
33 216
71 391
45 339
44 496
10 222
57 341
28 441
76 207
55 392
82 464
70 288
19 375
86 388
31 423
92 457
80 333
39 305
21 336
85 465
24 334
41 217
92 317
79 408
95 460
86 489
43 390
16 363
18 480
99 399
74 360
52 350
67 276
20 416
71 296
50 493
97 366
55 355
56 418
54 256
74 260
43 249
12 220
21 464
58 411
67 300
62 467
38 213
15 302
60 404
60 308
60 227
43 356
97 405
18 342
93 399
97 405
51 301
93 308
36 322
72 324
72 290
64 270
15 282
65 231
98 470
81 331
87 210
41 276
65 259
50 274
30 218
10 304
62 352
87 332
96 381
43 346
44 445
85 222
82 237
30 461
81 290
52 452
77 278
13 413
32 344
16 444
15 415
40 430
62 409
71 440
37 415
78 208
26 399
37 334
28 232
39 392
75 336
82 320
64 218
100 399
54 470
17 422
21 339
43 349
26 310
47 286
34 271
78 333
94 325
11 356
41 461
36 327
38 238
74 408
19 378
94 368
79 398
93 481
11 390
43 483
57 316
71 424
57 362
85 306
32 422
24 242
44 408
86 427
38 213
27 452
86 391
26 238
75 308
70 473
62 246
95 396
45 222
89 498
84 274
96 320
23 464
32 327
40 429
28 215
30 286
68 282
73 485
32 413
20 237
77 239
21 339
80 343
16 203
66 494
58 343
58 221
51 322
81 325
15 300
12 442
24 204
95 261
18 242
88 230
35 358
53 261
52 454
20 255
16 444
10 483
53 260
52 239
18 250
39 433
49 402
12 434
65 295
13 294
76 417
54 316
17 292
11 418
45 480
70 400
50 221
33 356
45 232
13 412
61 458
30 330
37 416
26 465
45 457
28 247
19 229
38 295
86 438
39 264
13 486
35 238
49 493
26 486
33 489
53 205
62 491
47 254
21 349
43 316
45 475
84 377
87 424
87 274
14 486
55 227
41 450
41 376
92 359
80 366
76 457
25 292
59 456
42 252
78 314
97 308
36 378
83 492
17 406
10 462
48 302
46 209
90 204
75 342
87 444
22 209
39 327
70 297
52 346
38 285
40 415
95 448
67 276
96 393
99 402
49 271
69 292
41 455
78 414
55 357
76 252
96 206
57 366
19 309
30 401
81 370
34 486
43 305
68 454
82 493
52 250
66 309
85 292
48 286
29 257
42 260
77 258
64 386
19 319
49 333
74 339
15 233
21 218
15 386
95 234
99 277
33 339
36 274
79 347
32 334
29 302
93 462
71 461
83 232
83 291
72 499
13 267
16 203
43 268
20 405
24 465
90 285
36 265
17 432
89 218
66 213
19 459
67 379
68 220
23 398
87 476
59 491
43 376
31 225
94 280
66 497
12 361
18 245
70 390
97 236
18 491
28 427
74 474
24 266
50 467
61 254
40 359
80 382
91 487
11 429
95 286
55 208
75 455
89 272
41 479
18 400
64 307
47 315
38 330
48 223
52 345
68 436
71 270
71 438
64 224
62 470
92 239
71 456
86 480
63 486
62 285
83 324
24 460
70 422
44 270
83 284
16 421
85 266
13 337
92 446
44 318
41 370
23 342
55 249
79 353
80 478
96 368
72 278
45 440
61 315
49 344
81 322
10 369
85 204
37 392
34 265
84 315
22 316
47 208
59 227
92 348
18 247
17 205
59 292
75 275
10 403
69 255
31 432
100 413
36 379
100 387
23 213
95 378
96 407
56 393
57 446
100 389
50 205
63 267
38 287
34 402
51 459
19 463
25 330
95 276
98 379
81 401
93 362
99 419
16 363
97 452
17 301
100 300
29 483
72 301
89 408
49 258
52 409
82 456
83 346
88 497
33 443
16 314
42 425
13 372
76 293
83 344
59 413
94 398
43 210
51 465
24 450
41 483
64 494
49 296
51 418
79 261
57 388
53 413
16 305
54 349
36 307
64 490
71 387
79 364
76 334
15 212
73 250
72 341
21 331
36 280
100 427
90 358
16 414
61 377
68 254
94 366
58 417
41 380
31 492
49 347
93 322
12 307
53 253
54 313
84 282
80 331
48 432
55 222
27 459
29 261
74 322
96 373
32 481
14 240
100 495
12 495
61 497
73 386
78 448
31 382
77 340
60 387
86 401
85 365
74 256
13 371
25 251
69 366
89 244
91 401
80 493
59 304
98 396
60 487
64 489
53 271
44 279
17 349
71 315
48 338
58 339
81 249
13 200
74 371
39 469
96 233
19 416
65 398
38 225
99 404
59 400
49 241
53 331
39 357
65 302
20 317
83 402
86 280
58 428
95 396
76 471
22 357
98 414
18 498
55 337
81 402
20 274
24 414
94 231
94 299
84 213
71 274
59 429
69 266
32 253
19 253
15 238
10 410
62 363
38 339
79 206
74 486
55 382
69 383
95 418
60 246
67 245
61 295
57 423
48 280
45 221
95 499
79 441
16 460
66 265
100 253
32 288
50 250
61 336
42 332
34 364
87 434
93 447
32 333
83 288
82 293
81 495
84 266
33 450
15 488
13 273
50 484
41 478
30 229
25 416
10 315
71 239
57 387
13 477
65 304
66 381
29 272
22 439
21 208
19 313
89 300
84 486
12 394
45 215
71 474
47 285
62 357
75 235
33 208
51 462
81 475
35 409
15 416
66 333
100 433
96 369
15 229
80 213
94 464
93 296
37 408
89 423
10 403
24 258
57 419
75 372
88 311
91 388
10 325
72 349
11 365
51 488
45 269
77 267
61 479
19 418
25 493
56 349
77 248
65 204
51 376
78 258
39 354
84 361
41 416
56 434
75 477
12 425
43 371
66 477
65 303
98 433
36 485
21 439
77 438
16 448
69 467
19 448
69 401
54 498
11 267
96 295
22 250
12 489
93 460
65 468
97 359
53 306
32 432
51 324
94 336
42 381
96 476
23 372
61 385
81 340
84 301
54 446
90 404
68 471
24 398
93 375
65 287
96 298
63 424
11 286
58 342
34 311
48 493
33 341
32 352
23 278
96 364
28 202
24 457
30 380
90 359
12 310
20 433
95 363
61 228
45 314
93 313
78 335
34 357
93 381
31 405
78 309
91 483
65 285
100 482
59 492
60 468
96 235
76 408
97 455
49 296
99 454
28 392
35 362
94 263
61 456
88 451
59 235
88 273
99 269
62 233
92 394
35 260
45 248
94 226
90 302
37 470
74 430
81 343
60 359
80 283
15 322
11 276
61 415
41 376
93 403
70 444
13 308
89 425
58 421
44 307
78 221
15 226
79 388
12 442
76 473
11 259
12 207
99 349
55 485
76 304
85 383
12 382
93 200
54 295
35 455
14 341
21 377
16 326
21 383
44 209
55 240
85 347
47 301
37 419
39 220
57 371
11 270
29 291
12 257
98 389
23 435
94 437
37 243
40 274
35 329
52 229
72 499
54 366
36 320
64 334
47 256
43 441
32 456
97 294
88 315
25 473
22 359
51 311
88 421
51 276
71 367
56 267
82 379
50 465
44 416
37 237
78 201
29 496
85 459
88 367
36 470
89 272
37 448
50 479
36 467
92 265
100 308
92 447
10 214
16 383
62 358
78 350
29 347
57 265
39 383
92 276
10 220
66 429
35 430
15 234
60 461
20 427
44 381
58 402
59 484
95 273
23 204
68 449
49 267
99 354
58 395
97 250
86 477
49 281
69 385
34 200
14 363
95 311
99 250
99 387
32 296
31 323
44 382
77 349
12 484
62 347
44 382
35 491
74 324
39 213
45 335
78 251
60 442
13 491
41 323
32 474
20 337
62 367
96 265
37 366
84 468
38 375
64 308
47 406
54 386
87 390
56 382
91 469
15 252
81 212
58 234
26 244
72 480
39 289
69 376
82 492
72 366
33 340
90 482
42 407
62 465
49 286
62 436
40 368
50 412
30 313
39 366
83 215
23 466
31 288
95 208
51 384
38 396
17 297
60 218
25 391
85 499
83 226
57 481
67 371
49 274
59 236
33 289
79 432
70 305
100 346
65 499
83 385
41 451
74 469
55 435
66 349
16 285
39 316
78 468
23 305
46 420
95 379
30 342
87 212
35 280
53 458
52 285
100 421
78 273
37 403
25 446
25 339
41 326
10 496
66 391
90 284
12 391
89 216
74 472
75 326
77 336
15 278
69 323
65 407
40 234
86 303
84 259
39 410
17 346
51 377
17 403
38 244
77 270
59 473
17 289
12 242
31 330
66 296
38 467
53 248
21 209
77 380
55 292
73 301
62 392
88 423
53 336
96 235
59 477
33 398
40 255
67 440
22 209
68 236
52 436
72 427
65 435
58 413
70 293
34 465
98 390
54 426
54 303
33 330
93 418
87 294
62 417
10 306
39 468
78 300
41 376
44 246
50 230
14 338
75 371
42 256
13 388
76 234
89 392
77 469
35 341
30 230
33 495
25 382
89 378
42 262
42 458
79 313
84 466
55 260
75 452
84 345
90 497
52 478
75 443
21 447
99 407
50 239
63 212
100 260
21 351
88 341
34 381
51 495
50 354
29 432
100 268
19 343
79 354
29 454
42 465
70 278
36 326
41 221
92 487
56 426
89 405
72 344
64 471
29 380
72 341
44 328
69 337
40 423
67 489
54 486
17 225
19 325
86 329
48 337
98 377
96 401
54 227
98 264
43 382
37 271
83 454
56 330
41 318
51 480
100 378
24 208
17 227
12 452
91 429
50 420
60 249
37 285
66 314
38 274
69 492
67 417
91 442
18 485
62 298
83 263
54 377
67 327
10 354
34 208
35 265
96 286
74 498
16 391
21 418
38 255
63 457
47 304
33 467
38 355
67 451
46 490
34 439
52 481
89 294
78 222
13 366
26 474
60 377
70 423
83 226
13 204
18 348
89 329
21 294
26 328
91 350
15 372
29 282
65 280
49 289
11 484
69 360
46 215
66 468
15 280
66 365
85 425
75 341
69 275
53 486
27 429
10 420
37 374
59 350
17 275
87 454
67 292
90 363
91 299
35 245
57 273
68 413
82 371
68 450
82 387
89 299
33 469
10 314
72 418
14 494
20 353
87 449
100 209
60 201
85 391
13 386
94 406
36 359
67 300
79 422
84 442
10 201
55 437
29 451
23 228
21 244
77 340
81 224
91 202
84 305
42 221
33 254
20 288
64 403
15 471
80 223
62 242
21 219
98 288
13 230
26 363
24 345
39 414
86 250
89 344
21 257
72 295
73 241
93 474
77 420
85 216
12 253
52 416
32 435
16 492
78 468
67 437
96 254
50 482
42 215
67 359
75 440
88 282
37 286
36 374
58 448
22 397
73 347
91 472
68 214
47 496
100 214
90 294
63 481
39 271
84 299
11 468
50 282
59 469
87 254
81 323
76 430
21 401
21 230
61 307
26 232
77 475
65 432
74 212
22 243
38 307
61 412
17 279
83 221
41 311
32 236
29 226
32 351
63 441
97 247
38 323
38 247
91 223
87 316
36 289
29 268
58 399
20 368
44 423
48 372
78 363
50 314
85 323
92 213
68 244
24 458
63 237
63 466
98 381
34 296
11 389
13 264
87 242
78 464
33 220
58 397
49 243
62 471
33 426
33 327
94 443
50 286
52 237
79 439
70 281
89 286
19 296
84 456
33 482
79 202
39 253
20 231
51 308
27 360
78 384
29 402
88 469
43 453
89 489
42 322
41 374
83 438
77 457
99 207
26 311
18 286
30 306
50 359
91 268
45 397
71 455
93 476
50 235
52 378
28 268
50 440
68 305
100 362
51 218
97 449
38 276
38 443
88 302
82 245
99 268
100 271
61 490
81 344
99 424
93 395
33 419
75 384
81 211
89 234
89 312
51 308
16 417
91 269
20 249
35 388
15 206
94 238
43 404
30 419
60 301
57 217
71 448
37 493
22 395
72 388
26 459
80 343
55 445
43 393
96 477
90 209
56 387
30 427
20 328
30 316
80 357
16 398
25 484
55 462
75 366
92 334
56 294
41 449
58 338
45 481
96 320
71 245
71 437
39 246
58 215
14 443
53 445
42 426
71 480
22 254
84 486
54 419
93 263
57 266
75 457
57 465
80 435
74 483
71 329
85 334
79 289
20 466
80 366
16 410
55 477
13 491
86 250
32 490
21 224
82 463
34 500
19 457
18 335
71 453
12 365
24 257
24 363
66 385
39 312
98 323
17 457
23 499
74 472
88 268
40 441
88 427
23 407
86 273
42 219
26 454
28 261
80 236
28 484
89 401
34 465
96 282
13 287
87 325
70 217
79 453
96 423
27 347
25 460
56 319
39 344
19 312
67 233
52 277
50 217
59 459
43 451
68 300
79 321
41 245
82 266
11 244
39 224
49 267
48 459
28 412
31 358
87 456
42 269
52 254
85 210
73 467
18 253
28 448
49 339
89 410
31 337
24 343
72 243
31 294
22 496
49 253
40 427
10 442
80 491
71 480
16 457
45 360
75 360
29 230
75 498
60 352
61 292
73 496
92 355
95 235
43 243
26 350
31 247
24 363
31 235
27 437
83 436
70 400
79 301
87 242
22 319
67 381
37 338
21 495
33 414
48 490
65 268
18 324
43 379
12 250
71 477
19 304
46 481
63 456
47 331
85 379
49 289
49 309
98 334
58 369
83 232
12 403
77 447
87 313
96 412
91 489
72 299
19 248
95 494
49 361
75 399
54 473
92 498
16 365
69 284
35 329
76 290
89 365
64 457
25 312
80 289
79 455
69 240
76 417
78 405
58 256
11 214
83 241
20 260
61 293
69 388
30 409
39 402
13 465
63 449
68 426
50 223
10 426
89 332
89 496
54 368
71 341
64 229
27 292
95 236
15 331
26 204
61 300
60 210
10 464
45 238
35 497
69 268
57 274
65 462
39 387
98 270
44 358
16 307
88 287
39 233
27 465
82 356
64 343
95 278
71 274
50 444
40 328
84 339
82 310
48 370
38 378
36 473
96 437
33 435
60 371
76 391
35 405
71 350
14 361
33 302
74 494
87 352
98 455
54 422
36 290
52 261
37 429
89 402
74 262
69 287
55 202
63 218
17 422
85 403
14 244
13 416
98 499
45 308
23 258
37 468
80 218
66 464
75 211
56 210
84 399
35 457
75 473
71 206
92 291
19 425
80 312
37 322
66 357
90 463
23 409
82 461
22 407
26 272
55 487
89 442
12 226
29 435
81 321
38 341
62 248
31 445
77 355
89 421
46 447
37 324
58 261
68 481
19 407
20 335
35 483
19 427
38 372
84 457
45 250
44 302
76 313
17 409
39 212
10 378
74 410
50 262
100 485
55 438
18 495
89 484
80 247
88 435
53 219
79 310
46 388
64 266
94 358
26 366
67 201
60 277
70 495
79 381
71 280
40 319
14 239
38 450
80 461
17 404
87 474
36 499
25 376
97 259
61 489
95 352
55 418
75 350
17 466
84 340
94 497
73 269
42 210
99 220
80 301
61 451
56 387
51 334
77 212
43 244
22 267
72 389
83 222
45 397
53 467
85 484
95 445
62 448
75 220
66 425
66 341
37 293
13 323
46 239
42 269
34 234
16 378
75 321
96 410
59 286
91 453
11 238
70 220
76 300
77 403
16 259
57 349
17 219
75 228
58 206
85 291
25 382
41 413
60 215
26 420
54 397
14 269
92 468
35 370
73 278
98 241
61 463
75 439
32 312
37 490
74 263
78 307
83 396
95 397
61 240
51 462
27 336
78 321
47 269
39 370
31 461
14 434
98 251
12 353
45 338
62 430
67 269
23 244
11 205
83 325
82 405
85 431
59 266
88 292
81 440
68 433
69 271
83 220
14 488
49 434
40 414
21 374
58 349
10 397
59 205
38 348
86 257
19 399
54 228
40 357
22 351
36 266
33 405
11 494
20 409
40 364
68 290
11 255
92 404
92 241
64 423
45 217
59 365
47 251
51 305
91 310
93 447
61 378
53 411
16 390
29 246
67 341
50 240
66 473
86 245
45 252
93 351
52 396
88 435
71 307
29 254
71 496
41 491
91 250
10 442
10 420
42 443
70 222
52 354
76 377
99 458
40 316
54 447
59 473
33 357
86 371
43 395
27 310
42 438
75 485
67 498
25 265
96 413
97 373
36 482
37 415
47 376
41 395
65 440
49 453
35 396
58 406
81 439
23 424
100 273
18 453
26 312
82 461
71 454
21 240
13 229
47 271
32 434
58 476
48 333
38 369
84 200
58 318
78 239
57 212
22 400
96 332
51 382
12 435
18 272
34 218
41 379
79 205
66 204
13 385
49 308
39 315
81 276
67 446
21 374
88 326
79 321
24 483
23 449
58 235
56 291
42 322
16 292
13 481
63 206
38 332
11 418
88 321
18 279
93 258
31 422
16 373
79 291
47 444
10 471
22 208
40 482
97 481
45 356
72 319
70 275
100 375
31 296
52 436
58 460
21 225
40 276
42 322
11 452
64 304
37 495
20 433
11 341
67 499
34 271
44 257
93 466
65 288
10 325
15 386
31 416
91 312
61 207
87 206
28 399
63 330
44 322
75 317
97 424
44 358
34 330
78 290
39 244
93 307
28 299
51 300
40 302
27 355
80 295
15 217
71 370
69 284
58 358
12 353
39 466
92 475
79 323
79 341
81 340
46 434
85 338
11 403
81 394
69 449
85 368
75 381
59 211
23 479
41 367
77 298
26 239
32 377
53 285
65 478
51 363
86 312
51 393
12 340
68 471
99 224
62 452
61 325
71 371
80 480
17 383
71 267
78 349
81 232
73 360
54 205
99 318
11 474
79 230
88 495
55 299
51 288
76 374
80 412
40 215
10 480
68 468
33 217
43 389
66 397
65 457
82 221
65 468
29 432
67 205
42 449
72 344
27 252
48 399
47 460
72 252
41 210
35 383
75 483
84 476
37 270
29 229
28 354
72 484
80 445
33 410
49 491
57 327
96 219
79 354
90 338
44 366
43 375
48 273
91 270
64 486
87 379
54 329
29 461
31 215
54 499
73 445
12 479
22 378
41 246
94 477
95 438
52 430
60 290
98 418
38 450
68 347
97 367
100 258
91 236
77 431
92 500
36 421
31 396
55 425
93 330
47 474
39 443
40 277
95 305
92 290
14 347
28 332
88 361
79 238
11 464
75 278
57 242
50 339
66 245
57 227
60 414
61 340
99 354
94 286
44 310
43 462
61 210
11 368
41 433
80 466
88 273
90 257
73 491
93 451
51 459
50 309
97 429
15 478
18 213
14 490
100 389
54 228
24 494
26 469
35 302
52 321
67 427
37 439
87 222
31 352
31 316
54 252
88 257
39 275
74 242
65 394
44 465
51 229
63 267
67 383
25 381
81 493
29 229
75 424
90 218
60 482
83 434
55 328
80 462
83 211
80 417
98 333
72 225
89 287
68 309
39 411
44 320
82 496
80 482
86 350
69 392
43 283
67 263
76 215
34 313
16 477
76 278
98 308
14 370
35 295
57 262
72 367
37 307
71 430
80 429
93 237
18 309
54 344
76 230
75 294
57 232
84 271
85 278
70 313
29 223
24 325
76 362
47 316
18 252
37 457
80 223
91 499
18 314
26 351
80 349
64 386
35 464
22 391
81 286
61 440
39 309
55 242
40 205
72 338
62 302
91 385
81 288
84 304
41 424
90 444
54 348
63 404
53 486
51 251
19 496
86 227
94 454
17 223
86 326
89 414
94 405
42 451
76 430
80 292
79 407
43 376
75 264
64 264
34 322
13 218
32 255
46 370
82 213
66 416
11 453
68 216
87 325
85 248
79 420
32 357
49 224
42 330
78 260
57 235
26 209
100 397
11 497
27 471
68 358
13 299
90 413
26 366
34 481
92 240
45 403
76 477
95 379
24 464
29 200
38 219
31 200
46 421
89 432
69 456
99 475
41 298
97 319
81 322
74 225
49 449
11 208
56 303
48 231
32 225
40 264
65 439
13 410
47 460
27 499
64 329
95 419
31 257
14 289
38 285
37 490
13 441
18 459
88 284
82 310
77 419
32 302
90 337
43 363
43 303
58 409
39 231
91 257
98 262
25 416
90 358
66 331
43 353
14 342
85 478
57 444
60 223
93 401
31 456
38 405
12 374
61 389
39 390
18 443
63 240
24 249
92 263
98 446
18 418
72 250
50 437
53 240
25 438
49 269
51 453
10 401
27 236
11 231
67 484
45 277
59 280
89 319
93 455
91 458
51 249
93 267
45 400
91 395
99 446
59 480
34 386
56 474
75 367
60 497
83 427
77 271
16 348
98 248
51 353
100 474
13 413
45 337
55 495
24 399
83 444
18 236
33 206
20 399
37 463
92 421
64 417
67 293
87 330
32 366
15 297
82 334
41 278
74 270
69 400
55 411
24 295
74 370
44 354
98 372
16 413
98 403
74 232
94 394
82 236
50 243
10 298
58 240
64 245
80 296
36 228
54 236
68 352
51 323
65 374
89 271
17 486
95 365
67 369
94 227
30 467
51 385
81 295
25 338
47 484
47 234
100 340
22 233
73 325
85 447
28 498
62 233
39 391
69 399
61 356
97 362
21 395
28 335
99 420
52 280
17 254
71 364
44 283
90 335
63 400
60 355
64 248
32 329
86 486
51 447
32 402
98 361
10 303
51 236
21 315
61 375
46 379
89 263
31 282
12 268
15 429
82 378
91 460
24 314
21 432
93 484
82 318
40 329
14 237
43 342
38 430
60 471
42 402
70 418
43 330
10 414
50 308
33 383
13 497
70 461
28 205
21 210
51 486
81 443
50 453
50 323
88 499
68 389
65 226
45 281
25 491
99 313
82 234
96 263
31 441
25 408
81 365
48 269
96 206
94 321
22 494
76 290
98 437
82 238
87 483
23 216
25 313
29 470
43 273
98 276
98 205
13 409
13 401
26 470
50 387
97 315
17 383
78 269
31 230
83 429
38 375
72 384
71 223
13 482
32 336
30 208
24 240
61 410
55 343
79 246
50 369
73 307
100 413
41 217
25 381
91 354
73 390
60 390
69 238
100 357
82 429
74 465
16 480
76 257
28 202
18 249
45 312
42 269
47 430
27 366
13 231
69 263
32 405
36 482
99 272
45 317
19 452
38 368
60 353
40 201
37 427
63 425
46 304
15 213
84 229
62 241
56 348
81 381
65 455
86 444
42 450
97 477
56 239
84 230
18 218
10 498
41 481
17 433
74 314
77 267
62 274
62 354
21 311
12 372
48 294
93 241
35 325
48 292
41 311
13 205
61 302
48 223
84 374
32 265
86 351
86 280
90 389
72 244
42 366
40 214
79 429
77 402
38 273
48 367
63 264
35 463
72 375
70 347
82 391
30 485
54 493
85 364
15 448
61 279
47 221
43 223
93 298
83 203
89 368
16 204
89 491
28 497
14 402
86 362
43 204
33 231
37 361
46 277
26 302
96 371
13 450
97 222
12 217
27 367
26 344
95 265
28 237
44 449
27 304
34 430
89 355
100 203
27 356
21 222
96 386
24 480
46 486
96 280
89 476
92 336
62 216
35 351
79 361
65 391
53 308
19 222
63 280
20 377
18 255
41 292
93 490
12 224
65 471
93 477
73 500
75 463
86 463
68 218
86 260
24 237
39 228
33 228
96 233
35 443
28 201
71 228
74 203
11 466
71 305
45 368
40 203
85 270
35 291
98 488
39 447
12 468
61 482
59 482
32 350
77 252
67 408
24 291
74 231
32 334
73 449
94 390
39 230
45 316
85 498
93 421
70 276
44 367
47 333
95 220
94 222
35 231
35 251
55 239
28 329
59 316
98 274
56 478
47 364
17 324
87 345
61 253
21 331
41 376
88 218
43 344
22 367
95 419
71 396
62 398
43 230
42 301
26 419
29 306
42 321
11 393
16 373
39 336
57 315
38 365
58 358
41 322
56 230
34 392
92 398
68 451
60 252
27 430
50 280
92 452
91 313
28 316
18 238
78 387
26 465
25 385
94 458
60 295
45 498
28 414
33 225
78 220
48 315
58 396
59 383
33 244
22 440
99 430
61 262
48 229
99 316
67 246
72 371
57 210
64 226
24 461
23 487
69 226
50 328
11 445
46 268
10 456
39 248
41 435
55 400
30 234
95 327
61 488
68 319
90 212
45 319
18 294
96 351
72 356
20 492
61 439
62 239
67 466
77 426
98 295
76 262
92 239
69 307
52 285
23 371
20 470
45 219
33 244
22 384
93 298
32 451
95 334
67 328
91 475
58 449
83 328
70 347
73 348
80 240
81 277
56 429
69 400
36 310
85 266
13 294
87 267
83 349
89 432
41 399
64 480
31 424
92 306
73 372
45 422
78 234
63 271
69 245
79 359
93 313
96 496
94 238
48 349
62 362
42 262
70 435
98 356
95 246
44 377
52 263
37 227
94 246
71 208
91 467
20 344
65 490
42 436
51 351
51 262
71 314
59 222
96 314
84 356
62 238
74 425
59 229
50 296
70 499
30 315
59 369
97 494
100 247
89 284
72 464
15 360
93 419
35 224
37 460
40 290
52 312
18 498
31 415
32 417
32 296
51 276
100 389
22 272
39 448
65 282
57 401
60 387
51 274
90 301
20 490
83 429
87 355
80 443
13 418
63 381
71 288
70 376
14 226
32 361
100 203
60 283
21 386
58 223
58 329
57 340
29 466
46 369
84 393
41 339
44 368
76 221
60 477
38 331
44 294
23 426
65 436
52 451
46 427
91 428
63 247
78 272
40 284
14 282
56 451
64 485
92 390
58 474
37 352
32 267
63 245
67 493
90 399
93 500
88 314
46 279
47 443
86 323
17 491
54 453
52 224
70 459
46 392
11 229
30 485
61 439
50 238
10 460
16 271
81 211
56 284
98 496
57 340
33 203
89 422
44 470
47 342
91 309
48 308
73 476
42 384
14 221
30 242
37 309
23 338
84 397
88 309
26 348
26 358
25 426
80 204
99 424
26 272
63 279
43 269
86 321
75 418
37 273
57 220
48 472
36 350
57 480
11 407
75 305
75 376
85 243
11 375
88 476
34 398
100 476
92 258
60 317
38 387
40 333
14 420
72 464
99 319
71 477
54 218
43 240
14 210
90 223
27 448
50 230
43 452
19 260
88 250
70 383
18 467
63 242
78 218
70 405
70 398
93 312
55 361
97 259
71 333
82 204
80 229
93 375
34 240
64 388
87 211
36 426
33 235
35 312
94 474
41 339
15 296
41 235
76 201
73 225
39 325
51 314
38 264
85 233
99 322
36 294
71 441
97 259
68 488
59 228
43 235
78 229
39 217
98 486
62 308
31 251
40 240
63 486
69 252
84 307
48 339
68 406
35 319
30 255
49 484
71 465
85 349
29 299
74 206
82 334
67 295
80 446
38 449
29 338
43 348
80 221
76 244
17 215
66 290
20 367
69 251
13 241
46 222
66 215
66 426
98 292
31 382
84 254
74 366
73 228
31 234
51 450
16 477
25 339
48 484
57 288
33 234
22 334
45 420
41 484
43 346
51 263
69 210
39 357
90 407
12 390
71 383
34 418
65 253
66 323
38 461
73 471
35 440
29 450
26 351
34 402
14 457
39 223
62 481
69 343
33 463
79 226
24 270
71 454
52 451
44 259
65 387
94 304
92 231
59 434
89 487
84 328
21 498
29 359
81 481
78 314
59 484
61 237
22 233
68 326
74 217
23 293
18 312
27 428
45 451
71 475
77 445
42 279
29 453
24 369
67 338
31 274
28 271
15 272
67 200
20 487
75 482
69 319
56 426
46 386
79 356
40 211
77 411
60 492
14 427
23 444
83 240
49 283
79 227
58 314
27 452
76 495
18 329
92 477
100 360
18 380
61 472
50 265
92 380
51 444
37 314
66 268
61 354
37 414
59 404
75 409
17 278
84 238
64 215
43 411
30 274
95 289
17 430
35 326
98 308
57 313
93 406
98 275
80 430
46 441
73 415
30 439
40 200
59 349
60 338
19 289
60 298
77 356
12 430
82 286
95 449
88 459
13 229
57 364
35 421
38 491
83 352
41 226
43 303
69 266
45 332
35 302
100 432
25 355
67 388
27 399
89 238
12 440
15 238
92 424
69 357
93 493
42 241
27 258
23 342
30 484
81 379
69 301
56 492
61 370
44 295
38 465
100 325
40 349
52 406
100 271
52 385
62 469
78 230
75 220
27 300
28 243
12 238
95 488
34 498
88 307
51 375
16 425
18 373
18 312
32 244
71 289
25 395
37 304
27 233
10 495
59 226
60 261
70 279
35 242
26 354
25 318
38 369
71 478
48 214
61 269
13 421
60 436
71 365
75 438
51 262
49 481
21 316
77 301
70 488
37 370
25 442
70 268
91 479
16 251
72 284
62 500
69 377
94 468
25 374
43 389
23 485
83 224
44 308
68 445
24 418
16 284
64 500
100 369
69 347
100 420
53 489
15 284
89 253
13 357
46 355
87 362
82 313
47 390
44 410
46 364
27 347
51 436
44 248
15 273
73 473
60 225
82 311
90 225
80 258
91 239
92 325
38 202
62 486
16 257
61 475
54 221
21 317
75 468
99 210
75 459
84 483
12 343
52 241
52 406
10 499
26 463
72 295
46 460
47 305
82 424
57 386
38 350
48 300
77 265
46 255
34 493
38 457
48 280
99 401
81 497
85 329
71 420
14 321
96 402
58 344
11 204
29 219
36 430
59 369
67 328
16 418
77 412
97 353
77 219
30 376
57 401
17 372
77 327
88 449
80 367
12 354
13 220
37 424
89 391
42 395
43 217
62 288
46 384
88 318
53 393
87 317
76 449
43 312
69 431
78 304
29 252
82 368
64 479
25 472
57 333
60 337
23 427
63 477
70 212
89 413
74 238
38 448
69 468
18 210
18 218
38 395
28 421
76 292
45 251
34 217
29 379
99 433
22 477
17 314
64 454
57 343
72 205
94 427
35 298
48 320
87 399
87 285
12 475
50 218
71 390
57 360
37 287
85 322
70 400
30 450
88 361
78 293
41 331
70 339
36 304
26 445
46 372
44 322
29 356
13 321
74 222
42 262
68 222
50 270
71 218
41 224
64 261
88 495
43 235
79 219
64 440
100 290
24 443
66 406
44 399
49 343
82 457
72 479
23 237
57 350
100 268
60 334
59 440
38 419
58 309
79 211
28 351
38 308
37 463
39 340
25 240
42 231
76 285
63 425
42 258
36 277
60 397
75 353
87 437
27 209
73 409
18 293
90 323
86 251
94 364
51 345
19 272
69 299
13 387
73 429
57 247
57 220
48 416
42 480
87 292
31 347
18 459
12 209
40 239
78 214
29 349
96 205
65 235
22 227
49 277
84 316
11 411
29 417
24 356
91 377
20 282
77 449
14 414
79 470
84 416
31 254
76 292
95 384
81 312
79 499
73 316
43 362
18 348
39 250
77 423
49 401
41 452
68 495
58 205
97 215
93 397
61 385
43 277
79 265
80 429
24 478
35 275
42 469
35 366
28 324
91 446
51 292
46 324
83 460
18 450
51 500
59 443
49 284
75 402
33 308
37 361
22 221
20 322
95 307
24 457
64 224
96 456
52 498
77 301
88 358
67 280
65 346
58 440
72 441
30 278
93 318
58 231
72 323
58 277
29 289
95 309
94 334
14 379
85 242
33 437
82 429
28 405
70 488
13 453
24 383
52 375
98 367
20 339
84 259
52 368
56 347
12 411
90 440
11 262
13 468
10 280
78 464
84 419
20 277
95 226
37 350
40 409
62 308
56 455
34 361
11 414
98 247
46 439
36 261
24 368
34 397
77 373
22 382
29 458
64 411
19 368
77 386
24 475
69 222
37 258
31 500
90 289
58 496
31 433
89 477
76 234
40 497
41 431
66 397
38 286
38 322
73 215
13 377
60 450
73 368
28 481
79 429
38 261
59 246
37 430
22 242
77 294
55 319
95 366
85 362
56 272
34 252
44 440
31 225
26 277
44 346
14 408
69 225
67 448
19 412
45 242
60 340
73 391
46 259
42 424
17 407
23 354
33 481
48 287
13 483
12 297
26 320
78 351
66 422
29 416
91 475
96 486
39 493
19 222
16 382
76 421
56 339
71 447
99 368
88 222
36 346
66 427
59 221
37 310
40 325
53 475
74 382
35 363
34 285
95 374
48 228
70 204
21 318
37 384
48 433
75 284
67 475
26 494
37 486
57 388
26 278
51 359
66 271
19 231
19 355
46 272
91 449
69 499
99 426
21 200
36 236
74 386
43 493
34 405
23 433
90 487
99 404
46 369
70 315
70 280
22 254
54 301
37 327
69 217
34 379
34 359
46 250
15 324
15 374
65 367
37 218
21 214
11 447
15 296
11 283
14 480
97 478
44 288
50 277
21 305
99 271
87 320
98 458
76 210
47 370
30 284
11 480
26 259
88 482
37 488
60 481
84 299
69 497
97 210
46 390
45 229
17 227
42 480
76 440
70 464
28 316
14 446
48 296
85 220
15 258
41 490
70 373
39 445
95 425
10 391
60 417
38 474
30 467
34 328
57 341
36 464
10 237
57 200
23 313
90 309
17 427
11 410
99 335
32 417
82 457
50 272
32 477
62 266
27 396
11 247
97 333
66 442
84 369
61 402
18 412
43 353
35 206
18 437
91 263
43 299
81 409
67 342
41 314
17 226
32 200
87 496
63 482
96 452
28 328
98 281
60 261
68 326
91 343
35 307
34 313
15 375
31 225
70 305
55 323
75 246
49 251
21 405
66 377
12 332
26 357
74 442
19 495
78 435
72 227
43 494
50 396
26 259
74 232
88 458
25 342
21 427
76 393
84 426
93 334
42 472
11 318
11 358
65 378
73 400
61 231
48 443
16 408
89 296
12 264
62 243
54 404
99 248
23 499
78 314
30 429
78 272
79 396
95 309
74 420
86 376
35 350
51 326
13 218
22 447
32 373
87 437
27 358
59 322
30 356
46 387
100 471
72 281
18 287
38 338
87 398
69 407
64 281
16 202
12 404
36 279
73 337
11 252
23 399
30 248
13 310
84 289
96 293
43 397
91 259
48 336
11 498
52 351
42 276
31 225
94 200
70 455
86 270
55 280
10 381
42 223
94 462
15 220
50 431
18 384
36 350
71 293
79 211
18 273
88 246
19 216
50 404
100 332
66 427
89 391
83 438
70 297
63 425
82 403
40 382
60 243
63 255
74 277
60 280
15 252
76 347
81 270
56 437
68 422
88 211
41 470
40 477
99 247
92 232
21 205
87 486
15 395
56 386
43 204
24 219
70 440
26 273
69 315
47 310
10 373
46 350
57 469
95 308
31 425
52 415
35 253
67 429
94 389
35 266
45 478
92 450
93 351
17 376
98 482
51 202
78 204
93 396
62 376
97 438
90 292
41 481
56 200
17 492
74 421
38 231
46 292
22 213
92 401
53 358
37 272
49 436
43 462
56 448
28 283
94 438
16 487
86 469
86 224
10 274
52 416
85 241
22 234
43 349
44 341
55 267
96 366
39 438
35 333
49 465
91 220
77 239
29 468
22 392
72 315
82 386
69 220
65 487
26 430
10 440
100 290
85 483
11 458
49 232
62 203
59 404
29 297
67 429
51 348
70 204
18 485
90 493
71 265
74 459
68 212
64 264
82 353
41 208
78 314
36 298
67 487
63 290
75 393
50 296
61 486
55 203
24 440
63 374
14 322
89 449
64 428
18 387
16 458
46 288
28 435
40 337
20 387
33 402
21 343
81 268
100 247
22 498
32 466
25 389
28 401
24 371
72 350
82 306
71 401
25 327
15 279
36 455
48 340
81 443
48 303
11 209
86 481
79 234
52 275
60 431
61 209
69 201
96 257
10 415
84 450
71 493
33 455
69 392
72 252
47 225
64 243
75 404
25 491
74 418
46 311
16 440
98 399
29 378
25 498
39 364
61 232
52 374
60 302
72 229
76 298
95 460
19 488
42 364
21 250
71 443
92 430
17 380
53 221
99 233
18 298
84 365
90 201
16 265
62 253
71 408
49 247
30 493
88 428
100 411
84 387
19 237
10 434
27 343
53 423
38 423
69 222
47 300
64 326
98 276
47 409
70 480
50 498
61 440
32 227
89 353
46 402
82 378
79 256
16 289
78 345
63 449
73 299
58 340
70 415
14 202
40 247
19 228
45 352
33 419
46 215
73 441
37 411
46 251
16 338
53 394
13 251
46 248
70 392
65 474
67 201
63 327
60 355
94 242
59 220
25 335
92 482
95 402
59 342
87 256
99 493
65 412
46 241
40 291
58 245
98 437
81 438
75 494
50 368
52 300
47 394
94 425
17 409
74 465
44 478
47 480
17 471
61 411
12 299
75 343
12 465
38 339
49 343
77 496
33 265
88 400
48 377
79 283
86 348
38 234
30 268
25 244
40 302
97 449
31 356
18 443
96 319
70 222
11 312
33 423
81 460
75 336
55 293
53 320
22 468
22 465
73 265
86 473
14 363
98 216
52 461
75 338
15 490
83 491
60 276
58 427
80 433
75 271
38 432
81 365
62 444
46 332
30 287
36 325
67 474
39 417
93 300
20 463
65 314
30 339
24 264
18 324
100 226
44 421
11 485
42 254
71 363
51 385
26 440
96 349
27 300
19 245
38 270
87 387
75 410
72 472
85 489
46 368
63 440
38 422
21 322
44 300
28 312
89 385
78 444
44 414
18 248
84 341
72 416
93 400
77 201
89 247
98 417
61 455
67 453
78 229
39 352
22 209
22 212
55 465
11 376
11 398
42 286
19 441
72 215
13 276
83 462
25 457
79 438
93 432
82 485
77 363
98 489
85 249
70 214
26 355
82 290
44 264
82 241
43 327
72 243
91 222
91 375
87 331
45 287
68 400
66 473
17 358
12 384
90 360
31 268
98 238
12 466
42 483
48 204
37 462
21 361
80 252
87 361
88 296
61 345
27 418
69 207
60 477
27 381
61 489
71 299
68 204
15 277
56 220
75 495
79 329
64 415
15 339
77 413
51 421
65 380
34 272
56 363
58 477
49 282
92 390
29 440
45 345
21 279
41 497
91 296
53 378
31 354
20 484
67 350
53 221
83 242
18 314
24 240
28 347
38 204
36 454
85 329
99 308
79 412
99 482
13 328
40 365
25 222
49 498
28 201
67 350
86 261
19 347
95 204
79 374
100 481
96 300
93 323
42 467
88 462
57 390
99 454
41 220
55 352
23 348
89 485
91 345
72 411
90 246
90 487
51 322
90 445
89 474
94 279
16 449
78 285
34 279
67 342
17 214
100 316
11 346
63 206
25 245
17 432
16 230
90 460
11 231
20 473
61 369
36 343
85 241
47 405
61 416
91 369
42 489
51 490
95 485
88 222
55 363
40 320
54 321
72 444
100 432
61 307
48 467
44 366
71 327
95 227
10 214
52 371
92 330
75 484
23 255
58 292
19 410
45 208
17 440
88 281
14 367
30 420
52 236
38 240
61 254
98 304
34 412
94 470
96 285
10 305
47 409
56 206
99 258
90 496
24 416
76 267
79 363
88 314
22 472
96 461
65 319
88 493
96 489
67 472
65 314
79 311
41 423
38 238
78 230
46 327
57 259
37 426
71 330
18 219
94 292
73 225
60 494
10 290
57 378
62 403
14 286
94 412
27 229
76 389
11 382
13 454
49 358
47 312
35 368
73 488
22 260
40 219
21 429
44 383
79 370
96 497
90 497
28 363
19 256
66 233
85 215
86 327
80 315
60 311
94 470
86 341
84 260
59 431
74 418
25 493
52 296
88 442
100 295
49 318
26 305
46 237
53 236
89 443
70 451
53 231
34 301
50 348
18 431
66 247
91 340
50 334
55 478
38 477
60 329
27 321
98 344
78 202
11 420
90 480
67 448
14 239
34 281
62 307
52 363
94 259
61 394
39 336
88 367
24 341
97 356
77 378
20 268
23 277
36 223
63 256
99 466
47 418
21 381
45 406
42 379
59 445
35 256
63 290
71 343
76 316
71 341
77 397
60 271
19 244
19 429
43 465
38 396
57 338
96 407
66 219
83 458
30 205
29 494
46 334
22 476
20 233
28 392
27 373
94 301
81 457
98 217
74 423
57 251
92 388
75 254
42 443
34 269
28 475
62 493
97 297
40 207
20 234
19 458
89 311
26 273
16 288
83 437
12 452
64 220
98 396
13 445
49 235
73 484
98 475
32 266
25 445
63 350
73 422
26 283
38 314
30 499
19 395
78 362
22 321
31 385
32 355
67 252
79 241
93 348
26 462
32 485
93 386
31 231
73 339
25 237
43 369
99 355
66 369
81 308
70 296
51 405
90 470
81 289
63 391
97 424
50 499
38 456
29 491
97 389
59 500
94 230
74 309
62 329
85 299
17 365
44 328
63 295
83 425
55 205
69 219
41 417
33 285
13 350
81 257
45 302
38 312
49 373
46 467
41 347
42 337
38 411
76 230
27 461
88 288
20 269
77 344
28 325
74 256
53 352
48 361
10 318
96 287
77 393
49 390
79 268
72 200
75 442
23 434
59 485
26 317
74 278
37 438
57 289
76 277
71 204
13 395
52 360
20 210
56 485
90 292
95 427
94 481
26 271
77 270
34 333
61 206
49 246
89 264
51 335
21 225
95 477
83 359
39 300
29 338
70 269
73 234
87 471
49 313
37 377
95 495
17 417
22 371
96 343
69 247
82 423
74 215
58 391
40 434
67 493
90 473
30 450
53 455
82 471
73 308
70 297
87 255
75 251
50 478
62 258
86 270
53 246
91 278
33 408
14 325
42 481
42 410
19 252
32 497
93 330
63 319
79 406
55 391
10 249
94 249
31 341
76 487
93 404
91 471
49 474
31 410
52 341
97 281
10 382
15 314
40 381
17 389
33 256
43 390
74 396
65 310
15 206
85 322
60 309
76 420
34 337
97 434
22 397
54 269
38 240
68 240
43 265
94 354
17 457
15 324
63 432
39 337
64 480
83 297
52 450
94 269
18 294
69 462
46 416
97 469
88 313
95 224
19 386
12 347
78 321
97 494
40 354
25 440
66 488
35 372
18 452
47 421
71 291
64 385
44 260
43 311
40 310
68 450
97 463
65 337
40 215
31 285
67 358
27 453
97 460
94 480
33 412
11 305
62 481
64 409
78 291
97 363
15 303
20 345
87 306
38 298
53 209
49 389
58 357
96 411
72 312
76 375
45 438
16 477
95 418
72 356
84 302
96 307
85 228
53 471
98 331
87 405
94 401
23 406
19 333
59 221
78 404
93 418
27 325
36 457
32 426
100 399
29 280
21 433
64 407
38 392
99 370
65 327
68 288
98 476
13 246
20 314
61 342
58 490
11 273
16 356
99 207
56 226
10 209
49 346
47 311
79 351
55 283
55 450
75 408
89 240
78 371
76 302
66 284
70 326
34 486
17 357
44 486
30 230
46 291
63 257
100 413
82 229
38 284
84 315
95 354
97 344
88 408
64 436
22 236
74 298
25 243
86 465
60 236
58 422
38 319
95 427
14 337
61 477
29 384
61 311
70 396
50 211
47 401
64 243
17 207
59 358
88 495
45 479
12 214
59 255
66 277
47 313
83 387
29 233
42 279
80 206
55 248
76 476
12 413
67 285
83 258
96 318
76 463
70 482
33 395
35 309
34 468
22 284
71 410
73 272
39 461
31 361
88 244
92 357
89 252
100 274
91 282
40 313
34 438
98 470
44 280
63 202
96 398
38 249
33 352
85 494
15 399
62 219
11 388
83 297
28 266
23 200
39 213
91 341
69 356
91 482
75 286
34 383
44 468
52 439
80 202
83 380
42 485
41 242
51 224
87 211
75 460
94 337
16 273
83 373
36 487
95 212
79 235
87 456
97 276
44 270
27 224
24 377
61 247
19 229
85 207
88 312
21 200
25 440
29 376
73 349
88 364
18 334
48 205
96 299
86 381
74 257
19 216
25 313
96 251
89 285
100 331
55 475
21 243
18 302
84 424
48 481
47 261
54 384
13 301
82 246
42 300
54 336
96 437
37 278
19 239
87 496
56 458
46 399
64 332
77 370
88 350
72 240
87 362
35 376
28 406
41 393
79 425
64 219
17 376
28 246
70 410
52 433
100 409
62 318
58 281
10 494
15 235
86 291
51 457
44 308
43 287
82 214
23 428
49 270
90 281
26 367
88 205
92 307
72 431
50 404
82 310
27 392
39 431
42 440
76 348
12 448
14 447
84 345
83 446
64 376
52 430
85 466
11 342
80 299
82 345
19 233
87 349
13 499
93 306
59 417
74 333
40 287
46 224
21 403
100 295
54 445
72 270
45 359
30 331
62 382
98 460
82 380
61 239
62 287
83 215
74 447
36 265
51 377
45 414
53 208
54 255
49 432
51 262
14 435
99 247
36 368
37 431
42 214
55 376
94 212
31 253
63 437
88 441
45 357
83 341
67 363
11 268
14 420
53 334
23 222
37 421
63 286
19 387
14 269
68 350
17 300
82 490
100 420
37 350
55 284
87 391
99 286
43 439
94 487
37 309
53 403
73 297
82 329
26 238
63 445
47 429
37 490
58 230
51 245
88 485
58 270
33 474
25 482
76 361
15 383
79 426
67 449
81 473
88 405
89 425
98 296
74 342
34 469
78 494
70 202
33 241
39 201
90 377
75 326
79 400
31 457
55 442
63 297
53 484
48 322
53 299
47 460
70 453
65 212
99 391
66 322
68 485
94 346
65 255
39 347
65 378
17 229
65 459
61 482
36 226
29 247
44 471
23 415
53 384
68 266
29 288
89 405
81 410
98 382
29 471
96 318
50 230
19 468
36 321
39 379
32 201
58 372
40 382
87 343
66 462
87 238
41 247
34 270
36 443
20 320
59 378
93 210
72 483
30 346
89 377
76 452
33 350
39 350
21 358
99 496
71 300
24 317
76 425
77 202
34 236
56 479
19 208
98 271
67 467
95 294
39 392
28 471
58 215
78 471
36 460
63 441
23 448
62 356
42 342
90 387
42 429
65 241
10 354
86 377
97 479
38 311
68 364
14 309
67 299
10 252
21 444
53 267
94 398
77 412
59 230
18 367
83 464
97 345
52 418
67 284
79 442
38 215
14 425
24 484
78 303
26 481
41 427
78 336
36 369
77 312
91 295
94 308
74 284
19 222
88 475
65 348
33 451
29 470
88 386
24 297
22 387
72 434
63 472
95 335
19 215
55 240
72 324
36 266
91 249
61 359
37 343
61 388
34 319
68 367
78 259
95 392
77 439
59 207
31 241
45 250
77 237
57 315
91 336
47 218
45 418
76 358
40 282
50 303
33 301
93 354
53 382
16 254
69 268
22 429
35 301
84 315
64 468
13 398
77 209
89 387
11 492
48 387
53 439
21 423
58 358
40 400
17 271
84 207
29 414
66 347
70 363
19 302
43 291
40 281
26 314
85 426
99 411
75 276
36 200
82 338
54 224
12 244
75 440
91 281
99 436
11 266
59 391
54 327
50 266
28 230
29 376
10 384
52 217
32 334
79 408
79 222
42 458
100 374
84 267
27 449
10 384
12 251
55 331
31 454
19 286
25 477
14 338
73 395
17 218
34 271
25 449
88 256
10 310
80 201
41 335
28 329
41 362
70 491
56 207
45 288
39 325
57 453
38 374
90 268
77 325
11 267
97 331
11 378
77 203
43 466
95 226
65 305
61 373
76 329
25 437
34 371
70 431
14 474
63 419
23 446
34 228
85 215
14 234
80 499
85 220
14 273
53 456
68 434
93 371
73 457
16 429
42 267
41 348
91 362
94 481
88 208
82 218
11 316
38 416
83 438
74 476
18 431
55 287
84 208
73 376
35 413
17 241
18 362
13 469
96 406
28 229
78 355
35 387
12 499
41 484
93 437
72 344
31 340
39 481
82 287
79 262
98 358
37 428
50 392
30 494
53 243
45 460
65 219
81 267
87 398
53 351
25 409
79 450
58 375
32 345
36 234
63 410
12 461
55 362
100 431
51 398
39 326
90 270
56 453
25 260
44 337
74 382
62 304
23 242
23 210
66 389
99 244
89 335
34 333
15 254
71 300
39 436
97 206
57 470
52 240
11 206
56 339
62 321
27 418
82 370
73 200
59 370
29 203
88 396
43 201
40 298
13 350
66 376
13 437
68 213
48 273
95 252
44 255
66 253
85 487
71 349
47 329
99 429
29 473
73 367
42 222
82 424
88 345
98 426
23 393
100 207
88 306
73 277
12 382
45 282
92 401
61 252
88 347
95 312
98 253
85 493
86 342
38 396
67 464
26 217
18 459
95 271
72 431
81 374
21 326
78 430
48 335
41 205
13 412
59 251
72 495
95 490
26 408
83 220
38 406
25 476
41 409
59 327
94 293
40 402
71 406
71 395
63 262
24 472
16 416
31 338
32 464
88 444
27 411
84 440
86 400
55 379
36 412
82 397
59 455
51 322
47 379
55 350
40 365
83 313
58 242
78 439
45 227
45 275
52 244
72 203
45 379
70 200
47 387
53 494
27 445
42 451
33 331
80 213
73 370
26 225
83 277
65 418
23 244
98 491
45 456
19 231
11 375
13 374
30 327
61 301
68 431
27 395
43 300
70 456
23 234
91 331
44 342
40 313
71 490
92 423
59 297
49 228
43 384
62 432
63 468
27 231
69 232
91 358
95 283
34 250
100 492
30 326
32 378
70 418
88 492
63 210
25 493
23 458
17 288
38 336
14 370
70 404
15 492
92 432
74 324
34 290
94 312
33 347
68 304
89 255
17 355
71 281
70 452
98 422
60 428
64 295
97 322
54 398
47 209
29 338
77 210
83 397
24 293
66 210
25 207
53 391
59 229
72 458
98 211
58 470
58 385
92 384
62 462
20 270
43 310
18 201
45 284
97 391
23 340
94 224
15 417
23 458
77 336
99 325
18 243
48 485
85 256
74 334
37 348
44 386
22 260
42 226
60 484
70 471
53 268
27 420
26 359
39 328
79 241
30 240
11 445
16 412
60 290
32 417
27 347
19 345
35 388
13 449
97 238
37 444
54 363
24 489
47 239
26 466
99 417
29 264
13 479
85 260
69 419
12 456
53 479
41 370
79 422
79 487
72 237
78 413
22 241
48 371
62 415
92 310
63 290
22 442
100 298
45 286
84 377
16 480
75 240
67 420
46 468
82 268
67 284
86 354
68 381
55 354
14 310
43 376
20 236
87 418
32 217
41 249
32 393
96 448
49 327
13 293
24 471
55 248
98 342
23 277
80 325
48 216
68 293
14 234
15 408
51 363
38 303
61 217
84 339
74 428
72 229
70 260
25 331
31 452
17 358
95 444
66 408
88 316
39 251
64 280
62 200
36 282
51 252
13 298
96 462
19 358
16 445
71 388
56 374
25 497
52 316
66 412
15 298
40 423
61 276
79 257
63 343
66 328
54 336
91 287
99 350
34 435
95 260
53 318
12 359
66 363
78 202
25 396
92 252
80 348
66 219
82 354
80 442
85 258
15 306
91 272
37 488
71 499
89 226
34 431
45 328
61 308
75 317
58 329
85 471
34 396
50 331
32 352
52 429
70 248
82 203
77 439
91 276
57 488
79 451
86 437
88 409
90 307
22 397
44 242
38 413
10 356
37 385
24 215
38 316
53 246
98 333
99 259
47 320
30 411
52 311
56 247
52 290
17 445
45 239
24 353
73 374
68 394
100 416
41 321
66 422
64 300
84 302
13 362
33 304
63 340
93 369
31 334
53 491
25 446
43 213
78 431
71 205
14 446
81 483
25 402
46 332
25 407
58 310
13 203
69 341
19 228
74 230
22 418
33 389
30 500
30 410
35 289
98 254
79 285
38 448
95 389
35 438
57 412
92 364
27 360
79 207
38 413
84 499
85 457
78 442
90 289
67 335
15 466
16 259
58 323
77 436
36 235
25 256
11 369
60 311
84 323
72 366
98 254
62 264
79 251
50 416
54 307
45 416
33 338
97 220
49 482
87 422
55 277
75 362
72 296
38 425
79 490
67 353
18 455
21 203
75 373
17 244
68 419
95 450
56 384
89 468
43 375
87 280
77 265
45 347
65 364
94 228
36 260
36 346
96 248
47 419
62 217
15 298
22 373
36 442
16 216
80 320
91 497
92 241
98 341
69 422
99 358
60 257
92 229
31 381
87 201
21 396
38 462
30 403
97 240
72 288
71 452
69 346
71 307
82 208
86 474
85 301
28 329
35 498
46 209
60 385
41 376
33 427
68 223
73 369
100 373
29 269
49 314
85 272
11 200
95 268
32 409
89 304
39 476
76 344
50 378
61 343
23 207
68 289
37 297
98 293
38 364
23 243
32 477
49 349
80 293
74 400
39 234
68 488
56 203
98 392
86 258
40 332
96 253
97 295
92 277
76 269
38 399
59 368
12 325
100 300
58 382
100 318
52 402
19 374
81 386
94 234
27 249
82 459
48 435
63 402
90 341
21 401
44 481
94 363
47 234
99 472
29 361
100 281
82 344
32 416
78 369
44 423
29 213
34 419
58 334
59 408
42 489
27 412
19 327
92 273
66 435
68 476
51 232
74 306
38 360
10 354
92 420
81 395
60 357
40 279
72 331
17 363
75 245
96 287
98 246
93 431
77 252
66 475
81 362
66 409
51 200
95 249
100 237
15 251
97 206
84 282
50 216
34 406
42 417
98 331
69 251
20 393
51 366
79 336
68 345
57 248
100 255
68 214
80 491
39 436
35 294
43 231
30 412
53 269
12 379
56 240
94 360
70 431
41 498
83 202
46 259
87 488
44 297
25 356
44 466
90 431
83 259
97 319
16 399
29 447
16 487
44 405
94 318
98 320
69 299
49 408
35 322
31 421
43 295
84 353
16 267
99 268
22 494
18 444
61 224
55 367
65 327
66 305
18 304
45 209
22 497
63 209
36 210
17 384
46 355
99 314
80 319
94 497
54 218
92 454
93 279
34 451
51 239
69 300
70 429
16 496
68 425
84 441
69 333
79 489
61 309
19 358
36 433
49 439
32 493
11 340
93 410
35 478
80 294
73 241
79 335
48 295
65 439
94 443
92 258
38 458
49 431
46 244
13 368
72 212
79 272
13 432
63 392
85 380
49 384
61 408
89 355
27 477
47 488
40 315
45 299
81 363
68 286
76 342
65 288
23 314
74 406
30 291
72 301
48 482
78 341
55 402
62 290
36 290
45 245
91 221
33 375
81 323
14 240
26 365
56 217
65 437
73 423
73 470
70 500
71 407
74 238
68 285
50 435
87 354
60 427
82 273
29 259
37 462
17 258
93 325
100 253
46 448
22 290
69 347
84 266
30 327
18 259
45 432
81 435
60 422
79 410
40 362
19 288
31 467
37 398
42 423
87 303
61 274
68 486
82 380
21 372
24 355
52 266
95 424
97 269
80 312
11 238
73 398
39 245
90 473
70 354
55 240
80 413
19 247
88 433
51 398
18 281
45 234
77 236
99 348
100 201
12 483
50 331
37 314
32 443
62 466
65 329
65 452
76 218
45 388
81 324
80 204
14 286
11 200
17 395
17 326
41 206
34 333
11 438
78 412
41 382
41 374
100 333
56 201
50 273
93 251
94 373
73 500
49 244
95 480
38 246
26 284
38 362
67 289
64 313
25 428
91 276
16 455
33 376
28 209
70 242
57 243
45 316
23 323
21 441
94 248
37 356
34 438
22 248
58 266
15 426
88 254
46 244
12 411
20 362
59 318
58 429
97 217
15 302
94 354
44 391
82 229
23 233
90 463
24 392
29 291
36 471
79 318
64 303
58 334
64 346
71 318
39 461
31 320
93 374
24 305
65 325
61 209
65 449
31 338
50 449
25 457
19 223
66 282
91 201
10 290
84 214
83 371
54 443
19 488
44 363
74 279
29 274
95 243
92 209
43 362
65 208
34 276
68 341
10 357
67 472
65 388
89 203
79 410
67 499
80 460
21 388
27 297
94 277
40 484
36 471
80 494
84 412
27 460
57 325
62 293
46 463
80 231
81 238
67 309
99 236
66 397
15 256
66 385
94 283
47 369
86 462
36 431
47 279
74 425
34 457
33 450
16 498
58 333
40 268
51 221
24 459
65 227
52 310
82 246
97 228
27 345
62 476
15 362
60 415
18 407
68 202
71 238
60 234
78 435
96 210
82 407
89 272
93 332
83 244
39 474
56 242
25 461
26 292
70 470
25 308
76 276
73 482
74 458
27 333
39 267
87 297
86 210
73 256
68 450
15 470
89 271
70 440
32 376
50 304
24 386
34 220
65 369
53 474
100 467
97 468
100 348
12 406
20 332
26 399
85 211
92 403
46 277
93 263
100 272
23 246
97 477
30 368
24 467
54 473
96 346
52 364
87 454
44 301
30 481
92 264
82 265
40 223
61 259
48 493
27 403
91 488
25 253
92 474
46 446
16 401
12 335
54 234
66 284
11 271
47 232
16 205
57 251
62 388
85 263
31 289
79 418
42 294
49 431
87 440
32 463
44 367
13 406
39 334
75 435
72 202
50 489
20 213
78 434
68 498
89 281
27 361
27 362
24 368
83 472
69 317
56 398
55 480
53 282
45 491
77 467
18 382
86 348
77 342
17 244
42 227
87 375
26 472
72 292
87 228
57 396
38 446
74 277
78 294
29 237
60 274
84 425
40 357
13 299
11 353
14 287
70 367
57 468
20 449
42 426
53 323
69 321
54 313
27 443
22 205
61 339
59 382
95 484
29 335
59 435
72 375
28 267
16 383
43 277
73 242
40 256
80 222
97 332
42 473
71 442
76 202
26 206
83 344
77 320
35 272
87 365
51 476
91 335
96 364
91 438
78 363
47 220
29 268
43 420
73 426
69 467
52 390
90 210
22 463
91 411
55 335
97 328
98 406
70 366
36 323
77 425
44 495
23 269
19 246
78 251
39 298
47 299
84 440
70 471
56 440
96 334
53 355
61 282
41 373
59 227
44 500
87 379
12 296
40 204
35 335
20 212
16 472
46 371
46 370
12 261
28 472
57 282
53 203
37 284
91 261
68 269
74 462
65 203
71 294
51 298
29 462
61 312
34 371
43 343
65 272
79 298
97 446
70 267
96 443
34 273
45 361
74 462
100 488
48 227
51 422
67 410
66 384
22 264
40 453
76 243
54 458
94 217
80 420
53 300
76 334
79 314
86 362
45 214
98 490
18 329
88 315
35 242
72 208
59 202
19 411
59 435
80 337
66 219
85 485
51 368
12 339
87 261
35 206
90 299
68 465
88 356
53 365
62 478
22 403
26 232
46 424
47 431
44 367
54 215
39 218
42 368
41 313
46 307
13 403
15 316
86 283
81 346
14 319
16 218
53 251
48 285
60 466
84 485
51 415
39 382
50 331
38 490
15 376
10 264
62 452
44 345
98 249
93 380
19 313
27 289
30 449
68 288
13 338
91 445
43 221
51 385
16 273
63 297
15 470
84 477
31 439
67 404
58 260
29 305
20 482
84 487
82 216
37 491
56 296
56 306
63 209
34 369
38 364
43 430
67 224
26 453
24 426
16 399
96 389
94 308
53 296
100 447
44 266
73 315
70 321
96 379
78 360
17 311
71 462
28 254
84 395
25 346
80 261
71 255
38 447
44 217
20 355
14 203
86 298
61 482
21 488
57 499
40 305
20 268
67 298
91 450
35 227
49 211
18 289
43 487
53 327
26 426
36 365
70 351
24 496
46 331
41 442
78 227
56 387
34 262
43 316
27 324
10 256
36 380
55 299
54 279
63 267
23 356
17 434
64 292
30 289
19 361
56 200
48 226
92 433
42 269
13 250
18 340
41 427
76 401
31 283
46 401
16 484
73 480
95 213
98 295
54 495
39 281
74 241
65 331
12 295
15 369
72 441
73 400
75 426
51 292
30 279
80 256
45 499
12 429
59 256
18 211
87 326
66 494
41 299
78 239
98 372
66 488
22 315
72 429
56 488
46 499
100 463
66 278
85 239
91 320
48 429
100 294
26 322
47 372
65 259
17 212
23 217
31 493
82 387
77 323
31 340
68 338
92 274
82 410
72 322
72 358
88 259
98 254
52 439
77 450
76 485
86 378
75 462
79 283
25 489
10 420
30 375
84 277
72 372
87 211
54 415
16 494
83 271
61 202
66 321
59 206
38 413
84 255
14 202
76 420
70 392
83 217
61 295
11 465
48 481
65 461
10 294
49 267
93 348
88 323
54 220
52 222
44 412
48 205
88 264
47 304
52 463
11 472
50 314
34 223
54 360
97 439
78 284
54 268
62 274
81 350
41 420
50 425
58 298
93 495
64 304
20 215
22 318
72 323
77 320
67 476
12 228
92 435
24 368
49 443
94 343
44 485
14 364
25 343
35 288
25 471
100 334
22 356
63 371
54 281
43 222
23 420
36 368
24 261
13 255
80 426
99 245
84 359
25 217
29 217
32 287
56 344
86 423
61 321
15 427
40 482
79 306
47 398
22 454
72 459
95 411
76 305
29 493
59 263
21 465
10 462
38 217
82 422
78 253
78 482
64 292
48 327
25 314
63 373
62 381
52 225
40 414
12 446
40 242
56 263
56 239
64 456
66 279
24 446
95 318
80 210
63 339
16 308
65 310
14 470
58 460
36 231
91 222
100 478
16 435
51 418
64 215
25 429
51 449
81 325
48 499
20 425
41 473
79 489
49 361
39 222
19 350
47 443
20 480
47 283
17 410
95 286
94 323
18 418
66 337
96 286
11 378
14 422
86 391
18 383
45 266
31 321
66 357
55 487
31 433
19 499
43 219
26 216
41 247
87 413
76 425
64 418
51 408
36 454
67 499
24 248
45 439
56 431
29 331
94 380
19 436
42 355
88 361
42 246
100 202
41 491
64 356
15 229
25 497
58 260
39 216
84 458
70 376
38 500
57 203
93 219
14 457
71 292
100 443
73 475
85 497
36 321
62 271
70 365
37 231
22 461
53 380
57 452
15 255
66 462
32 229
44 344
100 304
82 302
71 224
23 390
76 441
56 321
98 309
31 228
61 257
17 337
19 406
80 443
11 438
39 366
20 333
23 452
41 396
34 382
67 229
19 389
12 230
86 430
98 394
51 429
31 395
25 388
75 251
18 409
57 432
26 405
74 285
39 451
51 309
15 349
26 352
66 256
42 496
99 471
39 342
88 289
61 362
53 235
24 205
65 300
99 219
37 451
37 311
76 233
45 483
12 206
58 368
59 466
90 497
83 451
98 232
78 273
90 465
47 205
45 252
37 305
63 259
68 273
46 355
85 238
40 437
58 422
34 255
95 417
28 221
42 288
10 304
36 397
58 419
20 437
56 456
53 441
28 495
62 385
71 269
99 437
49 366
15 259
81 494
50 423
39 240
77 217
19 270
47 361
56 213
76 357
58 236
20 484
93 209
95 330
34 491
26 232
66 424
99 226
84 465
98 330
85 358
70 297
94 459
23 365
80 204
14 389
71 268
31 221
49 491
25 304
88 417
99 285
80 377
53 404
99 209
93 295
41 278
39 243
85 299
37 457
58 379
73 294
18 468
44 473
35 364
46 387
16 310
29 267
57 283
66 226
94 454
55 409
74 462
76 217
16 309
93 314
97 217
99 332
21 370
41 391
17 278
22 211
74 499
26 273
30 498
93 272
40 318
48 483
49 383
41 239
42 371
73 378
89 459
59 322
30 263
100 259
29 239
68 428
16 246
39 217
29 499
13 495
33 219
79 295
81 374
80 343
98 436
13 382
40 479
49 420
14 467
13 281
23 447
42 442
73 357
19 485
56 247
14 422
80 353
13 418
56 299
72 470
89 229
93 377
36 253
41 448
43 473
80 373
33 385
93 309
45 272
50 346
40 471
33 335
91 482
69 248
74 262
16 314
14 266
81 448
93 235
50 237
73 322
100 324
94 223
54 247
57 425
30 313
11 359
60 467
43 399
55 421
22 430
69 452
76 424
74 265
40 242
20 365
97 411
25 370
65 371
28 428
27 209
24 439
18 386
74 208
56 318
21 496
96 363
47 443
45 294
55 495
51 207
95 200
38 298
90 301
43 435
30 213
73 467
78 312
72 255
49 386
86 397
48 320
93 276
68 295
76 218
28 456
42 347
80 393
87 223
80 363
95 471
42 402
98 276
65 487
78 482
13 404
26 202
24 387
54 285
99 347
21 469
63 277
56 206
40 260
65 412
78 438
35 247
97 216
83 200
19 354
81 325
93 359
27 280
14 304
15 476
17 417
99 202
33 260
65 413
50 489
52 493
96 405
91 463
63 261
15 373
12 444
48 472
45 223
65 297
90 314
68 477
87 467
29 423
75 438
52 295
67 408
59 249
70 225
17 483
39 424
58 451
62 302
37 419
24 372
100 350
25 488
26 466
51 255
91 429
82 472
19 316
35 209
65 441
72 325
44 269
48 226
59 365
14 340
61 351
95 498
85 395
44 328
37 387
62 497
80 273
22 288
100 245
58 452
58 280
52 357
100 274
65 267
54 410
98 420
88 265
81 261
64 351
90 269
26 419
71 302
11 483
86 278
46 487
27 462
42 255
13 365
23 399
53 216
90 236
34 318
96 302
66 260
83 416
67 390
22 344
22 275
37 382
24 251
57 383
85 384
65 228
46 215
18 378
98 434
94 314
92 464
52 328
11 268
65 251
51 327
77 398
54 419
77 203
40 397
81 431
38 221
65 226
39 334
63 415
88 317
20 267
99 395
89 201
13 337
48 318
46 447
70 263
82 244
39 283
86 351
90 419
17 421
51 256
44 348
35 271
77 450
26 443
23 382
91 204
74 497
34 432
16 286
26 206
57 460
100 469
64 252
73 382
59 280
70 477
44 409
40 290
56 285
11 400
23 477
50 434
47 424
97 313
31 258
95 238
31 358
38 226
99 343
73 331
41 346
13 300
54 305
11 311
53 372
32 305
74 313
53 218
100 251
28 496
42 400
79 224
33 491
10 365
34 459
79 205
32 304
93 257
43 446
92 247
76 276
15 415
12 288
23 324
78 213
12 397
71 251
35 369
14 473
78 324
25 480
56 434
56 333
39 441
58 256
37 345
62 237
72 420
72 441
46 414
43 260
22 266
82 481
23 251
73 367
23 282
11 403
52 327
70 205
62 314
29 453
13 342
48 467
61 264
78 202
22 259
98 236
41 273
71 459
28 419
99 449
49 370
27 465
19 386
35 213
31 429
23 356
88 456
27 230
34 377
62 446
31 495
33 460
93 397
33 340
54 390
69 214
31 337
10 256
37 347
65 421
43 234
46 245
92 246
49 356
74 206
78 257
24 482
20 466
58 281
43 443
65 292
58 480
52 386
42 351
100 253
53 257
91 246
80 425
69 327
24 414
83 331
38 283
56 334
83 439
45 252
69 335
82 288
11 473
91 298
82 455
57 343
86 336
77 314
83 330
46 341
42 223
16 413
42 232
71 252
29 411
95 301
85 297
30 257
79 260
46 341
26 404
84 477
93 271
29 249
23 481
90 394
65 259
24 258
57 250
38 210
71 313
80 353
24 348
58 479
36 463
69 373
12 201
17 355
30 388
87 372
19 492
88 371
34 269
87 290
66 438
74 479
64 259
99 461
16 491
88 265
66 457
49 268
63 235
79 428
46 474
42 240
58 313
99 464
47 238
27 400
27 200
19 475
61 208
76 366
80 272
64 350
37 368
29 333
21 488
89 274
80 309
83 374
12 424
20 202
30 237
31 386
98 279
81 496
10 494
26 434
37 291
78 492
99 450
16 208
21 333
47 346
78 295
28 262
65 254
45 429
45 364
48 226
60 373
92 377
92 332
57 380
67 393
45 229
48 393
91 477
62 270
49 366
21 290
89 333
76 390
77 333
16 274
17 394
59 382
42 261
32 381
69 335
40 209
16 365
72 352
90 376
51 413
80 485
22 418
17 245
55 328
63 309
61 237
80 246
31 273
24 331
64 446
95 476
50 228
34 254
77 380
100 500
15 421
97 493
47 250
69 344
51 416
16 228
54 405
76 270
62 279
27 278
35 264
73 377
92 292
14 371
20 259
87 462
45 304
59 266
87 441
38 232
12 312
94 206
84 233
85 341
75 375
24 235
40 421
55 431
46 292
91 382
25 421
34 279
22 445
60 328
28 204
54 439
85 318
40 480
86 369
30 362
81 488
76 381
84 257
59 319
43 311
39 449
79 492
36 455
64 322
71 269
36 391
65 289
78 350
96 207
37 337
76 461
60 464
44 430
35 351
27 268
96 448
44 391
36 494
46 323
55 376
88 339
84 348
54 423
65 496
77 415
66 497
25 354
56 465
76 429
69 480
67 225
66 463
56 263
70 210
99 219
61 277
58 402
55 234
58 269
14 202
27 208
93 307
12 407
18 343
46 336
88 230
58 447
12 227
61 397
21 395
49 373
62 472
69 243
25 297
80 433
67 245
16 497
93 200
61 374
66 438
94 364
100 320
59 359
72 269
91 334
86 370
72 334
53 230
54 245
20 389
13 377
29 317
36 235
98 225
75 410
47 317
70 329
37 334
64 233
93 492
99 265
47 322
79 401
65 476
20 481
18 321
15 246
13 428
12 454
45 389
27 314
99 335
81 341
16 379
88 270
89 490
93 379
73 484
78 413
19 423
66 220
28 448
18 380
66 298
85 278
13 446
46 391
90 284
54 448
62 354
74 481
44 301
39 352
54 388
44 442
21 407
44 253
33 229
23 429
79 215
17 461
63 398
10 439
70 331
64 343
49 352
52 225
20 432
53 437
13 443
80 380
12 340
16 402
28 314
41 394
81 285
96 238
92 455
12 363
50 312
63 219
20 278
89 316
48 423
47 329
44 379
29 412
94 390
35 337
18 342
89 282
68 284
48 309
79 247
90 273
33 427
35 221
19 338
26 213
18 338
62 323
42 249
52 486
32 246
64 342
59 251
45 214
35 494
92 323
50 243
49 298
87 438
69 474
51 406
16 233
47 228
64 459
28 340
68 364
99 465
44 422
90 379
91 249
26 457
45 362
81 466
93 419
21 227
80 377
46 278
37 324
71 215
79 281
23 476
94 440
85 400
32 353
16 496
52 400
76 222
52 452
34 419
39 290
95 212
77 277
22 326
40 294
57 483
35 446
18 218
82 295
19 445
68 446
97 299
11 340
60 253
44 458
50 412
99 367
100 463
92 412
78 293
20 380
56 329
58 432
27 409
21 215
59 373
15 491
14 454
44 442
76 371
64 428
69 446
22 455
90 487
96 446
51 320
55 303
14 349
25 496
95 460
21 308
31 318
25 202
86 377
16 278
55 291
39 279
49 248
98 394
72 298
96 262
61 414
37 266
15 298
51 268
95 220
69 287
42 423
67 359
98 432
96 296
60 340
28 208
93 308
90 320
71 491
58 273
51 445
87 364
53 400
18 248
53 256
42 457
25 273
82 476
89 450
27 477
28 397
63 375
60 285
92 410
91 325
14 377
50 271
14 261
82 421
56 238
16 292
35 353
13 207
97 319
47 401
56 444
21 479
93 250
23 210
54 288
50 392
62 303
13 455
46 333
41 371
36 301
97 315
32 277
85 232
54 478
42 339
13 479
71 438
41 279
80 386
51 232
61 231
72 440
31 448
65 310
80 392
63 230
69 264
92 227
14 402
92 228
98 374
16 307
91 382
14 259
87 202
15 243
20 426
27 469
11 203
57 440
36 439
19 300
95 227
27 298
99 331
62 419
68 480
80 265
69 360
45 378
56 364
55 345
44 353
24 360
17 341
80 450
81 469
54 481
16 377
37 322
43 252
27 412
19 214
22 342
99 500
33 436
60 389
37 351
67 292
94 347
22 208
70 410
79 295
85 421
11 367
17 379
63 232
62 399
48 465
50 320
84 208
54 276
32 233
91 388
86 335
26 456
20 280
17 218
80 454
37 296
66 381
95 437
69 463
91 358
83 274
70 340
84 431
63 430
20 240
58 488
37 301
58 418
76 258
35 255
20 273
52 230
60 224
95 265
93 251
52 364
95 350
95 358
88 318
47 443
10 302
94 432
31 323
37 232
33 484
15 341
41 338
72 358
58 338
73 247
30 294
42 464
89 313
57 423
84 357
37 487
89 244
37 260
52 466
33 497
43 279
71 404
50 458
28 426
25 433
64 434
86 333
23 420
87 468
13 223
27 456
71 431
78 378
41 316
25 233
57 241
57 400
48 427
22 404
20 402
38 274
90 311
33 430
51 251
36 321
43 369
11 234
75 425
27 239
61 203
87 251
16 333
88 336
56 257
92 310
54 324
57 492
96 240
100 415
16 466
18 265
95 461
69 382
15 460
54 374
45 443
91 406
37 325
22 233
95 230
29 238
86 426
99 238
73 349
45 456
49 388
81 397
79 268
28 482
51 398
67 389
13 479
91 366
88 284
94 384
70 390
48 367
89 350
90 229
98 256
93 210
40 404
43 240
38 333
19 398
33 275
28 371
86 329
84 306
75 283
73 477
53 311
52 236
19 447
19 358
29 500
16 447
92 423
