10000 500 200 500 10 100
30 266
69 243
31 297
33 322
34 346
42 351
47 260
33 258
20 348
46 343
77 370
22 433
44 316
81 446
85 353
73 223
97 309
74 397
70 215
31 348
57 436
76 258
42 437
22 324
58 494
66 407
51 344
23 485
10 365
11 374
60 329
16 283
31 412
54 242
40 448
11 237
92 338
98 379
38 412
39 256
85 317
75 467
36 251
37 318
99 280
37 382
28 337
31 296
23 343
58 426
12 479
56 473
90 457
44 340
80 201
30 422
30 359
16 227
63 237
99 275
35 235
36 226
32 320
56 371
48 359
14 201
80 406
61 454
68 474
12 430
84 438
28 242
98 488
77 406
67 313
75 291
27 336
99 471
74 338
48 368
75 335
78 334
67 293
76 352
12 278
88 490
27 381
16 210
93 250
38 343
20 397
14 461
29 200
41 438
74 470
30 283
85 425
55 294
16 351
55 232
24 426
58 394
11 202
74 373
100 269
17 313
68 348
65 447
95 403
43 384
37 440
69 477
78 282
80 330
60 415
57 260
31 332
32 344
32 255
43 335
98 431
95 238
79 472
14 324
17 319
94 496
64 424
20 320
55 441
79 285
78 209
95 393
94 247
85 476
76 453
100 376
85 457
54 360
70 349
52 200
96 441
39 424
23 417
54 216
55 340
89 411
21 396
85 490
63 239
83 495
67 474
65 221
93 234
67 307
31 314
57 299
16 251
39 316
51 413
13 224
68 382
45 401
74 437
46 470
69 253
83 365
64 232
76 405
19 216
35 449
13 466
20 333
47 468
92 384
48 229
47 381
49 240
48 438
28 421
67 351
66 320
22 449
49 301
92 419
84 212
15 397
79 262
23 444
81 326
67 308
26 484
88 215
12 270
42 400
72 360
71 413
10 414
73 281
35 412
24 281
62 213
22 402
99 354
73 254
95 422
24 284
60 350
39 327
90 201
100 308
86 425
15 239
16 330
52 353
60 217
13 466
49 309
14 255
68 411
44 443
71 420
36 435
77 274
63 388
90 487
44 336
85 466
78 499
82 394
86 338
48 483
52 340
85 369
52 202
50 403
14 309
60 369
21 291
21 254
56 418
89 373
93 350
39 326
27 384
52 397
14 329
18 222
94 470
29 262
45 368
47 315
97 237
59 470
87 326
81 204
88 412
86 245
95 466
12 359
52 289
79 319
60 384
29 284
43 482
52 224
70 261
43 224
50 221
73 324
24 415
32 339
75 404
44 338
11 204
45 416
70 451
26 409
63 325
37 387
46 237
36 353
68 448
35 294
23 319
98 265
68 394
56 259
16 237
28 365
53 240
78 232
76 213
97 275
55 332
88 342
65 321
22 417
46 270
94 487
62 276
14 321
36 406
78 215
13 475
67 383
22 359
33 206
54 305
44 408
15 441
69 305
99 442
56 227
45 380
21 350
57 215
42 425
75 300
42 312
86 269
89 289
96 359
13 498
94 223
64 349
31 352
68 423
30 323
82 254
81 465
78 458
17 323
37 298
99 270
77 447
85 303
83 414
39 479
46 323
86 264
30 415
49 323
53 459
29 287
87 397
80 365
53 429
90 485
49 360
30 335
73 292
98 239
48 348
57 366
22 219
11 391
65 244
10 219
73 409
22 464
82 205
40 409
96 265
32 359
17 346
23 480
56 431
88 343
100 486
96 248
39 286
71 336
100 402
83 231
54 309
48 313
87 272
77 499
97 313
80 210
13 351
84 295
66 458
34 309
69 345
94 345
79 245
19 210
52 233
13 205
86 487
10 458
82 289
72 345
93 261
45 309
24 294
73 392
17 291
62 392
79 306
91 316
36 415
88 246
17 317
90 239
95 319
83 260
31 299
17 207
75 458
73 221
34 419
32 200
95 362
34 344
93 326
83 268
41 485
60 387
24 315
95 303
40 270
11 489
47 216
74 229
24 261
64 475
45 362
97 388
70 265
66 493
98 390
98 330
73 324
94 374
98 340
59 220
82 288
51 279
32 454
57 226
78 206
11 393
97 323
70 393
81 261
99 477
37 343
33 223
53 220
87 305
30 322
94 219
22 334
47 463
39 305
44 200
14 388
83 429
96 423
47 347
41 404
71 333
41 277
31 464
36 253
88 408
32 342
75 234
42 424
43 463
14 436
40 237
39 305
91 232
28 236
27 409
73 401
44 437
98 399
50 225
89 417
96 225
35 257
18 433
44 206
91 407
45 307
75 463
60 360
24 388
55 374
54 285
45 287
84 451
69 421
82 336
24 357
85 294
64 370
32 395
98 422
64 266
60 496
32 338
19 223
51 500
95 219
82 370
46 306
35 491
52 296
25 262
47 437
32 316
56 332
63 432
84 262
65 480
71 226
53 361
86 291
97 396
52 394
73 366
60 335
57 477
67 432
85 281
89 293
32 424
79 358
13 427
27 301
96 426
17 222
30 378
95 344
90 321
58 237
89 238
22 242
72 200
70 400
100 240
27 428
18 417
69 216
57 454
42 498
90 394
16 414
59 230
90 243
11 245
63 237
54 350
34 445
70 451
35 380
32 337
54 352
64 342
15 295
25 435
80 424
13 261
78 298
88 294
100 341
13 370
41 320
53 406
90 267
38 408
45 296
47 453
54 446
29 214
75 340
22 281
12 476
41 299
77 383
47 363
33 481
54 351
24 450
45 313
36 362
99 361
33 464
23 254
99 358
89 398
94 416
82 459
80 270
93 413
20 349
12 375
98 455
23 328
70 230
96 318
30 412
29 499
55 241
46 483
92 320
80 294
89 308
61 375
53 209
40 229
46 209
76 386
52 378
35 265
46 456
16 500
77 311
36 491
31 249
37 200
60 302
78 303
48 495
32 487
82 413
71 260
95 369
78 335
89 409
20 405
86 232
18 480
69 350
46 444
70 341
83 466
43 386
48 251
89 496
36 282
87 202
14 278
60 486
44 368
10 211
74 207
51 374
10 284
42 356
25 320
72 319
49 338
59 252
50 282
20 375
34 404
52 455
95 499
36 293
51 284
99 336
38 296
22 477
21 431
37 356
19 227
89 483
30 428
62 452
10 230
62 323
32 453
79 314
70 468
17 265
57 210
51 240
55 359
76 435
70 298
56 237
28 214
54 337
98 203
72 401
41 364
12 417
54 251
96 216
12 386
50 468
71 432
98 400
16 423
99 278
39 323
19 244
15 233
59 477
69 419
27 220
70 351
42 297
65 417
54 318
93 292
80 397
85 491
42 212
14 380
68 384
47 303
54 237
93 207
18 272
86 340
40 407
18 427
32 290
99 214
40 344
71 442
17 279
50 285
63 244
42 279
51 365
23 253
48 418
60 416
84 386
81 480
90 445
86 495
25 448
15 443
38 264
82 280
47 214
47 333
39 228
84 435
38 494
74 295
67 448
31 349
31 464
64 374
17 432
49 443
88 326
95 419
83 467
24 483
61 262
84 438
20 427
32 432
27 259
77 228
82 435
34 288
25 403
39 306
91 228
73 213
86 331
57 493
60 329
52 478
48 490
63 328
55 435
59 233
43 235
56 398
49 387
43 317
85 346
14 423
13 370
53 477
60 266
21 498
33 342
83 433
14 287
46 445
83 268
48 465
47 437
19 472
91 246
13 310
41 461
13 464
47 367
87 281
18 307
70 475
40 201
82 229
51 365
20 208
39 350
66 435
69 285
78 308
81 444
51 473
15 400
19 433
63 325
67 347
20 490
82 329
42 427
11 478
44 281
71 475
86 408
28 415
65 264
31 222
95 339
74 360
26 379
32 203
42 204
67 384
79 422
18 434
11 320
57 440
84 346
89 229
71 272
41 445
67 365
88 343
87 410
77 441
44 494
99 241
51 243
44 493
12 336
57 262
25 286
30 306
48 365
49 383
25 479
60 221
95 242
59 245
100 213
10 490
52 378
90 205
26 353
76 335
39 321
49 395
52 348
34 287
41 285
78 347
15 496
55 305
76 430
43 439
56 284
88 399
58 356
17 281
64 299
56 397
31 211
27 276
81 240
43 269
77 232
30 287
48 482
44 214
96 491
68 252
37 330
66 384
49 304
22 445
18 279
22 221
80 381
28 348
81 411
34 496
35 231
93 419
83 424
13 373
30 336
45 336
43 325
97 401
90 434
48 479
94 435
53 201
90 298
86 486
86 216
43 349
26 462
47 209
25 450
39 448
37 205
56 200
92 303
53 457
78 496
42 447
14 385
97 444
20 298
80 389
17 256
33 310
11 202
32 251
36 452
78 487
52 281
87 236
56 337
79 318
47 326
20 460
59 213
98 442
14 229
82 323
89 265
99 253
37 201
32 470
98 302
79 359
14 392
64 466
58 285
10 258
69 297
99 371
81 370
13 370
72 392
23 485
89 375
67 475
58 290
95 278
70 348
75 474
93 229
87 466
33 420
62 424
61 491
37 276
73 357
42 258
25 388
21 404
83 229
100 337
48 321
12 410
67 249
44 407
15 219
26 290
71 345
47 457
54 207
25 495
68 377
24 310
29 245
12 225
67 290
59 292
59 225
75 279
37 283
92 250
93 307
51 242
48 253
84 236
25 429
18 373
18 483
28 320
20 344
56 449
49 406
99 295
28 442
76 404
45 308
14 327
37 493
90 266
96 265
30 254
88 481
56 249
23 257
50 388
21 412
64 284
63 327
20 498
90 451
53 241
53 252
62 373
65 487
18 239
41 439
34 445
29 470
78 331
34 260
28 377
40 305
58 238
99 289
91 398
53 334
75 247
53 256
93 380
41 256
31 494
92 463
16 313
14 329
15 357
29 361
36 258
69 443
69 295
14 479
71 271
56 330
70 397
35 437
70 327
79 394
54 386
62 456
43 237
99 341
95 371
35 376
93 417
68 424
78 350
75 403
84 413
84 386
83 367
32 284
92 264
97 212
34 334
60 347
25 451
32 213
92 438
94 450
13 456
99 315
88 474
83 373
20 499
40 394
92 330
99 308
80 456
29 242
17 488
87 409
90 325
58 208
28 458
27 366
30 479
29 417
15 396
41 236
31 348
72 457
87 408
96 321
45 284
32 401
19 200
91 458
81 378
96 286
17 322
47 498
56 330
98 201
31 202
40 317
25 417
28 227
51 236
30 386
55 410
92 289
78 294
80 434
85 463
73 307
51 420
45 334
94 217
21 223
87 270
30 218
69 362
67 210
24 291
22 366
56 432
50 309
50 202
44 499
94 460
96 498
43 359
95 377
89 415
14 294
73 489
39 371
72 306
68 396
100 225
72 347
47 217
78 484
94 396
37 433
44 235
85 432
25 261
67 219
65 406
41 308
58 375
32 443
83 308
32 327
87 349
90 240
31 328
74 283
95 403
64 277
87 446
70 281
45 215
15 329
24 260
91 213
70 365
18 365
83 493
51 256
13 364
93 406
61 217
48 415
29 454
11 306
13 399
71 303
23 334
65 285
38 318
26 278
85 203
31 406
81 384
90 234
12 456
71 489
10 378
90 290
36 344
52 428
24 482
95 406
68 360
65 408
31 488
21 411
68 378
90 435
13 425
48 207
24 358
50 250
43 297
62 213
83 434
62 432
97 420
33 378
32 226
23 206
85 271
76 453
83 380
16 409
98 254
73 382
79 310
91 294
68 470
81 296
35 247
100 216
15 212
49 495
37 480
44 201
67 265
81 398
38 489
52 499
58 421
47 403
53 261
48 386
59 252
23 384
77 408
69 464
99 294
20 408
50 358
63 221
27 211
72 317
84 425
43 242
92 497
67 325
34 340
18 237
49 391
31 390
44 321
62 467
78 209
84 386
42 432
50 489
80 275
30 391
52 370
57 345
61 225
42 373
45 429
31 455
35 331
64 366
22 498
28 264
50 406
33 272
49 356
58 478
10 365
45 380
95 250
50 350
32 392
94 389
48 382
15 338
47 437
60 362
47 235
11 338
80 324
85 476
23 470
10 309
74 269
29 268
53 412
77 292
30 390
60 323
10 273
59 232
50 363
59 341
86 268
53 236
47 389
84 269
33 362
74 391
45 266
27 449
79 377
27 480
26 471
30 286
58 411
27 451
87 461
10 421
90 219
92 369
43 367
50 214
76 214
25 358
33 364
62 457
90 297
63 204
72 386
50 209
79 408
43 318
60 200
92 294
12 394
40 376
74 299
65 487
57 244
77 292
23 401
98 347
71 382
35 213
60 442
25 363
59 432
58 416
55 418
58 349
48 422
56 269
31 363
41 232
92 350
74 214
45 321
33 497
47 212
11 270
87 232
90 202
37 312
17 293
12 377
93 290
16 364
78 217
59 365
85 332
79 373
71 463
45 207
83 446
16 468
42 372
63 346
92 310
85 491
35 387
26 242
90 313
29 234
39 382
93 329
45 311
34 360
49 394
100 481
14 233
32 303
62 346
85 478
38 255
68 257
19 483
98 316
33 205
83 375
21 448
76 350
10 405
24 281
86 274
87 387
46 460
15 411
57 337
67 460
76 254
65 231
18 317
46 230
96 448
56 357
58 358
79 352
48 414
23 310
34 445
93 493
18 435
31 407
14 241
12 362
22 333
27 230
84 491
78 419
99 414
12 230
18 230
30 283
91 265
96 380
43 338
48 362
48 276
15 243
19 333
31 310
38 247
31 313
28 349
17 373
86 256
90 284
16 485
66 230
53 209
38 207
11 283
90 420
61 335
55 374
28 266
18 383
95 273
85 249
92 478
55 485
64 223
87 269
54 385
85 256
66 460
99 240
52 381
33 299
99 321
36 434
70 405
36 450
55 261
39 349
66 318
40 420
82 351
71 349
32 237
48 378
30 367
72 488
87 225
92 213
89 457
65 432
42 211
39 288
65 277
87 459
69 219
31 237
96 316
93 252
63 490
32 350
40 245
72 354
14 271
65 316
97 211
30 338
74 327
25 494
44 261
39 299
81 279
70 348
68 421
57 498
57 227
13 465
35 382
67 242
91 332
48 430
68 303
79 315
81 392
87 283
59 459
81 432
39 417
33 331
66 378
27 394
22 373
100 428
21 375
57 457
14 276
14 248
26 352
67 258
95 370
38 446
32 472
100 213
22 356
20 474
66 422
54 388
74 476
95 299
35 233
12 204
63 340
29 438
54 416
93 484
56 336
17 312
93 205
92 445
93 419
100 292
93 484
15 334
59 494
51 207
14 386
77 285
23 213
63 466
99 467
68 413
76 328
31 257
46 350
90 392
77 317
13 307
41 413
35 208
72 322
37 434
82 426
60 432
26 440
25 317
31 296
31 356
76 203
28 205
81 363
29 320
60 380
80 229
95 266
44 449
43 401
22 345
92 247
36 464
11 424
85 240
52 208
83 392
37 257
18 212
35 242
27 297
23 458
40 413
64 212
53 360
62 390
38 387
55 481
23 373
69 328
42 372
29 257
17 247
41 358
63 381
70 290
15 219
94 453
16 219
35 441
71 275
41 333
93 268
25 260
59 415
66 252
75 475
31 247
40 322
24 229
45 253
90 379
29 315
11 404
56 244
11 463
40 475
78 230
45 307
38 331
95 429
10 206
42 441
14 373
63 459
82 464
66 471
65 483
70 423
37 369
20 230
96 485
88 324
36 395
84 255
42 402
22 357
100 335
80 410
80 258
87 307
57 278
49 312
91 261
42 447
89 400
19 459
92 328
74 348
45 463
46 497
51 335
35 470
82 451
72 426
64 446
40 479
63 259
32 283
88 223
35 448
69 455
77 255
95 438
96 254
61 255
33 411
69 353
69 309
80 457
65 209
88 217
16 425
74 477
58 346
19 487
91 371
80 500
56 423
70 227
30 234
99 477
49 423
81 222
16 382
11 215
19 381
29 328
93 258
18 262
17 252
49 446
59 440
81 247
56 279
72 287
51 306
99 456
36 292
23 459
93 406
31 263
67 405
28 289
43 394
26 315
70 350
27 318
47 455
50 349
64 389
86 245
45 398
20 422
64 479
68 413
11 251
21 419
92 265
81 367
82 257
91 355
78 492
51 394
31 236
72 377
29 428
16 317
95 423
90 264
68 367
31 483
62 350
37 323
35 306
41 324
30 421
38 219
56 400
76 255
33 405
79 258
95 303
70 407
83 312
10 324
32 345
72 296
26 456
37 308
32 358
38 375
15 359
67 389
99 256
18 393
80 275
90 242
89 276
79 353
35 266
37 316
80 283
95 304
61 280
64 499
15 293
52 415
58 216
52 409
14 447
94 432
10 202
37 348
59 270
77 364
65 427
96 497
12 290
40 446
38 462
64 257
49 266
71 455
41 474
69 253
36 415
45 441
62 408
79 444
94 238
58 315
21 486
93 423
60 310
95 395
43 262
47 274
43 322
42 360
48 290
35 465
80 346
64 421
95 392
52 482
13 370
46 344
70 305
92 380
78 385
87 435
23 476
93 473
58 385
47 342
53 494
87 480
96 460
64 343
99 412
42 231
31 369
79 385
87 391
36 287
36 289
74 471
63 429
60 311
72 474
33 287
32 207
100 256
39 365
35 216
85 421
55 306
61 372
23 461
20 454
64 287
79 468
87 256
21 399
15 458
59 217
60 289
27 459
26 338
93 442
46 297
71 351
100 400
77 291
32 234
80 306
34 486
77 276
90 418
36 306
33 297
49 317
83 495
22 480
75 296
49 386
44 231
64 244
41 458
20 489
81 279
11 210
10 316
41 204
83 460
10 306
15 332
15 391
31 397
87 357
85 489
69 386
99 478
63 348
26 465
18 324
25 329
65 256
14 369
69 377
26 320
57 334
35 305
72 425
43 344
15 444
47 273
100 250
97 459
37 434
51 434
35 466
71 340
45 406
49 231
63 236
52 414
12 200
88 344
87 418
32 456
65 219
65 390
67 478
80 417
53 219
55 367
50 311
31 404
91 364
68 447
51 234
42 468
50 327
27 409
13 499
81 356
88 291
86 485
77 342
64 379
48 450
61 243
33 451
89 476
15 331
47 463
29 231
26 298
63 441
58 352
99 268
51 354
90 451
93 378
17 438
49 351
27 250
60 346
82 239
45 264
58 493
24 433
24 407
99 279
37 435
97 484
47 337
75 312
90 322
56 227
77 245
14 346
57 471
61 245
29 262
43 277
95 286
70 226
50 439
49 237
77 435
66 275
99 255
12 258
60 376
47 386
69 413
10 414
32 473
72 291
74 269
44 237
78 328
76 245
71 266
58 338
76 200
23 472
53 299
24 381
54 263
19 242
29 497
18 258
33 416
55 452
10 467
27 237
92 450
59 310
34 313
79 416
29 361
37 266
33 365
54 282
83 412
70 302
35 229
15 275
58 459
18 327
11 414
90 469
46 344
34 278
17 475
33 468
57 329
78 494
83 430
74 319
85 297
30 448
75 230
31 470
49 500
97 312
83 308
60 225
50 307
14 358
50 245
100 366
69 308
40 316
99 281
69 328
64 306
18 454
78 247
77 473
87 419
29 460
22 313
67 428
80 288
73 399
25 310
25 457
66 321
51 405
40 406
26 229
62 256
86 246
28 304
72 299
89 251
53 448
87 243
27 431
97 410
85 362
42 343
22 387
73 289
25 366
37 272
59 456
30 326
99 330
23 418
32 351
24 437
29 230
10 423
30 208
53 238
72 301
32 387
83 294
11 227
23 420
57 303
97 274
87 274
41 257
65 232
27 358
91 456
97 398
46 246
87 460
49 475
74 415
60 497
82 286
34 417
15 220
83 278
20 346
23 397
85 241
13 261
73 347
66 235
47 344
50 348
54 315
100 312
76 383
90 487
73 280
68 424
58 371
96 394
73 252
19 369
49 469
76 442
33 294
45 308
97 457
58 490
53 478
84 499
15 358
38 226
13 387
72 237
99 350
30 472
93 420
45 444
69 418
70 453
15 260
26 398
69 416
14 236
30 386
39 201
77 468
29 430
25 376
42 309
20 296
11 376
17 319
61 353
37 454
86 248
52 265
60 479
38 231
32 373
14 498
100 410
45 299
24 267
72 255
91 449
71 405
11 316
18 393
35 210
45 473
40 308
75 403
98 217
16 249
77 301
97 411
18 460
57 299
18 383
42 351
63 455
17 405
98 478
25 489
24 341
96 445
10 448
98 433
52 230
97 253
41 426
20 240
51 372
35 411
48 494
21 285
32 215
28 468
61 435
15 379
21 315
84 423
51 419
36 425
48 235
75 229
79 340
82 346
15 358
96 414
36 466
18 248
52 387
96 371
87 370
78 345
28 372
36 445
96 321
80 490
47 296
76 214
56 487
63 295
81 315
69 444
28 457
83 209
29 356
35 464
95 379
30 460
81 274
100 239
17 222
36 500
86 446
88 402
76 323
57 224
24 455
81 416
72 358
65 202
57 253
23 489
20 472
27 381
90 300
84 389
21 398
69 340
37 351
93 223
76 238
23 258
81 413
86 352
73 347
96 483
57 217
33 230
16 367
38 234
84 279
19 239
47 209
56 217
13 369
77 481
13 486
69 348
63 461
52 419
20 251
71 354
73 321
51 257
99 493
38 353
53 412
77 447
42 469
64 479
87 403
24 494
47 497
90 287
90 239
52 411
96 304
30 359
70 347
64 311
13 405
13 310
92 254
100 436
29 419
69 309
57 322
59 460
82 394
19 474
97 399
33 473
37 399
39 326
42 497
28 283
84 298
55 366
27 348
25 273
71 465
69 286
83 434
37 355
45 240
88 459
24 411
12 391
45 211
65 253
34 351
75 308
30 479
10 500
38 473
10 341
63 352
80 474
66 422
63 311
70 354
59 350
41 450
89 272
93 455
15 418
89 411
52 453
64 397
19 464
84 422
90 256
95 430
99 308
39 306
23 263
27 387
83 423
33 352
51 246
41 269
59 310
91 388
92 317
32 412
45 403
73 283
15 355
57 437
43 313
81 332
47 350
82 238
74 304
18 216
10 445
34 211
69 214
77 214
68 382
24 310
14 207
54 493
34 355
40 275
12 370
41 344
36 323
32 240
44 470
77 475
80 241
56 367
79 334
25 285
85 256
29 249
98 237
25 324
90 368
52 309
30 203
95 455
59 232
72 452
20 451
90 313
66 362
17 445
31 310
99 410
80 324
94 378
54 449
61 452
28 350
52 201
49 411
20 430
79 349
16 342
83 256
95 489
41 435
47 312
52 413
67 359
79 480
61 346
86 437
83 391
41 306
68 390
50 297
95 408
22 398
34 495
97 454
44 321
47 365
15 381
42 454
73 211
49 474
60 207
62 404
18 498
83 239
90 476
17 404
13 231
12 331
24 204
73 406
53 421
18 207
25 246
47 238
78 292
38 365
36 423
32 397
99 227
74 204
90 221
90 234
63 407
47 226
53 399
15 487
99 452
71 268
81 353
65 256
19 267
48 444
45 438
43 307
91 224
48 316
13 417
36 297
82 464
60 485
99 204
47 380
97 362
74 403
78 202
52 359
47 277
86 208
40 391
78 328
51 325
10 410
16 242
36 315
25 228
77 317
69 218
36 386
85 393
58 344
54 446
12 414
16 253
35 437
32 488
66 257
46 457
43 303
72 422
57 203
72 415
26 431
64 265
21 262
69 355
26 302
32 358
30 323
69 387
37 253
76 272
80 436
39 225
80 476
99 355
51 346
77 498
64 452
37 342
41 419
44 368
89 297
39 486
21 335
28 378
15 496
22 396
68 428
24 367
15 265
37 331
46 240
41 386
98 290
74 403
80 474
50 479
55 495
41 388
94 284
31 415
15 414
11 408
48 480
19 243
92 495
63 354
14 402
36 424
24 215
94 449
88 346
43 457
76 288
62 367
49 308
31 350
80 391
80 311
65 481
87 363
52 428
46 408
97 204
21 218
51 356
86 407
11 292
71 239
55 356
99 201
69 487
10 435
69 308
82 445
31 298
96 461
17 222
83 252
29 398
42 445
62 436
100 453
99 414
93 356
56 397
100 482
91 459
25 458
79 360
100 252
64 458
73 433
90 330
56 405
12 403
97 229
31 399
43 263
82 422
35 279
43 225
14 348
87 375
100 448
42 456
81 442
21 411
48 291
26 205
36 466
44 344
100 495
81 374
84 253
31 426
16 311
59 343
13 384
57 212
26 201
83 229
12 329
13 214
20 429
43 364
65 326
86 337
95 450
96 276
46 203
12 284
97 452
26 221
22 394
30 416
80 450
51 286
59 333
48 397
91 467
32 404
20 217
72 362
38 398
99 419
47 439
79 214
24 379
61 424
86 217
81 416
100 232
26 443
93 449
43 324
98 400
92 207
74 415
38 282
85 255
38 212
90 401
45 281
28 460
56 300
39 292
48 392
74 415
12 336
81 423
67 278
11 436
11 386
75 403
93 411
65 366
98 400
16 398
20 295
92 435
55 282
18 309
76 249
20 257
29 387
77 294
86 500
97 499
69 278
26 302
47 307
98 361
52 484
94 386
93 365
82 322
31 244
94 370
53 404
92 377
22 304
20 454
46 398
48 437
95 251
83 414
63 456
93 263
47 281
30 365
87 467
40 291
73 367
31 202
91 285
50 310
81 298
27 390
29 466
47 421
46 212
73 324
63 357
30 304
68 484
93 282
15 405
25 360
18 282
56 291
76 491
82 403
72 363
89 483
81 266
32 294
72 487
42 495
22 453
51 231
65 466
34 336
82 385
65 391
66 306
69 232
33 281
51 283
12 426
13 221
46 418
26 218
83 380
59 498
36 208
75 218
59 239
24 294
27 298
46 340
54 314
42 450
19 454
89 236
39 496
21 268
80 270
100 267
65 497
57 232
74 491
44 429
100 404
25 352
55 354
26 354
29 210
92 311
95 284
13 292
72 354
25 443
31 396
67 324
89 472
39 295
61 406
47 389
48 444
94 208
39 430
17 265
68 415
13 353
80 474
11 477
47 253
19 200
57 377
16 239
16 429
60 207
72 307
44 341
75 284
29 297
10 461
80 352
35 489
46 322
53 398
36 487
81 467
75 298
75 260
90 390
80 370
12 272
26 442
77 425
37 211
58 489
32 283
58 295
74 294
79 431
94 216
32 393
12 353
28 224
78 476
76 352
36 210
24 219
77 235
97 426
13 364
94 417
99 454
99 416
44 430
51 489
98 212
28 326
70 219
95 227
33 214
74 288
10 201
11 374
95 449
44 232
15 463
86 458
79 462
38 413
41 469
30 484
14 481
93 295
11 409
91 494
19 400
85 345
14 286
49 386
47 267
23 245
74 317
72 344
10 275
81 367
41 406
33 474
13 408
90 334
65 237
56 438
98 306
83 286
43 500
27 376
68 289
48 245
94 271
100 382
35 394
88 339
99 296
27 384
90 227
32 218
13 294
82 451
72 438
65 241
50 407
47 453
77 485
66 350
20 335
80 402
99 478
27 276
95 250
24 226
68 427
93 342
79 450
34 318
92 226
18 273
89 474
29 327
20 421
51 413
12 407
83 232
67 304
24 458
98 467
63 432
39 228
90 362
45 263
20 263
67 288
48 370
91 259
73 418
14 424
47 484
23 394
89 464
29 221
95 249
58 354
99 329
28 452
57 258
66 420
17 202
49 355
40 217
76 318
56 291
42 214
13 270
22 488
51 303
21 404
38 395
19 231
56 338
78 464
18 396
87 415
28 390
33 469
82 381
23 240
42 277
85 495
26 310
54 278
18 440
67 465
33 439
35 306
30 428
99 320
63 452
16 471
74 202
39 396
55 475
10 355
24 338
49 296
98 280
62 311
57 254
14 302
20 270
76 468
97 427
32 220
75 219
94 418
86 328
21 405
39 447
81 251
59 306
47 233
75 419
25 303
80 368
64 415
22 211
85 334
29 367
85 213
99 243
97 408
64 442
78 473
82 218
63 423
40 319
12 409
62 498
89 460
64 264
85 200
45 455
11 462
39 387
21 407
80 304
75 249
78 325
53 333
100 443
15 366
69 409
97 248
15 435
78 219
90 280
99 223
85 201
15 204
11 358
14 216
34 474
78 458
30 236
24 340
90 294
75 490
17 428
95 357
18 444
45 310
52 293
49 457
59 266
67 433
70 320
95 336
12 464
59 290
56 332
68 429
18 334
20 377
29 405
93 322
95 409
51 269
34 264
89 245
97 385
97 203
42 325
77 498
62 381
83 288
24 416
17 387
45 384
12 208
49 296
54 334
31 261
42 405
48 327
92 303
93 275
28 467
41 344
69 488
84 449
27 436
55 491
84 362
69 335
71 360
43 200
14 283
37 346
36 234
84 284
36 434
68 393
11 258
49 210
18 209
38 220
83 323
23 216
54 334
15 305
52 480
56 386
67 265
19 448
21 402
74 437
69 340
55 383
57 365
94 394
42 353
90 268
31 373
98 410
10 384
53 348
15 269
25 324
45 463
81 434
27 202
19 398
49 449
19 240
74 475
23 438
50 245
10 200
32 239
100 272
27 374
92 235
14 402
20 226
58 330
58 427
99 228
78 474
85 354
59 240
69 295
44 353
38 381
97 458
95 213
99 343
11 450
98 279
78 436
17 465
26 463
64 346
86 464
79 418
44 482
44 395
63 333
37 366
75 351
13 434
84 302
45 500
18 352
54 300
30 332
21 200
80 404
78 235
32 365
51 384
100 359
85 371
80 224
15 204
99 258
77 488
74 412
30 309
71 214
85 500
51 372
37 340
87 295
11 342
77 276
54 254
17 252
38 375
12 310
57 401
15 215
46 427
99 274
40 338
56 343
60 333
73 337
44 240
17 296
47 341
14 356
22 204
82 218
61 434
47 406
12 395
96 422
47 245
68 254
26 232
55 470
37 362
79 287
94 437
17 232
86 454
85 370
50 295
11 235
13 415
35 313
16 310
17 430
78 479
46 489
14 331
86 223
35 463
13 343
66 393
21 425
48 262
11 202
25 432
52 284
67 428
88 456
61 380
96 292
32 268
48 216
49 436
31 391
50 299
55 245
61 357
73 236
62 213
50 474
40 475
59 490
86 404
50 339
94 229
91 289
94 409
68 445
24 294
70 441
77 266
86 334
45 354
37 290
85 357
91 209
86 270
38 433
11 394
70 457
76 451
36 418
51 300
29 401
46 395
45 235
67 225
14 332
41 488
62 495
34 383
94 375
54 452
97 275
25 327
66 466
79 475
77 385
11 443
47 417
11 376
78 496
65 321
33 228
39 447
75 301
90 475
90 431
69 231
14 220
15 435
37 384
78 267
67 484
26 302
43 245
86 301
49 327
18 317
100 430
19 326
27 241
21 455
21 227
55 375
63 241
11 432
98 217
57 493
74 408
67 299
54 471
44 443
19 220
64 402
70 472
99 429
51 277
56 382
52 266
40 250
24 365
57 481
36 379
38 230
95 466
71 438
64 427
41 482
37 389
44 346
85 309
84 321
68 356
14 440
95 258
77 428
93 369
84 453
18 330
28 232
33 209
50 480
20 299
23 332
93 293
44 246
16 202
28 237
21 319
10 229
30 364
40 448
28 315
94 479
89 331
92 490
27 379
62 224
39 379
38 313
50 284
24 323
16 475
47 342
82 285
49 369
42 227
40 431
56 465
12 235
62 267
73 333
88 443
33 322
63 412
10 242
50 242
76 480
20 225
91 259
40 443
56 208
72 442
48 260
35 496
79 399
60 320
84 458
39 236
81 332
31 413
75 342
59 240
80 371
42 341
23 274
63 256
98 201
71 420
15 353
12 306
47 427
52 482
27 437
90 362
90 414
79 392
44 429
67 275
23 345
10 478
71 449
76 400
51 481
31 461
60 433
57 333
12 441
80 442
43 280
81 343
43 276
49 499
13 314
71 303
68 490
17 276
88 263
23 285
46 494
11 274
85 209
92 484
74 471
33 224
57 478
56 245
25 250
83 258
64 266
100 272
79 340
23 442
15 221
58 345
34 221
10 340
33 276
75 430
80 498
68 246
64 219
42 477
72 233
25 383
32 294
20 303
10 450
29 286
23 469
74 384
52 300
72 419
30 245
73 320
98 449
53 466
70 305
57 436
100 426
85 386
66 471
48 453
82 380
89 340
61 369
95 236
90 497
79 492
65 200
36 232
61 376
40 367
63 388
79 268
39 370
10 281
21 290
78 209
33 472
50 268
44 372
50 456
26 208
60 358
86 206
60 407
27 285
30 313
56 325
60 485
25 233
43 283
25 499
82 294
93 390
86 207
28 415
23 328
71 358
41 381
39 274
56 496
60 310
54 481
37 388
54 327
80 480
41 494
60 452
60 345
43 347
42 352
88 263
21 383
99 416
67 234
23 249
48 247
51 236
43 492
58 442
47 242
37 227
49 297
54 471
56 269
98 243
65 278
59 350
96 426
100 423
86 204
38 387
49 279
78 228
75 244
32 337
25 288
53 221
62 241
27 225
48 207
58 480
26 221
96 445
65 344
37 304
71 287
90 298
99 312
18 334
55 494
47 342
52 482
88 365
88 252
21 230
46 356
54 294
39 238
73 324
61 303
23 480
29 368
58 454
32 301
90 235
59 405
64 324
80 438
67 358
73 327
18 499
10 348
70 309
66 479
50 267
96 258
11 421
29 221
95 305
78 360
45 365
74 415
90 401
12 376
74 239
88 447
46 333
98 479
43 429
11 323
80 238
100 390
38 257
39 232
32 432
70 400
96 355
65 485
49 364
57 263
59 210
21 339
48 202
10 234
35 223
27 325
25 239
85 368
98 376
75 407
46 241
50 353
40 369
42 350
90 345
72 384
87 371
97 397
18 488
69 202
25 289
10 471
29 342
46 322
24 488
10 223
18 283
17 322
72 412
99 433
54 384
63 258
70 487
82 326
19 336
74 434
53 405
28 201
75 492
16 463
93 300
65 456
73 310
66 232
37 249
59 476
51 479
38 386
34 439
14 389
76 289
31 499
14 476
18 490
31 470
30 445
84 437
77 401
19 477
54 217
77 346
97 357
24 476
54 238
60 453
99 437
89 499
18 434
86 281
88 389
94 323
46 268
55 482
49 204
36 350
80 331
60 412
84 218
64 479
39 500
86 382
13 423
19 269
84 251
54 228
82 401
42 221
94 258
58 387
31 307
52 482
49 380
40 425
93 479
23 353
72 284
21 364
52 312
12 260
96 232
60 251
19 338
59 352
95 473
61 407
16 474
80 217
68 229
95 200
30 243
81 436
86 336
46 231
39 430
26 259
20 329
65 294
67 331
48 260
46 382
94 332
66 303
24 408
99 489
84 290
42 210
37 308
36 222
17 243
75 381
52 363
62 311
68 324
47 351
97 444
69 351
52 287
25 322
20 235
37 351
59 291
75 299
12 457
77 438
28 222
60 500
90 225
40 240
94 400
81 233
24 322
42 316
36 485
86 352
34 446
94 294
62 313
86 335
31 413
54 217
67 288
72 218
80 475
30 412
43 347
26 466
12 476
39 276
69 366
92 429
17 330
92 247
15 264
49 212
39 352
75 361
61 445
69 201
11 335
12 242
16 204
71 349
94 488
64 338
95 252
71 364
39 488
33 273
39 491
33 478
29 264
44 230
60 466
19 377
55 292
22 230
20 377
32 475
10 203
28 365
94 327
60 335
13 388
83 264
72 392
82 219
29 328
87 362
82 480
95 291
88 357
13 316
16 400
64 244
38 351
65 305
87 438
71 492
77 245
86 453
22 496
56 341
46 369
74 315
55 441
16 368
92 426
56 228
61 223
31 375
17 482
74 302
26 368
47 393
50 246
58 299
53 215
20 314
64 291
69 482
69 283
31 277
10 334
20 232
50 377
13 481
43 336
14 426
37 324
69 367
36 412
56 412
84 253
84 261
66 403
73 324
43 341
10 445
33 455
21 230
69 333
84 338
17 293
24 423
55 381
74 287
63 402
40 469
11 474
10 248
83 221
18 312
29 472
76 235
47 380
42 457
27 275
71 432
29 357
68 484
85 290
71 278
78 468
47 345
78 276
63 216
73 465
92 358
98 282
97 311
70 458
12 424
16 310
74 299
76 356
79 453
90 250
98 387
13 227
99 409
44 374
20 299
50 451
98 223
32 298
44 443
49 351
96 486
36 369
61 377
81 264
62 369
42 309
90 282
56 486
97 389
30 364
59 396
19 342
33 244
29 201
13 444
29 251
40 211
49 463
57 293
83 415
53 290
84 416
78 258
47 311
45 458
44 332
53 487
12 220
65 413
59 467
53 272
84 234
88 285
90 369
52 421
33 289
68 206
53 332
100 303
35 461
74 367
92 414
76 215
19 333
79 354
62 483
10 215
31 408
31 360
48 377
64 310
84 240
41 368
29 329
43 214
37 230
77 382
88 433
76 276
100 273
28 263
93 305
23 470
69 277
52 239
87 359
95 317
90 363
22 470
28 404
25 230
26 314
91 225
62 257
26 261
91 480
39 284
26 301
60 247
66 281
19 229
16 282
38 287
39 279
67 385
22 490
29 264
92 275
21 299
56 390
67 310
90 383
29 403
27 345
54 311
44 434
88 365
30 436
100 409
46 408
32 345
65 458
13 450
42 447
62 212
69 306
34 455
95 465
64 423
48 205
58 485
34 272
86 404
78 200
29 422
67 304
35 253
73 425
41 494
15 449
56 457
93 277
86 494
49 415
62 351
74 347
69 308
19 384
68 377
92 221
64 291
54 262
43 286
80 245
31 307
85 483
76 498
19 321
80 301
64 304
45 405
15 486
88 320
20 422
27 201
58 243
59 467
69 335
29 491
84 229
13 322
44 258
61 220
94 458
28 363
35 421
11 412
83 228
71 474
61 227
57 342
32 466
75 273
24 259
56 429
60 309
28 249
92 268
64 444
19 238
22 237
98 323
92 212
30 429
35 250
67 409
16 424
13 399
44 423
91 260
25 495
66 351
61 486
76 462
58 394
22 485
83 357
11 277
15 409
52 303
82 410
38 300
99 284
86 330
60 405
48 307
44 207
35 392
77 376
36 320
49 251
22 399
21 310
21 225
61 482
20 427
36 237
47 224
43 474
46 277
26 442
85 475
14 341
17 340
37 418
69 485
82 463
24 376
57 309
72 240
53 478
30 431
47 442
83 285
16 207
36 491
65 444
99 348
100 280
50 500
12 346
67 416
53 265
93 278
70 442
88 414
26 233
17 333
37 498
43 287
71 479
83 404
96 441
21 405
51 488
85 417
87 285
54 288
86 374
55 474
27 434
31 433
12 430
97 340
82 382
91 381
24 403
95 480
54 284
31 262
30 236
11 252
74 311
62 371
54 207
67 499
66 379
69 306
80 446
25 484
21 272
66 436
41 398
25 216
30 498
97 402
68 205
20 253
15 294
53 500
96 416
48 441
61 378
84 351
88 391
91 399
30 448
14 336
34 447
100 476
82 328
94 427
57 330
81 348
93 251
39 424
97 243
12 209
100 360
51 442
64 443
66 463
15 372
45 384
15 348
83 211
57 235
35 257
60 265
84 238
19 452
93 282
15 224
26 263
98 349
17 333
26 294
99 380
59 291
60 483
95 422
13 363
34 330
72 220
24 274
89 210
30 419
93 368
94 281
56 276
93 384
69 471
53 453
93 342
64 363
29 380
10 267
26 389
79 463
72 292
97 365
80 410
59 293
15 477
97 457
59 202
78 411
24 216
49 221
87 305
22 431
78 315
18 227
11 345
98 310
97 373
50 438
74 259
64 359
13 253
93 486
66 405
98 427
18 458
51 278
65 479
80 496
93 456
52 496
38 359
84 436
97 229
63 314
32 302
65 221
94 237
14 309
45 352
56 362
10 381
64 320
77 347
61 401
85 236
80 301
16 400
64 377
49 307
36 467
60 413
23 463
11 495
66 341
46 255
15 405
35 290
28 294
66 290
87 438
46 238
80 471
45 473
17 367
78 287
72 387
34 269
44 399
29 370
89 309
37 442
27 361
26 238
80 418
79 298
48 404
49 291
29 223
79 471
86 240
70 421
46 205
59 226
45 452
96 394
59 321
81 473
11 264
75 285
95 237
11 234
84 468
40 212
88 286
39 278
27 438
84 203
18 387
97 246
73 374
94 246
42 473
60 376
87 478
24 468
58 292
39 404
66 225
44 449
41 297
80 387
51 424
22 377
58 317
29 346
27 311
14 436
49 410
56 217
15 470
69 351
49 436
59 218
30 370
74 220
83 392
20 451
32 496
46 374
57 249
63 253
94 361
50 341
85 498
30 356
29 292
16 375
49 461
35 386
21 309
85 296
69 212
43 264
80 323
71 269
60 406
81 482
91 208
48 485
43 431
81 319
73 245
83 500
69 387
45 284
70 240
90 394
77 326
28 209
65 293
62 270
39 248
31 413
81 273
20 461
54 486
76 225
95 273
39 486
29 359
97 353
19 298
80 401
73 402
58 321
13 386
69 391
15 393
24 440
77 449
63 418
78 479
47 415
12 417
90 460
66 317
36 423
35 256
77 338
30 482
15 350
98 249
82 250
27 242
15 356
46 389
78 375
22 414
12 368
54 387
63 303
41 389
11 368
21 247
44 352
12 364
27 295
76 442
28 303
57 284
50 475
17 430
69 238
96 387
61 372
26 484
21 477
28 450
40 317
54 299
33 425
22 421
18 324
11 313
44 294
23 283
13 217
28 367
13 254
61 360
25 476
57 400
88 465
12 244
68 245
54 449
65 204
41 438
16 429
80 454
54 295
52 491
76 448
46 316
47 309
22 427
37 217
52 434
98 324
95 462
64 220
55 287
67 427
72 302
45 422
40 276
97 242
62 328
15 373
31 492
58 268
67 414
66 443
62 216
27 274
81 384
20 234
80 268
38 342
67 464
19 324
78 229
96 255
96 356
92 200
69 256
77 412
88 302
98 266
22 370
76 443
76 333
83 372
80 285
23 469
47 227
59 237
93 408
71 363
17 418
30 308
65 329
65 393
94 324
71 448
94 497
62 395
49 266
40 479
18 230
81 349
77 439
86 262
47 376
73 359
72 487
84 465
90 436
95 446
26 264
15 401
28 482
41 390
65 362
48 297
79 464
44 398
75 280
40 497
39 335
82 447
95 220
91 386
29 217
84 414
68 423
18 291
73 409
16 350
75 248
26 412
90 341
61 362
96 219
38 274
56 463
90 424
55 380
88 387
45 339
36 428
77 312
52 415
11 449
39 491
28 460
82 406
68 410
71 419
49 324
52 231
89 411
44 217
37 413
33 488
20 352
92 262
21 382
36 434
17 240
51 276
20 275
43 248
81 499
95 363
83 408
23 306
40 247
67 357
96 375
57 461
67 457
93 490
99 448
16 419
46 296
95 385
96 426
51 305
96 348
21 394
45 259
12 271
98 272
96 215
39 471
62 473
54 447
90 214
52 284
20 279
15 377
61 450
43 345
93 374
64 471
32 446
54 268
36 285
74 394
25 236
37 475
62 489
48 369
86 213
47 385
41 231
11 205
70 211
74 484
52 292
46 351
52 381
25 453
21 458
10 466
54 408
67 400
72 310
20 349
20 420
16 315
25 443
24 380
68 420
27 236
79 214
10 398
69 204
62 311
30 446
16 404
16 465
97 499
57 322
51 297
26 279
73 442
82 481
97 373
37 434
76 260
93 245
53 343
54 307
95 461
84 479
65 304
91 418
84 468
30 348
69 280
99 425
94 397
44 292
84 453
29 427
94 473
89 470
36 472
30 468
33 227
48 245
19 339
65 332
94 451
81 268
84 406
19 451
59 295
30 320
77 216
18 260
24 468
86 203
55 455
87 269
73 366
82 211
27 476
75 208
30 271
89 355
88 217
44 477
13 297
59 259
29 240
67 201
26 247
46 345
21 373
49 433
21 427
30 442
30 485
65 276
67 226
17 481
50 487
70 255
31 451
49 295
85 331
84 499
75 249
72 329
69 456
87 411
57 403
71 232
28 251
81 391
41 490
18 220
55 276
50 457
60 287
25 217
58 246
62 245
99 206
35 468
60 334
10 344
82 428
10 322
23 435
64 206
85 333
52 297
12 250
14 385
98 453
23 203
45 265
95 244
61 322
26 483
58 236
43 391
14 402
55 443
40 425
88 458
97 424
16 416
11 455
78 208
57 401
71 356
28 210
14 436
11 309
15 486
47 443
14 308
45 288
85 429
84 347
53 269
28 389
96 443
87 485
81 200
26 413
14 499
34 204
93 453
38 300
11 407
99 263
42 336
82 413
35 363
52 451
99 331
53 265
52 382
29 474
89 332
91 436
59 206
10 212
30 451
48 397
30 254
53 320
43 260
42 455
53 293
99 202
70 393
98 395
44 265
61 354
78 453
25 477
83 478
77 367
71 200
50 233
77 422
17 444
81 335
40 251
50 202
37 499
97 270
48 418
67 410
25 483
29 309
33 270
36 346
30 463
40 399
51 400
26 297
80 500
24 441
83 207
28 203
90 235
60 247
71 358
15 473
77 318
43 498
90 316
79 224
28 490
43 472
41 442
81 380
72 348
47 390
21 461
26 260
96 416
55 397
18 263
14 363
86 399
10 468
69 202
48 491
13 313
57 279
57 480
18 393
86 478
73 432
90 425
24 383
82 247
13 414
84 398
55 390
18 385
97 209
51 497
28 226
80 462
53 312
28 462
18 466
33 236
27 377
88 338
61 250
27 236
76 394
35 438
32 480
40 339
75 357
81 437
89 393
84 437
12 236
19 458
32 337
56 400
17 405
60 471
65 321
32 317
78 390
79 497
54 275
46 255
15 419
91 314
39 339
52 264
93 448
52 377
56 466
80 246
94 462
85 222
16 473
16 246
81 343
65 429
56 327
33 298
26 424
72 255
51 411
49 387
92 240
57 392
15 238
65 273
28 353
21 230
73 384
90 385
65 269
57 342
17 245
88 340
94 249
95 481
91 465
77 266
14 328
29 459
39 243
36 314
50 275
99 419
27 371
45 332
58 314
55 233
72 311
51 225
55 218
25 268
96 270
27 385
95 241
73 213
47 272
43 429
99 422
79 454
46 297
60 379
68 208
59 468
64 234
74 429
62 397
17 433
97 331
20 315
87 358
77 355
99 354
36 476
15 278
39 265
44 463
99 235
20 305
58 239
75 395
45 341
74 464
47 207
39 238
24 315
56 349
12 275
65 452
68 227
23 428
74 355
11 435
77 310
47 342
11 327
19 265
64 328
52 440
71 221
74 305
24 322
93 204
91 354
72 345
26 435
71 372
60 412
43 480
10 345
23 268
17 307
12 389
87 310
35 468
52 203
58 315
45 424
46 472
98 275
10 408
19 338
85 248
98 385
58 469
23 246
100 400
21 267
17 236
19 314
71 407
95 424
81 442
69 290
28 426
50 479
61 273
54 362
82 263
25 246
11 475
28 466
21 395
29 411
53 358
24 282
16 290
41 486
64 354
66 394
47 390
28 310
28 386
96 232
39 417
94 378
11 319
58 463
13 273
57 343
32 295
32 343
96 380
41 314
80 353
22 210
66 277
77 454
28 491
47 309
45 212
13 445
68 227
38 243
56 427
43 430
19 259
33 304
82 350
45 422
24 375
95 443
50 401
80 364
60 279
78 446
74 409
21 269
59 246
66 435
34 498
100 444
27 386
29 446
49 415
23 436
74 447
59 492
95 472
44 488
19 277
66 489
18 271
78 372
79 319
89 239
60 420
64 271
73 428
76 238
100 282
38 382
22 249
86 325
43 477
78 469
20 494
51 490
36 412
12 280
80 365
17 296
42 500
69 287
16 282
81 218
12 247
78 290
22 221
85 265
62 476
60 201
21 388
17 432
84 300
51 279
64 279
72 499
46 441
65 454
92 360
75 284
16 270
72 402
32 289
37 489
34 399
73 381
15 429
99 284
90 221
68 442
24 437
12 327
32 424
84 348
65 400
71 388
64 255
54 461
14 205
51 306
85 387
90 388
94 497
41 292
90 285
52 266
54 321
82 348
38 372
16 225
76 326
28 440
35 452
97 423
15 348
30 258
60 414
80 298
60 418
52 377
36 322
71 474
66 285
20 436
33 214
50 375
20 322
55 419
39 214
38 479
51 268
89 295
85 432
17 340
96 232
10 250
17 409
66 245
39 492
29 348
18 441
24 244
91 337
27 285
37 253
82 413
29 499
42 251
54 299
65 427
26 357
89 435
53 398
22 258
46 410
98 292
27 377
36 363
97 248
55 213
24 410
65 371
22 331
10 236
63 261
32 211
100 388
65 483
27 324
51 372
72 344
71 334
76 249
23 383
66 393
22 347
20 270
76 461
90 388
69 280
57 460
85 316
65 436
25 280
80 237
99 242
67 365
57 250
82 321
31 211
92 277
80 317
73 325
14 497
85 222
31 361
63 215
14 227
19 224
63 409
86 207
20 342
83 276
11 236
90 273
27 411
28 355
100 446
14 202
33 392
76 417
10 405
23 478
19 281
34 437
38 463
86 390
43 266
68 445
11 311
30 247
92 316
78 397
19 281
94 452
51 323
49 474
23 500
55 358
48 402
20 219
70 488
40 417
43 272
100 253
55 276
62 252
48 453
90 402
92 247
52 404
68 421
46 295
53 327
67 398
50 497
84 342
90 223
75 487
21 369
67 326
74 289
28 286
38 225
31 473
53 490
78 340
27 201
55 227
67 286
78 307
14 291
80 215
93 207
80 257
46 439
87 220
44 209
85 468
76 493
17 205
42 265
56 289
98 429
45 345
38 491
89 246
92 349
53 242
39 211
50 432
85 482
48 427
58 456
54 425
91 284
31 328
46 474
98 365
40 483
78 366
19 410
27 452
51 422
10 365
55 242
18 280
57 446
20 414
41 351
54 247
25 466
17 482
15 242
20 239
10 254
30 396
17 214
36 473
33 239
92 317
94 280
70 255
18 303
17 324
98 454
87 286
89 497
90 205
62 312
56 211
14 348
89 280
39 203
87 298
14 236
56 273
94 461
10 290
21 444
67 466
31 285
47 265
10 216
67 217
53 264
41 394
51 385
49 275
97 424
95 329
84 436
24 224
82 429
42 459
85 227
65 218
70 373
79 292
92 251
12 417
57 288
17 427
25 232
40 259
63 272
39 313
91 488
77 404
31 400
27 487
35 485
75 489
84 486
44 446
88 391
72 250
42 421
58 400
15 427
86 255
38 494
68 457
84 454
16 295
70 421
74 279
69 234
69 462
91 247
80 455
49 217
38 365
100 431
55 339
36 371
90 305
71 210
62 294
18 371
22 265
54 471
90 395
33 259
81 423
61 211
17 493
27 331
99 466
84 320
49 367
10 396
90 303
12 483
42 318
72 287
51 292
94 375
55 410
52 292
57 240
49 459
83 281
63 339
10 248
51 249
73 398
94 337
92 300
30 347
69 320
96 500
72 390
67 347
32 256
15 381
92 492
61 278
38 327
72 267
77 324
94 240
80 210
29 471
100 343
21 477
95 200
58 374
59 247
100 388
13 409
77 400
22 306
32 421
31 343
95 207
69 253
10 437
92 322
72 322
32 475
75 428
53 223
46 263
65 220
100 375
12 468
63 278
30 451
82 406
41 437
11 260
81 358
10 452
48 353
79 393
72 321
13 200
94 320
80 314
47 213
25 218
72 461
81 203
42 245
59 454
56 270
35 369
79 408
62 356
78 292
13 286
47 267
27 456
72 349
88 426
93 206
75 292
61 490
72 327
88 403
29 465
44 492
70 299
97 301
56 359
24 402
77 255
83 231
55 254
71 229
80 441
63 322
44 202
26 276
70 295
53 308
47 350
98 240
26 449
54 352
85 484
11 251
83 473
71 448
56 310
88 405
22 211
43 231
26 337
79 242
25 485
39 390
35 348
85 282
83 470
40 352
23 437
44 390
42 333
50 385
64 262
77 493
40 315
85 487
85 280
60 282
49 276
79 347
78 248
42 470
18 311
98 421
29 424
80 406
100 397
66 500
20 379
92 482
31 465
24 293
57 394
69 206
79 244
86 293
63 230
86 259
15 282
92 287
24 239
13 211
18 232
94 292
82 400
32 252
78 440
72 306
36 469
83 202
40 414
77 203
49 204
27 484
45 441
43 241
60 212
53 313
68 461
87 304
47 428
15 474
18 201
49 400
70 290
12 432
54 395
18 346
95 395
47 435
61 349
15 263
79 427
79 304
20 480
12 498
90 213
73 473
47 398
59 433
60 472
69 391
93 497
97 464
66 264
81 476
77 272
91 472
98 313
72 285
50 382
28 398
45 451
54 358
29 441
52 286
63 353
83 426
52 411
96 241
75 235
88 336
25 204
77 455
63 231
83 308
76 270
58 257
55 274
57 369
67 404
53 273
36 329
92 356
67 387
49 214
26 362
63 378
30 306
70 332
40 320
11 499
70 395
81 359
78 369
52 330
15 381
27 227
46 351
73 250
58 228
24 358
64 262
31 456
69 265
83 454
60 476
31 223
60 457
98 486
55 360
34 296
61 468
56 500
22 405
26 253
94 462
61 272
70 345
58 341
90 212
17 244
41 246
32 256
94 400
81 226
32 306
25 447
19 293
98 289
53 394
18 430
17 453
56 328
69 377
86 406
98 211
24 276
30 417
82 460
28 323
79 222
83 206
88 401
28 364
40 245
61 282
70 362
34 375
62 229
83 407
31 391
39 233
71 375
44 247
90 464
30 217
66 249
78 403
21 220
54 389
29 274
15 490
90 403
31 375
12 365
14 266
46 398
31 420
19 498
75 304
81 287
83 446
23 243
16 234
73 364
38 278
28 394
98 323
54 381
76 428
31 426
43 250
77 241
90 294
83 386
10 448
21 419
62 257
60 490
22 475
82 215
77 490
64 269
71 404
55 207
27 445
81 273
59 206
40 413
23 250
28 448
92 470
23 390
27 277
38 268
21 381
96 452
73 339
79 381
30 420
60 272
63 270
77 256
14 358
23 275
46 467
57 406
34 338
62 412
22 323
60 313
26 461
38 322
31 235
11 241
39 289
15 217
55 357
30 334
16 492
93 322
91 380
97 394
36 221
82 330
65 484
72 245
50 208
32 493
69 268
76 447
85 245
16 466
44 487
15 315
86 457
55 436
11 414
54 303
26 332
76 478
30 376
24 208
64 237
58 325
87 433
48 412
31 434
27 328
98 374
68 398
31 329
59 416
82 411
59 427
93 400
42 307
53 324
46 307
19 213
93 366
43 454
29 321
48 353
83 307
70 291
81 255
27 286
76 412
97 387
59 488
39 440
64 260
10 307
52 323
19 249
68 414
92 215
71 338
50 383
37 292
57 398
26 291
10 215
35 378
43 238
48 387
75 358
17 440
65 263
10 485
19 251
81 263
35 382
93 332
94 244
48 385
91 470
41 324
19 377
14 285
51 317
94 291
54 367
17 389
76 242
10 492
56 220
86 257
31 355
18 416
61 261
82 239
74 225
22 414
43 264
14 216
68 470
25 253
62 287
11 465
57 213
22 320
82 410
100 385
94 214
97 361
27 298
22 204
18 412
90 425
13 416
88 305
54 497
63 419
89 499
43 310
65 289
64 495
33 255
28 461
87 377
34 243
57 420
20 248
87 414
69 255
56 362
77 412
21 417
69 391
57 463
61 325
37 380
75 499
94 397
77 403
72 229
47 499
63 391
100 428
20 468
55 382
40 241
84 487
24 423
14 219
71 276
47 386
97 363
20 237
68 292
87 282
67 283
74 469
45 275
31 277
57 327
92 320
61 200
92 473
44 382
63 207
77 286
28 260
38 226
80 207
42 487
52 389
53 268
82 493
52 451
23 335
42 478
49 344
43 211
47 300
52 258
98 249
63 449
55 292
53 356
13 243
53 287
47 362
87 238
10 449
84 373
54 465
28 437
88 227
86 375
54 239
35 332
55 276
29 346
59 204
50 416
74 294
33 429
53 308
92 258
11 404
30 237
54 231
10 376
25 371
29 283
76 432
36 396
59 393
47 273
80 443
32 394
97 390
63 441
27 237
19 202
83 379
36 208
40 413
84 315
38 383
40 392
20 210
88 270
74 278
93 250
37 229
97 205
86 215
90 366
30 343
85 392
54 307
55 279
64 482
55 200
41 491
59 427
67 429
91 404
33 237
84 477
24 347
11 487
92 326
67 363
70 470
77 337
79 353
61 494
60 259
52 448
17 335
22 499
10 320
14 469
50 305
10 425
30 324
27 262
73 461
87 265
52 379
18 456
48 267
43 264
92 393
14 273
12 387
35 490
30 475
52 262
80 300
50 430
34 295
38 272
68 315
92 436
40 438
57 424
32 238
38 280
38 449
38 408
23 426
96 240
56 252
29 326
16 238
52 224
90 446
91 338
20 332
30 453
100 414
45 223
84 261
62 383
70 407
14 294
53 385
79 379
26 437
52 237
29 459
81 256
37 256
84 413
70 468
14 355
98 490
54 282
23 432
55 261
95 453
82 317
38 439
64 472
74 398
40 247
62 218
82 208
99 396
53 360
32 286
37 443
97 343
63 276
12 438
72 310
46 441
61 425
29 320
81 401
83 302
66 272
48 450
50 293
12 201
68 407
13 469
16 262
92 323
90 334
56 424
53 349
68 268
65 391
45 368
97 303
73 239
80 490
99 456
20 282
39 235
88 443
35 288
58 212
42 342
73 370
62 488
79 328
84 492
69 392
96 309
100 227
26 370
42 234
62 299
79 481
84 454
49 236
77 377
89 350
98 293
97 432
95 438
78 285
35 476
22 236
11 421
52 331
54 229
59 314
53 329
22 361
58 416
100 272
21 292
97 458
66 341
67 415
86 397
91 206
43 425
58 406
79 204
42 386
63 248
18 260
82 493
97 358
45 465
81 347
100 251
27 442
87 443
79 419
44 253
100 461
90 365
38 273
73 249
16 302
60 407
95 424
99 232
34 204
49 462
69 253
45 405
31 302
86 499
20 435
49 394
96 230
29 459
59 377
93 210
43 254
97 290
48 214
82 458
17 267
94 268
87 329
24 464
76 268
33 451
82 213
95 347
64 301
27 295
31 211
59 355
80 472
56 441
67 215
15 402
21 215
13 301
53 442
68 224
81 226
14 462
81 467
56 232
39 260
74 495
47 382
42 234
41 293
97 236
24 272
34 339
27 357
50 381
18 454
52 206
26 228
67 219
19 224
57 211
50 327
79 305
16 354
66 259
61 263
61 453
43 432
28 372
39 430
47 335
39 305
15 363
99 257
68 277
49 331
36 264
100 242
38 365
25 457
70 240
72 469
14 253
32 232
28 437
54 376
25 346
16 362
55 263
57 238
39 399
91 326
10 276
70 280
59 212
11 315
77 405
65 494
40 382
30 332
66 386
76 339
37 437
65 439
14 319
20 237
33 345
62 481
54 480
41 261
32 445
47 442
68 357
97 307
53 359
19 357
17 395
15 225
48 395
79 280
99 389
48 481
17 430
35 302
47 419
27 299
62 488
85 212
29 374
82 383
61 456
97 225
93 383
29 482
36 412
45 240
14 327
73 232
46 379
35 364
82 447
69 359
33 401
26 227
88 389
78 204
52 348
87 444
39 479
75 206
68 435
70 440
56 465
46 267
57 204
93 338
40 291
72 333
31 267
68 215
86 220
73 499
36 500
34 297
29 316
10 266
35 298
58 211
65 376
90 354
27 408
50 279
97 387
73 440
63 222
52 308
93 425
92 359
91 498
10 248
41 258
96 263
70 270
100 367
63 301
46 224
34 411
91 457
24 414
64 450
58 300
41 478
84 261
32 346
65 292
47 271
32 209
24 456
12 408
79 423
66 241
99 416
28 449
74 448
16 267
73 298
97 301
30 341
16 361
17 319
37 331
29 452
49 473
13 317
19 428
70 236
24 385
66 370
20 323
37 495
30 361
97 206
30 266
60 222
86 233
60 227
37 430
35 402
21 335
44 481
75 206
59 481
89 468
84 473
17 366
42 378
74 407
17 387
72 431
83 298
14 500
71 225
20 253
35 279
88 394
68 348
90 474
67 490
95 429
39 429
61 327
93 219
63 441
81 456
47 264
45 232
58 277
84 441
28 382
69 416
94 427
85 373
16 392
23 290
55 222
66 313
77 275
93 281
38 437
81 233
52 489
80 213
11 220
84 293
88 322
51 375
41 272
27 449
40 308
12 483
47 406
53 326
97 325
70 394
34 343
62 212
82 441
38 295
58 327
28 260
63 397
81 498
58 380
95 330
92 332
89 215
82 305
15 467
93 499
65 391
78 235
55 370
58 275
59 334
57 302
15 351
100 277
30 416
46 442
62 394
38 256
29 260
99 200
13 490
62 336
34 237
47 481
52 296
79 270
28 408
40 273
25 319
35 305
14 256
77 427
62 319
70 258
40 293
69 355
77 455
27 361
23 361
97 296
76 295
82 336
28 436
43 210
69 457
42 487
56 310
92 362
76 345
52 257
10 427
65 419
96 351
40 321
99 369
91 367
12 482
85 416
47 309
26 421
12 490
95 227
66 269
83 478
65 257
63 250
62 344
95 313
25 497
83 455
24 249
52 228
44 272
63 345
17 319
13 396
37 371
31 408
48 261
14 252
92 368
84 251
11 220
27 455
28 497
95 332
72 429
22 474
35 252
13 280
55 231
70 480
15 347
55 239
58 220
72 425
81 293
18 348
49 237
62 279
51 460
100 477
55 219
45 338
88 416
40 392
55 342
40 297
53 206
29 346
99 326
66 363
62 444
23 431
26 261
85 413
31 370
43 358
59 237
74 359
80 311
95 399
12 320
11 391
74 280
19 302
38 255
13 223
66 425
17 377
92 413
13 457
38 428
16 318
41 458
50 366
46 376
61 221
33 208
19 322
46 397
85 393
57 339
43 348
67 268
58 448
58 212
52 410
78 417
37 302
54 404
82 442
75 231
54 274
58 272
20 225
45 219
84 318
45 483
67 370
84 389
41 430
93 420
27 238
94 316
41 459
48 307
90 497
18 210
37 224
59 366
76 251
96 366
11 242
38 284
22 348
10 428
53 271
35 416
26 433
95 398
82 450
33 440
71 240
67 467
23 232
99 263
90 216
10 352
13 226
23 317
67 307
69 451
69 291
59 437
93 245
59 313
48 237
45 340
39 452
70 291
99 387
57 216
78 481
42 308
65 202
98 329
31 317
57 436
40 293
55 330
76 405
98 231
48 394
50 468
24 426
99 328
41 310
64 362
28 411
53 445
68 293
31 471
70 200
96 267
11 477
86 330
17 288
17 322
79 482
12 275
30 297
69 418
73 396
86 346
44 499
38 418
79 262
17 450
54 243
65 356
16 413
86 350
87 296
87 381
13 262
20 382
16 207
10 414
27 277
71 458
78 299
80 315
37 462
21 424
53 230
90 474
43 464
53 291
85 245
10 234
45 276
37 364
16 465
30 486
76 235
11 265
69 216
64 445
85 292
41 431
31 295
67 463
76 427
100 216
12 425
10 227
73 468
51 232
27 367
66 372
42 358
100 486
28 465
24 300
55 446
57 327
92 385
56 248
33 292
80 231
17 265
89 415
33 347
22 311
27 413
60 315
61 369
78 394
39 429
100 338
100 475
76 414
33 253
21 368
39 426
98 209
51 355
79 421
41 269
41 414
31 214
72 202
29 278
42 414
94 288
58 329
50 465
46 319
17 403
82 210
65 283
45 267
81 394
42 338
68 469
34 394
43 229
52 263
61 491
74 211
24 426
46 290
72 331
91 305
56 345
42 260
31 336
79 315
18 264
77 390
10 453
82 464
76 429
96 487
33 350
43 447
18 286
65 414
78 394
76 299
43 335
97 416
12 436
29 398
48 483
12 431
77 320
45 315
34 268
96 417
80 248
58 443
34 348
85 399
84 325
51 229
85 306
98 328
21 424
60 440
39 261
24 239
10 464
74 380
69 404
45 399
61 358
90 485
32 448
66 446
88 330
50 430
16 318
22 375
27 481
93 295
51 384
78 372
82 386
93 276
74 297
53 491
47 215
35 358
70 307
93 433
60 427
82 321
96 317
100 485
83 259
85 338
62 363
38 238
67 210
10 288
74 489
27 460
49 202
98 415
59 269
82 495
48 458
91 489
74 310
19 371
44 202
42 261
73 417
56 363
70 313
32 433
26 428
72 253
17 358
90 488
75 263
91 422
87 296
18 493
87 332
32 474
38 269
43 449
14 233
93 312
61 461
72 345
26 335
58 266
28 314
52 419
71 234
68 244
93 500
34 434
57 297
62 415
75 392
11 250
46 423
16 219
34 356
91 219
74 210
90 484
49 338
47 348
90 441
31 400
81 326
23 469
65 491
38 487
33 495
72 255
49 348
83 499
19 438
39 444
39 201
38 470
22 226
51 410
43 458
100 304
81 393
67 205
50 354
38 213
50 478
22 414
40 291
78 227
85 328
49 374
34 346
55 419
68 460
64 237
31 387
40 449
38 262
100 411
17 343
68 463
53 441
62 345
91 237
49 458
99 343
52 495
27 423
85 208
19 491
12 497
10 286
95 406
56 347
70 212
11 240
37 260
33 300
54 462
82 276
52 452
44 500
29 255
71 257
64 253
52 207
19 373
25 444
44 390
78 395
89 229
57 276
86 313
68 443
20 412
87 392
47 336
73 206
99 261
33 353
23 259
45 313
45 403
16 460
85 295
63 393
25 487
52 312
16 493
95 272
76 223
41 465
27 303
42 398
65 433
78 428
20 359
27 322
36 245
51 201
71 334
10 364
76 261
14 319
24 480
61 406
96 253
66 260
23 289
38 419
43 457
18 463
99 285
62 224
77 264
62 370
69 368
13 469
13 407
43 431
32 376
34 338
66 455
94 484
14 253
73 464
17 447
91 223
34 409
94 312
17 471
64 320
70 362
36 216
38 324
17 404
43 482
41 378
85 338
41 378
73 462
36 350
48 466
49 389
85 318
35 245
14 380
30 376
74 454
64 259
96 236
25 226
66 403
37 352
44 464
93 382
34 269
50 231
62 303
61 256
48 370
92 408
93 467
81 240
86 373
30 395
69 460
73 376
56 224
37 353
84 455
60 311
66 464
97 458
51 210
64 386
61 264
96 328
85 325
35 348
73 365
13 406
54 413
65 385
38 206
53 323
39 470
46 384
65 474
21 398
16 303
21 313
11 376
73 346
99 206
55 498
16 486
12 393
88 332
23 284
40 213
54 499
31 238
63 315
85 472
54 444
29 296
21 289
89 395
15 422
82 327
59 220
89 220
65 459
45 390
17 441
60 347
97 284
67 269
83 345
13 310
97 462
18 493
70 275
55 435
85 487
15 365
41 373
57 319
32 487
90 323
47 360
17 314
46 304
19 292
79 372
18 436
62 256
100 333
77 214
22 277
98 328
57 406
20 276
51 230
77 232
35 490
97 220
57 286
69 436
24 472
96 229
39 339
66 233
41 366
100 239
57 447
71 385
52 266
71 326
40 473
88 398
24 500
60 463
80 441
54 413
84 404
80 268
60 476
68 464
95 247
99 285
26 269
17 243
67 329
62 330
42 477
25 461
49 344
81 460
21 219
23 497
37 262
87 414
18 264
42 328
74 279
53 452
25 281
22 381
55 364
43 409
39 488
97 213
87 240
60 365
65 293
72 431
83 324
42 291
66 421
93 346
30 230
84 296
21 241
45 419
86 437
17 443
35 445
55 453
44 378
90 443
41 429
53 224
74 365
67 288
39 432
69 233
20 481
22 471
10 255
15 324
34 465
63 364
42 471
51 241
40 383
91 217
56 203
11 262
46 254
58 454
81 482
88 397
86 265
39 381
19 205
89 260
36 219
19 277
77 490
61 236
91 500
40 382
49 243
28 371
63 492
22 232
57 210
50 282
26 244
45 345
94 366
32 469
39 227
52 273
92 261
75 286
54 312
82 461
63 360
40 351
39 304
75 472
70 260
45 389
20 465
75 303
67 337
88 414
38 265
64 278
95 296
65 284
60 281
95 213
62 275
91 440
95 497
57 442
96 413
66 259
89 262
74 406
92 434
14 410
53 254
12 223
60 249
12 458
83 251
85 470
49 283
52 403
56 268
23 484
17 423
20 255
73 354
68 281
61 478
47 486
39 376
68 281
32 214
61 204
30 407
11 340
73 280
65 468
70 386
33 226
20 391
90 492
81 441
47 282
82 462
99 349
86 474
26 263
89 417
21 253
76 440
78 261
29 385
30 317
74 326
83 278
49 323
67 262
82 240
24 432
13 309
36 289
41 459
59 219
83 317
92 447
99 365
59 225
66 384
33 218
85 383
23 226
40 264
16 270
100 330
37 204
59 230
17 420
32 343
73 261
52 461
79 415
87 413
48 324
33 480
82 204
94 388
59 318
37 217
99 204
12 287
55 434
16 200
68 203
81 240
23 202
57 220
89 275
46 204
49 428
25 440
58 295
41 411
96 227
88 249
20 423
47 439
68 402
26 458
98 232
28 418
45 448
66 298
35 320
78 269
88 235
21 428
27 284
14 243
74 465
34 491
62 429
12 492
77 317
17 485
79 395
11 230
81 289
65 213
85 380
43 456
51 291
71 245
61 419
44 334
85 329
72 468
92 201
29 286
57 356
59 315
79 370
66 292
80 424
27 367
25 336
53 417
32 403
34 200
16 448
16 403
90 356
90 232
16 278
12 374
62 286
14 384
74 284
15 364
54 479
87 208
100 251
52 440
17 284
13 474
61 472
67 257
69 247
30 433
45 356
91 458
100 245
53 346
82 214
42 484
97 490
22 205
59 315
27 443
94 282
42 380
21 242
57 329
34 424
17 363
26 266
28 419
18 360
52 287
45 274
80 265
66 211
38 252
72 464
60 474
93 309
35 497
16 488
46 440
76 285
63 388
67 322
33 361
69 371
29 305
76 218
46 406
70 390
36 304
45 350
60 297
41 380
58 310
30 368
95 227
64 200
13 253
56 221
60 252
28 361
82 484
57 478
14 357
54 244
57 419
80 238
44 302
18 208
74 233
49 310
50 278
97 425
51 381
96 443
29 485
96 290
33 381
82 254
31 333
68 448
42 441
11 466
74 301
67 354
64 299
33 344
90 273
19 406
88 412
57 335
82 400
34 312
20 442
96 267
59 413
72 275
64 398
29 345
99 464
93 281
72 411
28 388
61 391
54 386
59 441
71 396
15 396
61 370
65 271
56 310
74 400
30 286
71 323
82 244
51 328
48 348
52 449
37 472
20 328
13 391
45 327
25 307
33 493
66 309
87 362
27 497
20 201
50 256
12 411
13 360
59 374
83 226
35 493
67 411
18 354
31 287
99 285
94 453
76 319
72 290
52 378
75 389
52 266
96 402
64 494
23 414
68 217
40 439
33 437
91 330
85 348
47 470
21 259
67 460
17 382
12 205
43 284
74 286
18 287
55 224
31 498
11 396
44 377
44 224
92 381
24 302
100 469
21 462
56 392
98 252
32 419
38 232
93 451
66 250
33 306
90 266
96 462
97 267
86 495
60 299
29 344
16 404
35 370
93 238
59 234
23 285
15 348
100 302
69 384
25 234
39 325
10 492
96 462
63 271
54 299
21 331
50 219
18 455
98 298
36 401
16 482
54 484
54 251
35 327
71 387
68 323
19 360
87 496
82 321
12 476
79 386
62 211
94 239
57 244
87 356
64 420
85 379
30 417
23 387
68 313
22 251
10 484
57 249
53 431
90 445
26 490
31 462
50 434
64 415
85 236
96 371
59 357
18 257
72 428
51 214
32 416
28 477
48 376
18 277
29 244
62 462
84 249
40 432
23 321
84 410
61 314
100 262
22 279
52 443
93 462
40 498
72 473
100 225
49 398
26 403
69 221
30 373
23 485
39 453
16 399
51 413
54 341
40 434
74 493
68 326
91 282
97 330
73 245
35 300
13 356
97 232
83 316
41 398
76 209
49 356
99 461
12 371
93 492
35 370
40 480
86 386
17 318
45 214
41 270
54 454
38 267
32 252
29 341
69 433
49 248
94 457
60 305
70 459
54 380
35 229
14 323
67 320
18 330
54 451
89 449
46 223
65 340
53 348
48 475
96 279
46 318
14 431
10 312
65 418
69 216
91 250
26 261
47 478
21 203
37 489
14 281
96 417
95 287
70 299
77 294
10 484
70 364
88 232
79 251
40 366
58 347
36 304
77 285
99 247
80 458
68 491
61 246
16 307
28 370
15 243
57 234
87 324
73 389
12 271
80 255
51 456
62 353
11 258
66 289
96 477
51 289
46 433
43 220
74 317
44 396
72 302
10 335
33 276
31 481
78 412
30 233
92 336
22 375
90 274
72 449
94 357
65 364
40 271
98 279
75 223
100 446
48 353
20 450
91 303
59 224
96 363
50 330
40 394
96 342
21 366
68 416
96 225
98 262
100 412
56 332
53 264
36 209
73 358
25 243
40 337
84 425
70 274
38 448
13 458
83 333
16 277
82 296
89 276
54 246
91 397
24 372
72 457
33 275
86 288
23 474
76 334
14 323
85 352
98 223
83 257
65 331
83 354
17 283
42 483
21 419
23 458
28 237
38 421
46 477
16 379
56 383
20 298
97 320
55 474
82 457
91 449
43 262
99 464
61 233
64 424
79 274
24 440
42 243
28 373
83 318
92 369
86 214
51 404
59 263
92 375
50 356
93 307
18 376
49 461
11 467
20 207
96 464
57 301
94 205
33 426
25 425
67 221
79 408
99 471
29 500
30 490
35 418
68 420
29 266
28 400
35 213
64 471
80 303
76 434
48 445
11 380
76 300
80 256
92 223
44 478
30 320
60 224
93 462
51 280
51 323
96 208
24 336
60 212
86 200
66 496
87 452
12 262
51 474
32 258
22 293
32 417
83 349
51 349
63 333
50 287
78 308
79 492
74 224
11 332
81 347
99 367
50 452
46 298
45 496
12 371
88 238
15 399
70 478
99 498
65 376
35 215
63 279
50 376
59 408
48 225
34 284
24 250
46 320
81 460
82 402
54 301
70 316
94 327
69 446
24 301
20 256
82 202
33 221
63 387
89 284
38 382
47 303
49 352
29 229
44 436
65 340
33 320
10 384
81 447
72 419
19 349
61 314
17 259
39 428
29 463
71 307
94 380
26 226
16 231
79 242
45 436
92 351
86 287
48 350
78 261
24 480
54 493
96 460
22 327
85 497
69 399
52 383
79 412
22 209
12 414
52 307
51 382
32 303
52 441
19 350
97 471
70 361
25 372
29 463
16 207
32 287
22 461
91 332
95 328
93 263
20 341
24 289
95 277
14 390
70 243
66 470
63 318
34 426
17 451
70 488
19 297
51 261
29 443
39 379
98 484
91 261
83 261
86 246
13 441
77 306
29 425
94 447
48 405
23 481
33 210
31 210
38 440
81 262
67 364
50 403
57 281
52 370
44 263
34 430
43 301
75 436
60 259
98 466
11 204
15 217
57 362
83 469
24 448
58 484
35 319
63 407
92 299
93 491
96 442
36 263
43 354
91 466
85 381
53 327
61 325
73 297
10 270
55 288
72 495
60 277
27 356
60 462
43 460
97 214
31 270
30 342
87 275
20 236
24 437
57 239
75 405
46 498
93 249
53 391
74 254
78 305
95 351
62 262
79 417
29 409
81 302
81 309
22 307
93 232
16 457
65 253
86 255
73 485
17 233
96 297
45 292
34 345
64 367
30 451
44 433
59 219
52 359
45 311
83 423
54 407
40 312
87 388
35 409
20 473
91 247
77 429
95 421
82 481
87 430
17 320
14 239
62 296
21 366
75 313
51 499
99 314
54 430
22 427
97 323
38 229
91 418
76 408
70 430
97 273
22 216
94 369
86 482
36 404
68 371
16 282
46 486
15 429
53 348
85 202
67 203
54 290
82 388
97 406
94 232
23 323
23 322
48 253
41 406
22 349
38 423
34 344
87 276
80 272
21 377
97 344
95 254
89 448
86 329
43 406
58 281
10 307
80 420
86 405
77 266
73 351
26 433
96 295
91 216
96 382
56 339
42 420
58 408
79 233
86 470
39 295
31 366
67 403
96 212
37 360
13 309
56 415
61 455
49 449
43 325
15 211
53 305
56 305
48 298
61 448
100 476
30 216
47 344
10 325
57 475
84 332
91 444
97 222
44 204
18 319
42 251
82 241
78 261
49 318
25 332
66 274
16 457
24 347
91 458
11 354
14 405
60 413
78 482
63 496
54 356
14 213
48 394
88 211
77 248
58 462
53 294
86 437
63 326
29 248
23 453
53 414
32 336
76 404
76 262
74 201
64 213
33 273
80 467
81 259
10 363
64 396
14 206
28 405
11 314
20 314
31 354
96 322
84 304
15 205
63 424
42 232
73 368
82 241
39 389
25 299
53 271
45 458
82 275
78 307
64 264
61 354
69 399
54 307
43 450
64 368
54 467
39 208
78 403
85 469
35 248
99 241
42 210
52 294
23 311
22 373
34 323
24 242
45 400
61 223
80 360
38 472
38 438
66 460
41 478
22 380
50 394
61 294
17 319
21 389
48 290
60 202
60 487
28 332
58 292
36 235
21 444
77 226
85 435
54 470
45 262
98 387
94 469
83 309
77 268
47 466
27 208
51 469
33 463
34 278
65 404
71 405
78 217
24 375
42 315
40 313
14 391
79 282
12 379
61 396
72 338
21 253
57 279
28 238
84 219
77 494
66 379
24 417
10 227
96 297
24 384
36 469
81 358
80 384
82 390
79 433
92 390
95 322
51 355
45 357
28 426
91 246
22 498
27 449
60 254
18 316
29 404
56 463
65 283
99 498
28 374
16 450
30 314
21 431
77 330
23 293
30 388
95 308
71 251
72 308
15 450
58 443
94 406
87 313
92 500
20 359
62 490
83 335
81 278
71 471
66 252
31 412
13 352
99 472
54 423
21 407
66 452
46 475
90 452
70 243
17 347
18 222
60 460
68 337
11 270
13 445
38 269
70 460
67 273
69 273
92 460
33 317
66 477
70 467
55 379
91 328
74 413
84 310
52 405
27 359
97 402
37 246
72 358
66 392
28 438
65 376
31 292
85 206
74 284
96 445
47 484
80 386
10 320
98 216
31 290
22 450
61 428
53 463
100 451
77 465
23 467
54 484
83 283
84 275
100 463
74 478
82 292
74 290
33 308
89 387
11 482
72 338
13 229
11 443
50 405
46 266
73 447
60 379
82 489
65 294
39 474
81 346
99 384
20 326
41 492
39 287
25 246
20 331
42 225
84 204
16 431
61 449
74 218
51 355
33 229
53 407
25 419
91 417
94 386
62 492
25 203
29 300
17 202
22 222
14 454
10 305
42 497
15 459
88 329
41 471
26 461
91 260
33 378
71 481
44 417
67 390
76 499
52 367
78 370
49 427
40 263
18 406
27 234
95 473
71 427
43 421
72 268
44 265
67 304
37 407
91 415
76 389
42 235
12 362
62 291
18 478
72 219
26 363
40 496
57 315
99 226
67 308
76 414
81 438
69 265
59 487
64 340
78 341
32 328
32 229
49 491
75 223
56 287
62 211
65 471
67 454
62 260
87 490
34 282
87 390
38 470
14 327
87 450
51 434
26 369
92 396
66 316
38 317
74 202
78 434
62 303
54 368
69 296
69 235
24 232
12 224
54 200
97 311
89 217
12 375
36 405
86 444
77 336
30 423
67 287
95 260
42 391
59 202
96 233
20 364
36 361
78 268
82 438
74 459
38 373
92 239
34 302
73 247
54 492
31 225
54 224
56 418
27 463
67 351
86 407
12 211
52 302
91 327
18 356
57 393
95 367
81 204
26 363
99 356
63 470
44 331
45 365
73 308
57 418
55 222
69 372
16 290
92 210
97 412
79 451
62 293
93 235
17 485
50 297
95 450
35 419
36 459
81 279
11 310
37 373
33 469
68 314
69 468
91 424
21 388
18 483
95 338
32 226
89 313
70 360
38 288
75 241
81 261
62 461
10 215
56 452
10 377
26 491
35 287
33 421
92 486
89 456
59 267
13 344
83 203
85 341
31 481
91 235
68 452
11 310
57 277
18 399
87 275
25 497
58 251
74 337
44 468
52 257
36 421
57 364
82 354
46 413
54 285
32 325
42 342
97 452
97 446
100 323
92 238
20 332
81 435
52 223
62 408
33 387
65 482
61 201
75 454
13 469
87 260
94 223
75 427
35 322
57 273
70 341
29 462
88 298
26 339
77 248
12 401
29 324
98 383
13 466
40 437
91 323
58 375
62 349
36 269
73 422
92 364
84 300
75 434
74 420
26 468
86 217
67 351
49 449
48 415
90 268
76 247
20 298
80 487
36 473
76 315
14 245
58 304
95 201
22 493
40 209
71 389
20 227
46 317
18 422
27 288
24 281
40 330
43 456
61 223
78 271
84 469
74 265
70 462
81 209
89 438
36 313
52 443
13 213
21 213
35 490
73 425
85 335
37 348
76 320
66 416
41 459
52 457
44 407
35 489
19 270
88 332
89 201
45 472
44 232
31 399
49 236
88 240
23 326
31 411
29 208
60 235
90 409
81 388
40 308
11 429
82 251
11 460
99 483
80 216
20 365
27 235
20 436
99 471
84 413
77 406
70 354
80 336
17 331
100 327
29 349
13 215
17 464
88 351
14 303
11 460
30 480
36 216
50 469
28 426
71 265
90 500
47 221
16 432
82 256
55 490
33 212
28 204
25 377
100 371
90 472
98 296
45 473
13 264
76 248
72 219
42 269
57 482
83 302
50 342
85 421
45 213
69 285
11 307
86 372
67 340
64 207
10 493
52 498
48 370
52 495
80 307
34 408
26 252
15 400
51 368
23 225
62 452
66 347
29 470
64 486
42 260
13 495
43 422
64 257
52 486
54 429
53 213
75 280
64 244
52 460
34 499
55 492
64 442
11 406
25 357
86 470
100 282
53 368
61 405
40 493
22 426
88 433
41 456
51 454
60 390
100 361
22 295
32 286
28 490
22 396
15 282
90 463
49 279
26 317
49 204
29 323
56 480
43 267
86 466
82 435
40 382
82 493
52 396
82 462
54 470
12 431
54 473
80 364
88 472
19 433
15 239
68 305
98 459
11 403
48 393
82 229
80 331
84 450
30 499
54 311
58 467
86 468
65 383
57 388
24 261
96 228
57 275
43 268
27 455
92 407
97 456
97 319
90 407
24 263
44 378
47 322
78 364
19 482
51 421
48 298
86 388
47 231
23 358
50 395
95 418
22 357
68 436
31 460
51 392
30 445
67 294
93 312
17 305
40 453
31 360
77 406
92 276
11 358
20 435
99 445
46 252
60 225
83 476
24 278
25 355
35 386
82 238
81 407
83 489
10 215
15 257
73 295
16 257
64 466
43 455
49 293
91 409
46 443
79 450
23 451
74 492
93 202
84 232
44 270
47 466
33 318
74 457
65 305
50 264
61 454
61 378
62 423
98 211
41 421
74 334
86 214
19 405
93 253
14 374
22 458
34 358
73 312
57 336
42 225
36 386
80 316
55 373
55 299
55 352
44 346
56 288
66 259
78 326
58 430
48 385
50 288
68 310
88 204
30 215
76 345
38 407
97 362
13 448
51 465
90 430
77 483
84 368
10 211
53 252
98 443
45 226
81 377
77 329
82 230
50 309
53 392
28 233
23 244
53 214
43 478
11 216
95 412
14 399
100 327
70 261
11 336
98 499
72 321
12 292
71 318
26 424
83 366
80 262
66 335
22 368
45 471
71 470
25 467
88 202
85 319
75 261
25 499
85 367
99 284
56 369
93 258
10 360
16 448
34 282
83 449
87 293
23 232
20 448
48 431
16 491
55 411
35 353
15 209
74 427
61 376
90 394
92 285
28 306
50 426
49 264
53 236
13 491
99 368
58 466
75 285
31 497
61 406
16 303
30 317
86 459
62 222
33 376
82 304
30 289
21 319
17 301
57 408
83 271
51 427
91 221
20 391
99 457
32 315
53 211
47 487
32 374
31 470
69 264
77 480
51 252
21 353
14 302
85 292
77 234
98 359
52 480
97 472
96 294
18 342
33 468
58 474
71 285
80 288
98 466
46 401
98 264
22 217
42 263
70 489
87 277
57 250
38 345
95 390
34 257
53 494
38 308
82 263
42 308
18 440
17 367
95 489
28 343
34 246
30 264
86 401
23 330
24 295
48 422
56 312
92 414
45 401
99 471
45 363
41 263
86 250
61 392
70 310
13 444
92 338
13 340
57 247
19 439
49 343
97 225
46 236
93 209
17 410
24 349
47 457
59 273
57 341
29 496
51 398
74 257
72 344
19 274
57 316
16 483
57 270
53 363
91 395
91 242
52 301
67 275
60 251
75 264
88 262
87 242
79 396
34 446
36 394
32 329
42 482
96 368
94 216
45 307
10 352
100 414
94 439
95 408
99 286
23 280
25 430
78 206
59 268
61 264
61 421
49 320
37 403
82 351
100 416
68 279
15 256
16 418
50 380
15 382
33 497
87 462
45 432
59 450
28 318
97 412
55 305
36 338
96 417
65 375
88 396
22 349
53 295
54 344
28 290
40 339
96 386
16 462
44 216
88 318
37 323
96 321
99 459
80 333
92 346
16 206
30 309
88 442
100 320
29 328
72 208
86 446
40 215
60 212
56 215
90 264
11 257
81 413
32 242
58 390
57 452
19 378
99 450
14 414
56 302
78 377
46 406
47 204
17 427
13 350
61 295
62 479
41 498
26 316
55 335
40 325
54 249
43 296
10 219
12 466
33 398
36 380
60 363
99 422
86 299
84 481
58 384
63 445
41 249
68 318
69 465
51 471
11 394
27 461
47 423
74 483
25 217
57 372
89 445
96 418
20 313
74 337
77 256
73 275
68 291
57 489
92 233
11 218
99 372
20 237
64 303
86 363
100 331
71 398
14 276
25 268
24 464
99 335
79 436
62 324
64 201
73 430
33 470
11 360
19 326
29 385
22 417
69 499
64 282
63 221
76 461
99 497
30 393
45 392
30 441
98 201
32 226
94 426
61 329
76 285
70 433
96 332
26 217
58 295
21 425
48 355
15 354
77 207
97 433
13 272
35 313
65 263
88 205
11 232
15 224
71 237
88 236
21 254
10 398
48 250
59 414
62 456
49 455
69 212
67 311
80 458
73 359
48 211
18 460
61 447
42 309
15 338
67 301
13 347
65 440
42 269
54 200
41 319
86 437
55 291
72 417
97 420
85 218
20 337
100 372
33 308
18 215
40 326
72 287
97 213
48 268
50 277
32 205
85 473
45 478
76 439
27 260
31 367
69 437
21 404
29 286
25 290
35 458
66 315
52 287
33 469
91 309
82 424
17 392
46 205
22 408
39 211
83 451
57 395
17 330
35 496
65 310
64 415
58 400
50 210
45 256
54 291
100 475
64 428
18 309
39 484
74 225
76 333
44 372
23 362
54 325
78 315
88 290
25 453
77 207
99 375
92 391
63 326
41 379
24 480
42 335
86 353
37 457
24 335
46 212
21 227
38 201
25 272
83 320
24 230
59 437
88 238
82 269
95 442
47 317
78 334
24 282
11 260
77 421
75 214
70 289
29 270
38 282
23 332
37 265
51 428
67 466
91 277
96 280
23 380
57 287
39 246
16 399
39 356
19 399
58 252
53 361
78 477
74 312
73 293
99 369
51 276
14 437
66 215
79 219
60 260
86 307
23 475
82 310
37 326
18 399
34 394
62 348
23 451
72 428
90 234
62 463
88 277
88 361
29 313
48 437
18 435
84 326
78 249
36 438
74 342
53 401
23 344
25 407
93 406
75 235
57 329
39 448
55 346
51 448
10 438
33 480
39 376
94 480
36 491
38 499
81 451
60 369
48 345
46 286
24 307
76 439
63 268
69 240
86 444
100 221
24 269
57 201
93 306
23 268
33 295
81 379
85 313
24 237
68 220
25 208
34 343
16 462
23 282
21 223
10 336
47 355
97 495
31 247
61 235
34 295
11 230
13 274
45 470
34 301
41 384
48 266
21 456
68 336
83 427
86 263
53 302
99 416
42 223
18 294
81 477
93 288
46 312
85 299
40 423
47 220
75 408
89 231
93 262
73 401
90 476
59 500
43 330
99 322
93 327
48 311
48 254
72 208
54 209
82 398
81 456
55 489
29 454
95 226
53 387
51 403
79 288
38 388
73 266
68 420
96 374
55 394
100 378
97 244
89 458
91 268
59 308
78 226
95 225
17 226
57 327
43 472
57 279
64 231
23 317
47 487
91 430
31 266
34 231
60 393
96 450
82 352
11 467
50 268
48 277
60 352
14 472
47 268
81 431
97 396
86 250
66 385
52 462
28 236
15 210
52 380
81 338
72 468
99 307
95 244
85 279
95 237
10 417
29 301
96 405
76 292
22 278
56 383
45 378
56 481
52 245
68 246
30 341
68 437
31 499
29 231
15 275
21 225
72 323
51 237
19 222
47 431
37 205
11 288
83 431
76 219
55 327
74 308
90 228
20 315
56 476
79 451
70 312
84 390
84 252
61 411
67 206
77 323
16 353
30 343
88 326
40 207
56 377
34 371
98 310
72 330
91 229
67 483
57 257
54 276
38 249
86 281
65 277
16 215
19 462
76 462
48 418
56 240
18 233
18 450
40 294
21 326
84 309
43 465
29 482
33 373
54 476
32 234
50 255
96 431
81 305
72 304
77 259
39 266
60 204
17 385
81 244
37 371
61 268
57 469
37 324
16 478
14 244
53 250
30 459
29 265
74 271
84 485
18 462
52 371
77 215
39 213
96 465
75 310
16 468
52 481
65 318
79 339
50 419
94 359
87 268
35 339
14 292
64 418
47 322
61 469
45 492
35 243
73 263
12 386
85 381
22 270
29 273
90 309
76 497
93 266
96 341
76 301
89 477
93 437
61 205
13 334
60 285
53 401
54 481
10 328
26 402
59 309
30 205
68 364
30 284
75 215
41 284
96 308
96 233
55 257
95 398
69 484
12 468
39 331
85 420
12 206
32 305
63 244
62 432
65 262
43 286
24 390
42 241
57 278
24 241
47 262
77 374
79 371
44 379
52 487
10 358
83 419
68 257
38 473
28 268
65 403
86 459
52 372
15 239
18 275
26 234
55 418
78 332
89 448
41 489
94 258
48 376
81 259
74 287
89 320
65 464
69 460
48 213
32 371
72 230
37 230
12 482
44 370
15 436
17 222
26 200
95 219
39 406
86 207
47 207
20 348
80 299
15 291
53 337
35 262
68 306
67 278
60 440
66 247
50 464
29 247
91 499
46 288
15 294
49 396
59 373
70 221
92 249
