10000 500 200 500 10 100
43 387
56 387
22 239
28 278
25 459
26 273
69 345
21 428
56 398
26 429
58 322
28 352
71 226
46 338
74 348
42 459
41 211
94 234
71 423
30 232
64 466
69 230
35 222
12 438
34 264
56 496
45 237
94 402
36 455
19 391
59 414
87 485
56 392
59 375
54 229
30 444
79 410
93 202
31 329
47 250
77 203
36 228
84 393
44 252
76 368
36 348
58 490
77 406
18 300
11 393
68 385
32 221
73 208
13 424
19 361
11 429
97 220
60 302
73 234
16 459
10 496
36 433
71 388
79 264
92 367
94 214
10 492
59 243
40 457
83 236
28 442
88 379
37 269
22 221
58 233
66 204
24 486
15 462
21 224
81 259
27 432
79 341
53 258
17 372
15 301
85 281
37 271
66 351
35 288
82 443
59 301
40 349
55 282
75 409
47 285
33 448
82 490
99 439
56 371
70 211
23 468
48 412
42 399
31 327
44 384
50 256
66 466
29 220
97 414
78 303
65 294
23 464
28 237
34 280
45 411
89 278
11 281
24 366
94 451
65 416
65 211
47 216
65 326
96 423
77 363
57 487
90 225
42 240
100 249
82 317
77 309
18 288
59 283
76 318
48 345
60 214
61 404
51 231
26 216
40 467
72 480
89 285
21 300
68 414
12 292
71 258
35 375
21 290
27 499
53 338
97 340
32 398
63 331
36 471
72 332
35 374
71 338
57 463
60 482
55 235
81 356
59 423
57 338
53 386
73 318
56 327
25 273
79 399
67 352
57 399
89 305
34 494
22 480
94 278
59 332
88 432
80 306
44 467
69 315
26 479
10 222
26 289
67 278
57 347
27 357
25 364
48 266
81 303
30 262
86 353
38 444
71 331
73 387
60 392
19 348
90 383
65 424
51 364
27 460
19 330
64 255
66 476
37 300
25 213
36 409
90 205
91 399
88 300
83 384
74 235
94 310
27 300
86 339
43 433
29 475
10 312
40 455
48 249
29 264
78 315
81 378
73 473
45 406
13 311
24 462
18 219
94 464
28 202
56 232
45 299
30 396
21 487
64 397
81 354
76 497
92 332
42 289
44 350
94 274
94 483
79 205
41 255
53 269
14 271
75 442
91 258
10 479
18 488
24 427
64 235
100 259
100 497
35 370
72 241
45 204
90 480
30 423
48 479
43 241
90 492
17 317
29 268
99 242
89 421
42 296
65 291
97 271
90 402
62 331
12 385
81 364
73 294
39 347
91 476
26 220
97 268
77 466
58 383
69 291
50 376
88 207
95 440
32 202
31 469
100 232
43 417
96 415
43 329
80 483
96 348
30 221
45 289
70 201
88 393
92 473
92 428
59 484
79 457
88 208
28 267
13 226
83 284
84 394
32 451
66 468
38 327
36 214
46 373
83 286
88 257
78 283
70 437
28 301
34 201
65 266
18 499
29 452
29 482
33 445
45 470
85 480
92 298
100 462
70 408
79 487
72 205
89 398
100 336
43 233
39 258
38 356
45 341
55 287
40 401
68 203
47 342
11 415
80 375
29 361
99 323
59 246
71 365
11 417
71 393
93 288
21 499
65 456
57 449
73 410
68 473
25 417
99 295
96 454
80 457
80 201
76 359
47 305
93 390
15 474
62 421
26 482
98 403
82 206
71 378
41 398
10 478
96 414
72 395
40 440
69 379
82 329
11 438
44 261
84 354
20 359
64 495
72 392
88 476
16 396
61 213
49 452
20 357
24 211
51 431
50 249
81 341
72 347
13 210
39 303
55 290
87 286
93 200
34 379
28 326
91 277
57 317
58 227
53 292
12 372
42 387
30 282
90 248
59 254
98 235
98 269
54 268
78 307
58 283
79 493
21 209
73 446
24 446
89 498
18 460
23 209
22 289
26 323
52 419
59 293
26 484
18 477
93 468
32 218
68 217
43 459
86 428
64 352
89 325
29 411
60 467
10 328
93 410
75 291
55 226
47 230
42 497
57 460
21 238
91 213
42 388
20 231
93 222
80 489
81 431
95 329
57 466
66 402
38 357
11 452
80 327
70 341
74 386
99 235
21 478
63 378
77 367
87 429
64 490
13 485
81 213
38 317
19 218
57 303
51 461
83 456
77 486
96 359
85 245
88 443
100 391
65 336
39 427
45 395
70 380
54 336
100 441
58 321
93 370
19 482
43 378
80 367
98 433
22 433
86 369
95 449
66 394
61 215
10 297
14 237
97 238
91 319
94 474
32 285
70 262
45 371
87 403
38 201
90 462
47 210
66 207
23 287
91 492
42 222
32 462
42 214
59 279
41 325
88 471
55 293
21 427
76 371
14 400
99 413
16 255
86 389
77 330
19 464
35 227
75 409
14 392
93 386
56 454
32 473
13 371
16 356
29 480
75 375
48 348
99 388
72 459
96 414
46 201
32 358
18 210
45 467
30 388
39 374
23 313
35 214
54 361
94 280
39 397
24 418
59 440
47 345
59 330
86 435
100 334
29 310
84 256
30 247
54 327
96 234
37 215
47 372
24 419
18 466
79 304
46 206
98 437
21 390
41 358
14 348
84 314
48 286
50 432
34 263
98 401
77 448
67 295
70 491
34 220
51 476
26 237
40 368
33 332
32 491
64 331
58 380
22 494
67 214
80 446
72 433
37 324
66 211
79 200
37 330
66 356
15 294
28 235
58 368
12 470
31 254
70 394
29 393
91 349
98 311
40 434
11 390
34 374
23 374
18 301
15 343
45 206
72 299
72 349
84 357
25 222
93 265
10 345
30 302
61 365
24 488
12 356
74 304
62 477
94 352
53 379
97 483
36 381
30 426
50 498
72 495
35 494
13 385
93 468
79 230
67 299
97 380
89 344
60 433
73 360
20 346
68 227
84 424
38 359
55 285
34 381
98 326
97 289
10 410
88 447
95 337
52 356
77 398
40 399
45 217
96 312
45 245
25 441
74 447
11 216
86 405
24 260
47 469
46 440
26 354
43 466
41 330
28 457
79 219
61 256
24 311
69 349
36 457
57 223
54 338
99 333
84 334
75 472
88 492
48 328
61 495
78 285
29 364
26 250
18 295
21 421
86 423
99 212
80 308
39 231
67 474
80 437
13 456
89 308
29 267
58 490
71 478
89 335
11 266
87 225
44 440
59 267
94 464
58 492
65 264
61 466
78 285
36 293
48 208
35 436
67 234
64 287
34 449
43 303
73 205
99 325
81 472
89 205
67 370
11 405
87 367
71 369
18 471
45 390
37 261
40 204
15 499
11 205
62 360
82 360
27 385
94 458
54 275
36 490
83 358
60 276
15 462
87 374
80 304
33 361
54 337
80 308
74 354
14 481
79 371
77 277
30 223
57 310
16 446
48 441
73 340
20 225
27 359
55 432
81 411
29 226
95 355
46 332
43 397
21 421
91 351
17 220
75 481
10 422
10 327
86 428
100 277
14 217
19 250
40 298
90 491
78 458
76 408
70 303
45 299
30 269
85 419
62 274
17 369
94 222
64 205
44 361
39 301
98 418
60 224
38 260
13 237
50 309
10 204
51 447
53 333
33 203
78 305
51 399
63 471
56 367
23 320
98 208
17 354
91 220
11 339
32 342
14 247
47 270
82 260
12 304
38 482
80 342
36 282
54 458
64 462
33 428
15 352
83 451
41 259
96 333
18 449
10 273
90 324
81 446
52 309
23 476
35 306
49 325
22 307
13 339
55 406
16 247
19 451
89 462
25 315
46 407
11 468
46 458
10 272
79 375
62 402
50 420
47 366
11 293
82 275
52 440
58 448
13 437
10 332
34 408
76 391
49 461
32 244
84 399
27 270
93 498
17 373
83 428
84 411
30 461
15 351
18 416
84 286
46 498
66 449
100 365
56 418
34 447
50 493
65 278
34 368
64 483
52 390
66 227
47 328
17 485
75 338
31 227
90 451
96 341
91 327
13 437
60 229
78 206
99 478
85 232
52 206
44 334
10 373
100 395
49 349
52 430
85 228
35 410
94 430
45 276
79 456
29 250
39 345
55 456
93 239
40 416
94 401
18 341
36 411
95 473
23 364
53 445
36 307
51 217
62 303
66 492
51 256
85 442
46 247
34 473
86 282
53 231
91 387
91 455
69 356
55 254
48 278
60 258
93 200
57 320
51 319
10 260
25 352
89 224
41 347
15 385
93 334
23 361
20 236
62 266
51 491
78 310
85 467
81 352
93 393
47 218
67 231
88 335
49 279
96 481
14 305
23 355
23 280
42 408
93 228
28 458
82 442
50 236
51 333
97 374
20 308
93 436
81 471
59 471
73 329
25 425
73 316
37 271
28 493
35 411
80 351
72 437
66 333
81 449
41 309
29 442
19 213
82 204
55 397
35 483
49 376
57 409
43 435
60 286
70 356
35 345
91 314
27 497
17 203
43 363
37 266
53 428
74 430
16 462
28 356
62 301
45 248
95 473
73 387
39 256
55 204
99 448
24 432
19 465
39 338
87 394
68 380
82 332
26 202
40 334
83 436
82 288
28 343
59 314
47 267
87 472
68 220
92 238
26 312
30 233
69 278
37 304
99 498
49 465
60 478
39 255
34 484
22 244
14 352
97 254
21 227
97 390
84 394
78 346
14 430
17 405
67 306
27 414
69 393
60 200
44 426
23 431
26 348
37 434
60 332
35 368
32 463
68 254
36 434
68 310
60 279
67 319
89 473
62 386
12 309
93 384
26 340
32 393
59 289
26 436
63 262
97 428
53 310
54 329
80 332
72 356
67 353
72 444
39 406
66 389
61 414
42 249
28 336
74 490
93 216
11 243
21 427
40 252
42 352
96 230
75 218
13 241
22 208
50 446
25 263
84 378
81 356
71 479
59 266
92 365
50 290
97 310
18 277
41 203
90 492
25 310
20 317
59 330
20 285
37 490
84 359
66 222
52 493
26 455
87 417
52 290
28 476
14 474
91 210
39 431
35 459
97 410
36 291
30 299
70 264
35 423
31 405
72 335
43 395
37 353
22 408
19 267
97 291
83 386
21 466
29 252
83 255
98 347
88 451
72 421
39 484
28 336
14 236
87 483
40 209
30 492
73 227
100 250
15 498
56 369
75 200
43 285
18 280
83 300
21 377
70 496
13 261
10 446
40 200
18 478
27 212
40 326
30 426
23 255
92 260
68 334
61 242
77 214
41 299
82 354
66 284
93 234
93 327
94 393
59 306
56 486
93 288
84 255
79 436
10 385
82 484
90 454
69 387
28 298
78 232
14 360
14 448
28 411
69 273
28 300
39 372
58 447
23 396
97 371
37 210
25 224
28 222
14 419
33 396
49 242
86 366
60 493
67 495
49 387
16 405
16 396
59 221
30 485
95 241
27 447
77 359
57 496
63 348
44 489
10 379
12 369
52 331
93 357
93 213
61 342
26 429
44 495
85 328
46 266
97 283
27 370
21 382
30 222
88 227
76 471
100 440
38 450
39 450
40 395
79 248
84 330
21 222
32 376
98 452
37 418
48 353
30 426
81 453
87 463
68 357
57 335
94 221
90 315
68 340
72 331
74 496
95 313
90 434
97 266
49 380
98 368
95 219
63 216
86 440
43 350
29 360
91 341
91 217
62 249
100 415
22 494
96 291
20 325
87 245
51 358
56 272
39 356
47 268
25 212
95 299
92 253
65 346
53 238
62 299
30 470
55 468
87 372
12 469
51 481
29 235
41 336
20 364
25 400
24 261
79 389
15 473
49 268
16 286
41 380
97 342
83 348
57 211
17 266
29 415
65 442
66 334
77 258
28 218
33 379
12 216
68 389
90 408
57 256
99 461
26 328
13 234
62 310
68 444
36 224
80 373
14 258
12 493
76 403
54 421
79 238
27 246
81 375
71 281
65 346
79 315
81 293
43 347
59 344
65 478
13 399
55 232
97 255
16 471
40 234
88 488
69 276
35 449
38 386
40 279
28 470
37 404
54 443
94 364
88 291
67 353
56 492
26 344
31 410
78 453
82 403
49 416
32 371
16 328
70 241
70 488
17 250
49 222
84 340
80 478
91 227
26 318
74 465
15 463
64 474
72 467
64 303
11 253
86 444
63 480
16 236
60 446
82 256
38 478
41 354
91 276
71 234
48 297
48 305
93 271
89 423
26 353
76 368
92 397
52 235
86 496
39 241
35 256
44 357
39 443
89 438
77 289
89 361
57 369
31 343
54 392
68 376
79 489
14 399
20 202
77 211
67 403
95 336
80 248
19 443
83 402
55 407
19 250
38 275
33 432
33 205
86 433
64 316
87 374
88 307
77 397
18 323
87 268
89 207
57 401
55 204
95 279
53 493
42 377
88 395
56 435
59 329
10 281
60 289
43 408
63 228
82 361
15 301
91 208
14 495
92 207
94 410
58 359
17 313
80 419
72 292
68 357
31 470
59 314
71 290
98 301
27 473
20 368
65 391
81 331
65 483
28 281
75 374
58 243
83 424
93 444
26 264
92 334
81 487
98 241
96 367
91 242
38 304
100 362
65 484
24 277
14 280
41 358
72 247
78 391
79 312
25 385
84 333
22 410
21 365
32 243
32 491
46 269
24 444
69 487
78 372
25 392
79 371
79 356
61 401
20 286
43 227
51 338
97 439
99 378
91 396
40 232
97 455
89 379
75 481
16 324
93 327
89 254
94 464
74 313
76 405
46 275
20 319
53 241
31 358
77 309
88 237
50 337
46 392
21 338
11 330
27 224
11 375
65 352
35 437
11 401
76 312
36 222
15 337
18 437
46 380
64 497
18 285
35 357
58 298
28 348
64 354
52 282
13 400
77 316
62 347
93 427
96 442
94 288
61 410
90 472
13 469
84 404
19 251
82 479
18 453
79 226
62 449
16 233
54 242
57 434
78 315
23 246
31 457
37 234
71 258
41 354
33 423
11 229
87 216
26 272
10 283
83 474
42 355
44 329
35 305
18 485
94 270
93 375
91 263
96 343
62 313
52 246
15 203
98 459
54 231
67 388
71 277
86 295
92 266
53 227
75 385
46 489
46 440
46 431
20 471
51 222
85 219
74 268
64 292
62 492
47 205
41 337
67 439
75 412
46 254
93 273
41 348
42 291
67 272
30 490
35 244
66 224
81 280
63 235
64 267
68 445
96 355
73 252
79 412
38 496
27 352
52 353
58 477
52 288
24 415
18 241
96 237
22 472
30 307
37 439
16 233
49 396
20 363
28 379
21 412
30 239
39 340
49 213
18 284
65 314
79 276
88 408
26 370
14 380
56 335
85 299
53 399
27 403
98 392
69 233
54 404
100 265
60 362
33 257
19 328
53 395
40 425
62 467
58 379
56 219
78 413
28 228
80 262
47 271
44 461
48 206
58 326
88 305
66 299
76 383
78 433
62 280
77 277
27 401
97 341
91 368
30 488
58 262
17 276
40 402
27 387
20 350
96 378
84 449
35 216
35 352
58 307
20 305
64 376
75 239
26 375
51 218
91 201
100 259
20 414
66 264
33 267
66 210
37 267
79 370
79 490
27 231
54 352
24 430
81 240
48 244
17 274
97 476
51 293
58 251
34 445
15 205
53 428
39 457
37 373
95 278
75 247
95 408
12 293
53 325
24 204
44 498
43 382
45 251
36 406
62 430
33 367
34 362
92 349
73 289
35 293
87 384
43 323
45 437
16 275
45 500
41 381
14 255
73 368
76 435
95 308
75 372
58 498
58 218
26 251
84 367
51 372
67 433
67 489
100 411
52 380
56 241
77 356
38 220
62 302
64 245
94 217
92 333
91 400
70 309
32 407
74 243
39 374
37 222
59 243
86 324
71 241
65 433
72 412
49 318
96 306
98 321
94 228
57 286
91 203
17 277
33 217
12 438
93 495
75 202
66 290
15 410
73 441
90 477
25 493
31 212
94 406
26 370
70 486
89 261
15 248
90 347
57 408
17 457
85 442
54 389
59 484
94 312
83 338
83 225
75 281
72 378
49 320
73 320
77 402
86 242
73 468
74 216
29 423
32 227
79 330
18 294
89 464
39 236
48 394
31 330
79 498
99 309
97 455
89 371
48 207
18 306
11 250
57 300
79 494
35 235
18 492
11 385
61 434
30 455
52 381
76 450
61 491
10 444
61 437
84 250
80 476
89 317
36 377
66 397
79 442
25 442
50 408
47 235
20 445
63 418
72 223
63 401
28 375
44 408
70 407
94 453
73 211
84 306
45 385
30 456
93 281
26 459
24 421
97 330
84 433
68 389
14 364
41 367
47 383
28 298
19 430
19 370
20 270
97 227
42 427
31 230
24 329
30 446
64 381
44 314
38 272
56 416
85 440
28 373
42 255
55 362
20 421
12 324
20 457
93 394
79 233
93 289
79 260
11 310
92 309
43 452
100 274
79 466
92 399
87 336
96 207
91 336
59 428
17 367
55 210
74 465
77 333
96 354
42 287
51 232
42 286
16 477
89 300
97 323
99 478
30 350
23 355
27 413
67 395
94 364
87 239
61 346
50 331
72 463
53 363
68 212
59 428
44 207
77 328
81 475
22 237
32 240
74 258
24 321
90 482
14 256
92 211
94 290
21 301
76 458
41 247
66 259
34 306
54 451
93 345
93 490
88 447
20 422
44 431
18 357
95 375
26 331
41 213
80 426
38 424
69 476
15 201
75 344
88 250
57 491
15 367
65 426
80 407
71 216
99 288
64 449
54 485
42 298
53 399
90 261
30 306
12 492
47 470
28 363
59 327
85 263
40 282
20 205
24 284
13 276
76 344
87 285
100 252
31 274
94 305
86 222
86 219
66 416
82 297
37 356
75 382
57 316
61 356
95 402
27 292
69 211
27 400
39 462
36 377
32 353
50 218
61 291
59 287
38 424
27 235
87 206
40 448
23 329
27 393
83 443
68 407
54 318
59 448
64 208
22 213
69 255
57 434
14 217
62 303
62 303
61 220
34 203
44 330
45 221
71 312
22 406
32 366
39 275
65 201
29 386
42 342
55 444
33 487
57 495
56 402
64 376
19 304
61 339
51 409
31 356
76 323
66 490
25 433
42 250
51 296
36 347
66 327
88 411
94 251
37 351
69 400
19 324
96 303
84 337
28 272
21 482
64 401
18 282
35 484
38 217
27 217
75 415
99 455
35 406
22 429
95 357
16 481
21 231
36 342
12 244
26 207
64 456
17 446
76 241
75 268
72 356
85 423
38 328
62 294
38 281
79 489
18 250
35 317
50 451
79 347
31 270
29 418
38 261
20 212
69 440
35 310
40 264
95 314
56 308
85 323
84 330
15 225
11 428
39 410
71 500
94 270
65 359
39 245
11 249
61 421
88 287
82 232
58 462
49 441
85 453
50 306
50 222
78 411
11 372
56 276
77 325
26 391
41 231
88 302
58 391
83 217
50 452
26 226
39 345
28 381
52 429
100 329
77 267
60 400
83 309
67 259
34 270
53 316
93 283
24 280
42 338
49 350
61 245
44 402
83 292
30 385
30 218
44 471
96 202
56 422
26 294
53 443
96 329
32 364
91 374
55 285
42 439
14 200
21 260
100 322
64 382
28 322
12 419
98 383
73 412
56 481
29 286
55 268
58 380
29 225
76 222
34 215
67 495
27 394
94 366
34 356
100 422
94 346
31 220
25 210
61 333
45 336
33 312
58 232
30 234
46 246
13 266
68 468
24 225
10 212
65 326
27 336
94 245
45 337
29 460
18 446
48 235
60 410
98 436
68 289
47 397
77 476
90 345
73 421
46 253
75 408
23 200
81 274
67 424
32 208
38 456
28 424
10 434
46 287
11 223
42 237
34 210
51 332
33 354
82 372
66 385
69 433
65 221
50 379
27 366
33 225
28 238
31 312
83 231
97 290
88 275
86 424
64 289
90 288
67 207
55 247
80 438
66 225
79 436
83 352
94 489
50 423
21 274
57 448
55 382
41 258
45 314
71 390
71 436
48 243
84 386
77 283
32 469
25 230
64 410
59 204
67 457
69 323
87 359
72 234
86 308
91 396
46 473
83 223
21 262
61 249
23 306
75 220
87 390
100 427
51 331
98 345
75 256
86 268
98 237
56 406
76 344
68 467
97 336
45 422
71 205
29 244
87 303
84 284
84 214
22 439
58 392
95 433
38 250
47 312
53 252
73 332
92 217
58 461
43 486
22 500
89 302
52 252
34 207
10 295
34 296
58 366
86 266
68 334
86 248
12 302
60 362
21 445
31 379
56 481
24 486
32 356
62 473
94 390
99 442
20 200
70 416
68 424
74 364
31 497
94 402
52 462
25 431
21 391
48 459
28 423
51 299
82 429
23 384
15 251
32 251
60 313
100 317
100 398
71 493
50 290
17 441
88 406
34 356
87 379
83 416
87 456
17 329
90 235
60 400
58 236
73 237
36 366
52 284
100 232
55 406
57 419
20 323
49 365
60 318
15 491
93 294
30 497
40 477
46 333
68 217
71 326
27 417
66 357
85 454
62 225
84 460
55 404
16 466
37 459
82 261
25 265
14 241
90 226
72 493
33 393
82 479
86 212
53 409
86 396
33 456
29 419
19 263
10 447
31 341
98 261
87 252
40 206
21 337
88 311
18 341
38 287
67 370
53 214
29 417
63 389
38 478
22 236
20 328
25 218
31 285
98 269
90 354
62 380
75 205
10 218
23 392
36 466
15 354
16 288
33 236
94 392
14 483
99 203
99 359
73 478
91 499
37 230
24 270
43 242
91 349
35 371
89 315
47 251
57 464
45 439
75 214
95 214
97 207
57 205
34 489
24 259
16 478
57 288
56 500
73 271
13 340
67 288
21 478
48 271
19 326
65 390
74 238
27 235
69 371
83 360
20 472
33 294
65 459
63 394
87 411
37 204
86 306
98 404
24 330
82 422
45 383
35 495
96 215
96 466
42 469
20 443
75 443
85 287
40 318
66 257
36 447
32 228
51 252
36 233
27 304
15 235
54 266
34 356
45 209
29 366
98 345
83 367
90 295
81 438
32 436
99 390
93 204
50 332
49 497
25 336
84 268
45 486
61 402
39 315
51 361
36 388
14 488
90 242
57 459
22 393
70 372
16 224
40 399
22 331
32 470
61 395
20 287
59 270
81 471
84 348
100 264
87 286
45 490
97 232
100 455
87 290
82 406
85 452
13 419
16 399
87 498
58 374
80 371
31 472
58 278
45 372
77 254
23 292
62 485
67 389
44 447
30 214
64 241
53 407
64 446
55 347
42 296
46 426
19 414
35 257
71 467
77 232
92 336
23 411
79 397
68 457
50 476
54 446
55 334
87 425
18 355
58 421
98 490
25 417
24 493
36 345
73 301
49 326
18 400
34 404
59 233
25 338
79 280
29 224
82 384
41 443
10 469
94 438
100 408
68 311
75 477
24 206
77 230
65 464
42 318
89 476
81 477
16 309
36 346
46 370
57 481
61 217
46 374
19 305
79 207
21 328
51 269
54 210
16 365
13 479
24 238
39 231
59 466
72 471
87 423
57 289
65 401
54 249
25 460
46 253
57 219
64 400
10 414
25 338
96 332
17 209
37 418
32 283
98 381
34 494
27 393
27 404
52 287
84 317
88 206
40 462
94 451
41 212
81 219
26 392
92 365
50 420
33 442
14 414
28 256
68 324
36 438
27 441
73 329
61 219
47 327
57 258
11 291
51 339
61 370
21 360
17 432
34 214
49 231
25 445
84 283
66 383
85 496
50 495
10 331
16 408
17 496
40 433
67 486
54 346
65 251
88 288
43 234
66 253
13 480
66 500
81 466
59 284
30 206
75 483
25 491
84 243
60 304
58 471
21 445
61 395
83 271
65 427
60 234
24 218
28 428
12 277
64 350
80 251
76 286
31 391
88 372
39 461
45 307
26 464
14 497
12 247
79 290
83 271
51 403
54 236
93 257
84 421
70 372
57 461
70 403
89 434
99 233
94 398
31 325
17 340
50 469
94 286
77 259
20 229
90 397
66 491
37 328
92 258
28 230
96 357
42 369
98 406
29 433
37 440
26 413
56 276
54 416
12 337
79 470
27 385
94 382
12 217
48 485
45 408
58 242
16 396
95 252
84 210
57 302
81 441
18 228
93 345
39 278
99 367
34 247
92 311
24 376
65 387
14 301
27 323
20 308
15 452
90 218
82 244
99 360
72 285
14 400
85 281
76 310
13 474
24 449
44 234
15 361
53 485
25 466
88 202
19 225
39 332
44 364
61 313
89 259
66 361
14 226
53 437
87 338
97 443
68 444
56 361
92 296
99 465
32 351
95 284
42 370
57 369
61 491
73 257
95 329
23 207
42 308
58 389
76 303
84 431
10 206
70 299
92 386
25 364
18 480
19 362
61 261
80 331
37 461
41 249
44 254
100 342
20 399
95 206
65 311
83 497
34 228
21 369
75 257
93 450
100 327
49 334
85 290
89 338
71 302
60 238
37 342
44 417
70 361
86 492
33 309
54 238
75 483
35 449
17 286
48 225
83 408
84 249
15 222
42 498
18 223
98 380
13 366
99 355
87 418
62 498
15 284
83 261
33 289
45 305
89 305
64 236
87 388
92 210
73 371
85 433
78 493
42 208
40 307
18 384
78 459
15 449
38 264
80 257
59 417
17 478
78 391
72 234
73 499
18 387
87 450
43 212
93 330
63 300
69 332
29 359
94 264
45 231
22 464
99 431
56 350
71 350
94 321
50 268
97 326
65 437
14 222
27 468
89 418
100 487
50 450
56 239
52 350
81 240
69 308
51 493
11 277
10 448
18 425
61 415
62 419
67 327
39 249
80 492
64 259
75 416
60 272
64 472
75 474
83 235
77 381
21 438
62 268
73 254
25 349
91 244
11 218
97 407
96 363
57 434
17 324
43 380
69 201
31 267
96 261
40 404
54 227
50 298
27 226
39 238
62 218
73 392
94 351
56 203
98 445
28 333
51 433
34 363
21 263
15 306
76 430
79 215
51 352
34 202
20 363
63 202
100 220
34 316
94 442
62 282
99 454
21 354
40 377
75 268
17 396
58 213
43 385
11 231
34 239
14 363
69 472
15 481
93 459
77 311
89 365
57 235
71 206
16 454
30 355
53 272
79 346
19 324
17 211
58 215
25 236
39 350
28 442
14 449
54 376
23 249
36 300
46 258
91 372
62 439
88 483
10 475
85 494
40 256
46 352
87 453
12 348
62 346
39 381
58 388
65 201
42 497
57 419
14 357
84 214
75 464
87 203
53 223
11 486
63 399
70 300
25 475
44 402
56 436
98 313
19 238
91 208
32 365
46 237
47 416
56 266
17 447
50 266
68 215
97 500
51 337
87 214
92 395
98 381
57 347
67 402
73 257
34 317
57 285
85 393
16 354
32 278
91 479
36 220
76 395
41 306
52 466
100 292
65 385
97 439
17 365
41 365
73 249
38 492
89 233
76 233
16 292
71 386
32 404
17 412
46 272
95 279
46 236
47 347
17 492
39 401
59 324
58 426
52 394
13 407
24 250
52 263
40 450
44 311
37 253
77 401
71 438
24 261
28 248
34 293
58 393
12 295
86 407
55 339
25 387
86 477
54 384
24 227
13 387
10 435
26 258
67 463
11 263
57 369
95 331
17 250
97 303
39 438
50 314
36 209
58 220
58 386
12 475
50 486
47 399
100 448
43 204
13 352
63 332
26 278
94 380
26 384
60 371
34 392
92 297
27 384
35 335
14 420
10 330
60 368
20 223
64 436
41 475
88 495
80 256
13 218
91 298
25 317
37 422
12 351
63 307
85 234
96 452
42 200
60 307
97 310
13 484
77 257
80 281
91 213
32 221
31 472
40 331
26 236
48 445
12 470
48 269
16 443
93 406
56 301
94 261
38 242
65 355
58 401
33 248
93 222
22 292
84 337
76 481
74 374
82 407
41 425
80 245
80 496
49 260
40 363
94 356
55 263
90 402
55 396
31 275
30 417
77 310
49 489
67 324
82 464
52 404
85 206
23 205
19 350
15 497
20 386
33 315
73 312
85 311
89 364
27 273
66 452
40 282
62 372
81 250
62 436
56 423
70 353
26 342
85 493
81 464
46 440
24 224
80 243
89 406
85 420
41 385
25 261
17 310
84 321
73 416
36 263
44 448
15 265
37 367
98 376
11 282
38 357
68 264
41 340
39 454
78 348
28 379
94 253
86 239
77 247
22 431
95 242
25 476
33 365
15 263
77 422
44 305
86 351
75 377
75 237
95 449
74 418
99 492
11 214
99 345
97 385
97 320
47 300
16 484
27 336
72 454
82 291
61 233
71 326
10 330
93 439
52 396
34 304
51 275
88 316
29 328
39 342
54 326
54 442
64 355
89 203
81 232
94 265
54 434
30 374
64 453
67 240
42 366
18 484
80 462
48 208
60 499
41 436
17 491
64 332
73 301
59 352
39 328
85 347
70 308
91 223
81 230
92 408
11 408
59 485
23 390
42 357
37 291
77 411
22 316
31 376
100 275
38 249
86 445
75 414
44 264
96 262
76 450
91 389
50 209
20 477
99 314
90 485
42 324
87 436
77 335
93 306
88 288
68 211
23 450
45 484
61 260
89 207
80 364
29 367
81 218
100 220
98 324
32 237
72 349
47 285
26 483
24 241
40 496
57 201
41 376
64 357
48 378
44 446
85 260
65 363
18 303
62 359
16 337
63 272
55 268
25 367
56 498
93 270
93 360
38 386
95 454
42 421
62 356
23 322
56 376
28 443
96 266
50 303
80 397
42 286
12 482
23 413
67 311
97 420
71 452
46 455
43 246
24 436
16 439
95 318
69 441
43 492
19 261
28 308
86 419
77 320
33 297
62 327
21 414
49 276
45 301
10 219
25 304
36 249
15 411
47 255
97 276
54 256
26 240
94 493
85 208
15 308
40 492
61 411
78 431
88 219
48 415
54 276
29 392
49 460
10 341
24 402
29 460
65 202
93 221
100 408
100 454
10 232
34 348
44 299
79 327
77 207
36 305
97 459
65 308
42 298
85 330
79 314
40 306
11 289
18 458
25 305
68 410
47 304
94 478
93 234
66 220
52 243
53 224
100 271
10 368
36 229
13 268
51 237
10 357
82 450
69 272
80 224
38 289
27 438
24 430
20 319
95 214
88 474
27 313
18 319
44 364
11 428
65 389
97 254
74 240
92 359
37 456
68 492
51 409
13 259
20 402
98 487
39 239
15 352
34 204
73 282
38 466
31 248
96 424
76 399
58 203
64 474
37 287
12 452
69 343
96 232
84 337
10 358
94 478
32 478
46 378
48 248
49 468
31 446
12 297
67 252
63 299
98 458
15 439
85 331
33 369
70 275
53 381
82 281
75 341
27 238
62 216
49 311
88 282
98 272
29 350
13 378
48 298
51 233
27 495
80 216
86 476
73 267
18 424
37 413
21 356
75 482
73 436
90 304
100 248
66 346
68 449
26 245
33 308
75 481
56 392
17 364
57 238
32 473
88 478
66 424
13 234
89 454
16 397
52 437
83 280
50 291
77 254
19 473
86 365
66 363
92 399
35 424
16 356
31 296
70 480
93 415
43 324
65 433
23 272
71 465
23 349
99 278
39 341
15 214
55 401
19 211
61 353
65 435
18 229
61 290
89 450
13 222
88 219
87 242
37 471
59 392
84 210
57 472
28 469
54 306
13 261
90 419
23 451
31 321
94 282
25 438
89 314
67 253
12 313
94 374
27 250
43 352
63 485
40 362
31 207
34 323
100 484
53 381
31 343
61 311
73 312
59 406
58 459
53 458
86 453
53 304
15 347
29 463
92 228
29 284
96 490
64 202
67 397
34 304
44 334
65 364
77 414
84 270
93 427
48 392
90 308
97 230
93 402
42 286
75 265
22 364
69 476
82 426
100 447
40 310
53 394
66 425
72 442
71 428
39 472
96 446
62 265
93 484
72 417
54 294
49 388
33 486
60 471
60 485
74 389
56 448
47 467
64 288
24 265
37 224
97 234
51 213
41 395
29 464
30 265
12 242
56 363
94 265
94 336
28 250
42 242
11 206
11 319
52 416
89 208
85 318
64 359
97 239
68 328
61 264
51 209
21 244
15 482
29 454
21 308
83 291
91 451
49 358
11 290
71 351
32 463
38 239
81 249
45 273
12 230
54 417
76 291
31 309
86 220
59 338
14 266
67 428
79 425
87 485
97 257
34 262
67 202
68 238
50 277
12 326
79 296
76 295
37 454
51 357
10 416
73 500
95 323
99 397
45 360
71 211
60 467
76 334
19 272
26 470
26 331
82 406
92 236
11 212
17 303
42 361
15 263
75 449
44 486
36 382
75 477
36 210
54 364
50 360
62 415
39 234
12 323
36 371
31 389
22 298
43 452
99 459
22 217
48 298
99 202
51 297
34 271
98 421
41 401
95 320
31 359
89 259
98 242
43 340
15 211
19 372
63 295
50 375
80 487
47 264
25 351
15 467
27 419
43 305
67 366
69 282
25 227
37 455
34 469
95 450
80 431
96 392
75 349
34 235
87 438
49 273
22 360
67 459
74 325
14 295
54 438
45 464
46 467
99 484
59 462
27 365
22 401
88 366
20 221
95 335
99 399
61 497
14 397
30 285
44 469
34 462
61 257
74 320
21 343
30 409
81 435
62 445
76 227
80 335
77 410
46 458
33 326
12 265
41 358
31 444
19 480
26 232
41 279
84 460
24 354
22 425
68 390
87 374
39 429
83 415
19 427
97 345
80 275
87 224
47 208
12 208
27 322
43 475
34 290
10 272
84 301
96 483
66 316
10 305
28 262
26 281
66 290
33 490
92 233
72 497
82 380
11 229
18 443
56 352
24 386
43 426
48 370
65 324
37 462
61 480
12 348
45 461
70 333
29 201
96 363
52 407
28 400
75 494
15 287
32 323
94 217
44 358
20 406
99 322
81 412
18 289
53 208
67 446
38 450
36 206
40 342
100 303
48 498
10 332
21 390
36 206
14 454
99 244
48 347
24 425
73 315
28 215
38 213
91 414
88 255
53 473
57 481
92 388
43 270
11 211
95 475
21 316
77 331
76 236
87 374
24 383
38 424
37 209
44 257
87 348
60 292
12 458
99 345
29 500
67 365
49 323
38 426
23 466
51 498
46 382
96 360
50 257
56 412
53 470
58 490
75 229
86 387
41 252
52 281
79 395
98 460
32 433
96 407
93 340
88 297
36 474
52 287
69 490
16 246
51 366
14 476
88 215
19 280
74 394
96 216
69 205
87 255
81 310
90 335
81 264
66 370
76 338
100 466
15 354
57 485
32 498
34 363
51 322
93 479
58 254
83 201
44 420
72 498
14 417
51 326
55 463
73 416
24 402
28 325
78 343
92 223
90 269
73 500
76 228
71 253
16 371
51 290
39 261
27 217
90 318
46 357
75 288
82 278
43 403
88 444
75 411
74 283
21 252
20 269
28 459
20 362
50 327
37 368
53 438
77 314
22 427
94 233
84 493
93 454
75 361
54 339
76 314
29 201
80 403
74 395
36 342
48 440
25 406
55 356
83 391
64 347
97 339
99 332
86 389
60 476
89 381
25 271
47 485
14 309
53 342
78 448
78 458
55 453
54 393
24 456
48 427
47 350
89 381
78 346
54 466
51 218
57 384
22 290
81 361
73 454
57 301
12 385
29 237
44 371
37 345
25 463
53 328
72 285
24 243
32 477
93 251
26 304
57 232
96 201
55 241
61 294
35 305
17 350
91 265
43 470
26 245
55 379
37 495
26 280
29 395
73 496
93 450
24 279
27 442
39 222
96 485
92 223
34 493
38 380
66 291
96 366
46 230
67 357
84 459
77 461
12 392
79 498
38 453
97 470
29 306
44 274
42 205
99 379
87 368
44 455
23 306
88 444
96 263
85 259
55 436
46 273
10 373
51 366
33 296
10 468
35 276
47 442
33 487
87 478
88 277
79 211
39 201
23 367
75 204
68 485
23 343
39 215
98 225
69 289
80 414
53 474
29 496
89 470
89 485
42 285
22 328
95 343
40 200
40 291
69 384
50 342
81 230
59 491
75 436
61 327
66 335
76 288
58 464
54 261
93 402
39 409
59 392
74 307
95 460
20 243
81 372
99 319
56 440
92 357
91 389
38 422
73 232
94 201
31 465
30 291
49 358
99 345
46 450
14 288
92 300
56 450
92 465
86 272
27 327
86 477
46 361
26 386
44 306
93 236
37 451
95 336
88 225
38 205
82 382
80 281
19 425
99 352
43 248
29 441
78 251
31 288
81 213
86 453
38 361
42 289
53 213
95 267
47 354
81 360
81 365
55 467
49 370
18 377
55 390
60 241
95 432
46 250
45 251
90 214
99 338
55 422
75 477
98 288
89 260
94 315
92 287
22 413
55 298
39 323
74 304
32 377
33 391
43 482
52 277
58 304
70 497
17 216
14 464
19 251
63 451
25 398
14 347
10 444
21 298
22 433
82 329
16 388
65 435
36 463
88 211
73 428
49 490
18 429
10 395
100 477
84 295
70 333
14 383
10 336
27 241
27 282
19 275
13 391
35 486
97 472
39 317
86 203
11 490
47 208
76 360
82 229
23 256
10 295
38 337
97 319
76 448
17 498
100 268
21 432
66 490
100 499
39 500
89 311
43 382
58 372
35 201
30 395
98 411
83 395
84 370
98 324
19 312
97 239
41 209
97 331
41 322
17 453
99 330
26 207
47 280
49 452
30 479
37 287
53 285
33 335
15 394
49 421
88 229
88 284
16 328
41 384
60 244
71 469
97 297
89 284
78 303
69 407
23 280
42 319
31 375
55 218
11 311
52 473
39 347
33 276
93 422
45 373
65 495
10 238
19 214
58 418
43 256
48 298
38 216
38 451
25 319
49 358
77 357
32 468
46 336
67 377
73 402
45 473
34 289
15 487
51 282
84 370
96 427
57 373
82 333
100 283
32 491
78 280
56 469
31 248
18 240
84 311
16 424
90 286
81 243
91 264
21 375
69 362
59 351
20 494
65 307
91 284
74 415
11 342
31 310
75 488
74 264
37 241
94 331
37 398
75 299
95 449
55 346
18 224
97 294
98 328
54 242
64 346
19 225
47 339
51 328
32 435
33 375
20 227
93 202
53 329
29 285
15 223
27 285
41 326
96 213
91 429
42 315
31 461
73 262
44 424
43 325
91 430
43 233
99 403
11 330
93 234
51 206
58 244
38 203
45 370
43 273
91 420
97 321
80 477
42 378
45 421
97 207
20 400
90 306
28 474
59 232
75 250
34 464
86 229
74 414
50 330
73 344
44 272
14 379
92 246
54 346
38 458
62 317
43 343
20 409
96 258
34 273
86 379
55 351
37 401
55 454
51 398
70 229
50 210
25 416
37 414
69 224
72 365
66 477
35 463
65 273
99 225
16 277
27 230
18 459
59 391
85 412
97 458
10 207
45 349
42 474
47 435
53 331
47 237
23 306
48 442
18 470
47 374
46 268
92 322
35 284
87 387
12 200
80 386
84 210
82 380
12 444
42 380
38 413
27 381
14 365
100 246
81 238
54 228
81 221
88 282
49 261
78 250
20 262
17 218
52 368
72 455
18 411
63 334
46 500
67 240
24 287
79 346
84 404
75 381
85 422
70 481
89 433
37 494
75 365
19 466
34 308
35 242
11 202
58 290
48 391
13 263
44 315
57 252
31 231
45 394
100 345
92 335
68 353
13 420
27 238
77 500
58 253
63 313
15 366
60 455
34 381
69 484
99 376
12 465
63 316
89 258
68 481
66 437
26 471
86 351
46 490
64 252
26 289
69 496
90 415
92 461
99 416
99 292
92 327
43 346
65 363
69 353
29 496
22 425
20 445
95 372
59 323
12 374
37 487
22 316
16 216
93 497
26 470
65 371
19 242
24 239
46 369
97 446
34 430
63 278
69 395
54 205
68 271
18 328
44 395
74 459
88 470
18 241
75 442
21 485
88 428
20 287
35 314
52 410
79 403
57 316
25 285
82 214
19 348
95 363
75 235
21 454
88 474
29 392
73 355
99 348
84 299
46 328
80 467
31 355
56 372
22 366
41 492
16 313
48 471
20 382
32 245
91 459
68 228
89 383
31 426
53 415
59 414
76 335
40 478
13 448
37 360
19 306
73 391
72 439
80 292
49 214
30 304
37 305
30 222
81 465
29 416
18 370
75 371
33 356
98 393
53 448
68 315
56 301
41 371
14 215
25 208
38 249
64 401
86 393
61 489
88 319
89 487
74 431
96 392
31 404
49 339
81 286
90 354
11 308
70 325
94 385
76 301
47 394
13 486
39 374
52 394
97 326
92 431
20 435
30 292
43 356
33 439
39 232
66 226
43 214
63 463
37 434
75 282
85 215
59 415
95 491
20 331
58 386
23 271
52 333
26 357
29 442
25 328
25 337
15 314
70 456
10 200
22 238
70 466
15 299
91 392
46 386
16 305
65 233
79 239
80 387
73 304
61 441
74 250
32 236
50 379
63 339
89 329
42 461
89 380
95 424
64 248
42 242
51 279
16 427
30 443
40 214
11 339
44 428
29 482
70 452
21 404
36 488
61 417
76 277
31 407
81 265
26 310
72 205
72 383
49 457
27 444
48 270
33 324
57 319
65 360
92 364
12 259
39 245
48 498
65 470
37 272
71 256
57 291
74 470
20 392
38 498
19 295
73 315
75 463
11 423
10 404
14 284
20 335
29 388
11 401
45 384
83 290
100 303
11 451
38 303
66 449
65 375
96 265
17 361
21 323
99 299
65 267
23 489
100 411
51 433
43 381
57 232
17 206
34 300
99 306
83 498
28 402
39 446
39 311
83 444
72 338
61 409
10 324
65 255
87 472
27 294
71 203
61 271
46 360
50 364
10 422
26 368
88 483
59 488
18 419
29 477
39 373
32 410
70 481
39 481
19 351
38 253
84 299
22 312
91 343
44 322
48 286
36 285
69 251
14 311
81 454
36 475
66 370
49 220
99 247
45 252
50 474
52 451
42 328
70 378
42 488
40 434
27 388
32 291
14 241
79 409
23 387
58 218
25 466
69 357
37 438
86 257
57 463
64 330
17 469
75 410
90 456
46 428
34 311
55 231
59 319
23 494
54 220
14 462
30 449
84 345
57 476
50 495
22 257
56 376
53 280
85 380
52 378
66 277
90 224
14 239
61 446
73 299
14 443
75 350
30 327
98 225
97 244
98 438
68 292
54 276
91 399
70 305
59 212
18 464
10 439
12 329
56 433
66 299
33 437
10 214
68 341
84 314
62 457
72 437
50 366
93 318
17 469
37 239
52 254
31 415
75 403
66 326
25 421
98 409
42 322
55 370
22 361
64 247
35 236
56 315
68 445
32 313
64 305
58 291
21 252
74 302
28 500
32 489
79 302
99 476
44 217
20 285
98 279
46 496
27 264
24 415
56 492
23 320
96 329
42 406
66 367
55 234
46 384
44 433
23 317
88 359
49 203
83 212
36 475
32 295
73 215
37 446
83 435
92 252
37 427
10 343
40 414
94 357
85 348
16 283
70 447
71 298
55 284
19 481
34 215
87 245
41 483
79 436
44 206
54 379
57 395
27 475
62 347
79 355
11 318
61 408
42 329
97 464
92 464
85 420
64 367
76 408
11 355
71 466
77 229
17 242
31 315
74 481
62 495
45 355
91 223
50 326
98 416
36 214
69 382
30 308
44 348
26 347
66 257
82 312
64 457
30 459
93 217
47 380
100 473
33 222
95 496
39 348
37 336
97 239
38 244
82 215
39 261
72 293
11 475
92 353
21 407
67 349
31 448
21 334
12 263
38 365
34 454
15 418
49 272
57 256
46 202
66 408
52 433
33 330
60 355
72 235
89 492
38 436
58 362
58 309
46 426
75 381
15 436
85 417
99 454
85 273
86 493
73 219
95 431
81 230
74 230
25 296
60 399
89 411
55 250
32 383
31 391
78 252
39 260
44 232
57 340
72 419
86 485
71 206
40 487
87 449
74 252
28 437
71 475
95 359
16 264
33 398
22 254
82 480
63 368
43 276
61 215
16 288
12 332
79 363
98 230
99 283
84 254
58 431
50 265
33 452
69 280
11 484
56 248
49 397
24 424
100 321
50 417
37 387
99 403
47 366
34 258
30 464
41 317
24 240
83 382
55 461
93 239
49 244
55 356
38 402
33 413
61 416
96 331
78 327
57 249
52 415
76 290
14 267
66 470
14 288
29 498
53 312
68 442
77 273
97 245
45 223
58 448
18 237
46 439
100 311
26 255
36 443
94 352
61 200
22 215
62 473
78 287
15 447
23 339
75 474
13 445
18 291
31 334
31 419
65 391
60 408
90 453
35 240
97 308
96 374
14 278
12 483
79 278
45 241
17 399
27 249
46 460
89 433
14 418
88 264
58 278
12 453
14 321
83 283
76 431
19 400
52 451
80 272
100 260
38 394
13 276
44 250
97 482
70 227
59 333
86 406
21 262
16 390
78 299
26 460
85 277
51 489
63 490
74 204
24 323
32 208
74 488
84 282
69 491
34 318
26 299
51 433
61 382
53 443
63 443
99 210
20 459
91 496
49 458
90 448
82 244
98 377
58 413
79 201
87 417
60 426
75 342
40 326
21 328
81 454
69 369
75 290
45 361
16 225
45 484
10 347
87 326
35 260
41 330
77 392
69 329
83 262
91 322
86 393
23 355
39 221
98 207
24 250
85 295
26 486
42 497
25 256
40 254
26 310
16 224
14 431
84 466
35 221
63 278
39 488
93 208
75 356
88 217
32 384
73 379
71 341
44 349
87 395
36 411
61 236
23 405
88 486
51 357
33 357
49 370
97 266
83 301
84 343
77 225
95 380
70 244
70 227
51 315
40 296
77 377
89 358
55 497
86 299
14 299
27 486
34 248
10 295
65 372
94 366
53 364
97 500
16 465
80 249
76 399
13 453
27 375
95 203
85 352
49 473
15 258
59 368
96 409
62 354
43 248
54 427
97 464
63 217
70 403
39 405
32 310
14 223
50 366
39 254
79 278
40 366
97 435
76 342
47 343
69 372
100 465
84 252
80 424
78 304
58 286
10 325
65 264
84 330
13 323
93 345
90 361
82 488
74 442
94 336
10 273
17 476
38 204
21 363
53 247
73 452
58 425
45 228
41 322
81 316
40 493
79 296
21 420
31 346
33 310
58 394
40 438
50 268
73 347
92 370
67 347
44 476
53 296
54 458
97 260
27 364
23 483
72 354
72 441
72 211
33 430
45 331
48 223
10 310
99 279
54 212
72 500
43 446
29 390
99 214
74 425
68 452
92 485
37 257
48 203
75 373
27 371
51 300
57 352
94 213
97 237
74 356
88 361
46 281
19 402
85 450
78 371
86 431
44 455
49 478
20 454
69 340
87 303
20 417
78 498
16 334
67 355
58 270
13 489
23 215
93 345
59 414
49 314
92 269
57 229
27 476
18 346
21 204
22 402
55 403
88 301
26 433
95 475
61 369
68 253
73 250
34 297
46 312
66 256
18 429
86 378
96 216
92 417
14 473
92 392
93 467
74 310
50 346
45 300
28 446
38 348
80 450
76 358
89 305
71 341
70 398
12 386
12 492
90 333
60 267
29 236
77 466
77 382
24 329
82 275
42 483
88 417
35 316
54 442
21 387
92 352
33 250
63 396
51 237
59 403
87 452
16 287
88 484
43 427
58 349
99 284
51 322
65 211
65 474
16 257
87 434
20 393
55 396
25 373
79 216
96 437
68 465
81 283
48 442
21 459
92 461
86 319
75 442
35 471
21 430
32 224
93 386
34 496
31 354
96 414
76 444
27 286
73 322
15 203
39 329
69 200
52 402
26 270
57 347
73 407
45 467
83 390
53 246
54 332
55 201
37 468
20 344
81 251
69 322
93 479
66 414
82 438
32 247
51 307
65 498
64 421
34 393
54 265
16 393
13 237
64 392
99 237
85 208
56 451
28 292
14 229
25 307
17 220
46 475
80 498
51 340
63 436
43 375
68 421
31 296
65 360
11 464
58 421
96 486
93 301
14 500
23 432
45 296
30 409
96 278
44 493
96 472
38 399
67 276
42 363
67 227
35 257
22 420
17 411
49 247
47 330
22 290
89 250
81 212
91 304
71 264
38 406
85 423
22 382
25 374
92 319
67 216
13 340
25 353
13 239
74 210
87 345
10 431
97 384
47 304
73 432
75 233
91 352
84 340
100 403
73 478
43 363
87 397
72 328
58 201
82 349
24 485
34 209
97 389
21 256
72 280
67 309
11 222
96 218
40 394
46 325
66 392
42 262
25 389
17 236
41 205
75 300
57 328
87 303
29 402
12 408
45 295
37 243
97 376
84 430
43 381
40 338
99 492
51 309
56 239
67 470
100 429
59 434
39 328
79 472
98 345
12 460
67 293
42 206
78 463
53 488
45 491
73 313
72 476
36 260
88 467
30 458
33 248
23 401
42 377
38 304
36 500
88 410
87 465
19 210
99 301
92 469
99 273
93 472
95 454
67 461
75 460
87 263
29 258
40 281
55 284
70 405
25 398
37 325
40 481
82 488
62 282
88 271
92 437
100 352
25 472
85 207
52 481
13 387
88 484
12 423
65 302
77 249
84 340
44 209
67 407
69 300
53 351
95 293
53 260
46 375
59 207
74 361
55 453
90 475
37 414
75 401
27 372
35 414
72 221
78 230
12 318
20 367
18 348
15 205
62 354
99 388
72 211
76 246
66 245
59 297
19 316
11 424
55 346
91 449
77 459
72 494
30 206
87 495
14 269
16 210
96 277
77 233
94 396
11 200
70 249
69 297
64 443
33 251
23 257
88 353
45 376
85 241
59 456
20 434
79 484
28 448
86 291
59 349
10 458
92 325
36 294
67 220
46 392
61 273
12 220
66 414
62 221
29 227
38 490
73 201
19 354
45 482
12 276
91 380
70 378
37 440
58 426
49 457
46 480
16 465
48 404
12 345
40 281
36 352
77 230
38 441
16 200
98 277
83 201
75 208
69 410
11 248
21 305
74 352
49 233
22 233
32 444
67 261
62 448
84 494
18 464
41 260
48 254
87 439
26 493
36 333
80 344
28 437
40 386
11 233
89 353
83 255
91 343
36 219
97 478
97 468
84 344
83 354
67 212
69 404
100 488
85 306
85 367
33 229
21 228
56 371
10 227
74 325
42 440
59 360
72 254
59 306
46 252
94 495
80 200
66 469
19 333
21 217
70 214
71 451
31 207
44 270
72 445
75 303
70 488
21 249
96 238
50 338
65 264
24 203
58 429
78 452
83 495
23 209
87 465
51 449
26 480
93 455
19 363
18 257
17 220
74 290
54 412
97 498
73 458
70 439
53 421
50 396
90 308
59 321
63 264
46 442
10 486
30 366
22 454
52 346
22 429
85 381
18 312
91 264
18 276
27 405
61 291
13 360
46 455
42 369
78 499
40 211
87 206
51 230
16 499
27 281
88 260
47 215
46 237
39 339
51 482
68 309
39 293
69 421
13 398
36 465
97 349
23 278
81 301
45 462
74 382
68 476
27 454
20 461
95 419
33 253
59 292
11 421
79 229
26 330
34 278
27 221
72 218
30 230
57 305
92 318
80 484
99 326
26 483
76 327
20 335
74 499
53 441
20 459
61 459
67 296
78 281
32 412
40 366
55 317
33 332
34 305
59 427
63 451
94 467
67 208
37 407
36 426
68 375
65 465
35 421
67 268
86 327
70 250
21 320
66 310
78 200
48 216
39 295
29 233
56 494
54 311
79 498
26 394
43 369
27 353
29 368
88 490
54 300
83 385
89 304
100 321
19 410
19 480
65 201
88 214
77 453
57 292
38 259
54 220
34 345
92 416
73 493
74 457
53 342
81 212
22 285
24 250
44 368
32 398
25 492
73 364
68 436
10 343
73 391
29 321
79 435
13 447
17 339
30 219
88 493
72 376
45 262
30 421
72 353
41 247
79 429
96 488
12 265
42 258
12 392
36 441
90 314
86 451
33 238
73 281
71 399
73 456
46 280
10 339
99 444
21 476
61 246
77 486
65 492
93 216
34 321
12 356
74 241
73 285
57 225
71 457
97 271
12 283
90 237
67 483
98 206
82 302
11 319
22 262
67 229
34 391
49 484
67 233
77 301
73 201
92 383
68 500
78 320
46 203
37 453
18 287
99 392
83 462
47 374
66 269
79 251
21 201
79 455
57 458
71 251
97 331
26 315
12 336
51 310
78 491
15 324
66 421
92 313
66 476
60 303
59 339
38 403
19 287
66 324
80 312
48 401
52 308
56 421
75 298
19 232
38 242
54 212
44 270
96 242
37 312
49 439
46 500
73 239
47 397
37 228
28 487
55 350
94 344
40 437
25 249
37 429
81 222
10 453
26 215
79 487
67 341
92 476
94 214
38 325
93 327
74 318
94 481
97 357
47 487
72 465
40 210
68 226
79 231
89 223
80 474
10 271
84 383
66 353
20 210
89 207
58 228
40 399
98 492
92 282
26 297
59 412
24 337
30 238
48 366
14 313
76 470
27 352
61 380
16 448
39 329
90 425
57 479
56 366
19 328
52 396
27 393
45 431
81 495
51 297
36 378
64 398
24 243
78 397
27 452
62 211
79 447
60 437
34 209
96 394
70 399
85 410
65 347
44 469
47 207
81 400
58 374
92 430
25 346
63 238
16 370
14 326
28 436
36 491
87 212
65 429
86 372
96 401
32 429
48 258
42 384
60 219
26 203
24 423
74 474
90 344
54 410
27 409
76 430
41 437
91 481
72 251
99 203
79 269
23 219
17 215
63 483
44 409
34 381
74 283
34 491
40 447
74 345
13 443
63 202
28 416
93 494
46 285
73 317
76 276
59 431
41 488
66 274
90 399
87 425
14 258
43 358
52 213
55 309
73 476
52 233
78 244
97 256
36 422
56 432
18 208
10 288
79 224
42 340
18 265
48 302
39 429
20 278
50 361
90 297
35 448
83 477
40 306
44 218
65 354
30 474
57 261
39 255
49 372
56 457
90 357
87 459
37 468
26 427
24 322
70 414
65 251
69 460
85 320
23 333
18 428
76 483
80 316
16 223
39 330
92 272
73 239
63 471
37 415
95 284
12 318
54 254
16 285
24 476
96 441
57 276
87 313
49 306
54 494
47 315
34 259
64 207
16 265
24 202
59 324
48 215
35 482
81 261
30 232
50 369
31 493
46 238
29 452
36 485
93 424
18 466
11 385
41 479
51 401
67 378
63 415
24 365
59 411
83 361
53 310
21 313
29 424
99 408
95 446
37 218
61 390
68 249
70 406
32 422
53 355
37 229
57 441
19 415
64 218
12 493
78 253
98 430
34 406
61 250
85 428
15 418
86 200
61 289
88 392
83 411
89 258
62 265
78 283
69 248
27 203
11 378
47 243
92 483
21 394
53 499
94 249
95 337
48 332
88 355
54 386
29 470
42 455
96 341
15 413
51 287
51 327
27 422
68 271
22 269
77 386
92 486
76 433
12 435
57 498
66 488
22 303
60 226
28 440
27 243
35 404
19 217
37 294
27 350
24 241
91 479
20 385
78 312
84 234
26 331
49 284
20 314
29 473
32 343
42 354
88 463
71 466
60 237
50 317
19 323
32 204
73 484
98 463
82 455
10 290
91 428
42 302
64 460
35 279
24 386
88 437
51 440
63 277
20 360
95 312
84 450
83 483
59 454
77 478
78 340
54 393
79 391
69 206
100 468
44 401
78 417
26 201
44 489
46 281
98 370
36 280
21 459
54 201
52 456
27 269
60 497
50 261
20 355
88 487
29 251
87 425
17 474
96 221
98 402
58 259
35 445
94 288
93 299
70 314
31 218
80 249
57 243
73 350
55 327
40 419
46 473
51 244
46 467
57 306
41 317
92 337
88 403
66 413
49 464
40 456
75 309
13 445
56 212
15 398
91 380
92 417
24 357
42 497
42 425
57 440
93 366
56 201
50 200
23 470
100 391
21 395
43 327
58 249
17 384
52 428
61 211
87 365
57 203
89 440
70 412
79 368
47 404
59 245
45 233
38 267
95 388
17 321
80 500
25 302
82 215
48 396
82 323
71 293
70 319
80 453
58 361
72 206
45 388
98 367
55 214
77 293
91 294
40 314
66 233
58 477
40 396
96 473
47 279
66 243
80 298
64 326
57 463
49 421
19 231
35 220
89 471
67 346
12 477
66 307
16 326
31 456
36 353
74 489
46 494
43 278
37 425
70 448
86 384
56 437
71 355
21 411
99 219
55 288
93 466
31 455
51 478
61 261
32 288
49 460
80 480
10 322
42 288
71 491
41 336
21 286
60 383
78 265
65 451
22 297
59 247
18 406
12 360
76 201
19 467
18 229
61 447
58 299
41 318
74 405
98 465
37 394
17 436
15 398
53 260
45 201
77 495
11 229
75 374
29 302
55 440
35 235
100 380
62 370
28 322
66 351
19 214
36 281
23 453
69 285
75 473
68 218
57 494
84 322
99 227
32 406
95 454
59 302
58 473
88 280
99 495
18 228
63 425
52 408
93 288
96 287
78 228
73 477
85 302
74 286
76 421
37 244
16 330
27 456
23 266
57 244
75 365
83 218
26 382
68 313
62 368
94 428
80 404
27 366
38 401
47 232
87 393
37 444
40 372
74 223
22 334
27 449
11 340
78 487
51 342
54 338
62 398
42 405
66 420
95 256
50 471
24 391
86 315
45 284
96 432
31 425
92 324
21 463
12 289
38 384
88 446
56 440
82 237
43 395
63 312
57 225
49 489
55 395
23 398
67 239
62 234
43 293
37 235
64 272
96 453
45 254
36 376
11 440
95 485
71 267
52 234
23 327
15 356
42 224
22 398
54 332
88 425
44 240
57 429
70 232
52 415
15 477
59 427
11 402
14 500
64 456
16 211
100 205
100 253
57 370
95 491
48 333
13 375
22 222
43 383
65 433
49 239
43 337
40 274
14 326
33 458
53 256
62 313
14 233
10 489
35 216
24 404
93 241
73 420
40 330
49 266
71 348
28 370
49 470
12 423
55 467
75 274
28 496
66 483
51 453
46 432
24 348
29 215
40 312
75 350
24 435
27 403
12 420
52 466
56 465
58 382
97 415
24 353
75 242
100 388
64 255
72 361
58 352
48 491
100 208
57 253
91 456
24 474
73 477
60 213
37 475
46 219
56 300
10 248
20 457
26 234
44 453
15 313
42 219
42 467
83 343
17 419
26 424
82 422
14 230
33 239
66 279
28 292
100 380
60 471
28 475
84 245
27 349
71 482
95 310
16 294
55 366
13 449
61 303
22 388
81 254
24 236
31 383
21 461
78 367
40 245
64 334
76 269
11 348
56 248
12 396
36 257
92 304
28 249
79 324
88 439
40 261
21 460
98 200
45 405
57 249
88 209
88 490
54 314
26 277
64 442
78 204
39 484
84 453
38 465
15 418
37 404
81 326
22 320
34 483
69 443
31 424
18 415
36 479
77 398
79 340
34 427
31 338
79 351
20 391
46 316
49 467
23 485
37 282
23 317
46 278
60 244
92 461
93 312
47 386
33 393
10 349
36 268
20 478
15 475
92 484
63 374
77 209
22 441
65 411
82 202
70 215
32 439
26 404
97 312
84 260
42 212
77 272
31 293
90 450
33 366
40 257
74 332
25 295
37 255
37 478
98 444
67 201
75 366
98 434
99 392
54 381
82 301
62 435
33 202
93 360
31 265
96 306
93 432
43 420
53 357
54 442
30 339
33 432
56 297
83 330
28 257
49 343
73 465
65 200
15 410
68 233
43 226
85 321
36 440
71 343
51 387
47 345
52 427
82 377
17 391
69 212
53 218
34 254
72 381
91 347
100 365
66 464
38 419
84 247
31 274
24 403
85 374
96 384
84 273
51 323
95 267
79 412
81 389
43 466
18 471
45 258
99 443
66 424
14 255
55 468
19 260
60 238
83 366
47 432
48 380
74 353
60 288
97 431
18 480
62 446
25 209
50 483
61 424
51 261
71 225
16 256
81 347
90 417
74 363
45 401
77 351
17 439
61 267
47 315
96 215
48 395
59 462
34 374
19 431
91 312
50 361
22 490
25 360
100 418
92 202
64 214
16 321
21 492
74 271
52 333
21 315
42 208
94 302
97 411
58 265
82 438
47 289
82 382
96 231
51 370
80 368
17 286
38 234
16 275
41 332
87 290
11 282
38 421
48 481
98 315
21 252
58 421
36 430
73 488
74 352
71 393
44 439
39 406
23 204
90 228
93 235
22 481
21 366
52 451
75 431
18 342
44 267
60 221
59 314
17 356
100 264
76 434
36 477
32 426
12 218
57 266
14 220
69 371
73 397
38 483
76 336
50 208
66 284
97 298
33 438
46 313
99 451
46 454
42 336
36 357
98 281
19 357
15 418
81 387
51 497
42 341
17 391
89 434
83 277
50 322
15 434
17 415
24 432
91 209
22 497
71 319
26 487
74 277
20 403
25 417
79 480
40 430
40 305
22 294
84 394
44 295
12 300
55 409
95 326
90 247
79 232
42 298
57 292
79 372
77 237
82 291
14 244
96 336
21 332
19 429
33 243
47 250
95 482
32 273
54 326
22 328
89 437
43 326
40 250
67 421
68 235
80 201
40 431
70 326
99 414
100 487
86 227
37 500
54 394
86 214
34 393
46 328
68 268
21 255
53 401
69 303
43 335
10 413
39 340
78 225
12 241
76 461
39 447
31 476
62 481
98 309
30 332
62 401
22 340
13 366
14 330
93 374
73 473
36 428
26 222
92 264
97 363
33 230
71 433
35 348
78 444
35 236
28 343
13 375
22 291
22 472
41 459
43 335
24 278
31 442
36 466
75 261
43 480
75 387
70 495
53 274
48 440
99 464
27 446
60 213
71 276
73 407
94 227
31 364
38 305
64 354
28 311
51 347
90 354
82 451
96 466
60 287
65 233
63 386
77 286
74 414
65 333
66 346
69 311
28 415
56 264
24 384
74 383
88 414
98 463
76 334
56 288
52 482
100 369
55 499
45 266
40 266
45 430
21 459
99 320
27 355
21 391
81 259
23 219
10 208
54 236
29 257
27 263
74 394
39 406
56 336
28 451
91 269
44 211
30 320
40 350
50 466
95 463
52 212
16 396
81 362
45 362
23 204
88 407
80 255
33 438
17 482
38 491
67 218
99 477
31 282
50 261
60 316
19 221
15 404
17 348
38 247
12 383
15 333
93 348
33 350
90 227
83 475
91 280
53 468
53 228
97 332
62 246
54 211
21 224
12 383
100 379
34 280
83 430
18 248
40 300
16 364
34 479
10 293
54 478
29 213
98 259
16 493
35 242
47 271
73 369
27 337
80 281
91 207
44 278
53 238
56 403
21 403
10 387
20 337
82 455
14 318
71 395
91 217
34 263
58 402
40 441
32 378
27 354
89 483
37 389
52 259
54 320
79 421
38 356
99 370
44 307
88 222
77 496
27 336
69 226
61 440
13 476
34 439
75 451
45 261
54 339
10 380
13 482
14 465
30 308
13 397
33 469
85 314
85 458
64 472
40 488
68 401
77 478
27 241
14 458
15 467
65 372
72 203
47 396
25 440
97 500
47 265
35 254
28 380
50 329
26 445
76 263
76 478
77 331
19 316
71 269
19 282
46 378
74 243
20 201
66 476
71 318
35 417
51 420
70 333
15 449
33 262
33 270
13 399
18 206
98 388
91 246
85 416
50 255
36 396
11 391
30 456
75 360
31 279
80 418
69 475
40 336
46 224
17 475
80 205
63 388
20 456
83 362
43 307
17 278
46 321
79 271
43 325
39 397
32 409
72 213
19 328
100 318
82 204
59 225
11 223
91 351
27 295
70 298
58 277
47 251
48 493
78 423
31 202
100 470
41 332
61 492
36 280
22 262
83 403
31 492
82 449
58 302
47 253
77 293
21 423
15 477
55 416
95 231
52 467
100 226
27 432
50 208
36 276
77 245
33 306
55 302
72 328
84 445
10 201
67 460
90 280
52 288
18 232
91 362
93 269
23 497
12 354
80 463
78 473
100 307
17 443
32 480
36 211
51 401
29 309
66 387
96 444
70 333
16 243
44 374
12 280
88 212
73 272
96 262
40 380
14 220
65 279
42 343
58 372
81 252
16 302
12 318
70 363
32 472
48 343
91 417
76 464
71 255
99 301
52 228
23 487
38 253
99 497
31 254
16 337
87 298
28 444
79 384
23 265
27 359
30 398
64 229
50 454
98 294
53 350
40 435
95 319
60 249
55 281
11 381
100 308
38 306
76 344
16 204
33 293
12 214
95 388
66 249
90 276
46 295
11 414
61 411
60 466
14 495
18 212
30 464
57 354
89 218
44 208
75 304
45 334
37 491
97 362
37 262
55 281
82 212
65 335
68 426
70 382
83 346
40 245
48 412
77 277
73 295
48 350
41 286
77 467
39 354
23 214
22 466
92 221
40 240
15 400
33 456
32 284
69 374
72 308
49 478
61 363
22 421
21 420
99 395
37 481
24 414
19 413
34 490
100 305
19 289
24 342
97 433
11 243
99 204
89 290
39 237
21 202
28 414
75 362
73 207
70 255
69 485
39 248
42 402
20 401
60 204
100 434
71 419
37 493
55 278
32 354
45 484
51 471
28 426
96 404
44 372
41 302
97 377
58 279
79 401
59 468
56 473
10 291
77 277
11 262
70 263
68 419
29 420
85 341
88 419
37 227
62 403
87 396
18 429
67 255
12 354
24 433
75 323
91 466
14 204
35 203
78 291
60 262
64 259
97 304
78 295
89 216
18 410
15 475
19 286
12 416
88 202
86 214
57 320
29 474
84 354
52 340
100 347
20 404
100 203
31 281
93 237
33 245
85 408
80 284
64 499
31 382
24 246
84 274
99 324
86 440
20 473
59 372
93 431
90 474
92 483
85 232
85 301
11 467
100 245
26 202
26 398
31 494
34 280
65 260
70 213
31 280
95 478
16 305
12 478
95 291
33 333
41 479
50 298
40 392
78 394
66 286
73 226
51 485
17 245
83 409
19 443
20 245
46 390
16 277
93 378
96 326
43 339
87 343
86 448
32 480
89 377
74 382
55 293
21 459
84 309
40 347
97 305
23 420
47 440
44 311
30 213
71 227
45 440
100 289
90 354
47 478
90 231
56 383
89 424
98 362
60 458
28 232
57 349
14 456
25 347
86 355
94 401
25 462
30 201
23 228
62 217
51 283
88 263
50 322
26 257
64 468
37 441
48 476
78 400
41 276
17 395
91 305
90 262
57 436
83 266
84 265
46 317
13 280
85 263
25 264
90 284
40 284
25 480
26 212
84 388
48 273
91 469
73 275
61 394
53 492
52 373
95 492
24 353
38 267
50 373
62 236
32 311
35 380
33 328
93 368
62 379
24 496
32 268
49 326
15 231
79 371
45 322
62 292
34 282
74 392
96 440
30 309
27 498
28 239
98 280
73 489
14 296
28 306
37 203
35 276
38 499
16 286
95 207
85 494
74 435
56 493
47 211
51 323
32 490
30 481
97 217
58 227
80 402
17 376
59 214
13 338
10 297
23 480
95 250
76 343
73 256
91 257
99 284
90 474
27 491
29 342
12 423
41 218
16 452
15 428
82 295
69 325
45 438
93 446
61 227
23 370
53 321
97 300
62 204
88 428
59 477
19 400
47 389
22 422
52 313
34 204
53 312
31 249
39 332
43 435
99 231
76 392
41 430
56 456
75 463
89 429
13 403
64 288
10 497
19 329
57 257
39 415
36 361
51 368
54 407
71 301
21 305
94 489
35 382
98 470
45 225
49 232
46 425
14 468
42 228
16 479
20 328
89 352
22 255
28 431
95 220
72 298
52 422
20 360
13 429
40 396
57 426
13 382
45 498
19 271
85 344
29 208
78 290
58 410
64 278
73 257
81 269
26 424
100 391
10 492
98 362
69 221
36 214
26 437
43 451
11 436
14 405
39 465
92 202
35 289
79 362
30 379
96 451
46 320
36 335
62 409
56 398
40 232
55 231
17 321
45 375
33 474
93 399
85 222
66 211
55 431
34 407
20 202
21 310
78 447
72 384
33 390
22 484
64 391
35 340
36 394
42 217
37 242
37 453
34 265
48 274
54 235
54 204
54 287
91 309
28 208
24 287
43 421
30 218
75 432
84 272
43 270
22 340
67 454
98 223
59 455
34 464
33 228
46 476
23 231
26 247
52 476
46 284
84 252
99 457
38 358
21 207
24 266
57 438
90 389
90 488
70 259
67 281
71 317
88 300
39 239
79 285
60 381
82 361
97 421
72 366
79 295
22 405
33 220
91 330
41 303
23 200
19 466
57 347
83 236
27 379
64 244
18 489
19 282
38 306
87 365
58 479
46 346
20 218
93 225
45 474
44 363
88 338
92 454
88 360
42 381
65 463
10 452
90 247
80 249
42 434
81 275
47 322
60 244
49 485
21 387
39 245
60 330
63 277
23 316
96 471
54 425
31 320
50 384
27 308
92 471
11 347
12 302
51 364
58 259
67 314
55 204
79 445
38 491
18 315
81 408
77 252
27 467
42 407
72 439
49 284
71 405
51 352
51 298
88 301
62 261
31 201
67 472
20 246
57 417
27 217
49 395
25 354
55 340
86 462
32 475
42 385
37 374
29 334
91 450
40 227
78 299
22 424
78 424
57 482
69 280
25 362
67 415
91 235
67 225
91 231
10 440
44 276
31 351
69 484
33 294
82 261
76 438
99 361
80 404
41 348
82 488
73 358
12 475
77 407
38 287
57 347
16 303
83 288
17 282
30 204
66 431
94 416
58 448
85 428
64 317
93 234
88 285
11 456
81 483
21 406
62 249
27 494
75 425
77 255
67 251
75 280
61 222
64 299
78 220
63 271
43 301
40 391
37 395
19 292
36 208
44 344
14 500
73 307
24 367
24 379
45 320
67 349
74 403
31 211
85 423
46 209
56 336
10 257
34 246
55 305
56 297
64 459
12 285
92 220
39 326
61 268
58 256
87 488
64 263
36 331
18 229
82 358
64 240
10 293
54 213
64 488
60 295
22 356
72 461
96 280
73 473
38 482
90 465
51 437
49 467
17 412
65 408
75 258
70 434
33 382
10 498
39 206
86 264
39 421
72 436
20 260
44 248
64 335
81 210
40 489
62 338
40 371
36 419
62 342
59 229
90 248
90 291
73 268
87 263
85 278
90 388
55 304
60 329
21 346
94 209
23 213
52 434
34 241
37 262
92 403
35 253
62 215
63 352
15 399
89 420
61 362
10 213
66 493
78 405
54 379
81 371
79 409
90 475
65 406
53 480
29 225
90 406
18 327
68 472
19 472
66 400
88 498
39 247
43 453
83 226
95 264
71 422
50 451
94 321
40 330
60 362
77 282
93 293
18 273
61 383
70 404
14 326
62 343
27 289
67 223
46 325
26 462
52 458
30 340
70 466
81 277
36 273
86 343
58 268
42 380
38 409
51 432
76 435
38 305
61 269
92 237
20 364
67 390
37 308
97 298
10 449
80 349
50 234
19 337
39 356
32 400
70 500
25 247
92 305
37 355
11 481
12 216
90 237
36 364
56 334
78 367
79 286
100 252
93 405
42 269
77 254
14 324
90 250
81 436
35 223
88 228
89 381
11 245
59 400
22 212
40 321
77 264
26 293
91 477
48 404
93 207
50 464
23 460
79 452
38 368
64 435
95 376
14 339
11 482
50 330
30 470
29 271
53 307
91 298
17 310
83 277
16 358
77 347
80 203
40 462
22 221
32 466
63 409
66 266
16 240
40 282
49 296
50 242
58 415
89 384
69 491
44 240
57 452
74 364
29 485
97 224
61 420
11 300
72 493
78 367
89 212
67 242
30 200
29 410
47 273
22 389
42 203
60 309
30 265
79 308
91 498
43 403
20 220
65 393
81 319
76 496
66 407
98 337
12 220
80 270
51 238
72 254
11 287
34 395
73 485
33 249
95 232
68 296
27 405
12 215
27 498
30 252
73 446
32 259
61 334
42 458
20 488
47 362
15 223
59 324
37 457
95 489
64 275
52 441
47 222
42 202
85 364
63 322
43 392
12 275
13 359
58 295
28 444
88 369
28 412
11 474
81 264
93 307
20 444
79 318
51 401
74 334
35 272
63 373
75 235
78 388
26 380
54 489
46 339
67 238
40 248
36 368
26 371
17 401
63 420
46 479
59 237
56 333
100 217
32 472
37 353
14 396
52 292
50 304
52 440
16 430
38 251
55 498
61 221
98 434
11 366
45 210
70 474
61 461
26 350
96 442
47 241
22 484
74 419
77 462
68 276
23 243
79 438
67 447
83 388
70 350
23 491
98 405
76 453
68 353
41 247
61 202
79 380
30 319
34 471
84 355
97 420
68 322
27 440
67 215
14 347
47 330
58 474
27 500
56 349
78 427
65 345
82 382
10 415
12 222
61 229
97 381
46 275
85 455
14 470
26 291
42 283
52 301
24 404
40 432
34 351
20 347
46 237
85 471
56 479
51 235
36 318
27 356
64 318
88 306
16 228
93 251
85 266
55 316
84 401
32 422
92 305
96 447
50 246
91 242
30 307
65 483
41 393
81 216
84 346
79 445
89 469
92 485
68 347
35 404
84 297
58 448
15 342
66 493
87 259
50 363
13 211
25 239
87 381
92 312
80 328
76 400
40 252
95 229
66 433
12 294
93 456
78 381
30 435
52 385
15 358
39 308
23 341
15 221
66 302
86 497
29 338
67 475
82 228
73 488
98 284
50 389
15 272
51 236
77 393
58 450
65 417
53 368
57 303
40 227
17 420
74 334
40 317
48 397
19 461
75 203
12 414
23 233
58 361
96 442
38 490
32 201
93 346
71 412
86 456
78 303
43 309
82 381
45 394
10 469
57 410
78 347
16 263
66 258
72 399
52 426
13 339
56 493
66 494
98 333
43 241
61 221
79 322
11 475
79 429
85 318
94 365
47 462
16 295
80 300
26 469
95 331
22 350
41 492
29 478
82 240
29 208
55 267
38 463
75 244
75 435
58 479
75 277
84 425
97 409
39 365
48 448
58 384
36 320
37 440
80 397
33 264
14 490
22 434
51 323
65 241
64 341
100 254
16 408
90 238
99 452
41 393
51 348
59 496
40 349
48 463
58 312
34 399
66 257
20 451
50 311
85 335
87 210
59 267
29 316
75 434
66 406
27 415
57 351
100 420
25 492
22 494
34 359
14 353
99 224
59 494
89 295
15 485
80 466
84 422
11 254
80 297
26 430
90 413
35 268
76 228
52 413
93 362
50 414
29 385
20 266
50 472
75 205
90 314
73 406
16 450
47 340
58 318
82 456
89 299
16 261
74 282
14 247
52 444
26 305
56 296
12 206
89 431
68 422
32 330
68 229
86 485
78 275
31 336
61 282
83 203
37 461
80 266
40 377
12 417
55 286
100 302
34 479
89 202
84 476
49 425
65 360
19 271
85 211
18 364
14 291
12 335
64 299
90 207
29 359
67 407
30 335
32 436
71 440
100 411
47 468
96 369
90 243
44 461
99 297
72 247
59 440
98 389
36 232
33 464
96 218
30 285
36 328
33 415
79 357
51 432
88 460
80 402
67 440
67 456
82 487
31 373
83 385
17 414
32 356
65 256
10 446
97 476
16 261
32 239
69 413
26 492
35 470
86 272
73 255
21 394
98 230
48 365
24 277
52 280
12 355
26 255
17 377
92 323
60 318
61 253
13 281
38 300
36 387
47 358
83 401
15 381
54 268
76 244
99 223
67 477
88 359
29 376
22 461
72 371
51 309
17 207
26 368
99 340
75 480
13 446
94 448
53 209
63 270
68 259
64 326
79 369
34 465
100 419
35 243
35 351
21 413
83 442
40 414
97 334
80 477
25 472
72 304
37 389
67 432
66 417
46 381
35 442
58 330
70 469
22 399
21 425
90 375
78 340
38 294
87 432
36 452
98 444
50 231
12 379
47 428
91 419
65 329
16 404
12 220
59 231
33 390
11 429
27 219
58 302
69 441
26 332
63 284
20 295
65 256
35 226
44 467
85 241
94 254
75 204
29 215
38 341
58 389
27 367
89 235
47 419
72 401
15 216
93 474
53 248
55 234
59 463
20 419
50 245
87 398
27 395
66 483
74 215
64 253
68 477
28 249
100 463
30 293
41 384
47 239
34 245
80 406
97 222
43 460
20 444
78 266
52 218
62 322
36 369
70 314
68 362
99 439
95 313
35 252
59 497
37 379
43 313
82 498
22 306
92 403
98 263
77 337
29 468
27 264
55 232
50 431
38 490
43 467
47 299
21 249
19 258
41 285
71 410
44 206
91 489
87 463
58 327
90 281
55 406
87 380
57 421
39 280
54 378
34 463
19 464
87 221
10 337
33 342
95 287
71 409
18 205
36 275
74 318
61 325
49 349
99 410
53 264
61 379
79 434
88 317
30 250
69 368
19 344
17 280
75 306
14 456
52 257
29 291
73 234
61 347
43 370
88 352
12 444
83 274
33 320
68 223
24 479
90 455
44 349
53 253
39 472
71 414
14 437
23 302
33 370
15 355
86 404
15 372
95 486
31 423
38 286
88 424
95 235
39 336
38 361
63 237
93 346
64 258
23 405
91 202
13 207
30 263
15 312
56 456
40 330
44 300
45 223
19 430
26 299
30 392
84 403
91 490
16 278
90 228
48 357
83 206
93 337
20 473
92 454
78 445
97 256
52 449
60 217
71 286
100 392
46 225
37 306
75 240
98 212
79 316
62 249
12 432
81 340
69 233
79 281
19 327
20 473
69 314
76 352
100 255
47 277
74 236
35 495
70 215
29 243
30 222
26 453
52 377
45 307
49 336
19 388
51 424
73 436
53 299
66 336
76 229
52 333
93 295
51 239
100 231
64 391
68 324
52 457
94 335
29 411
64 350
55 331
20 357
42 208
29 252
70 258
81 257
98 295
88 417
89 362
88 366
33 401
48 294
64 440
25 370
92 348
91 296
65 241
80 495
82 357
20 343
57 276
25 204
27 452
72 403
16 268
20 263
68 458
30 274
70 485
31 395
42 412
23 260
76 392
56 401
18 499
61 310
20 444
35 343
96 435
96 355
73 213
57 471
80 475
24 316
76 387
64 240
20 450
67 450
34 253
60 287
96 393
61 474
13 462
59 379
100 261
63 398
22 402
65 494
49 259
95 283
78 320
86 494
90 374
53 360
82 491
18 377
77 293
99 418
35 417
41 399
27 280
59 450
29 362
48 255
55 251
46 316
54 411
36 339
92 450
19 410
45 394
30 272
67 386
54 440
93 485
79 427
95 384
12 393
13 318
82 366
82 485
44 439
66 240
32 429
13 224
10 328
40 322
23 304
11 287
52 458
69 382
13 234
21 260
77 210
18 324
90 498
92 306
42 453
21 213
31 234
23 417
62 354
51 460
49 445
59 201
100 216
75 287
43 347
34 428
26 475
84 482
49 309
57 357
87 383
99 391
82 305
39 477
64 294
35 366
86 432
20 442
64 449
14 448
87 273
70 453
34 376
36 418
82 471
17 245
50 291
39 219
81 492
44 305
64 330
64 273
15 287
52 459
39 441
29 279
11 230
83 461
95 364
25 339
54 351
98 488
92 268
95 287
20 351
32 242
61 312
95 492
78 228
89 383
18 304
86 382
59 392
100 438
93 418
29 389
10 409
19 460
70 231
80 434
96 388
72 362
51 491
75 347
65 251
52 386
33 389
46 337
22 307
35 284
23 351
68 242
88 248
31 435
81 248
55 359
65 294
85 384
45 323
14 200
22 407
89 377
10 403
81 274
33 289
80 485
22 229
22 398
24 478
21 254
97 451
87 410
45 383
48 226
29 471
59 277
62 362
94 319
35 469
37 474
42 450
58 395
17 382
71 205
67 324
42 333
64 422
42 216
52 483
95 207
85 217
83 227
17 488
61 343
12 489
17 360
58 472
51 417
90 297
49 462
20 379
73 444
25 286
36 302
47 451
54 471
54 292
68 296
65 293
20 434
33 453
64 469
46 297
62 476
44 454
99 212
61 230
82 331
39 364
96 283
19 441
98 231
93 449
78 261
65 465
78 222
68 236
86 239
10 223
56 426
65 451
51 207
79 292
55 445
21 471
46 219
16 479
46 393
26 276
20 367
64 397
31 355
29 278
53 414
71 408
26 226
70 477
13 487
17 322
72 423
62 407
11 452
68 391
30 209
61 246
27 405
28 464
100 223
35 403
84 291
14 475
84 316
84 250
75 418
45 482
35 362
16 481
28 471
74 356
21 287
42 306
65 493
58 451
23 260
33 350
42 362
23 367
64 474
66 280
14 436
91 430
24 348
66 309
35 230
98 299
80 264
92 208
52 423
25 470
86 311
25 232
39 343
96 401
51 214
85 355
80 441
85 497
36 443
53 408
42 468
60 240
79 258
18 436
17 456
48 362
36 423
73 489
71 241
58 229
47 268
67 455
35 417
36 297
54 403
38 281
45 409
60 299
56 267
60 397
19 338
56 238
41 401
63 224
14 314
24 447
34 437
84 390
86 249
73 461
15 390
79 219
51 261
81 464
23 302
24 300
55 367
84 449
52 263
89 209
75 475
23 207
100 254
57 462
70 231
78 203
46 363
78 419
10 289
10 451
52 492
26 228
48 287
46 375
10 348
63 476
53 237
73 483
36 278
54 343
28 265
33 480
94 266
30 499
22 229
35 394
99 399
77 276
51 297
53 234
10 232
42 217
44 391
60 258
50 342
28 476
89 445
11 283
15 251
39 264
16 481
61 499
15 328
31 262
50 475
24 320
96 255
58 225
24 234
26 312
20 434
12 283
49 441
44 287
89 398
88 221
37 206
80 455
38 244
14 459
37 262
83 225
38 313
24 461
10 233
86 223
38 257
36 243
92 372
84 440
96 380
92 294
35 430
44 471
71 463
95 442
30 405
83 489
33 416
26 313
54 419
98 314
90 342
21 475
56 437
78 430
82 323
54 453
93 470
32 425
36 300
77 355
20 231
68 471
35 241
30 294
50 318
23 385
13 264
37 371
82 471
27 216
90 272
86 245
21 340
61 423
15 285
21 393
66 318
76 211
80 344
70 217
77 212
22 371
71 460
93 426
70 240
86 473
60 410
94 252
59 386
36 438
61 450
97 235
96 391
70 325
68 301
58 395
39 443
79 237
35 206
68 280
61 404
16 257
78 418
99 311
70 483
54 222
88 276
100 450
75 253
22 400
25 315
95 365
94 258
53 408
23 365
77 260
27 439
48 280
46 325
48 409
88 287
53 490
58 489
21 228
75 411
28 293
57 421
98 282
11 310
31 493
25 376
52 391
98 216
54 369
53 261
65 399
100 209
68 410
23 275
42 438
66 264
41 461
36 387
25 362
43 431
53 370
61 253
16 369
48 430
54 360
31 265
84 237
26 395
40 220
84 334
81 354
87 387
25 230
67 254
50 469
78 393
74 239
51 296
50 465
57 396
96 466
12 332
62 484
83 399
75 344
82 360
33 329
84 209
80 217
79 450
67 498
39 272
11 237
37 394
85 344
98 275
26 499
75 261
100 280
50 435
95 390
83 319
89 238
65 277
69 341
15 491
70 216
29 323
95 380
38 204
94 255
76 231
53 333
68 485
24 450
79 235
39 411
35 256
43 432
12 454
14 207
54 359
32 404
99 226
46 398
58 205
25 458
66 405
74 277
36 403
94 206
60 315
46 241
30 366
92 403
45 495
57 461
70 382
79 234
95 398
94 389
16 333
39 389
94 386
75 377
16 442
15 425
17 249
51 325
30 388
23 433
92 386
34 384
11 258
82 426
80 298
64 307
10 358
38 367
58 360
41 230
34 325
30 306
50 370
86 238
30 357
52 287
85 365
35 208
95 337
98 276
44 446
77 315
54 277
93 496
70 424
30 487
32 430
16 422
75 421
59 254
17 432
69 320
94 261
95 417
100 461
62 282
16 273
41 408
59 277
80 235
73 378
94 248
12 262
84 304
54 328
88 260
97 398
16 253
12 407
79 256
55 360
62 221
86 383
39 283
80 281
43 409
71 289
64 464
89 324
67 335
79 324
57 461
10 224
66 328
80 433
68 246
91 421
50 226
75 446
37 211
13 326
23 384
60 376
100 216
77 313
98 401
74 245
84 357
34 376
39 398
100 267
93 299
42 461
83 239
37 333
78 382
97 419
67 272
84 363
20 492
49 388
32 362
26 254
49 401
72 401
17 436
38 492
24 353
95 258
94 358
33 340
61 248
79 254
92 250
10 358
76 342
74 435
61 428
67 369
56 367
40 326
62 436
26 235
55 218
37 379
96 434
73 262
43 476
91 200
68 483
90 267
39 301
58 475
69 439
52 256
15 362
79 306
67 397
97 334
69 435
60 438
10 379
38 299
37 266
84 379
73 355
92 220
53 346
18 435
26 338
37 339
59 270
51 245
63 286
91 229
88 290
13 287
90 416
47 271
76 384
75 429
21 294
13 445
68 392
39 475
88 216
31 228
88 207
80 451
73 351
90 211
37 396
65 358
50 384
42 242
50 276
27 255
35 368
41 260
58 225
93 238
53 296
62 276
49 238
45 294
65 405
89 278
43 303
71 412
73 313
24 202
73 373
90 208
78 405
17 498
17 251
51 421
40 251
92 349
44 423
53 427
77 448
53 428
49 389
18 486
79 491
87 339
44 393
29 250
22 314
64 478
52 232
44 463
70 293
60 321
41 203
28 292
62 200
80 450
47 256
75 339
90 270
47 256
53 223
99 459
55 302
11 453
29 232
79 366
50 424
19 341
59 432
51 276
99 350
74 218
34 359
41 350
62 233
10 290
98 461
86 394
23 383
50 346
12 209
48 239
20 397
87 310
84 460
42 408
75 361
98 464
16 232
40 296
33 417
89 270
93 333
37 389
42 259
28 379
58 444
50 452
76 446
54 316
82 345
21 464
55 398
35 374
63 490
46 393
22 305
71 232
26 377
36 351
37 353
55 454
73 294
70 335
86 313
78 394
27 423
39 363
60 232
50 500
83 455
25 326
75 304
25 344
46 477
11 366
22 422
75 323
14 372
13 204
75 306
36 341
32 254
27 298
84 438
21 257
16 387
41 350
39 439
34 421
61 489
65 442
45 304
76 376
90 370
19 409
60 227
19 403
10 452
81 266
20 496
30 282
81 405
98 272
70 375
11 207
20 478
21 473
58 362
20 256
28 426
11 457
65 413
77 433
64 309
29 254
11 271
54 386
63 466
18 218
35 348
16 454
38 373
16 406
67 472
32 266
100 274
80 299
25 331
46 300
66 479
16 444
67 388
29 374
27 485
51 444
100 366
14 458
75 220
76 273
91 223
44 286
48 260
17 283
33 314
59 229
17 487
36 241
41 250
93 427
82 255
63 316
55 465
34 460
41 385
78 374
60 270
21 454
89 294
78 471
72 370
80 450
54 422
70 429
23 252
96 405
23 423
92 478
79 293
13 320
78 419
95 335
19 352
16 268
88 274
35 251
37 437
56 448
37 339
83 227
95 430
99 499
90 401
92 489
32 362
95 370
40 200
55 468
95 491
10 496
98 473
58 356
57 497
69 215
46 378
89 227
82 424
28 408
94 400
57 216
14 454
80 290
40 288
47 203
85 243
32 242
89 494
33 374
10 451
47 224
59 381
57 384
38 475
65 328
84 488
11 435
26 480
49 292
14 482
97 295
49 242
50 489
79 235
91 424
81 200
42 211
79 397
70 384
63 435
55 495
63 305
52 260
90 353
88 300
94 396
99 307
82 482
87 321
75 356
94 400
67 442
48 384
78 254
69 459
59 228
94 360
70 281
53 366
53 221
16 466
94 311
95 202
70 265
89 258
21 317
17 424
34 318
40 294
26 325
58 310
22 354
49 436
67 340
57 266
48 466
72 426
85 252
69 318
65 200
69 437
93 231
17 222
85 417
44 420
100 268
92 344
24 398
19 305
48 227
17 297
46 402
80 218
62 400
92 469
59 410
19 416
53 464
85 438
81 204
17 371
92 285
55 443
55 492
49 470
48 367
41 461
52 237
31 420
21 264
10 287
89 492
76 314
89 390
85 283
96 358
13 415
53 417
55 374
39 302
53 325
67 358
24 435
57 213
93 282
74 390
56 451
11 320
20 284
44 315
22 353
50 270
43 313
37 323
54 242
100 228
97 292
98 401
55 231
72 228
39 391
39 380
77 247
69 405
83 408
99 397
60 340
74 278
57 351
98 338
30 275
24 208
43 202
90 344
28 222
88 244
22 239
96 202
19 321
39 367
85 273
13 290
92 479
53 315
95 217
66 421
27 319
94 410
54 486
64 252
97 374
46 318
67 418
98 449
60 425
85 217
26 276
41 360
82 424
18 230
51 377
17 432
16 278
45 215
47 292
86 220
13 262
15 277
26 408
63 468
92 238
73 228
52 240
41 215
14 312
26 303
77 446
40 434
89 274
43 236
92 414
69 281
13 292
28 405
40 282
59 230
82 255
19 282
52 447
20 458
54 293
27 497
77 493
13 211
13 276
91 382
28 201
89 415
50 219
14 242
52 339
29 321
10 279
20 438
42 200
61 484
73 353
16 281
16 359
14 412
73 237
13 374
71 205
39 331
62 357
17 275
22 343
37 338
28 248
28 347
84 369
100 291
75 258
22 317
78 362
90 250
38 220
96 386
47 462
36 448
31 288
66 212
70 317
19 302
56 325
64 312
71 227
66 414
31 473
79 401
58 458
13 431
77 375
48 350
86 281
39 404
71 218
67 249
14 216
44 399
67 249
16 232
24 311
35 311
13 375
98 315
88 412
10 207
62 310
95 372
76 404
34 209
82 390
39 456
30 359
64 394
34 263
78 433
59 271
46 356
70 455
76 227
98 364
75 351
79 290
24 264
55 496
54 313
56 281
94 439
73 322
25 296
43 208
61 407
59 420
16 474
57 433
92 439
22 434
68 219
51 260
98 466
46 306
13 288
51 245
30 224
16 309
90 451
55 246
95 294
26 369
11 289
100 467
28 296
76 265
65 372
47 348
40 279
30 313
92 238
93 343
64 475
74 331
10 467
19 231
12 292
22 226
100 400
61 307
50 341
83 259
70 447
84 247
65 309
59 342
92 218
31 409
