10000 500 200 500 10 100
17 395
33 448
18 289
64 346
93 340
36 410
79 203
29 317
46 423
63 408
44 242
88 344
59 408
68 348
19 452
91 458
73 438
16 410
23 474
93 232
57 275
82 364
25 496
53 478
35 452
31 217
71 217
87 221
53 296
63 258
86 329
41 292
67 267
92 242
34 256
49 252
30 416
86 360
47 396
22 227
61 472
95 239
70 304
68 262
51 378
37 346
74 234
11 221
86 440
74 291
95 237
16 226
96 207
22 261
84 370
68 397
85 282
84 229
22 496
29 234
35 309
53 328
41 268
92 343
11 312
89 351
94 475
73 250
49 410
48 282
72 349
31 371
84 415
64 265
18 440
21 482
56 378
95 290
19 408
29 352
31 315
69 317
28 278
30 469
25 377
91 216
36 478
60 405
42 235
31 450
24 217
10 422
61 239
74 290
61 393
43 416
27 343
61 444
96 298
66 306
12 411
77 449
84 408
65 479
14 271
83 316
45 307
51 434
94 447
28 492
34 364
91 494
79 339
86 325
85 348
10 310
61 452
79 345
68 310
77 252
45 500
16 368
41 304
39 401
89 223
43 288
35 499
63 342
37 468
41 222
16 295
62 272
73 340
29 305
90 489
65 279
18 474
31 492
81 447
91 277
35 483
81 356
19 395
81 266
99 362
21 427
71 370
89 403
66 364
36 408
30 364
96 237
24 333
40 313
95 369
27 499
17 203
96 281
58 250
26 209
69 386
77 318
63 332
89 464
90 477
36 347
68 256
64 376
12 361
93 367
42 327
42 279
71 468
83 477
84 407
37 430
90 319
44 245
32 467
71 446
100 329
11 482
46 374
65 473
77 294
61 463
30 453
20 449
46 300
72 438
56 309
35 247
66 312
88 328
18 500
80 471
73 213
92 412
10 257
19 371
85 421
48 419
79 323
59 241
14 240
61 379
46 243
96 226
36 418
15 383
21 325
15 444
30 253
55 475
34 386
60 308
13 376
76 428
18 342
60 371
72 346
73 481
23 375
72 494
68 309
47 356
25 479
26 471
29 352
82 490
15 488
61 292
55 222
91 260
78 387
77 497
77 379
19 370
34 433
56 243
21 240
33 323
62 448
52 398
37 488
88 286
28 435
13 236
92 296
90 219
60 477
18 214
69 442
98 307
62 498
10 262
63 499
80 454
90 429
58 445
17 489
21 289
10 307
25 277
35 422
24 386
34 210
38 202
68 484
11 223
96 408
19 467
88 421
89 251
73 470
56 213
99 424
32 227
45 378
53 384
51 300
71 447
54 368
84 211
51 456
94 280
12 269
20 417
17 314
30 338
62 361
23 440
60 404
21 214
82 220
81 329
48 416
24 431
14 371
66 384
63 425
18 388
79 409
18 484
81 221
29 255
32 372
55 365
40 461
40 254
100 475
61 250
25 357
93 424
52 371
92 303
89 470
33 290
81 243
16 350
87 293
56 294
85 348
91 387
83 236
90 239
57 222
47 350
95 219
18 304
14 228
14 486
62 295
23 274
32 247
94 301
72 278
81 203
67 303
35 434
17 280
49 247
45 210
16 430
78 369
39 369
78 390
92 344
88 328
73 272
51 291
45 464
32 217
86 495
49 306
56 306
52 349
90 488
43 200
79 287
75 399
56 465
69 457
99 222
69 475
46 357
54 417
12 334
59 236
82 453
25 454
33 477
85 362
16 359
72 278
92 429
19 248
15 214
11 399
51 238
38 280
60 338
84 466
37 329
13 498
93 242
63 239
48 451
91 432
82 461
92 454
25 436
37 481
42 456
88 436
79 201
86 339
23 411
91 259
64 254
22 270
75 405
88 264
40 408
29 414
58 204
48 456
76 317
20 340
83 212
17 267
39 490
91 302
79 408
55 388
92 265
15 207
60 466
42 325
88 215
64 389
35 354
72 409
56 478
35 244
42 222
54 454
14 415
76 309
41 315
79 232
68 353
15 300
93 208
33 391
61 362
25 493
69 373
67 436
31 297
71 289
50 489
50 228
75 497
37 423
26 231
55 441
15 342
28 453
60 364
42 323
18 371
23 240
98 415
19 292
35 405
62 228
57 322
84 444
44 291
90 378
43 220
60 206
57 257
63 462
46 500
81 446
15 349
85 312
37 361
10 473
36 484
92 306
81 455
13 321
48 366
91 368
91 465
46 247
82 231
54 392
20 243
34 350
82 222
44 354
29 264
34 346
60 225
38 250
90 452
71 225
89 268
35 202
64 414
80 254
87 457
79 425
75 483
75 341
93 435
28 285
15 218
67 445
68 281
21 473
54 315
11 349
96 288
74 416
61 248
21 396
58 314
97 454
74 292
79 499
42 487
40 476
48 413
66 447
19 364
43 476
76 365
58 311
34 374
48 352
92 344
49 375
66 316
72 453
70 269
21 385
63 433
13 459
12 478
33 287
63 272
37 219
26 285
64 287
32 255
90 278
23 436
26 254
37 429
35 409
17 407
100 202
52 351
88 382
34 263
82 369
93 430
80 220
19 467
22 422
98 495
72 369
94 350
53 431
56 379
44 276
79 280
87 322
62 437
37 458
10 473
91 283
43 213
65 365
66 359
100 400
42 484
36 232
77 391
72 361
21 500
12 304
12 362
73 460
80 430
14 246
34 243
36 451
27 381
35 384
31 299
62 341
76 251
14 262
84 284
92 460
99 257
10 312
46 388
29 466
35 438
23 417
44 289
42 435
57 431
23 458
72 352
57 459
79 370
53 293
90 393
20 437
91 265
53 267
47 269
70 218
75 443
48 385
85 500
49 451
27 336
72 306
53 405
36 288
79 233
47 428
76 383
74 274
86 310
19 298
68 271
58 283
61 398
67 495
94 236
40 224
84 301
63 258
30 343
74 480
84 477
48 251
86 219
41 204
54 415
93 458
29 316
16 449
27 208
80 359
95 285
47 314
75 462
30 290
51 468
21 480
68 476
100 200
33 304
77 273
82 204
88 454
91 219
98 282
83 242
81 470
50 272
71 462
81 354
73 337
47 270
19 463
42 296
21 439
49 365
95 368
75 491
48 438
92 421
35 436
76 409
67 238
49 388
93 213
81 450
14 261
12 365
87 465
85 436
26 309
49 313
71 419
19 246
95 262
71 325
92 378
51 353
78 464
12 365
73 230
52 225
65 232
90 264
70 248
48 298
25 498
23 283
81 213
21 272
51 245
21 223
44 379
54 288
16 314
98 217
94 465
56 385
75 330
62 443
36 346
83 484
67 451
91 208
83 294
77 439
83 426
28 460
13 235
54 345
46 398
89 442
17 353
13 309
96 473
79 309
81 292
36 411
75 257
49 405
27 448
97 388
29 253
42 324
13 293
42 437
91 279
58 302
81 454
97 312
42 412
25 494
16 463
78 444
68 220
17 319
21 441
11 238
45 251
26 231
83 280
14 233
96 296
50 490
77 496
33 374
92 472
48 308
89 470
42 402
21 349
58 407
16 425
26 233
18 206
52 218
54 482
43 344
72 336
43 225
83 334
73 436
67 465
35 239
53 243
82 374
32 360
50 381
14 373
42 459
99 427
30 364
57 228
55 435
100 239
29 444
70 257
73 479
67 371
62 405
81 356
37 205
89 257
58 499
43 248
68 309
92 383
47 332
68 378
30 224
60 425
66 239
95 245
36 402
53 382
88 229
84 334
54 452
55 318
64 320
55 356
83 289
36 299
48 399
92 387
77 293
70 290
87 492
89 498
42 450
63 448
82 315
98 411
17 421
37 466
94 343
73 368
45 258
76 252
18 343
50 278
71 448
44 466
91 402
33 229
27 291
69 228
86 457
34 422
35 366
81 368
59 407
21 339
68 401
39 320
54 278
78 428
15 465
90 414
98 305
99 364
62 319
22 200
13 280
95 402
77 207
20 403
99 203
46 277
72 331
22 448
71 494
58 385
64 467
52 221
76 389
38 366
34 226
93 232
67 487
29 200
78 402
87 255
78 292
59 257
61 428
28 282
23 278
61 327
93 412
55 265
16 483
60 257
13 445
31 263
92 422
68 323
97 313
62 426
76 460
23 329
44 386
22 257
88 275
50 457
93 431
48 236
95 352
92 370
66 281
68 477
81 343
43 223
42 426
14 311
31 381
62 222
75 248
75 229
100 362
96 207
19 406
53 455
21 236
64 303
38 456
88 269
74 276
11 204
41 241
78 336
49 203
26 488
66 387
93 323
68 400
74 290
48 323
43 312
41 319
89 426
46 392
94 322
22 286
25 419
27 339
68 498
48 311
98 342
91 399
86 495
95 494
89 354
92 279
54 374
46 279
55 370
35 293
54 337
98 216
54 456
79 207
44 447
22 336
84 264
48 452
78 231
81 293
91 460
52 249
96 218
93 381
86 247
89 329
28 250
62 388
64 451
100 357
21 412
56 435
41 425
64 485
52 229
75 239
70 398
56 270
84 416
69 201
29 322
99 296
97 375
72 276
17 227
74 471
46 323
23 364
39 440
48 454
37 374
93 407
19 230
25 385
50 326
25 358
95 467
32 269
91 286
67 415
81 477
26 200
77 438
19 297
86 212
13 346
88 441
36 356
44 427
53 366
89 377
32 399
45 376
53 433
64 211
33 223
67 430
24 237
95 338
11 244
44 282
18 435
10 289
45 443
13 281
44 467
56 280
55 249
73 231
80 316
71 226
70 480
68 262
70 272
34 299
58 499
39 405
16 353
28 474
36 409
38 403
39 461
52 490
93 337
82 389
13 211
55 242
79 268
74 457
92 453
35 407
28 386
32 282
56 203
75 282
34 258
68 236
68 315
10 426
87 444
48 354
50 427
26 395
69 449
83 285
50 306
62 500
35 200
56 378
51 286
26 365
13 292
56 210
57 324
84 307
55 500
87 222
78 306
77 370
55 416
22 303
84 395
80 361
76 333
17 349
72 447
18 461
71 364
100 394
37 356
79 204
69 412
39 479
31 341
100 471
82 252
88 477
12 325
37 292
18 324
58 325
31 352
18 457
84 455
36 402
55 301
55 414
33 381
22 428
53 440
83 477
87 371
52 337
90 489
30 403
77 267
41 231
60 211
16 384
74 287
70 225
10 440
95 247
62 230
77 291
82 272
55 359
83 368
74 336
39 323
33 368
88 465
67 259
83 284
61 340
69 478
38 458
99 203
55 487
57 430
44 401
97 242
60 342
48 204
68 466
80 415
84 218
71 430
84 303
77 418
63 283
28 207
67 210
95 445
56 442
59 472
79 273
41 350
51 373
78 290
56 432
62 420
94 332
43 425
38 261
75 277
17 385
100 232
35 493
48 340
44 299
33 474
68 273
31 434
97 376
26 483
36 478
99 455
26 399
23 495
67 420
100 202
44 304
64 448
18 461
67 479
24 347
81 330
17 223
91 213
81 236
73 456
11 297
89 324
65 238
35 354
54 338
21 210
49 339
74 237
39 443
62 308
85 467
88 357
61 450
59 338
48 315
10 450
55 454
83 306
18 340
57 348
96 264
29 419
42 214
92 452
88 420
40 496
50 395
26 273
96 471
59 279
22 455
62 345
28 250
39 297
52 308
14 367
16 252
46 224
81 490
35 472
44 433
39 493
83 216
11 420
84 427
91 472
35 426
26 487
86 216
43 315
95 478
93 446
89 466
12 494
28 343
36 262
56 330
100 351
36 270
69 282
77 417
32 275
64 370
19 217
56 293
57 408
16 212
14 498
40 271
63 332
43 354
75 438
33 398
80 278
38 257
32 362
23 414
70 214
55 447
97 367
85 262
14 208
56 377
49 201
78 344
98 311
71 426
26 430
100 235
53 490
61 267
58 215
100 237
68 463
60 460
73 422
17 302
15 244
49 335
65 326
72 277
54 426
88 435
90 275
30 261
40 461
88 313
18 207
33 404
96 232
40 497
44 384
98 333
26 426
19 423
80 447
98 488
77 452
57 476
52 291
61 239
21 263
87 477
90 401
96 489
56 492
52 336
90 432
55 251
12 386
51 408
98 424
31 453
12 215
93 351
72 363
90 256
56 441
12 497
86 310
83 223
13 369
47 425
90 277
63 457
18 399
53 243
31 457
43 447
16 321
78 477
42 385
24 360
96 213
49 417
94 290
38 373
72 498
54 207
83 222
70 435
36 225
97 493
51 371
43 404
27 434
51 425
94 362
64 444
98 390
50 448
51 499
52 337
70 367
38 468
65 257
43 258
37 328
64 213
31 387
51 439
34 496
62 388
20 397
33 430
45 339
63 215
15 396
100 230
63 445
81 400
14 348
34 233
70 356
36 423
10 413
57 261
70 474
69 213
50 478
14 457
28 269
72 402
88 272
62 476
78 429
30 468
73 480
40 200
58 247
51 327
44 233
100 316
32 285
100 377
23 220
20 328
88 203
65 202
69 462
79 242
75 250
45 365
70 210
44 314
41 237
57 364
99 328
95 225
78 206
92 425
62 435
85 265
47 230
78 412
82 393
69 331
19 413
58 371
79 309
77 378
56 426
48 314
43 419
74 314
53 390
64 400
84 489
71 460
14 380
54 210
58 325
96 464
26 234
26 409
24 269
67 388
80 225
23 447
64 240
86 317
32 498
38 202
13 380
53 205
100 333
57 280
73 255
41 394
22 328
100 331
13 287
60 340
88 420
95 205
40 246
74 338
99 238
30 229
63 250
73 376
70 449
74 490
88 449
84 440
25 486
90 371
12 489
64 335
92 446
20 316
17 361
83 484
49 492
70 266
77 395
27 272
78 346
42 244
22 445
28 269
25 204
72 401
73 350
70 349
100 325
49 235
26 367
75 334
89 379
84 297
40 290
27 366
72 380
36 429
92 293
37 203
79 388
87 238
13 389
70 281
89 249
35 397
94 482
50 472
97 328
100 384
50 387
98 252
93 358
58 340
95 428
90 497
63 446
79 301
85 319
31 495
73 345
58 232
18 320
11 386
84 471
95 213
45 216
99 373
42 444
75 223
58 254
100 436
94 203
40 231
42 266
31 389
34 366
35 386
93 323
47 280
54 488
25 349
87 256
43 276
33 433
18 270
34 269
54 436
12 390
22 293
62 442
66 266
92 353
81 440
44 421
22 218
77 262
57 309
14 337
99 217
97 435
34 206
40 241
11 224
79 307
94 337
36 300
79 254
67 252
64 326
40 464
68 278
29 409
33 242
13 221
77 214
91 295
84 459
96 360
26 268
24 250
67 466
48 205
30 200
57 412
31 377
39 369
94 299
67 290
99 221
10 350
87 466
39 204
75 281
17 306
61 230
80 401
88 455
25 413
49 361
17 479
22 449
76 390
58 374
49 338
67 491
84 380
94 381
40 329
63 396
75 209
86 239
57 319
35 214
81 346
98 306
97 311
88 370
79 200
69 431
54 337
31 223
95 274
30 247
100 315
35 236
23 318
45 434
83 218
96 419
60 272
68 388
11 477
82 334
16 250
62 462
92 332
13 301
60 338
74 207
33 291
50 476
72 269
32 296
17 306
88 350
73 488
76 460
26 244
18 288
24 255
99 379
52 234
56 242
52 276
24 273
45 293
74 226
11 407
78 399
77 285
38 289
37 485
78 383
78 291
93 220
18 470
25 483
20 276
78 273
16 273
91 469
18 344
75 427
23 214
44 212
88 272
94 269
93 299
32 233
19 372
79 485
32 350
40 242
27 440
58 277
26 411
55 278
28 439
61 254
89 279
49 201
30 266
54 356
29 422
45 453
71 340
18 333
71 353
52 364
18 440
39 204
64 385
22 302
67 286
40 226
30 271
84 465
74 247
25 401
30 407
84 461
38 239
47 485
93 366
50 384
14 437
52 353
26 419
12 394
90 210
54 268
21 397
77 316
82 302
95 311
53 319
56 204
87 313
42 449
98 235
44 483
24 418
69 241
13 489
76 239
68 253
29 478
74 288
44 292
52 259
20 297
34 474
38 486
76 238
53 463
15 215
75 443
36 479
23 218
32 318
11 364
72 313
85 219
44 333
54 240
21 213
43 219
47 387
72 471
94 388
50 397
65 276
83 233
75 272
100 419
48 257
12 460
86 271
72 271
70 289
14 495
43 346
96 237
71 417
56 355
45 338
26 405
74 289
71 315
21 439
62 450
72 464
86 366
14 387
76 337
90 446
71 226
43 243
66 221
33 469
30 412
71 326
48 368
62 204
99 475
80 466
49 439
78 281
24 413
45 389
73 341
86 279
20 324
100 379
85 481
14 472
70 351
14 459
35 411
27 451
56 405
47 257
64 243
83 347
59 254
30 404
69 319
28 210
50 254
72 238
66 434
38 376
67 204
43 252
80 245
79 248
73 265
84 243
93 443
67 464
100 323
90 289
72 350
11 284
88 386
45 387
29 479
41 353
87 295
95 347
51 254
17 291
51 200
13 428
19 371
64 338
74 207
41 334
23 425
20 209
85 387
70 379
46 357
53 348
39 283
14 293
73 389
57 456
66 365
36 230
85 473
10 427
97 442
57 285
90 326
37 426
77 389
41 378
61 483
61 447
84 418
87 402
39 321
49 394
94 439
87 419
28 490
53 340
82 305
87 246
84 469
25 393
37 474
89 352
94 495
41 470
67 287
13 418
23 427
54 292
81 485
11 475
81 254
76 405
17 439
12 489
93 372
14 463
75 401
17 449
96 361
25 257
45 488
75 203
89 234
28 478
22 203
31 442
91 465
71 315
22 496
15 208
92 485
88 361
28 233
50 479
59 477
93 240
11 408
15 327
49 236
21 410
33 404
71 496
93 396
75 470
15 363
36 207
15 397
79 431
72 427
10 272
10 394
41 367
23 304
71 493
50 446
94 278
41 452
87 416
60 333
55 488
58 260
78 241
58 261
88 386
37 330
31 390
44 219
19 273
25 399
89 362
26 367
37 392
10 212
98 415
93 390
78 291
49 294
67 406
10 253
44 291
96 498
82 304
80 437
12 238
35 341
59 377
36 339
61 275
27 324
49 395
63 340
76 412
34 216
63 289
50 306
79 350
24 310
91 269
68 228
52 330
10 456
60 326
13 224
80 344
32 339
93 260
99 372
14 362
65 437
74 355
26 279
67 296
82 305
87 385
30 422
59 452
93 421
36 370
30 326
80 492
88 450
54 393
57 372
34 407
78 454
43 300
29 464
50 372
36 460
14 351
28 419
93 456
72 278
33 233
88 287
24 319
54 475
23 256
43 215
39 404
25 474
31 400
88 298
46 205
61 226
87 336
29 408
70 284
62 315
100 339
21 239
78 337
99 368
30 258
18 306
68 499
48 364
69 216
23 470
66 468
71 276
33 390
32 343
44 368
49 489
49 309
37 363
80 389
34 288
29 260
75 358
29 423
39 457
11 432
55 359
43 320
19 451
32 317
22 432
41 450
80 390
39 346
23 403
96 481
34 431
97 283
29 247
21 208
67 393
27 329
42 237
54 437
96 408
100 481
58 488
33 208
38 387
99 327
87 337
15 228
72 245
18 306
80 265
66 245
58 453
21 460
22 272
22 428
57 347
79 216
69 286
59 409
80 327
28 261
14 291
76 482
88 299
84 429
30 299
67 323
85 246
49 492
96 427
67 496
35 275
73 306
10 486
71 283
96 250
46 475
75 332
39 427
23 441
83 296
24 226
75 491
80 450
58 288
37 298
43 296
23 244
74 483
54 417
58 290
87 308
12 256
69 419
77 320
70 235
79 298
61 232
45 283
84 417
31 204
34 404
90 387
86 202
24 426
24 333
97 283
29 480
61 329
57 220
87 456
49 314
64 318
34 239
56 226
55 471
45 470
94 332
79 271
14 373
36 452
65 412
82 446
84 323
89 237
87 473
74 349
93 496
52 332
35 265
88 440
92 389
21 360
36 464
27 253
84 377
75 290
38 488
49 428
15 259
32 353
65 357
43 216
32 366
36 336
63 206
91 365
62 384
92 314
93 405
82 382
79 320
94 268
66 457
100 316
32 359
25 445
27 368
97 317
23 309
60 363
100 427
29 409
16 201
13 407
84 338
91 385
58 208
86 463
80 347
48 378
70 395
52 420
93 233
89 245
34 387
82 356
53 385
49 424
75 235
20 240
16 316
37 478
10 276
42 238
24 417
45 275
60 239
33 324
51 429
21 363
40 476
100 430
56 231
95 495
70 382
42 286
31 357
40 271
99 453
65 253
69 226
59 430
12 272
88 235
73 321
29 317
54 315
49 405
46 246
84 260
65 331
81 375
65 410
72 370
63 204
38 429
90 200
13 443
48 310
45 223
15 223
78 476
99 233
75 382
77 227
12 457
55 237
82 244
75 475
36 206
42 234
59 408
68 492
77 257
32 476
43 482
56 318
49 285
54 235
15 379
89 358
79 319
54 415
16 290
29 225
56 267
59 481
100 244
46 223
86 222
68 279
58 447
56 309
84 446
36 449
46 356
97 409
21 451
92 287
86 411
22 286
53 271
62 402
51 436
45 314
82 322
72 361
42 488
89 301
80 313
68 205
56 304
57 343
30 487
11 244
40 441
63 324
49 294
88 275
38 348
43 437
51 230
11 239
31 215
25 348
31 338
42 497
100 216
61 446
18 217
15 349
94 217
30 419
46 498
48 340
57 332
10 264
85 323
98 278
18 392
86 366
58 229
69 370
34 399
56 498
100 253
43 272
83 318
88 330
33 435
18 358
16 445
41 276
74 475
77 305
13 230
74 294
43 480
88 202
79 227
25 492
58 345
33 248
20 454
21 425
100 297
77 352
92 455
76 207
45 232
63 494
14 481
25 219
31 200
31 286
100 471
41 257
58 240
50 477
92 433
65 279
43 484
22 470
12 308
15 214
94 238
12 300
57 244
62 377
47 239
96 222
45 388
56 273
17 283
24 370
19 451
53 444
74 278
77 219
71 288
78 425
67 490
79 492
24 492
19 228
39 229
24 489
57 227
30 294
29 260
81 225
76 311
45 342
15 280
43 223
20 343
94 392
53 422
55 316
28 200
46 392
85 343
10 446
84 390
76 430
27 453
59 358
43 373
23 401
31 259
78 218
29 372
73 434
59 241
56 404
98 393
50 219
15 424
93 303
34 403
72 462
78 386
24 367
77 217
22 409
46 441
94 378
23 234
37 303
100 309
65 215
38 301
95 435
17 399
48 235
18 469
100 406
94 464
23 311
14 238
49 456
78 345
69 239
61 342
42 354
95 297
73 350
64 353
82 320
16 220
66 302
57 500
28 241
42 427
91 341
84 220
12 341
71 277
32 443
29 471
61 268
61 466
100 363
53 452
86 319
28 236
92 359
33 377
78 396
67 451
64 217
61 282
65 285
91 437
70 228
50 273
34 373
17 464
79 305
31 468
74 336
86 293
77 437
37 293
74 222
40 368
98 464
21 295
76 208
11 474
75 388
47 281
32 233
49 244
68 359
81 461
36 413
96 439
39 473
74 430
43 223
57 432
21 447
55 382
33 457
12 440
77 351
60 302
94 464
62 371
85 307
56 266
26 385
77 267
91 434
20 301
71 244
63 342
89 209
31 394
80 328
36 208
36 302
55 262
47 457
44 388
66 212
96 483
94 356
36 255
38 496
70 496
68 338
43 479
56 258
85 211
15 204
45 315
59 329
24 322
59 207
43 248
10 362
60 366
26 478
95 256
87 476
53 462
13 286
26 359
68 312
48 480
74 338
67 322
35 369
44 451
55 351
62 294
32 427
66 378
62 330
94 276
40 383
18 367
49 478
93 210
89 344
96 305
76 483
48 398
60 319
47 426
22 296
23 330
38 429
47 325
92 441
54 312
93 388
28 490
49 454
65 404
67 388
90 228
40 384
96 472
72 222
21 422
96 315
46 239
67 207
39 250
39 464
98 469
98 340
26 465
53 355
74 340
22 326
69 414
53 492
58 212
60 429
25 230
21 383
95 235
60 331
53 286
69 447
74 343
83 410
12 278
88 426
61 308
92 234
14 261
47 253
38 489
49 355
32 424
31 236
91 377
13 494
33 309
10 365
92 476
13 259
71 340
32 421
54 486
68 316
74 379
37 218
28 299
18 334
52 310
29 431
38 436
40 348
58 363
21 445
40 237
96 291
68 387
49 222
57 314
87 368
75 456
85 309
16 458
96 226
50 262
54 453
10 380
92 440
95 211
23 279
80 287
88 374
52 229
76 346
98 483
45 336
93 246
28 442
40 338
19 220
92 424
57 245
27 472
13 243
68 267
99 481
15 391
11 277
77 449
73 212
93 283
62 369
92 492
46 282
20 226
64 377
90 474
94 201
75 304
82 377
95 316
43 424
66 409
20 325
75 321
32 288
55 333
15 233
27 465
84 352
24 367
39 389
37 348
73 234
100 383
98 272
88 466
57 354
37 446
12 481
13 214
87 420
18 372
74 420
60 217
26 275
20 248
94 474
95 251
12 297
37 317
14 332
56 263
31 356
81 413
11 475
20 303
59 472
97 296
18 209
43 412
10 446
97 447
54 254
77 377
10 330
18 419
45 225
28 345
10 389
52 416
47 332
16 456
45 391
82 445
75 262
94 383
32 214
86 376
97 474
49 369
83 246
65 413
75 468
47 351
46 214
56 418
15 483
41 399
27 322
19 472
92 449
84 340
19 381
52 231
48 217
29 356
65 437
11 233
31 276
84 209
55 348
12 334
92 248
80 401
56 325
27 452
17 475
23 236
33 256
49 408
73 366
55 286
15 332
83 405
21 401
56 396
96 289
96 276
92 263
21 405
26 298
11 411
40 397
67 275
97 412
88 476
91 496
23 330
51 279
86 434
62 398
45 427
53 308
60 222
32 379
98 458
10 232
90 448
40 263
19 279
79 455
22 201
92 266
64 476
49 315
22 223
98 436
75 448
14 352
47 364
96 346
39 456
60 438
15 204
91 427
42 374
38 287
37 229
98 456
80 448
20 362
63 282
11 319
57 290
62 449
97 450
55 224
33 370
70 309
57 361
70 355
29 314
97 359
82 244
27 296
56 333
15 361
99 454
46 444
76 400
12 447
35 435
77 254
24 332
49 376
60 296
23 426
71 423
51 452
30 296
29 306
60 404
48 343
94 395
67 350
99 377
21 342
43 216
44 314
88 458
82 239
93 419
79 362
68 447
31 206
15 311
80 471
74 227
76 372
66 297
53 364
29 266
14 484
16 350
73 329
31 235
95 259
12 281
93 494
56 484
20 269
26 209
79 258
72 250
74 306
14 400
17 270
98 424
11 498
23 350
61 279
83 444
75 238
27 457
18 451
98 430
88 484
35 458
67 425
75 420
50 356
19 449
28 234
32 429
37 394
57 256
43 362
96 458
78 373
91 330
13 304
67 292
11 498
20 227
52 258
61 401
26 465
13 237
94 470
27 377
88 494
72 234
30 332
54 403
98 356
100 276
86 291
54 394
21 317
17 409
49 266
19 487
54 408
26 427
64 439
86 490
88 486
34 434
41 466
31 469
76 368
92 479
49 312
64 446
64 242
41 252
55 361
85 287
42 210
26 395
61 214
64 278
22 357
18 215
29 297
45 290
22 479
72 373
35 390
93 468
22 370
55 438
53 206
82 248
57 436
43 364
63 276
73 399
48 403
45 454
74 297
41 415
32 261
28 263
54 304
100 280
97 499
49 403
10 491
87 470
45 343
82 273
80 275
90 250
90 285
64 376
30 496
29 355
60 327
64 405
20 397
86 302
71 451
18 399
71 406
44 264
78 451
68 417
88 259
54 401
45 419
19 424
65 316
71 369
39 394
44 322
51 457
19 434
70 379
99 246
22 398
46 281
75 397
26 322
24 413
55 498
77 499
40 444
57 448
18 206
89 283
89 380
88 201
13 345
26 343
51 362
98 450
99 338
54 339
88 200
85 382
43 230
23 368
19 494
91 484
19 355
87 277
72 454
59 297
48 306
94 438
84 431
92 309
26 433
96 478
29 348
62 380
21 488
52 301
99 262
10 379
75 249
69 401
78 433
39 250
19 388
30 404
77 274
37 335
74 309
22 388
83 421
72 334
12 214
77 339
55 418
72 391
81 423
30 368
75 239
90 240
98 356
93 494
47 355
29 385
31 390
30 369
69 238
60 219
68 336
89 226
67 273
59 419
17 459
21 498
54 454
82 373
90 431
79 437
73 392
64 499
93 292
98 393
38 319
12 332
47 468
34 407
51 474
67 435
25 361
94 378
95 470
75 271
29 314
37 383
14 227
87 288
37 447
38 449
95 290
23 419
31 337
62 496
30 400
47 492
60 362
69 222
87 369
55 429
49 499
98 438
35 391
14 344
31 455
80 300
36 271
20 500
40 294
99 417
55 374
59 453
94 475
76 264
23 466
85 275
29 202
70 490
29 488
70 479
32 324
29 436
96 246
31 201
65 379
12 283
29 473
41 487
96 408
92 239
54 493
88 285
21 276
45 387
47 357
44 454
71 342
44 274
56 222
55 228
49 392
47 352
35 244
80 261
47 339
92 273
63 364
82 275
53 382
32 452
10 225
23 417
29 493
92 203
76 466
11 262
20 291
45 420
25 452
65 485
11 230
71 370
52 365
19 282
85 305
49 483
60 387
19 446
35 288
70 291
10 430
42 360
73 217
55 254
55 459
68 207
82 245
38 331
60 271
46 354
95 395
82 455
26 433
50 308
18 297
69 473
98 451
82 446
79 310
22 385
25 487
97 205
88 468
11 390
88 447
44 363
48 328
90 269
33 415
14 430
65 225
13 488
38 433
50 393
92 330
56 208
58 317
31 297
94 247
45 271
32 480
80 283
57 449
33 266
24 479
39 323
27 296
59 428
44 441
24 219
23 245
60 336
40 490
32 395
29 368
31 229
99 297
74 404
33 413
89 306
13 313
44 343
23 438
39 437
54 238
63 347
95 381
54 343
19 364
74 406
96 401
96 328
60 445
11 390
82 348
47 447
34 374
70 318
90 207
21 336
32 408
63 227
13 363
13 458
45 357
68 457
36 445
87 204
86 213
85 445
96 339
69 220
29 378
84 221
54 342
52 381
85 238
93 287
38 278
64 377
36 255
30 443
10 315
47 338
22 239
70 388
71 422
53 340
30 245
99 485
47 418
12 386
36 222
73 306
54 415
91 485
74 214
96 470
82 272
77 356
81 338
27 439
38 451
95 307
23 288
48 281
23 355
82 359
99 337
13 427
44 296
85 221
68 486
46 338
39 496
22 266
76 237
24 290
26 483
78 383
27 439
52 474
28 329
80 420
42 496
85 467
94 404
10 300
66 377
27 395
76 432
14 404
32 416
17 356
90 392
40 315
26 400
10 270
69 318
24 444
80 233
57 303
31 347
88 275
20 341
45 295
43 381
90 440
84 493
66 341
98 282
97 361
95 493
20 460
94 370
44 271
87 313
100 239
10 226
21 382
91 483
59 338
59 425
15 357
61 322
32 449
84 402
34 335
42 490
58 403
32 447
62 462
45 297
97 418
11 263
56 389
27 225
97 307
70 202
36 264
36 360
42 477
57 271
14 354
64 356
77 369
70 429
75 311
17 330
13 247
79 276
81 338
80 361
89 449
42 358
70 436
90 475
95 229
30 474
88 255
78 338
88 380
19 203
15 490
33 417
15 425
30 474
23 493
26 207
12 447
80 353
79 332
36 243
68 220
36 443
41 294
73 397
14 244
43 312
79 432
45 270
30 421
32 368
29 276
46 252
59 438
57 353
11 380
28 329
39 362
41 424
74 300
14 278
11 470
15 378
67 368
26 205
69 390
85 400
87 446
73 386
62 255
91 352
11 384
49 334
25 201
27 452
46 377
30 395
33 368
81 496
39 418
94 222
99 272
12 471
61 323
48 300
57 344
93 312
100 330
15 273
20 452
66 382
72 202
20 373
92 297
10 356
13 267
45 271
35 300
51 307
75 347
63 249
43 256
96 217
50 204
19 467
51 264
70 431
78 322
33 438
87 370
16 382
44 420
92 276
51 393
19 391
47 488
100 479
80 249
75 328
60 485
43 407
22 289
39 265
45 390
76 329
11 494
20 446
87 362
69 382
24 303
16 492
12 462
95 232
65 363
65 463
53 352
41 295
63 456
35 351
85 209
82 303
100 388
85 364
74 270
78 201
30 216
13 412
16 411
68 386
67 252
65 320
29 467
92 293
28 473
96 466
44 321
89 433
85 317
83 207
80 240
10 458
61 451
32 483
10 262
18 334
75 466
95 417
32 317
92 302
83 352
53 270
80 286
59 432
30 247
39 489
18 346
63 292
96 264
16 357
91 341
44 340
87 393
75 436
94 215
59 247
69 203
92 290
22 217
11 442
100 307
59 250
87 324
94 449
59 315
96 465
77 244
30 460
30 309
35 446
23 381
53 391
65 258
83 423
11 400
72 288
41 492
89 409
41 379
10 454
44 411
55 398
88 420
36 340
86 450
84 200
61 476
97 413
34 320
55 206
26 398
16 476
10 331
75 404
76 440
48 202
33 473
46 254
48 404
44 267
50 378
86 433
71 408
80 336
61 430
47 446
14 386
34 416
10 254
64 476
37 425
11 292
21 276
51 487
89 388
47 282
66 219
56 367
68 309
48 405
76 294
22 315
54 220
49 395
62 349
83 216
67 298
28 419
10 302
18 252
54 357
81 203
40 298
26 252
78 322
98 344
66 307
88 242
73 439
81 350
55 257
93 310
64 321
70 427
80 332
17 310
86 263
22 262
41 433
41 416
20 271
25 317
64 217
49 403
55 296
77 442
47 316
38 406
80 478
82 258
39 261
62 445
94 431
94 332
29 322
96 264
79 306
15 470
77 240
32 228
91 374
48 388
68 470
18 376
91 375
22 455
96 252
60 458
65 356
22 244
95 337
23 268
82 439
70 216
89 359
98 212
54 464
87 471
92 392
76 278
48 480
27 452
79 331
31 412
84 448
81 413
30 463
15 478
38 468
78 328
29 487
22 256
36 439
49 281
57 271
25 345
83 290
91 230
36 404
21 356
34 347
14 385
11 397
20 209
47 355
73 388
79 376
94 490
10 470
86 342
73 379
69 240
60 482
34 339
51 213
21 485
54 411
47 419
89 481
11 420
61 464
56 376
21 250
97 351
98 436
33 459
100 377
42 231
68 219
98 242
65 314
48 290
88 346
80 331
95 386
66 411
17 306
47 386
23 401
95 324
79 427
43 399
72 282
90 462
95 249
66 282
21 429
84 336
51 330
39 350
61 415
16 313
69 245
88 376
49 433
92 230
62 231
58 462
63 256
43 312
50 325
33 366
11 215
78 226
88 366
67 309
27 334
70 249
79 318
67 273
55 272
99 358
99 430
57 366
20 441
73 490
89 321
39 466
29 306
22 379
39 316
72 451
15 307
95 329
15 272
28 424
35 404
30 448
37 298
11 218
29 489
61 451
87 261
24 343
22 408
39 238
68 458
60 424
95 438
20 438
31 353
60 354
18 391
60 340
19 261
100 426
89 212
63 257
13 293
43 391
29 269
84 423
35 417
23 240
14 297
83 263
78 237
62 456
75 366
48 316
72 300
39 375
24 418
88 387
85 481
59 359
19 455
53 225
39 326
65 373
15 443
85 321
43 302
33 306
57 219
18 343
35 413
96 433
92 400
29 489
31 243
42 378
74 377
75 266
68 419
99 374
94 375
19 238
29 420
60 342
84 215
75 207
31 402
74 457
17 406
14 430
87 240
31 446
48 460
62 369
15 401
41 488
97 436
51 400
100 269
17 493
86 425
17 462
16 389
83 376
36 260
68 243
87 311
36 466
11 399
39 398
11 275
32 273
38 258
39 264
38 463
37 412
83 255
84 463
79 438
28 488
17 342
44 246
91 417
82 422
22 295
26 313
98 402
38 329
75 307
80 236
67 347
80 407
67 468
54 244
83 457
67 351
74 460
47 200
34 358
74 442
55 439
60 271
54 390
41 500
17 492
85 266
43 433
77 490
44 291
99 254
19 214
87 295
83 302
65 300
14 416
53 310
44 494
65 445
16 229
70 329
70 479
51 257
89 266
67 209
66 479
29 302
10 468
21 366
92 341
52 427
67 405
17 360
77 417
52 429
32 497
60 314
46 350
21 233
45 316
20 420
23 305
39 236
98 318
59 240
26 265
47 464
22 453
10 266
44 326
89 464
80 450
74 446
65 347
14 414
43 471
64 205
71 253
69 297
97 342
20 278
45 254
58 275
65 315
25 325
63 233
27 462
14 315
76 231
94 386
87 373
74 476
46 380
97 267
66 349
49 213
68 266
86 419
20 222
37 381
49 372
39 334
12 397
21 240
66 308
37 321
57 480
56 257
99 274
24 235
98 483
56 351
100 213
43 288
83 251
98 230
40 331
14 205
33 211
37 353
46 370
95 499
28 219
12 357
18 278
61 466
42 338
33 457
12 334
67 284
53 462
86 206
54 378
78 218
69 456
29 356
32 294
25 323
80 308
47 355
61 320
56 345
69 386
14 206
98 294
35 303
89 303
86 245
10 219
73 217
85 435
92 499
68 477
74 239
50 300
88 369
35 464
74 275
21 263
81 268
11 270
22 259
80 328
50 252
79 317
66 219
68 442
33 478
26 237
90 453
33 360
84 456
74 284
15 371
51 261
57 352
18 458
23 454
85 215
85 330
38 274
79 282
98 265
48 383
24 276
43 339
67 406
60 208
91 223
79 484
68 216
11 365
21 246
27 207
40 221
75 292
52 384
27 209
18 435
25 451
55 426
34 396
39 281
15 218
11 231
78 288
72 337
100 470
19 470
42 291
82 211
71 235
61 207
89 243
15 385
55 350
25 430
34 339
62 347
91 264
76 308
87 375
27 203
31 225
28 219
39 412
33 449
49 325
50 440
70 295
95 259
68 333
94 389
81 448
48 278
35 364
18 262
61 279
23 281
25 237
99 421
58 230
53 345
86 274
88 472
10 308
69 263
18 417
76 362
34 438
76 274
91 275
88 288
73 351
50 408
59 369
95 236
86 396
14 452
56 415
79 287
54 351
77 413
26 252
67 380
83 413
26 489
79 240
40 292
30 344
55 228
81 277
87 309
49 395
54 391
99 432
13 230
71 277
67 247
49 415
54 466
82 331
20 265
90 480
28 210
47 356
52 234
76 252
10 354
45 353
36 455
78 421
12 265
73 376
51 225
19 489
22 367
81 394
15 388
90 288
43 445
23 387
16 275
77 322
31 284
62 321
72 457
50 222
40 489
98 283
51 488
93 402
98 289
49 235
97 417
53 324
27 416
40 340
18 399
95 318
45 334
87 470
48 430
81 261
12 338
21 380
48 263
71 378
40 275
65 277
65 436
28 354
36 412
69 290
28 354
37 491
72 246
32 477
67 349
50 343
44 280
39 210
28 452
44 444
36 500
84 219
69 372
35 234
77 264
93 241
74 381
74 304
60 390
18 300
62 216
49 424
20 313
95 338
41 219
50 291
90 201
20 403
52 330
70 354
56 461
39 210
45 325
29 466
61 293
21 451
86 407
36 304
92 256
51 232
76 474
52 295
77 332
40 245
60 384
26 255
24 493
36 383
74 278
18 280
45 363
65 378
97 354
80 237
37 374
36 486
74 291
85 219
93 477
86 284
23 361
21 403
74 302
13 368
18 434
36 449
58 377
38 314
61 207
58 389
92 318
17 477
24 302
32 282
69 407
75 388
37 403
35 319
50 375
11 334
13 333
66 302
98 307
31 438
64 465
100 444
25 348
37 442
24 262
62 478
47 287
27 486
77 404
38 443
44 438
38 285
84 257
62 478
13 201
39 377
25 440
39 499
24 439
50 436
96 361
74 368
56 477
70 335
59 355
11 358
90 303
58 312
13 228
54 473
19 403
38 446
91 419
46 327
50 281
96 255
51 375
77 287
76 224
82 481
97 397
44 370
40 480
59 359
28 469
13 487
65 430
25 462
62 273
59 454
10 250
46 494
39 381
11 224
22 400
93 483
29 292
58 245
45 282
19 478
90 435
90 422
17 294
100 462
83 371
33 471
29 322
88 294
98 494
26 307
71 221
45 388
62 442
12 283
63 287
59 274
88 474
98 334
33 278
63 383
72 409
52 267
71 266
67 432
27 377
41 299
18 277
96 462
31 370
29 491
73 254
91 427
96 460
17 493
64 254
89 384
72 427
44 391
70 260
100 450
100 310
92 284
32 235
40 354
48 489
92 310
16 257
87 417
49 445
85 452
80 482
92 410
66 234
83 349
52 372
39 480
93 347
59 267
34 207
31 236
28 414
99 436
57 281
91 436
41 459
62 473
64 420
24 297
96 380
18 446
95 244
89 382
84 387
28 222
17 319
96 288
25 302
23 452
41 325
85 306
58 472
45 474
52 358
95 242
18 216
48 438
66 362
70 350
91 216
74 341
37 328
87 266
63 403
77 211
30 303
83 209
60 345
53 364
40 202
12 440
12 343
68 427
94 445
33 452
79 398
99 495
29 420
20 406
10 228
92 248
65 234
62 355
92 439
81 281
14 324
86 306
50 295
91 370
45 259
43 449
37 260
46 483
79 454
54 251
60 305
63 312
19 255
57 366
82 436
48 332
36 365
18 424
40 369
35 448
93 312
15 385
63 238
92 302
23 204
75 473
80 453
52 295
69 200
69 450
89 357
53 393
57 366
17 431
77 359
79 463
64 474
14 293
51 413
22 202
94 247
91 373
40 457
79 405
57 429
12 291
71 282
77 308
69 250
30 433
79 366
30 329
62 441
77 299
83 265
30 468
92 474
66 460
33 256
30 337
98 417
79 220
94 361
11 397
55 264
78 269
47 473
83 218
49 269
65 464
64 317
24 294
22 469
77 221
77 368
78 460
99 234
22 482
27 205
70 204
62 206
22 398
45 472
99 341
71 484
68 272
65 434
80 340
24 370
75 377
69 468
45 219
25 213
21 245
87 328
68 236
28 323
48 212
37 300
63 283
25 356
86 281
83 471
73 442
37 231
14 326
16 403
79 349
22 296
80 383
87 443
47 207
43 251
47 308
10 322
85 281
10 445
22 267
88 483
42 204
49 275
36 411
48 476
39 342
20 453
22 445
73 342
28 410
61 472
40 443
82 307
94 270
48 335
64 416
55 295
67 280
96 499
66 297
61 449
20 444
30 413
48 495
45 340
100 397
86 321
19 404
16 311
12 378
73 209
43 212
79 411
37 374
92 482
72 332
14 359
94 228
68 413
27 224
61 377
98 363
18 458
30 323
73 439
32 465
14 492
79 451
64 468
21 260
25 244
24 327
44 366
54 373
12 327
13 280
14 267
26 450
88 408
91 243
31 222
22 493
78 433
35 314
23 216
14 297
99 465
21 463
90 478
98 358
53 483
71 257
28 331
32 473
86 478
29 283
90 421
59 413
85 416
25 202
10 350
54 492
11 371
95 393
10 239
99 351
20 439
63 418
19 312
98 205
61 304
28 489
20 210
34 379
77 325
73 358
32 379
39 487
99 202
77 347
42 380
14 461
60 303
44 285
14 217
81 455
20 226
32 296
38 491
41 412
22 253
45 239
84 318
67 381
77 354
97 259
34 424
78 249
30 295
16 442
15 272
71 333
85 486
62 283
66 352
80 240
24 464
75 235
14 202
97 299
91 342
54 288
57 326
98 291
97 370
82 483
53 276
44 438
99 493
12 237
15 364
95 448
60 254
81 306
26 297
46 363
86 262
30 203
74 237
90 257
48 225
35 247
77 253
82 313
81 354
55 288
66 326
15 293
34 468
81 386
79 303
19 452
32 449
23 451
73 447
29 342
37 446
28 473
39 222
95 444
83 384
59 342
68 216
82 288
67 282
95 446
95 472
27 448
96 300
75 354
97 354
96 417
10 284
53 248
22 474
12 431
12 472
60 265
79 456
24 420
56 276
62 320
21 210
29 416
72 414
91 306
51 214
17 316
25 361
44 353
23 253
49 390
61 355
48 462
94 206
92 245
33 496
16 278
85 330
67 265
46 462
41 260
23 292
39 223
25 439
29 485
73 460
17 216
84 279
25 272
71 258
42 317
77 381
55 208
54 287
72 203
50 343
40 473
68 337
92 336
96 372
76 267
42 445
17 343
92 409
18 206
56 482
74 220
15 468
48 321
20 200
12 251
38 285
23 477
65 469
43 447
42 332
98 369
54 445
16 498
53 325
25 320
29 225
49 417
87 215
47 445
59 260
20 258
98 417
46 216
92 495
92 423
50 375
24 300
56 201
94 473
46 500
62 381
23 330
15 466
50 232
60 310
17 303
48 336
57 301
84 303
63 264
89 371
27 215
61 207
87 467
36 342
79 220
13 439
51 268
17 496
24 461
15 291
55 423
54 481
91 278
67 267
66 207
74 481
74 307
20 238
41 417
100 488
87 300
64 287
22 477
44 366
92 336
75 449
92 383
11 230
73 462
90 452
93 485
38 440
50 368
80 313
47 255
53 471
46 475
77 421
40 288
64 336
59 493
85 381
74 463
50 484
70 208
92 290
18 264
82 233
31 456
55 466
20 396
18 365
30 391
84 219
96 269
99 301
40 389
75 335
86 392
13 422
70 202
34 292
77 490
52 448
47 370
83 455
57 247
67 386
38 302
91 366
51 459
95 382
89 397
48 397
10 284
10 388
99 279
65 250
20 452
90 213
13 310
67 337
79 486
91 494
91 325
94 460
86 224
76 381
73 307
66 409
27 345
60 375
16 423
16 494
30 321
36 445
84 424
10 487
80 252
69 447
34 237
65 411
66 496
47 433
16 317
28 340
85 335
11 387
55 338
71 380
30 284
25 288
54 406
66 367
32 202
20 285
12 468
82 251
14 235
22 413
48 273
97 263
34 216
78 363
31 227
17 210
45 316
18 269
27 321
76 430
78 498
21 262
23 459
10 325
75 495
54 294
70 290
100 373
10 256
36 358
24 226
90 294
82 416
65 314
51 247
10 258
79 456
61 407
67 331
72 305
90 218
18 290
28 205
16 261
47 447
30 295
38 235
37 214
33 200
34 437
86 320
55 439
62 463
19 387
29 274
23 368
77 339
85 247
55 370
40 407
86 226
70 437
86 288
12 462
52 278
45 233
77 240
19 371
58 214
56 244
80 498
49 279
17 268
15 482
77 384
71 401
22 287
92 370
91 288
70 361
83 428
33 463
58 263
87 419
78 289
83 314
82 324
67 373
71 418
69 227
71 440
62 460
70 215
43 248
100 411
55 419
17 251
94 204
37 414
33 289
38 335
79 238
53 495
26 249
71 213
23 212
77 404
40 326
44 250
59 221
39 282
78 447
100 220
27 294
67 322
58 436
19 235
32 366
34 334
93 441
32 390
89 499
44 373
99 461
55 499
75 231
41 372
83 261
40 326
84 325
12 238
55 355
84 484
37 302
24 333
66 415
88 444
62 214
90 436
63 388
33 407
44 414
96 346
21 419
79 279
86 369
52 451
56 340
34 442
97 201
28 383
11 446
32 476
54 342
39 435
18 295
60 397
80 368
31 432
98 413
49 477
98 278
39 203
80 311
15 309
65 418
54 426
55 268
45 323
51 261
68 439
89 297
28 313
90 327
77 399
29 205
86 269
33 251
86 450
95 467
96 372
77 450
41 247
80 397
30 376
66 274
97 263
32 398
39 234
82 370
24 462
48 256
81 407
41 252
91 368
57 314
10 352
53 235
18 280
33 416
69 339
44 468
96 310
98 226
95 288
57 225
42 220
89 229
83 287
42 483
71 499
76 445
38 359
65 498
13 361
93 241
39 352
55 401
55 322
22 305
84 272
38 358
27 360
55 368
62 367
90 352
92 395
19 465
47 224
83 390
78 273
39 384
10 388
94 386
89 461
75 318
39 218
14 473
45 260
19 326
62 490
82 492
26 222
89 386
27 265
30 381
46 404
64 212
97 298
73 500
27 287
74 489
13 491
65 485
90 250
99 325
89 486
57 373
88 420
85 452
16 482
26 272
81 346
70 375
91 484
24 400
42 338
80 376
28 247
10 226
35 368
21 287
58 366
46 258
13 417
67 218
52 342
79 483
25 376
62 329
80 379
94 378
27 315
74 243
72 261
16 409
52 369
91 231
86 354
99 217
74 249
61 367
10 327
10 328
41 405
49 259
91 435
50 498
69 389
16 309
14 207
54 329
56 463
56 309
88 348
46 336
73 363
39 237
54 250
53 390
91 219
59 436
87 334
52 401
76 372
49 372
50 478
89 204
54 258
91 205
16 441
55 252
50 491
15 491
76 403
79 393
12 226
63 274
90 460
99 281
79 435
61 459
57 351
78 300
64 226
95 265
20 293
66 468
49 356
54 273
46 235
43 430
77 243
54 370
64 429
47 282
16 302
24 223
26 204
80 261
22 276
67 395
39 341
83 402
20 268
55 204
39 442
20 262
100 387
88 437
70 281
59 376
48 259
92 235
27 421
62 492
98 269
24 314
68 497
30 356
14 441
50 265
25 492
12 264
24 208
41 392
78 469
23 371
25 416
60 490
93 349
88 281
57 316
43 328
26 361
18 275
38 241
63 381
17 417
32 309
18 395
33 412
16 218
81 339
68 387
81 469
15 258
14 454
33 343
39 384
10 463
69 202
58 299
46 486
13 277
14 389
47 244
77 283
36 332
92 395
89 250
18 255
93 310
19 380
59 489
65 355
12 472
52 404
73 439
79 234
35 432
14 385
19 472
79 437
92 339
57 272
58 443
91 395
40 233
29 206
10 235
65 422
35 417
26 276
20 463
90 320
78 431
71 268
92 422
49 405
35 336
26 347
23 252
86 332
69 213
59 205
53 397
89 255
84 450
38 470
62 289
93 203
75 493
43 372
28 277
11 424
95 201
89 441
87 261
78 486
96 308
78 273
66 315
79 268
33 307
60 323
88 224
41 366
31 348
44 432
72 211
92 235
63 375
91 464
70 447
58 410
20 389
67 209
17 208
42 416
69 263
95 462
60 365
34 253
99 313
83 335
13 238
90 234
70 296
31 247
64 395
21 246
84 388
67 486
78 230
47 462
16 388
19 279
30 249
100 464
11 266
16 384
18 419
87 466
93 364
33 205
13 419
47 240
77 256
41 453
28 375
70 329
36 336
90 213
22 240
93 445
33 225
44 359
57 495
89 458
91 337
59 314
73 464
44 312
25 328
19 256
69 478
30 464
21 242
69 447
24 454
63 286
59 468
95 371
80 217
72 217
57 490
81 309
42 486
32 422
69 434
53 265
38 312
50 422
99 454
90 334
32 457
22 284
49 313
49 283
52 482
15 383
57 329
82 373
81 412
99 377
26 471
41 204
40 368
19 334
52 242
13 427
14 285
17 320
31 416
51 426
84 401
89 317
60 300
83 293
91 482
80 306
49 309
40 483
54 435
34 497
65 482
69 374
53 434
38 362
49 346
64 445
90 397
62 277
75 449
79 458
79 289
52 331
32 222
76 273
86 379
35 332
91 492
73 376
87 450
33 422
43 274
57 240
55 325
34 417
70 386
66 453
79 285
82 270
90 345
94 213
20 361
42 282
77 249
97 477
31 393
89 493
33 463
13 387
34 248
62 310
21 376
59 357
34 294
16 217
52 219
69 361
29 273
26 431
68 349
21 219
96 203
17 458
62 443
98 201
65 346
80 373
39 322
28 432
33 405
57 253
89 326
53 202
26 254
29 420
45 289
37 342
40 349
59 456
71 394
40 230
31 217
28 210
12 381
94 454
35 237
26 408
29 267
47 210
92 241
47 473
96 268
29 320
71 363
43 458
51 481
84 495
47 289
12 286
12 293
91 454
100 444
13 442
38 419
81 280
69 280
18 238
91 366
53 464
33 382
19 234
22 306
63 309
21 431
61 263
24 332
13 353
20 225
59 484
73 496
48 353
20 315
59 322
11 499
42 409
13 455
61 442
60 370
75 354
43 344
48 273
94 280
88 200
75 419
33 500
55 497
42 387
81 442
46 491
55 242
69 219
45 291
75 206
98 409
83 209
92 424
13 228
36 458
53 258
53 410
48 238
100 308
80 467
34 332
79 439
93 305
92 320
31 316
49 254
31 384
75 277
52 295
25 310
32 282
42 326
97 375
53 347
23 487
93 482
48 418
81 493
73 327
85 316
54 387
92 468
18 382
14 326
97 299
92 478
50 202
74 272
66 416
59 258
12 380
44 470
76 409
99 268
12 222
58 376
33 202
47 428
68 287
54 361
34 337
100 466
31 340
91 415
53 355
84 356
17 462
59 280
95 287
48 252
20 481
69 468
99 471
74 366
20 347
47 341
26 212
36 272
73 242
51 305
83 409
88 329
14 287
35 388
20 205
58 382
32 318
26 468
86 444
49 243
33 258
94 473
87 440
13 371
63 429
92 277
42 438
88 407
41 264
99 296
49 234
34 454
90 226
54 338
93 454
70 407
96 214
82 231
100 270
58 385
56 378
60 337
81 318
50 237
23 286
80 299
21 210
86 371
17 424
38 353
11 288
42 286
78 337
42 205
25 469
56 355
55 301
75 360
16 433
64 500
80 429
44 289
100 300
17 373
75 367
33 298
97 484
37 456
96 451
31 425
76 300
99 464
47 220
73 269
69 418
73 422
32 315
56 484
53 368
92 337
99 280
57 389
96 269
48 281
16 254
29 337
47 235
28 453
71 372
90 407
80 488
41 334
86 236
87 417
49 424
18 287
55 438
58 466
12 217
58 476
29 451
16 323
58 361
12 440
42 246
58 469
71 373
77 235
38 370
47 461
57 204
78 495
74 472
69 398
48 456
48 209
94 383
86 341
97 358
32 423
97 375
13 387
48 495
39 304
60 322
16 406
84 312
72 468
35 309
51 221
20 488
40 419
60 313
71 363
67 288
48 323
53 426
46 358
48 330
67 482
50 476
69 228
19 236
62 319
88 309
71 307
91 321
27 416
44 234
60 404
43 312
27 433
66 486
40 407
92 201
28 217
32 224
82 212
98 439
92 303
99 422
99 293
81 385
94 425
12 235
78 388
31 303
48 283
75 361
16 303
37 277
60 237
92 263
53 260
38 279
36 498
23 472
80 441
49 298
71 422
96 442
67 379
60 328
66 482
99 350
53 249
24 302
47 427
99 233
95 264
50 497
26 262
18 301
20 221
48 266
25 431
47 451
60 452
12 469
85 216
52 466
89 444
40 249
71 330
78 254
82 344
49 404
98 218
20 308
30 353
16 381
92 331
43 290
66 410
31 464
62 275
78 389
92 394
38 338
63 418
44 315
50 444
95 418
56 473
72 349
26 399
75 357
10 310
76 261
70 404
16 343
32 403
35 447
72 367
39 218
32 427
31 296
72 302
89 479
47 238
56 349
55 358
33 365
55 351
76 437
59 452
99 482
83 459
58 349
87 412
78 359
39 451
60 406
40 417
81 224
62 211
39 290
20 277
26 286
79 330
42 380
36 449
35 334
27 488
62 482
50 299
38 486
54 494
80 500
90 275
61 314
51 346
21 405
33 256
43 498
45 411
92 417
32 437
43 215
27 483
70 272
51 285
46 280
12 398
80 489
40 252
97 207
47 404
95 219
25 351
34 295
29 292
85 319
60 211
17 351
77 330
97 275
39 378
76 443
22 383
50 497
12 431
86 283
33 314
36 492
34 217
99 425
93 248
20 287
64 275
45 253
59 258
21 218
75 381
45 410
96 340
92 448
47 309
100 302
19 282
18 286
12 329
12 358
16 453
10 437
95 281
64 382
40 465
57 475
24 309
54 357
94 489
70 366
75 284
27 419
21 210
44 364
59 465
18 216
23 365
52 395
70 289
77 485
43 375
68 347
41 240
30 331
20 257
45 224
22 414
87 406
14 397
10 211
30 240
45 227
43 378
67 249
92 397
67 469
83 390
99 203
100 268
65 307
71 229
22 365
25 223
34 315
45 238
46 229
60 303
25 382
31 428
22 397
42 414
64 344
30 430
56 432
97 380
56 271
37 319
31 300
83 457
88 460
96 491
10 222
32 245
65 472
24 334
29 496
73 483
89 300
62 437
75 409
17 219
43 424
52 416
12 378
35 286
16 316
78 325
39 267
48 491
15 492
87 407
73 321
35 326
14 249
58 401
62 226
27 386
63 206
75 320
20 372
18 470
84 482
49 274
11 364
32 236
13 389
59 290
85 229
53 379
87 377
85 235
28 398
23 250
34 472
63 487
14 276
24 280
74 500
26 204
13 419
45 467
74 381
45 214
40 423
100 488
51 371
83 401
49 342
67 370
47 219
71 406
17 312
56 252
10 290
72 424
37 496
74 214
64 345
75 286
60 269
38 214
76 495
34 406
15 263
51 398
37 381
21 328
22 239
41 201
93 385
43 286
73 213
47 256
80 477
48 324
50 313
94 434
49 201
93 392
72 312
23 296
71 343
59 434
92 252
59 210
55 309
67 266
25 295
18 328
80 362
88 265
85 238
61 481
99 235
94 451
13 412
85 340
41 369
57 385
49 458
33 308
23 389
75 236
20 446
87 453
55 264
89 481
55 465
79 239
56 283
39 347
43 487
32 498
73 458
23 225
64 225
68 381
52 457
70 296
42 281
69 407
84 465
97 346
97 298
44 327
65 324
27 375
49 358
88 364
45 202
86 429
63 472
40 339
49 476
85 477
72 382
86 299
10 469
83 473
74 279
66 396
15 221
89 412
50 340
82 393
40 413
10 318
37 380
25 209
56 341
74 360
52 267
73 317
58 404
13 251
89 338
23 334
32 467
11 437
41 269
74 449
13 400
82 264
68 473
33 434
96 458
41 336
73 200
53 260
23 442
68 335
96 206
59 388
100 413
53 279
98 403
82 363
90 242
95 330
22 450
71 278
40 305
72 381
32 265
86 459
88 450
64 286
51 411
63 429
36 247
98 254
31 433
88 451
96 293
31 389
25 242
79 399
20 329
58 352
27 419
95 350
13 302
50 325
33 308
58 285
72 460
83 203
34 205
31 316
14 485
90 289
61 420
38 272
17 217
29 393
99 484
93 304
34 377
57 497
63 381
17 237
23 369
98 481
23 445
83 370
88 250
64 353
40 448
35 469
94 298
89 349
31 301
57 214
41 229
66 411
35 240
98 499
80 439
11 482
40 225
36 260
18 259
28 495
98 236
66 369
61 272
100 314
89 319
53 300
77 287
39 207
99 409
66 435
49 434
87 229
13 465
97 484
29 349
77 480
31 441
34 470
49 265
80 335
43 310
74 481
58 396
37 474
57 392
51 451
22 221
37 233
68 416
53 459
65 494
67 399
78 486
30 345
78 299
72 332
85 364
83 305
65 448
16 363
65 384
33 464
48 440
18 391
47 462
19 369
61 236
50 287
30 283
73 470
32 310
72 290
79 261
67 432
81 372
72 347
83 306
76 461
19 205
53 350
26 449
21 371
92 433
32 354
48 237
73 397
38 323
94 219
16 331
68 341
32 494
86 257
34 497
53 243
63 317
53 417
75 309
72 399
95 445
40 257
89 274
66 278
28 390
14 480
19 497
20 472
64 257
26 238
21 445
48 203
28 423
32 225
71 458
21 221
88 375
61 281
34 482
74 244
39 354
39 289
12 243
59 289
100 487
17 252
44 306
64 391
100 425
71 458
79 238
53 431
13 206
23 259
84 269
43 205
27 226
23 472
75 252
48 318
10 234
10 419
28 324
77 266
12 474
68 329
46 452
28 271
41 470
40 292
44 333
90 361
44 340
97 326
91 342
46 379
16 212
90 466
27 355
32 333
67 204
82 488
27 420
15 311
57 339
72 326
17 449
14 228
80 268
24 429
61 246
61 234
77 405
18 343
33 430
41 235
47 336
56 287
38 282
21 292
60 499
75 341
60 354
36 484
96 472
62 280
26 218
77 225
80 263
51 330
42 242
56 375
20 388
96 332
80 308
86 339
15 342
61 451
55 246
20 366
53 294
22 235
12 208
25 383
92 377
48 212
27 326
29 247
75 246
92 382
85 252
48 358
90 348
72 287
11 241
10 412
17 398
76 295
29 405
92 427
37 439
23 451
12 474
99 477
20 274
31 323
67 227
10 418
84 238
17 269
17 457
38 313
85 326
34 209
22 334
40 262
34 272
20 285
49 408
66 265
63 319
16 257
73 266
93 470
96 429
41 333
18 419
26 489
54 302
22 224
82 331
31 207
58 247
95 449
14 252
55 335
11 299
49 466
48 264
30 470
96 373
45 327
11 497
22 284
28 210
74 483
39 344
32 243
90 480
84 244
40 403
23 352
70 469
15 265
21 452
50 475
67 234
73 364
25 314
76 226
72 205
60 363
61 396
50 440
61 296
98 305
42 261
32 348
90 474
18 211
43 396
70 498
22 486
31 358
80 206
34 322
100 290
14 260
65 341
63 259
41 381
70 334
34 270
37 472
46 344
41 366
19 367
79 368
43 473
59 351
59 308
27 441
29 407
71 333
39 398
25 434
47 205
97 220
41 448
11 217
32 372
19 281
96 496
80 290
13 424
68 396
74 413
74 380
69 234
39 316
85 303
69 460
94 465
19 281
15 369
64 453
69 380
87 478
77 381
56 291
58 207
96 234
61 471
41 439
29 325
28 335
41 202
53 485
68 222
75 327
53 313
65 381
28 211
76 316
33 426
38 395
99 241
29 251
18 292
43 416
46 443
59 293
64 294
28 360
43 291
58 207
49 465
98 294
43 495
25 317
21 215
10 200
94 390
87 217
96 440
94 296
43 433
36 275
70 364
81 342
10 370
89 206
31 384
33 260
38 409
85 446
18 287
77 378
85 447
68 356
99 226
38 216
66 488
54 434
35 475
54 203
80 323
92 377
44 208
29 284
25 212
39 488
14 476
90 224
85 209
32 205
71 229
40 444
41 210
41 316
71 403
54 226
81 227
15 431
59 289
13 350
91 244
62 400
10 451
10 339
61 252
84 395
99 263
74 246
60 215
58 456
89 380
35 342
10 334
10 340
27 236
88 224
100 275
28 498
90 297
11 384
67 378
34 380
25 417
58 412
65 237
22 248
72 297
39 221
94 360
31 355
96 299
98 374
20 201
58 298
61 206
66 347
97 260
84 273
13 351
50 306
64 300
38 203
63 442
61 278
59 335
84 447
17 459
12 257
60 441
81 458
72 337
93 229
90 279
43 322
33 486
24 217
44 481
22 382
72 495
70 473
18 290
37 213
87 439
42 458
69 375
75 224
22 468
62 306
96 306
57 376
77 253
15 275
22 362
34 405
54 365
67 436
63 495
94 402
13 218
12 210
65 473
66 302
43 288
41 334
75 284
20 384
59 351
79 320
97 365
72 319
76 351
83 383
50 452
40 477
29 341
79 261
73 470
24 452
25 220
98 350
97 244
21 340
87 391
44 306
18 434
50 483
98 377
75 277
26 347
17 497
11 438
28 500
84 369
43 363
14 435
16 392
11 394
73 271
34 390
34 288
39 251
43 255
23 436
91 256
76 334
74 470
46 258
68 428
14 318
46 214
95 201
73 429
86 336
84 429
69 377
15 247
99 288
87 357
18 435
14 204
37 415
78 238
87 341
94 298
100 455
26 460
44 417
53 249
51 336
93 477
61 496
70 442
99 326
34 204
87 409
54 228
69 381
87 495
30 482
27 429
35 303
77 289
86 474
15 420
73 317
99 323
58 369
100 293
23 260
25 403
24 255
77 491
55 447
19 407
60 475
58 261
69 422
71 446
70 489
43 455
36 210
47 315
99 489
56 271
33 455
38 415
40 354
10 344
68 338
23 426
45 285
65 238
21 286
75 351
64 297
94 278
12 229
90 384
40 250
40 214
16 328
26 412
36 283
48 481
90 256
37 433
85 342
56 296
81 403
56 451
92 400
14 205
43 320
59 396
93 242
89 272
19 238
24 301
12 438
92 441
76 436
80 232
74 241
72 454
73 424
68 393
31 331
58 451
29 485
91 218
58 456
36 295
64 473
66 212
12 375
58 302
93 224
55 337
43 361
36 209
98 394
69 306
66 447
46 425
50 352
59 408
31 483
46 499
89 297
51 313
76 363
85 231
53 448
88 453
19 358
54 291
18 211
52 224
19 402
22 339
40 341
75 259
73 447
46 476
75 468
14 465
12 402
73 466
45 313
57 355
74 279
77 221
40 291
73 447
32 393
99 497
72 280
77 254
46 262
58 469
26 267
25 257
68 429
91 465
10 391
19 462
11 214
73 458
68 427
81 298
83 439
69 302
32 299
15 445
20 335
42 289
79 295
73 217
61 318
11 463
64 250
53 427
60 305
60 369
24 488
33 249
90 210
68 394
36 407
42 318
91 200
54 291
48 201
86 216
42 239
78 277
61 250
25 353
45 236
54 284
32 438
19 449
69 435
86 405
67 430
58 280
18 378
97 423
44 429
73 398
68 316
36 205
33 377
55 470
42 277
44 436
39 336
38 311
46 477
55 309
58 488
77 285
31 459
22 494
54 396
96 252
51 315
20 275
52 313
96 354
27 496
65 304
99 372
16 351
33 379
64 203
82 299
46 481
30 244
31 394
60 314
13 298
27 453
38 318
42 315
16 354
79 409
32 392
80 321
38 327
54 202
46 315
49 316
91 308
58 218
98 499
55 396
72 459
77 368
95 312
50 396
86 492
88 373
59 333
100 426
33 443
96 488
78 428
15 302
67 413
44 435
33 350
81 354
78 377
59 232
84 403
90 352
81 481
93 226
99 417
97 472
99 277
54 366
53 211
99 438
75 487
91 482
47 401
57 394
45 306
51 413
67 302
13 300
71 488
95 294
52 476
54 211
46 422
26 405
74 244
24 254
73 413
100 316
39 371
35 288
24 334
56 383
32 214
100 417
18 207
25 303
47 474
10 383
84 390
88 277
58 380
95 363
70 367
40 304
13 336
90 463
20 342
80 305
57 226
36 255
35 431
25 414
37 421
72 248
59 385
30 443
78 458
90 254
35 432
63 311
11 500
74 487
50 317
18 395
85 461
26 325
11 307
98 243
74 284
11 287
45 418
92 431
63 483
77 397
64 292
43 482
45 429
41 381
22 407
100 337
46 474
69 206
73 347
39 206
89 290
85 298
79 221
63 280
57 413
82 367
86 383
93 495
85 214
33 305
89 349
20 236
10 250
89 352
63 240
36 329
74 400
92 287
50 354
83 375
100 243
33 220
43 339
70 237
66 287
78 472
78 483
42 258
31 448
67 430
10 216
51 267
30 384
26 286
66 421
29 253
81 452
14 389
31 486
40 290
29 467
96 458
60 467
91 430
21 374
81 350
30 316
49 254
81 471
19 436
82 250
65 303
43 460
38 439
59 316
69 466
93 238
91 429
91 387
49 367
18 467
77 399
68 333
78 430
98 243
10 443
41 302
57 494
88 486
55 455
70 410
41 332
40 292
31 402
29 368
86 489
70 234
65 264
95 290
92 419
45 359
34 324
57 406
67 472
83 499
99 442
89 347
30 355
24 232
12 367
38 274
34 382
30 442
88 425
11 389
70 262
70 403
39 408
91 453
42 398
17 254
41 307
32 312
40 238
66 417
98 443
48 459
91 247
91 468
46 380
56 463
56 252
25 277
23 422
81 287
96 378
48 409
100 492
51 344
33 313
35 333
10 449
32 277
95 441
32 315
31 300
99 211
75 442
62 260
99 215
96 484
83 438
84 275
66 361
74 357
95 378
36 428
35 480
13 220
34 448
76 489
84 413
32 297
13 435
62 468
79 403
59 240
90 291
59 468
84 433
99 374
48 212
36 334
46 255
19 360
45 440
78 449
76 246
40 456
100 352
99 380
12 322
18 343
16 434
64 313
53 334
30 425
13 288
27 287
66 414
72 295
39 494
83 454
29 237
10 420
67 230
77 392
73 418
78 464
52 295
85 217
57 213
11 223
41 201
62 343
73 456
61 466
52 430
32 387
18 226
16 305
48 355
61 308
67 231
15 373
33 297
29 203
21 282
93 361
13 235
12 396
57 390
94 287
23 478
33 285
11 229
24 460
75 336
77 354
30 287
13 392
35 367
49 444
70 320
52 481
11 205
65 494
34 435
19 463
91 203
33 314
88 336
58 263
92 238
57 288
17 393
27 409
99 272
96 457
23 355
58 396
17 261
89 204
51 419
97 357
57 413
87 301
83 443
60 220
32 229
49 255
83 486
89 380
49 265
67 349
47 273
94 478
54 382
12 279
43 347
90 420
44 356
52 257
37 384
54 227
35 284
52 234
75 445
52 277
40 500
39 276
50 470
84 306
67 485
15 401
65 219
17 340
88 290
79 422
40 424
37 285
78 379
90 477
35 432
29 481
67 479
95 351
97 311
63 497
44 240
27 376
81 416
62 383
100 361
100 377
26 451
21 492
68 429
63 352
58 470
74 439
57 389
84 242
62 496
71 244
32 334
22 243
38 384
87 453
67 428
83 227
75 439
94 457
20 384
51 426
55 390
46 499
99 403
73 227
30 228
37 331
84 389
17 309
76 498
11 464
43 288
79 251
58 408
67 344
44 214
53 394
12 383
18 483
73 382
78 432
77 479
98 470
16 334
34 286
24 237
24 454
89 490
45 353
81 411
68 439
35 214
67 278
63 423
92 431
72 468
44 413
74 322
61 210
62 410
62 434
90 244
13 222
85 290
78 329
12 269
42 324
73 298
65 379
91 463
78 274
79 421
64 274
16 268
48 346
26 279
61 323
92 416
85 255
66 469
94 404
24 350
60 219
89 431
75 366
88 456
58 221
64 326
71 266
54 330
91 269
35 491
76 380
70 237
56 360
93 216
20 391
38 241
56 211
48 256
76 211
90 267
54 235
62 227
39 485
49 212
76 464
34 446
54 358
82 226
100 388
11 481
43 307
80 438
36 340
35 446
15 353
52 282
84 303
90 490
19 415
96 340
12 455
15 471
40 468
18 228
23 439
48 382
29 377
61 313
61 461
74 317
27 219
41 451
83 208
77 358
22 392
56 500
55 233
87 356
11 366
77 304
84 291
88 247
22 453
76 434
51 368
56 475
82 399
33 408
34 366
72 227
72 264
77 301
78 396
64 496
74 290
57 263
34 483
77 248
45 369
19 347
55 431
18 323
68 497
16 383
57 296
91 317
95 335
61 304
46 323
68 291
71 347
84 494
21 363
41 264
66 421
96 217
85 483
63 327
61 320
44 238
46 369
90 475
18 221
28 234
28 378
27 456
26 327
48 354
24 388
47 470
100 228
53 358
63 225
36 387
74 393
85 210
22 228
66 214
42 211
38 342
87 220
29 363
73 496
94 285
63 333
29 391
35 441
99 269
77 381
28 209
22 329
76 284
94 453
71 355
42 244
66 302
35 244
47 310
15 379
48 270
33 349
83 271
39 408
63 402
32 245
36 311
10 379
48 481
60 443
46 244
35 282
36 451
49 208
20 263
67 354
38 297
25 243
28 439
18 459
39 438
79 251
92 276
30 444
36 460
11 291
34 323
53 247
49 397
86 231
63 341
17 492
22 337
65 306
93 333
38 366
29 467
87 268
49 245
50 498
49 347
26 458
41 359
49 441
24 459
93 414
94 307
30 487
86 287
63 469
74 255
10 440
24 200
13 212
20 469
18 500
21 247
49 484
57 361
85 411
76 294
64 317
41 428
92 345
86 293
58 333
62 397
53 267
62 229
19 391
80 239
47 211
16 246
42 493
74 316
51 424
20 477
72 260
52 241
31 317
71 417
88 381
54 472
25 459
66 478
40 448
15 438
35 251
26 351
38 339
64 448
92 276
46 201
25 226
81 440
80 276
78 491
91 367
77 303
90 413
56 372
41 245
23 217
36 492
50 290
82 233
96 343
77 359
53 293
47 336
54 426
38 286
46 318
70 328
13 226
17 451
59 298
74 406
68 491
27 382
27 478
37 266
89 372
72 362
22 259
28 395
88 359
14 300
91 382
62 347
14 366
15 203
71 491
89 228
43 205
62 261
68 222
36 200
18 202
50 307
32 360
13 445
40 431
59 394
99 421
40 418
43 286
29 500
79 229
58 207
76 386
34 466
78 345
15 200
38 276
70 307
40 207
87 354
43 296
17 500
73 237
61 252
10 287
35 298
87 227
53 299
72 323
59 468
54 428
35 213
74 474
60 339
30 320
91 418
45 489
75 331
100 283
40 247
15 332
41 487
65 400
18 419
40 248
39 388
48 303
84 378
75 470
42 205
42 458
38 404
30 238
12 370
38 315
45 491
98 262
53 203
76 211
53 382
44 206
54 433
100 420
57 283
70 276
86 377
21 409
96 430
79 264
41 267
40 466
14 224
52 234
53 387
71 348
87 452
41 286
13 412
67 445
30 293
12 231
55 203
45 449
35 336
11 431
85 291
41 462
31 321
99 292
27 389
87 474
53 243
98 474
37 464
71 399
71 337
80 424
13 269
82 472
56 284
94 308
77 496
82 439
88 413
90 471
65 370
34 390
20 452
64 317
12 230
58 420
61 345
14 457
70 415
92 318
32 278
18 322
89 394
23 287
32 490
97 356
42 450
57 221
15 359
52 265
62 303
97 205
18 226
39 361
50 338
56 337
31 253
87 387
16 418
12 452
12 480
78 465
30 302
12 278
62 272
23 299
35 226
90 272
74 464
74 392
66 260
11 415
46 437
24 208
88 473
43 209
25 216
14 329
98 408
51 228
79 500
91 254
73 278
100 226
25 458
76 291
55 396
86 330
28 454
96 486
25 497
22 326
11 418
93 280
88 310
75 254
97 282
86 283
99 384
86 401
20 477
21 308
92 344
72 203
59 424
42 222
58 382
32 382
88 200
20 424
21 417
57 318
50 485
57 307
80 460
42 408
58 397
71 257
13 300
39 286
25 448
90 394
41 354
31 377
53 436
57 363
81 478
88 300
63 330
86 478
95 364
12 425
87 298
17 500
32 441
15 320
70 343
20 416
33 488
30 300
91 292
93 223
61 392
17 429
41 480
74 260
36 239
40 301
12 416
66 383
47 335
36 443
83 466
18 423
58 350
98 324
85 434
35 460
49 369
23 296
89 243
69 338
79 290
92 267
64 438
33 310
82 401
71 249
21 259
86 267
87 393
71 299
89 386
34 350
39 344
34 249
50 250
59 368
19 274
63 294
24 333
90 232
61 305
76 349
56 452
96 221
23 455
31 368
62 276
55 292
18 412
89 256
36 477
39 200
14 256
71 211
58 398
40 320
74 223
45 315
83 232
80 216
96 405
60 275
72 351
28 349
47 457
54 423
71 277
17 483
92 417
19 420
92 436
22 316
17 458
48 331
87 215
48 425
44 480
56 349
28 315
11 291
98 352
92 203
92 335
96 211
94 327
86 365
16 420
67 419
17 360
66 265
49 345
93 243
81 439
69 404
39 288
82 274
79 458
58 368
89 412
69 242
21 208
84 301
15 337
95 254
72 218
33 270
44 208
73 488
81 404
78 399
65 335
100 431
85 399
29 232
28 376
19 348
96 430
74 311
97 367
41 462
46 333
95 247
43 242
95 236
62 325
86 437
84 256
76 400
60 364
42 264
45 205
33 372
60 259
96 400
66 246
40 259
16 290
44 469
55 489
79 227
27 288
49 472
13 229
33 247
35 251
57 381
32 421
64 389
77 433
38 303
11 398
60 256
56 367
74 320
50 429
87 418
71 208
68 309
66 208
53 379
18 365
60 213
79 209
22 214
90 491
51 371
34 429
26 376
59 401
60 399
96 240
28 243
34 403
93 235
40 406
80 368
44 372
42 305
71 283
32 221
20 334
14 410
37 268
95 255
20 428
10 497
91 469
35 415
69 341
68 481
80 261
10 266
95 479
90 462
13 388
24 482
11 324
76 483
12 375
41 258
78 492
45 418
77 243
10 230
13 480
98 328
69 308
60 321
57 463
81 246
78 265
92 270
41 318
16 479
53 289
19 494
59 291
53 440
77 442
34 416
74 429
26 361
82 336
22 273
78 264
53 347
15 245
33 416
27 418
42 305
57 379
54 435
58 408
95 201
66 292
85 470
49 461
90 207
39 311
22 292
95 246
25 351
25 304
99 404
58 358
66 427
45 205
74 405
70 485
98 461
86 323
28 496
45 259
18 277
19 481
44 393
12 257
67 268
23 259
23 281
22 430
40 353
88 318
68 245
72 413
46 225
10 436
82 217
35 473
73 264
36 414
64 379
82 200
19 281
12 418
29 325
27 319
35 480
63 484
79 386
75 231
81 331
95 433
73 411
68 443
80 256
68 432
86 276
81 330
98 339
43 469
61 293
39 390
28 372
96 247
79 469
74 470
44 443
38 396
14 204
69 277
16 393
81 394
76 339
13 224
44 221
52 340
60 479
98 234
35 301
91 409
62 257
43 266
49 228
82 303
83 250
90 492
40 287
45 310
32 308
95 250
11 275
41 341
81 420
56 354
84 406
90 489
27 338
20 362
56 466
72 296
96 242
81 306
86 372
94 402
81 499
53 257
87 342
97 225
75 472
90 481
53 339
56 239
64 421
90 291
58 314
10 300
39 374
41 333
23 270
48 224
75 436
39 240
75 377
82 288
41 394
98 476
66 435
17 459
36 364
55 441
20 335
53 481
53 345
27 253
71 297
77 382
57 205
60 259
58 436
34 481
82 314
36 311
93 368
46 252
93 216
29 407
99 431
69 360
56 450
89 338
15 389
79 227
34 390
100 226
49 333
33 404
73 360
84 394
18 232
100 457
19 387
30 400
54 499
39 291
92 372
42 392
83 397
38 404
65 456
14 361
25 385
87 484
13 227
32 470
89 323
76 205
67 237
32 277
64 364
73 433
79 246
69 244
96 494
47 428
89 327
27 435
95 250
17 404
91 244
36 234
77 248
94 276
23 394
16 271
39 419
86 491
10 226
85 306
15 433
18 366
52 270
60 419
19 417
61 346
22 395
41 226
14 368
49 427
12 404
21 217
88 400
12 236
68 493
100 395
89 324
83 331
23 259
41 412
79 271
85 385
96 386
97 255
13 213
81 214
53 378
10 240
14 438
44 453
71 368
62 252
68 254
53 284
94 332
29 237
93 452
26 266
82 334
50 289
20 252
17 463
38 233
57 457
91 478
69 350
51 403
37 234
28 234
15 219
81 212
85 467
91 429
77 499
77 303
37 307
10 289
13 484
69 221
34 242
32 247
37 241
77 492
99 408
97 292
70 341
55 433
66 466
72 289
88 321
22 201
51 446
22 448
67 362
86 318
57 366
84 494
43 265
10 432
18 460
25 348
54 226
49 358
31 340
69 406
21 237
88 339
19 446
33 309
61 453
30 460
25 492
17 475
81 387
16 228
30 328
30 396
54 304
10 245
42 348
11 355
66 306
68 265
14 228
67 308
63 500
89 299
55 470
54 496
66 428
78 451
99 298
77 258
29 247
44 295
99 202
67 228
87 443
55 257
42 366
19 401
63 433
91 254
57 471
59 206
20 472
63 352
87 201
24 369
16 462
83 393
57 363
86 470
91 464
88 475
15 341
81 342
22 272
38 373
68 343
82 390
77 484
50 281
37 350
49 483
93 364
27 474
71 246
45 230
97 368
47 237
47 278
33 231
52 473
27 291
65 431
14 379
60 421
22 348
35 410
46 279
83 404
29 499
29 445
31 358
14 432
81 270
12 472
100 208
81 405
26 258
42 229
41 249
39 346
42 418
67 476
62 227
96 499
20 278
62 452
94 203
26 228
16 241
94 274
72 443
86 348
19 262
35 336
73 224
56 406
99 436
47 388
26 460
94 386
19 226
30 372
21 368
93 201
27 400
87 407
77 202
94 491
53 330
53 274
46 257
84 296
75 260
57 353
25 216
80 205
59 274
54 471
63 226
52 249
49 446
32 466
27 460
28 411
98 232
48 394
32 364
94 481
15 321
14 392
16 270
19 329
11 473
90 484
63 469
61 322
32 438
44 260
62 442
72 385
32 303
18 411
59 217
15 339
31 422
48 424
20 326
57 233
20 351
93 444
94 499
92 432
36 500
28 282
88 361
64 313
80 245
28 380
91 312
56 298
59 448
67 424
14 274
44 269
76 424
50 392
43 476
47 307
31 264
74 365
35 355
82 338
27 400
97 309
12 485
46 445
99 327
48 454
79 223
80 473
35 433
76 318
25 489
90 332
95 262
71 427
18 373
88 215
69 281
96 484
35 430
50 447
61 494
90 355
32 321
47 413
52 492
24 360
36 353
29 482
85 386
13 281
97 472
81 281
37 267
53 215
34 390
11 451
80 311
79 400
23 433
22 383
38 241
49 353
58 483
11 258
21 491
88 377
21 282
53 412
97 420
63 244
89 338
33 492
18 249
87 278
26 403
49 304
90 453
35 236
19 489
79 252
20 281
18 338
87 284
32 412
19 425
84 210
66 349
83 409
71 292
58 329
68 397
59 285
48 338
57 482
91 315
94 253
17 361
86 208
25 389
94 347
56 274
86 274
47 258
48 270
91 368
58 242
18 281
32 311
17 398
29 444
68 225
98 358
41 286
32 280
54 434
45 488
55 484
37 379
15 443
63 391
87 298
70 273
81 458
68 497
34 376
85 317
80 387
29 235
28 239
31 346
29 442
88 429
12 293
29 466
52 256
29 244
56 487
86 483
44 401
77 248
57 368
76 375
59 238
10 426
46 475
65 499
13 303
94 340
29 484
40 380
58 359
99 292
12 441
93 238
17 451
31 315
83 350
17 322
55 348
35 415
56 217
74 488
96 289
82 215
42 382
49 261
72 217
93 284
11 325
36 247
16 307
36 394
17 300
84 345
14 462
70 220
24 423
35 247
63 284
51 284
83 305
48 406
90 396
44 229
42 261
10 295
27 286
91 273
87 404
12 283
62 377
67 242
69 260
12 310
62 250
81 208
42 437
51 426
39 353
40 352
55 379
37 480
83 386
22 299
72 420
22 403
87 384
63 344
34 433
41 487
18 246
84 286
19 358
53 315
73 365
74 322
76 313
15 457
44 302
44 287
95 387
93 216
52 333
54 413
20 264
78 497
22 343
50 293
49 492
33 409
75 223
55 348
77 280
24 334
40 309
80 353
31 257
32 465
81 480
65 404
77 475
36 302
57 482
74 266
31 452
33 278
74 454
99 259
91 429
24 365
88 211
71 432
29 285
81 408
86 421
17 205
41 211
14 462
36 402
100 364
55 401
53 276
26 216
31 337
44 477
16 432
94 418
40 204
87 406
39 216
73 473
89 222
96 278
17 323
88 410
79 281
55 328
77 415
52 441
57 237
60 452
18 302
94 229
83 371
76 417
15 211
20 358
15 270
50 415
91 416
46 330
49 385
16 252
79 250
76 248
44 359
52 205
42 317
17 466
25 368
89 273
31 220
78 259
31 316
67 383
34 498
80 426
57 368
88 379
97 420
79 454
15 376
63 437
66 392
25 379
53 234
27 337
29 332
27 243
75 268
61 428
50 387
71 396
42 280
49 421
92 451
50 476
48 231
44 216
36 264
10 381
81 297
69 301
22 311
50 326
33 219
12 445
58 305
33 359
48 313
45 283
90 404
89 287
14 421
57 256
100 398
72 282
37 403
79 321
26 477
53 342
46 399
39 301
81 326
46 236
88 489
74 452
83 328
84 225
49 291
26 482
50 467
81 432
82 344
80 331
95 449
64 215
40 459
87 499
72 474
56 472
30 303
52 303
45 462
53 428
28 307
48 440
74 370
99 391
58 322
16 233
63 445
99 316
26 262
66 436
70 298
64 447
58 279
20 281
58 276
94 491
49 316
98 406
77 500
68 398
73 217
39 290
61 377
81 262
75 419
82 475
21 302
51 418
15 369
25 370
78 456
93 278
12 438
93 456
49 479
66 207
14 483
64 355
85 402
96 298
45 312
57 337
22 391
42 295
22 201
98 455
82 474
32 376
97 414
26 297
56 383
21 235
40 299
25 473
73 205
37 322
87 240
44 232
44 463
97 441
49 440
62 319
47 325
67 273
26 275
42 278
82 423
31 220
45 454
52 472
19 212
96 225
79 201
22 383
68 232
86 376
66 416
90 334
12 389
62 426
56 225
53 269
64 267
28 367
37 282
33 377
66 432
96 246
20 358
74 345
43 450
47 311
78 364
81 303
45 249
61 414
90 482
98 420
94 221
69 467
49 374
30 296
73 496
28 437
50 469
60 493
69 201
98 481
49 446
25 366
73 261
92 217
42 461
33 490
14 421
19 483
10 248
37 299
71 319
56 295
11 266
19 455
83 288
15 381
47 417
15 227
59 224
36 419
50 328
79 415
67 312
78 241
43 425
94 302
23 274
78 230
71 382
84 306
57 318
38 202
72 432
14 212
57 421
37 389
69 236
68 246
20 449
56 408
66 377
58 316
14 305
94 489
76 228
45 406
83 230
27 382
69 336
92 366
78 223
76 203
52 306
34 357
95 285
69 275
45 223
94 361
69 435
78 212
81 393
30 310
48 275
72 333
85 283
32 365
45 201
24 315
21 366
66 209
45 486
30 362
68 374
83 484
26 322
87 220
89 414
24 387
34 219
97 246
11 417
51 358
43 228
13 424
31 343
24 294
57 415
63 484
37 429
30 346
76 411
13 463
94 395
54 460
29 267
91 415
32 366
48 350
60 393
73 486
74 353
64 261
10 435
24 305
79 409
44 311
67 266
73 342
28 321
42 221
30 256
85 269
80 408
33 264
74 391
74 285
100 279
84 260
71 289
91 274
41 265
57 266
35 356
21 490
63 460
16 313
92 397
51 387
23 500
65 404
33 450
50 331
83 284
50 440
30 257
55 319
28 347
76 403
11 493
22 480
94 352
100 365
19 373
19 352
78 202
36 460
66 443
50 379
100 483
54 348
47 281
98 259
81 302
34 380
77 252
46 495
64 351
17 402
12 360
23 294
54 457
98 211
25 293
57 375
54 458
25 212
26 440
35 415
49 483
79 284
58 404
48 388
41 335
65 425
89 490
40 254
27 471
15 346
37 405
37 288
80 493
88 298
28 321
56 371
88 206
99 236
66 431
74 311
71 411
57 459
70 453
56 296
77 228
45 384
77 411
11 443
78 471
15 284
28 452
79 293
49 359
14 265
39 202
82 203
32 361
23 263
78 373
41 383
46 249
37 482
66 437
33 312
44 413
56 345
53 250
84 271
28 217
76 346
45 212
20 331
48 209
22 384
18 451
49 431
47 231
68 358
14 284
62 272
45 264
80 361
96 304
59 422
68 218
33 239
45 315
34 302
84 463
62 404
16 451
47 311
41 444
72 398
21 387
10 224
95 335
24 214
97 215
83 459
98 402
31 463
67 317
80 238
54 499
42 390
59 475
67 379
100 469
89 395
80 495
47 307
31 201
81 468
33 405
100 449
32 373
27 220
75 424
93 217
91 449
42 320
30 357
93 290
92 224
20 481
32 352
98 247
17 256
89 217
95 389
78 465
71 326
32 500
54 492
26 422
65 373
11 261
21 490
85 303
38 284
90 432
51 269
30 436
82 442
68 234
22 369
72 341
94 432
44 494
34 306
63 312
36 406
91 457
20 473
66 307
69 292
79 390
58 466
47 436
34 278
31 436
14 367
46 340
50 314
62 471
57 447
27 347
41 455
83 445
46 261
70 432
19 239
41 413
10 447
60 259
100 217
87 319
38 418
28 432
66 240
15 452
58 434
59 236
40 249
57 264
97 483
43 362
28 317
36 374
32 372
15 436
85 326
89 472
78 212
53 225
12 203
73 438
81 423
66 326
25 404
49 231
56 386
81 306
73 468
56 414
19 362
80 427
54 403
69 431
91 499
82 366
34 330
70 440
38 475
42 225
10 404
28 213
80 450
85 441
31 248
64 454
92 203
88 245
27 226
84 219
32 380
27 477
72 386
23 263
75 430
15 488
53 293
85 270
48 269
55 357
100 365
64 426
15 440
16 472
98 396
20 390
71 273
38 484
40 230
95 268
77 232
43 491
50 455
69 266
50 271
20 290
86 433
19 451
79 385
95 236
31 362
22 253
96 240
87 343
72 232
94 479
61 365
31 289
16 480
51 292
30 426
21 334
52 245
77 429
100 206
23 408
39 289
76 253
92 397
22 349
23 205
66 443
95 495
37 387
94 234
74 423
94 260
45 318
33 289
29 485
46 460
70 414
30 251
62 327
25 260
38 326
97 450
29 333
44 499
56 316
88 449
67 441
31 493
43 313
77 202
40 327
20 388
88 409
99 405
14 336
41 409
69 378
90 479
82 201
97 480
77 407
74 254
82 385
62 355
49 277
93 494
14 218
41 342
96 269
59 412
16 410
60 315
80 377
25 246
90 418
15 394
60 352
26 421
91 392
19 485
69 332
34 271
14 257
29 276
58 409
63 429
30 206
93 303
25 484
78 460
84 223
87 475
42 499
37 412
43 369
24 257
48 272
76 299
30 492
68 353
35 261
96 417
97 222
71 349
60 216
42 356
49 308
93 415
85 474
67 394
66 421
84 241
46 229
72 219
70 466
97 369
23 402
66 493
44 453
11 378
92 347
53 458
26 312
75 459
64 396
82 327
38 252
49 456
94 458
56 250
67 244
74 348
99 352
70 318
46 379
89 472
69 479
31 378
76 499
48 326
16 437
76 358
11 269
35 219
15 487
75 348
87 388
68 426
95 483
80 242
100 489
31 284
25 391
15 457
64 496
47 481
90 484
67 371
16 350
13 478
36 358
83 366
80 219
24 234
42 284
31 312
79 238
62 438
57 205
11 215
73 425
97 383
40 232
17 308
72 341
58 217
51 309
74 244
44 373
22 229
44 252
70 478
49 385
33 366
14 207
87 392
89 275
94 238
63 225
64 438
74 330
32 365
15 235
99 466
100 386
79 313
71 234
19 376
87 405
31 309
29 372
31 242
54 473
35 452
24 325
95 313
64 241
29 292
39 336
72 434
55 201
36 308
14 236
88 403
41 475
45 500
80 411
31 242
81 221
56 279
62 332
63 500
31 319
11 349
62 348
52 375
39 227
85 282
77 416
51 402
44 396
30 486
15 393
26 388
61 421
60 458
76 308
55 324
94 497
20 331
83 204
62 341
94 387
19 244
72 358
77 390
100 245
45 257
11 302
16 249
87 362
91 473
79 413
22 346
56 218
81 453
47 431
13 203
97 466
63 317
36 340
91 325
53 281
39 272
13 277
32 303
64 278
