10000 500 200 500 10 100
38 395
33 226
33 251
96 468
32 369
63 395
12 422
47 487
44 209
71 295
50 385
45 363
14 338
56 432
55 469
81 424
84 399
72 413
49 393
90 430
92 471
18 402
79 254
73 419
35 401
79 343
42 202
81 232
36 362
40 399
25 382
27 392
78 420
85 480
72 384
50 272
81 233
74 393
30 310
89 300
97 222
84 444
98 347
37 315
70 389
31 237
78 483
64 351
91 483
34 413
22 489
43 418
49 407
69 206
16 320
41 427
40 448
95 317
58 346
24 201
90 343
28 305
84 467
76 426
30 235
17 213
37 272
52 443
56 390
61 446
84 454
29 352
32 241
14 444
99 298
97 372
63 432
18 215
60 382
92 496
46 228
76 338
11 338
65 229
17 427
36 487
34 244
30 229
86 205
36 371
15 316
35 494
65 469
32 345
80 347
58 465
75 297
69 375
30 280
86 361
66 276
44 387
84 435
10 252
15 287
53 492
76 364
79 401
74 391
18 431
77 283
48 312
52 395
80 463
57 339
62 431
41 420
66 382
76 431
84 492
56 306
92 371
67 366
79 251
88 214
100 494
52 275
69 375
71 240
28 343
67 462
93 492
92 288
76 485
41 306
11 487
48 408
35 332
79 377
61 280
53 263
84 437
23 276
14 457
53 398
64 444
28 322
71 490
32 307
39 327
95 398
67 223
86 419
26 329
21 437
84 384
53 380
75 236
72 381
67 220
64 241
52 387
95 347
54 471
22 298
96 315
77 360
66 250
70 392
80 272
22 486
61 226
84 225
11 218
67 454
88 434
53 451
65 306
14 445
80 500
18 272
87 487
54 352
46 359
50 365
75 321
43 336
44 414
61 307
35 466
67 420
11 203
14 417
73 366
92 284
52 352
98 379
47 487
43 325
81 222
25 225
99 238
44 388
38 370
95 283
38 204
39 433
34 271
22 266
32 460
29 201
29 405
12 349
30 410
65 486
46 361
19 423
92 218
57 250
10 203
46 423
11 284
31 466
88 454
49 492
100 280
85 424
47 372
47 324
12 495
67 360
99 217
100 453
82 342
36 323
97 335
74 302
26 349
13 474
37 498
24 466
73 406
71 210
11 410
39 205
35 393
15 207
89 397
41 344
23 463
15 332
56 410
34 416
73 451
39 311
42 302
52 474
14 363
40 233
83 267
74 425
81 352
58 318
47 392
93 235
73 276
87 351
76 251
16 495
10 404
27 348
52 279
26 462
44 203
80 412
41 431
13 479
48 216
44 280
67 457
99 212
87 432
74 469
21 327
26 383
80 216
70 485
65 249
41 435
58 287
95 271
80 431
26 498
22 295
66 304
49 291
18 233
11 377
13 455
26 413
50 233
25 265
26 473
21 310
95 316
85 201
74 363
87 437
83 328
67 387
78 231
66 498
58 450
86 465
97 378
44 439
60 255
73 276
56 266
50 384
70 232
93 218
90 266
50 204
95 435
36 275
40 267
75 378
39 395
66 318
78 470
34 382
77 458
67 201
98 241
90 304
41 271
26 418
78 225
72 430
91 211
61 273
16 225
34 244
12 242
33 442
54 368
17 435
71 428
69 248
43 321
88 242
58 424
75 377
88 279
24 307
99 259
24 370
63 279
13 453
92 225
99 282
10 415
82 469
96 402
93 260
26 317
29 262
11 460
62 439
95 244
83 329
13 323
23 336
98 362
85 473
70 432
51 229
68 470
41 438
91 412
18 292
31 248
43 218
48 292
74 495
34 400
51 337
15 220
94 323
98 209
18 218
78 299
37 236
100 444
25 389
18 369
59 384
24 334
24 373
49 257
21 409
97 389
10 378
80 467
68 240
89 245
98 315
89 255
29 362
73 222
40 353
31 481
74 256
97 338
23 388
93 495
18 301
50 342
54 292
29 378
23 484
87 340
91 216
62 399
26 342
17 327
32 261
62 380
90 321
100 445
95 361
54 254
44 321
75 340
76 353
62 445
64 441
27 383
40 378
27 283
67 401
67 413
25 468
47 477
77 258
34 444
55 308
91 331
34 242
93 491
21 437
52 480
72 417
83 231
11 342
22 263
88 424
73 351
60 467
34 326
72 498
78 393
52 216
68 433
86 392
39 402
30 306
89 353
67 493
58 266
88 347
52 274
11 453
96 359
13 200
68 392
58 202
55 201
67 206
76 476
53 306
66 426
11 207
28 333
96 361
52 481
99 427
75 226
88 428
41 246
16 267
66 324
98 422
63 488
12 458
71 275
22 238
82 373
44 478
99 393
93 355
75 295
61 428
17 359
73 405
93 483
46 491
96 491
85 381
62 289
67 339
96 299
58 212
20 321
94 427
47 276
76 388
39 210
79 442
93 369
84 472
47 317
60 407
81 272
17 234
48 323
27 424
71 500
74 291
84 374
15 283
15 498
59 270
35 235
44 325
42 306
28 454
65 458
74 429
76 345
94 340
36 234
20 287
48 397
94 252
68 345
69 219
43 306
72 299
72 249
65 443
87 420
45 477
24 204
12 304
70 266
13 265
69 405
18 232
24 480
92 320
64 420
19 416
95 327
45 264
86 389
32 430
83 403
77 383
92 209
50 205
38 329
20 325
84 321
68 483
84 442
43 373
36 340
61 284
32 304
49 293
58 355
44 499
37 327
55 362
16 265
97 411
65 387
59 275
53 343
99 256
92 359
37 344
47 217
10 416
100 225
41 211
19 429
51 284
11 339
82 391
91 262
33 497
11 287
56 405
24 328
44 361
49 338
87 385
75 331
19 375
36 257
30 434
95 345
99 241
30 412
30 338
74 432
82 320
88 355
83 346
45 332
71 419
50 461
50 275
97 352
51 345
25 234
85 344
60 244
69 313
42 214
54 277
59 483
98 414
26 269
65 320
60 466
24 321
45 240
41 416
77 243
81 250
71 339
65 407
27 227
63 487
93 317
81 386
96 360
50 437
22 258
89 330
93 442
89 347
30 295
49 323
29 323
53 315
64 266
73 492
58 439
93 232
96 492
54 303
14 468
82 228
62 494
15 498
89 207
62 366
40 356
16 340
46 361
11 338
83 374
43 367
63 256
97 265
24 267
28 296
98 408
62 458
32 382
29 285
78 497
29 390
44 389
30 279
10 382
42 375
22 496
94 265
63 391
49 498
40 499
60 390
29 316
12 204
42 500
24 285
66 440
80 246
86 352
43 276
85 492
50 488
13 392
34 436
33 332
98 387
56 476
71 434
31 321
79 488
96 426
89 463
53 445
78 392
31 334
42 330
13 266
28 459
78 318
36 387
41 276
45 228
97 247
24 240
79 349
98 386
12 248
52 338
72 357
47 289
94 395
25 463
77 434
13 317
49 264
36 451
80 226
84 289
76 390
20 391
17 306
45 262
21 375
81 347
70 327
38 421
23 253
60 381
50 202
62 489
72 452
85 355
21 367
44 251
83 471
58 244
79 469
25 380
97 404
89 272
77 361
83 201
87 274
44 351
21 329
41 291
100 476
88 207
47 287
60 298
38 450
72 283
28 347
23 459
46 387
98 230
46 422
12 361
75 362
76 220
58 248
31 220
86 455
30 264
93 235
69 248
15 403
92 250
44 242
27 447
33 438
93 375
94 406
55 304
58 445
16 458
36 385
80 415
63 455
62 330
97 239
40 372
78 208
51 338
52 380
92 378
83 210
44 426
96 237
61 433
72 304
75 424
22 266
37 277
71 214
84 459
35 285
32 393
61 252
79 242
95 315
79 447
71 371
71 490
28 403
72 338
15 210
51 444
17 348
19 245
83 429
98 365
33 334
75 205
56 288
87 465
39 366
44 477
58 232
28 393
90 236
28 390
16 241
39 272
27 304
54 201
57 270
72 393
88 424
64 437
15 345
46 364
86 260
61 446
48 205
35 477
49 318
49 236
39 399
31 499
79 324
20 382
42 314
69 496
44 422
25 500
89 230
100 425
96 402
70 332
56 406
34 397
11 374
12 333
13 389
13 223
61 228
33 304
58 428
76 380
77 378
57 365
15 492
56 448
33 408
61 249
37 337
90 287
74 226
86 231
78 398
75 326
29 408
11 267
53 377
86 435
30 224
11 412
15 287
16 409
91 388
88 206
68 301
19 485
32 411
34 493
63 219
18 233
60 447
22 461
86 447
85 328
56 393
22 436
61 348
71 372
49 500
68 458
35 421
28 377
51 407
75 389
14 386
86 301
56 422
29 405
21 406
64 236
70 221
100 476
58 213
71 302
27 425
83 262
86 201
27 375
53 206
41 282
37 385
37 473
41 343
78 321
39 359
90 495
34 227
29 447
58 216
95 202
46 257
45 484
78 401
21 364
16 372
94 247
86 476
80 260
93 347
48 266
68 487
30 284
80 429
73 203
57 478
30 283
98 218
40 491
80 426
21 326
20 248
82 251
51 342
38 291
88 492
27 393
68 316
47 441
51 354
55 439
94 398
16 263
56 237
28 283
14 407
74 458
60 481
74 377
33 319
97 209
42 223
84 487
25 225
63 332
57 268
80 460
46 491
58 330
11 276
81 440
32 220
85 336
64 355
100 220
23 429
78 483
74 278
71 489
45 293
71 432
96 238
59 224
52 362
50 205
64 465
76 319
39 239
85 332
72 365
59 317
44 280
57 444
88 466
59 411
68 451
41 317
32 232
21 467
23 444
97 480
99 314
43 291
86 451
46 497
65 224
22 307
86 259
32 413
49 431
22 481
63 415
87 320
96 336
75 239
22 207
66 437
98 215
65 373
80 399
57 480
59 330
60 427
91 234
71 363
26 360
63 245
35 288
81 471
10 400
56 203
80 427
50 478
20 365
23 358
14 469
88 335
92 373
61 438
45 349
37 270
13 291
57 232
94 429
76 304
45 410
70 235
97 395
55 228
77 261
23 221
54 472
61 226
64 366
43 450
97 463
77 422
24 284
92 382
23 303
64 290
15 492
91 298
59 236
35 394
30 461
87 225
12 220
36 475
22 215
83 350
93 342
73 480
46 372
40 336
48 296
34 488
44 201
17 422
77 310
99 233
82 481
50 401
32 309
13 285
62 248
16 500
99 405
24 213
97 239
73 200
65 276
87 321
38 472
19 212
90 307
27 249
93 303
18 237
60 275
75 435
61 456
66 412
60 261
19 387
50 274
53 384
42 324
68 325
50 497
92 274
47 383
64 391
40 222
16 297
46 448
11 319
26 313
72 213
26 455
86 423
80 235
34 226
85 260
45 352
31 490
26 309
100 448
61 205
14 325
45 466
66 232
27 374
83 314
20 469
33 485
28 445
51 447
78 277
98 323
22 462
66 202
50 331
35 218
74 369
32 388
60 263
72 367
32 464
67 222
70 447
55 271
19 425
94 363
84 373
79 279
35 445
13 303
26 481
40 361
85 363
26 432
66 367
21 311
22 227
46 210
48 238
70 314
12 448
23 363
70 360
98 352
90 223
88 278
93 225
77 250
96 386
75 262
97 228
28 332
81 405
92 478
72 272
55 354
41 467
23 237
22 459
59 329
75 242
35 383
26 244
98 404
57 363
52 381
21 486
25 344
88 254
36 281
85 312
32 243
48 453
79 303
19 367
79 240
91 237
14 476
68 254
99 410
37 492
85 206
74 252
93 316
33 319
73 279
62 282
49 459
57 351
77 343
72 443
67 427
22 204
33 210
53 429
75 424
35 460
82 347
75 479
23 216
56 258
31 478
62 367
88 323
51 395
55 485
73 247
38 216
62 462
81 207
100 345
86 259
67 259
87 264
95 216
56 233
67 274
39 415
10 344
53 356
81 351
81 274
72 451
54 348
87 266
39 250
97 486
73 464
98 363
21 481
77 456
60 454
99 422
24 368
68 252
67 201
65 313
17 200
18 315
77 424
66 402
43 240
46 483
78 381
29 430
90 474
74 272
92 363
17 442
87 457
72 202
40 346
16 483
80 277
25 444
36 428
25 425
96 232
39 319
58 450
79 421
70 382
66 247
40 384
66 473
11 483
33 246
81 490
41 424
72 276
69 216
53 211
30 370
62 245
38 303
33 487
37 316
76 414
16 311
29 352
86 386
26 407
24 412
66 462
19 411
28 451
88 490
79 266
73 404
30 298
66 205
33 480
63 402
49 485
68 440
58 496
51 369
25 206
87 246
36 313
17 403
91 333
42 475
67 201
79 461
31 282
57 332
37 235
16 404
60 446
60 306
80 417
99 291
82 454
76 289
44 492
79 279
96 334
73 224
41 329
11 332
85 399
32 422
49 447
67 403
65 366
69 230
80 331
94 404
52 356
32 299
69 435
90 473
74 329
79 301
66 379
29 318
19 294
42 409
43 262
19 331
25 468
59 408
45 432
56 331
38 254
52 385
41 257
78 455
56 251
35 293
16 386
24 354
21 348
36 470
55 221
69 235
23 463
27 236
50 204
24 431
13 497
91 445
60 421
28 389
95 352
26 299
23 240
43 216
87 414
42 497
68 236
64 373
99 425
55 341
17 476
79 334
88 285
35 474
17 375
15 325
23 493
28 263
24 275
61 370
30 214
95 373
74 348
31 498
56 353
73 348
61 258
90 498
37 208
11 247
85 283
99 358
91 246
87 256
41 449
69 259
58 242
65 412
38 375
57 309
78 498
63 254
34 387
56 296
84 473
21 476
80 466
82 228
52 253
37 230
69 210
60 363
22 419
11 340
63 434
50 220
40 354
48 384
17 224
41 333
13 272
75 200
24 390
15 498
78 262
12 343
55 215
26 223
40 229
33 427
38 261
13 291
38 368
49 303
99 404
90 338
49 494
65 463
37 316
83 275
30 386
14 400
28 321
96 234
10 234
68 211
55 254
22 358
40 476
82 263
21 345
20 304
53 439
76 420
100 424
48 331
61 310
94 410
35 351
90 230
71 251
80 379
46 243
61 476
33 446
30 296
68 339
94 378
16 364
53 280
44 490
88 244
96 339
90 229
33 295
72 375
54 450
72 451
60 488
82 460
28 364
80 222
96 353
96 228
95 395
33 202
56 418
87 483
55 450
89 246
19 420
88 340
28 321
69 310
98 415
23 240
14 223
11 479
28 361
65 342
63 463
69 440
62 390
77 334
48 281
10 282
43 448
36 318
63 461
93 376
98 447
77 352
62 377
66 294
92 235
56 241
72 228
80 275
87 250
57 456
75 238
45 281
62 408
32 203
83 327
76 443
83 494
45 492
46 374
78 305
85 471
99 305
65 225
97 366
88 290
38 356
65 308
87 212
61 335
95 334
86 345
76 433
38 319
29 407
75 459
83 301
83 256
69 325
22 235
51 255
72 211
24 352
69 296
16 284
72 329
79 291
88 392
96 210
29 346
70 403
74 326
16 431
87 307
20 363
93 497
24 417
57 227
54 275
56 433
62 402
78 425
92 434
49 416
97 226
64 258
24 264
18 330
100 414
58 500
19 228
88 393
32 202
25 213
23 390
16 336
14 406
70 484
11 377
99 481
39 358
64 229
15 269
91 366
84 245
41 208
15 361
80 218
26 218
30 339
82 376
68 450
73 235
45 318
99 479
34 213
59 484
98 207
78 402
87 236
52 237
17 469
100 344
11 460
45 418
54 219
74 273
67 273
12 299
73 418
45 388
55 363
12 423
76 373
56 242
94 469
42 352
19 376
89 322
56 306
59 382
67 282
39 493
86 461
89 495
22 318
72 258
44 452
36 299
16 202
71 483
44 268
28 306
98 227
80 477
56 417
71 408
78 262
100 302
57 442
74 299
75 377
54 388
36 236
28 452
25 226
60 459
18 466
65 436
47 442
77 275
53 218
32 305
63 281
100 201
19 452
96 430
36 407
56 456
83 252
58 381
79 239
20 270
48 353
74 396
90 315
95 401
13 352
80 363
48 361
92 354
16 414
58 339
53 400
57 462
40 400
87 429
76 431
77 343
88 352
25 275
53 408
74 300
36 379
75 390
32 276
48 499
70 275
87 259
63 381
48 325
12 261
29 418
47 450
18 473
62 498
66 217
43 421
23 362
82 229
60 486
70 244
59 295
57 270
16 243
80 273
67 480
96 319
76 274
98 407
67 268
18 242
26 257
24 402
74 409
97 420
27 487
84 275
22 231
21 334
68 295
90 391
52 490
36 422
26 477
12 207
99 482
32 329
24 410
70 356
97 360
37 359
48 437
52 377
69 228
42 441
34 366
23 347
69 239
95 265
89 346
86 208
33 270
64 212
71 214
52 496
52 341
43 470
16 236
67 444
66 305
27 337
47 413
66 473
96 451
55 416
36 309
70 321
64 459
23 307
19 400
92 297
60 405
68 216
37 311
21 455
87 241
82 285
32 474
94 355
78 244
65 469
41 393
26 232
21 269
83 222
57 340
45 459
26 284
91 384
91 332
99 208
40 328
27 275
44 300
61 474
75 450
80 446
13 378
27 391
35 465
100 416
37 482
52 246
64 297
22 358
44 468
47 301
54 409
16 346
38 255
26 250
46 460
35 244
55 321
81 284
52 247
24 338
41 374
49 493
25 264
11 349
35 415
50 224
66 225
83 230
40 388
24 484
21 425
41 484
92 361
99 280
18 268
75 386
60 302
97 260
38 426
88 295
46 309
95 414
63 439
22 363
93 423
85 422
76 272
33 342
55 423
26 290
25 288
66 279
31 251
12 455
60 249
21 266
80 319
23 441
99 322
89 282
25 399
22 290
53 358
20 352
47 302
23 469
44 315
90 479
41 388
23 491
45 433
66 243
19 486
75 456
31 235
25 300
53 440
37 353
90 270
19 327
54 345
52 461
65 292
52 474
50 270
12 365
15 470
27 452
64 340
86 210
34 394
31 207
92 399
90 380
77 264
16 239
49 500
18 267
16 336
63 220
42 204
95 358
50 242
79 377
83 217
51 406
27 396
48 494
48 472
52 211
53 277
98 394
33 499
59 317
83 201
49 491
39 473
78 378
35 458
45 295
73 340
78 284
22 363
25 227
33 348
74 319
43 488
31 399
94 473
59 219
54 252
90 328
57 306
79 437
77 209
53 437
63 482
56 283
63 496
34 428
56 248
24 216
86 258
17 471
41 330
17 352
80 448
48 355
80 435
35 216
93 323
22 492
62 372
84 398
56 284
63 460
32 320
53 265
39 289
12 256
43 475
35 300
32 337
67 375
89 496
21 464
70 241
90 321
55 429
62 229
45 242
66 242
17 362
92 439
86 241
87 268
30 352
96 337
84 221
54 208
70 351
69 284
52 376
77 254
49 322
98 214
15 470
13 477
34 262
76 430
15 308
93 217
73 316
77 346
66 314
98 303
50 274
28 255
42 240
52 402
87 341
27 477
65 371
31 288
42 265
62 435
59 216
72 230
95 255
58 418
86 479
12 232
76 356
44 402
41 345
14 458
88 469
36 443
68 284
94 471
17 248
46 421
63 255
15 345
73 225
88 428
72 283
47 455
73 445
34 285
66 358
85 473
22 425
58 364
31 395
43 255
60 438
21 207
13 274
51 251
43 364
34 200
28 286
69 336
14 209
58 269
85 412
39 392
16 355
94 492
91 288
83 493
70 421
44 417
74 249
12 492
22 295
37 310
23 396
11 361
15 264
13 471
18 320
12 209
45 367
69 474
50 496
56 430
99 363
45 308
37 213
41 223
36 490
97 438
44 477
83 489
74 428
92 465
44 321
23 471
16 372
31 392
87 358
28 232
30 315
19 280
64 338
60 385
89 335
56 462
34 320
34 250
78 358
43 243
72 336
17 365
92 407
88 375
69 276
80 234
87 396
62 469
56 366
57 259
49 323
83 460
96 368
71 388
85 422
11 455
59 343
52 265
10 325
83 262
62 495
74 490
14 308
52 373
65 459
75 373
65 350
76 423
64 290
50 243
12 491
59 218
23 215
29 331
56 422
100 388
80 439
56 255
26 233
62 470
60 257
84 471
84 424
92 373
22 453
50 425
99 312
93 224
25 476
53 365
76 497
42 261
96 379
94 482
49 442
55 250
98 492
77 354
51 312
46 328
62 342
40 456
64 444
89 230
98 283
12 264
64 397
83 464
87 340
34 334
47 293
88 479
71 302
42 450
31 258
91 478
26 278
59 353
16 361
21 390
59 477
41 422
39 478
35 295
15 227
67 298
37 261
12 405
17 358
35 277
76 380
37 264
100 386
89 429
14 448
73 338
41 470
76 495
43 342
11 214
22 467
70 489
22 337
10 340
71 497
75 309
14 369
55 283
68 490
72 500
98 227
35 310
28 345
24 394
27 292
26 355
46 418
41 235
22 486
41 397
84 439
45 308
87 278
54 260
34 301
80 402
77 345
76 223
85 214
74 425
31 222
94 313
93 320
25 393
29 370
13 237
41 244
53 365
39 434
35 287
76 433
10 210
36 450
64 215
82 400
76 269
44 417
32 260
95 429
95 291
73 491
43 407
100 371
85 255
46 445
17 487
41 281
26 403
46 480
42 444
34 306
46 249
40 293
95 208
32 210
65 270
12 377
62 384
46 447
94 500
73 480
56 467
72 432
88 240
70 236
52 238
91 445
62 263
74 346
18 209
24 319
17 205
87 454
82 442
32 276
31 490
40 376
62 265
66 222
73 468
86 288
83 299
30 243
22 220
16 331
69 444
19 206
100 344
100 235
45 258
20 424
26 317
59 401
51 357
97 437
67 431
93 279
20 456
46 238
32 461
16 403
35 267
30 200
38 267
70 394
51 296
18 219
83 367
24 494
100 291
64 245
93 403
15 449
85 396
52 283
57 304
61 408
92 242
33 481
64 392
19 332
89 442
88 350
48 219
21 229
21 221
67 230
85 348
87 232
39 364
76 298
13 500
31 238
33 362
78 249
10 240
54 492
30 482
23 488
96 383
32 210
99 240
91 277
77 418
15 279
32 323
18 500
33 281
30 262
10 454
60 447
64 443
52 425
62 477
15 323
15 378
44 263
43 272
13 454
28 348
43 271
52 359
76 241
44 256
48 333
73 365
61 454
27 415
19 480
85 239
16 250
16 385
20 233
92 300
76 396
32 469
23 418
23 487
66 466
64 212
54 201
27 275
62 484
70 282
94 330
13 214
61 437
13 340
75 254
48 355
68 388
59 315
62 349
87 213
82 292
11 311
40 300
56 498
80 325
81 445
87 299
36 232
56 256
35 404
34 260
34 459
97 331
36 202
72 323
93 493
27 389
96 459
75 387
12 471
85 383
45 364
29 322
35 415
10 466
22 388
86 378
79 423
46 369
57 336
45 339
79 356
96 329
72 465
42 469
42 426
20 298
14 230
10 384
68 248
15 263
88 324
43 230
90 348
89 421
13 340
12 209
85 235
36 259
86 302
84 384
48 327
74 215
88 352
61 250
75 446
52 284
73 203
82 266
80 463
63 232
93 496
45 246
80 328
50 429
93 281
62 305
81 494
99 463
100 417
40 494
78 276
52 433
29 289
66 329
57 434
99 251
64 301
97 358
68 352
25 257
33 348
53 239
66 432
89 435
26 465
55 211
63 352
61 217
84 391
97 391
62 406
98 202
56 439
21 333
94 395
37 422
67 202
46 282
48 362
50 231
15 343
75 264
54 384
12 386
14 326
32 297
58 366
98 385
76 357
26 293
99 357
48 493
50 374
50 441
72 241
68 208
10 413
99 328
84 252
46 320
64 438
71 256
13 414
78 357
41 407
65 219
64 362
58 321
50 287
54 470
14 483
16 461
71 449
59 440
69 200
59 327
79 374
97 491
15 272
24 306
85 495
38 493
44 287
51 239
10 273
77 451
32 386
18 348
13 449
64 335
25 296
21 336
59 243
39 257
45 422
63 243
85 387
30 420
94 247
30 245
82 417
61 273
42 356
77 386
91 207
71 452
70 380
63 273
54 363
100 437
99 340
35 348
70 414
66 399
80 476
74 479
82 389
45 393
58 472
21 247
15 497
16 231
28 235
74 498
25 281
40 382
51 260
60 346
74 496
92 383
10 388
84 260
53 412
58 219
41 480
11 260
15 213
92 250
41 293
21 295
54 379
32 493
70 404
69 362
61 282
12 318
42 355
60 444
68 280
12 297
41 478
62 434
21 397
32 388
34 480
61 261
47 408
35 496
83 290
12 460
17 350
21 489
54 405
51 470
97 344
74 495
56 372
36 461
58 361
36 456
17 228
22 397
34 468
24 496
95 498
66 277
48 482
14 301
66 448
66 320
61 285
15 311
44 492
55 474
15 266
90 390
31 343
83 479
12 376
78 266
77 327
62 220
38 359
32 444
92 340
18 346
98 276
77 381
17 427
87 317
65 231
14 236
95 492
58 382
47 490
19 240
33 491
54 323
55 279
17 455
80 227
15 241
55 456
72 370
29 474
54 325
50 392
88 276
44 325
94 249
34 355
57 329
38 497
71 443
39 467
45 392
73 447
49 297
86 252
42 483
31 352
53 479
43 367
15 426
38 462
75 255
12 463
73 411
49 335
76 484
92 449
14 294
24 206
82 495
64 256
15 233
26 233
56 400
51 465
54 392
61 498
95 491
13 279
56 368
28 453
85 464
58 475
37 244
95 347
73 489
50 465
43 259
15 431
79 347
13 232
51 269
68 434
97 439
30 359
77 375
90 406
20 410
66 294
20 259
20 391
18 292
40 467
79 302
57 207
54 491
97 437
95 467
94 268
89 281
97 409
24 386
43 493
87 342
36 499
22 476
96 346
22 443
89 265
33 407
11 443
76 260
35 406
25 449
23 330
96 299
86 384
59 251
98 230
43 361
96 242
86 316
40 251
43 449
52 251
44 389
97 201
14 272
42 375
12 330
13 448
28 442
71 312
33 356
75 335
18 269
39 302
24 464
18 341
13 420
76 467
66 284
19 456
56 324
17 325
60 233
19 280
26 252
71 417
11 484
32 373
32 328
66 335
46 227
19 402
87 266
13 254
20 285
77 206
27 289
41 260
57 251
34 246
47 431
76 460
57 362
74 365
22 206
78 480
30 374
61 480
34 249
23 290
41 442
81 441
36 274
52 251
79 488
19 378
34 459
44 231
99 369
59 208
11 294
32 357
39 368
92 357
10 267
24 398
57 390
16 439
69 236
83 239
87 236
44 392
93 453
54 212
86 267
65 445
18 457
35 228
32 335
10 440
48 480
81 361
72 425
95 333
61 237
95 435
85 238
75 466
16 498
30 210
11 448
96 324
34 455
57 479
100 436
97 441
34 454
96 232
27 298
53 238
29 436
79 307
76 497
80 363
90 200
90 456
48 225
10 352
68 381
82 269
68 447
14 429
18 260
14 477
52 475
29 443
58 385
37 282
15 272
31 323
33 215
85 469
59 308
59 470
97 349
84 453
35 497
73 445
14 240
85 364
51 385
98 323
66 254
85 400
58 497
28 296
80 500
68 200
68 284
54 245
21 457
82 478
97 327
43 459
48 240
74 280
85 327
51 444
60 205
74 457
95 263
52 462
75 215
11 319
53 330
60 482
10 259
64 439
11 278
23 453
40 469
56 493
76 334
28 425
49 477
96 290
47 332
17 200
74 412
17 396
82 433
44 278
61 284
58 328
74 362
28 429
21 210
82 374
88 305
75 382
56 429
33 469
34 421
31 357
67 237
41 375
58 327
100 361
89 418
87 471
27 467
82 308
96 269
79 469
27 229
36 354
41 219
82 366
16 290
26 272
94 473
74 247
85 246
22 459
29 345
14 442
31 328
93 486
12 480
80 219
41 252
18 315
81 444
91 461
19 453
60 260
80 378
17 474
60 464
53 337
100 310
43 266
59 276
100 232
96 404
98 463
10 323
62 477
77 258
32 499
75 367
52 384
69 314
71 418
97 238
25 232
87 230
79 234
83 299
61 259
74 266
31 407
44 299
18 405
52 217
97 265
76 411
34 378
61 204
80 200
35 497
69 339
15 280
21 230
79 388
46 330
46 261
79 292
67 369
91 416
44 298
53 219
52 328
17 482
52 391
77 324
62 413
16 312
46 234
72 371
15 382
83 326
37 486
85 251
65 313
30 439
79 346
72 317
29 304
87 255
83 479
12 230
61 241
64 383
89 434
74 447
59 452
98 456
71 389
44 490
21 321
88 310
53 334
37 390
92 423
43 281
93 472
34 240
16 453
13 487
40 374
14 349
50 455
39 461
48 460
62 242
90 275
28 247
63 477
13 245
31 228
45 249
99 386
30 411
74 462
80 424
80 279
20 359
50 275
93 274
75 467
63 315
58 315
22 348
36 446
81 388
79 469
88 423
11 476
63 443
20 480
59 470
80 336
19 490
71 345
16 395
19 226
25 301
50 269
57 381
16 292
12 438
70 455
42 364
23 392
63 264
91 370
23 379
44 260
90 367
50 279
67 466
82 220
43 396
36 466
23 253
82 244
43 215
69 498
39 378
33 384
15 210
29 374
84 209
67 456
31 289
85 437
29 290
86 270
50 496
70 211
16 440
42 437
18 203
42 233
45 272
92 220
42 420
85 421
37 227
14 304
21 309
62 370
18 447
56 385
22 374
75 439
29 350
86 218
33 207
38 432
45 417
35 260
58 244
18 265
24 254
97 387
11 309
28 262
59 396
30 447
53 491
17 332
27 408
27 442
36 350
35 392
92 273
65 404
32 330
34 389
49 486
34 498
95 282
76 299
81 354
42 496
17 277
76 433
21 376
92 297
11 445
88 293
39 339
42 233
79 363
61 303
66 448
30 392
54 206
30 405
54 383
38 453
81 375
12 343
97 406
55 277
73 379
90 266
11 264
25 436
67 471
60 224
78 236
46 345
92 254
73 352
99 297
23 347
13 388
34 472
72 379
60 393
38 316
99 224
51 207
36 205
16 397
94 345
83 344
69 374
76 438
37 285
95 229
52 455
83 370
24 460
35 424
69 255
94 260
19 369
98 438
16 495
86 302
88 414
19 328
59 293
13 212
58 248
53 258
76 407
56 328
96 376
80 418
97 240
85 460
72 444
52 482
86 378
94 276
58 479
100 328
50 368
56 348
27 279
24 317
87 232
99 302
13 446
63 339
15 395
15 242
46 342
71 275
47 205
21 259
84 454
66 454
41 426
85 435
74 456
68 441
31 395
59 396
98 210
87 224
76 480
96 493
12 239
97 289
47 317
99 478
99 486
53 238
38 481
51 365
52 423
79 374
91 296
23 407
29 452
17 410
56 447
70 201
86 367
61 429
54 439
15 401
39 235
82 233
12 361
86 402
57 453
98 350
72 242
52 253
75 386
49 374
80 262
41 466
92 414
14 260
31 499
51 475
31 349
45 500
34 355
96 491
11 374
44 304
67 347
26 410
63 467
24 263
38 407
23 356
28 371
82 371
91 274
63 353
71 251
62 330
82 451
92 462
67 411
72 239
75 270
82 488
16 430
32 214
31 477
81 355
26 484
52 467
10 269
82 379
66 420
82 476
17 228
46 443
24 402
23 394
21 329
80 458
17 330
79 242
65 291
41 403
74 320
51 231
87 437
61 460
28 368
52 475
31 321
79 283
21 348
89 393
13 256
14 382
87 271
12 390
96 269
86 387
25 411
60 478
21 276
17 203
16 320
82 289
64 344
36 311
69 298
24 417
46 354
46 489
28 472
91 236
44 421
99 329
65 289
78 428
32 441
68 259
60 359
82 400
63 470
69 444
86 464
57 320
28 408
71 492
21 437
76 370
90 349
31 437
49 202
29 252
100 245
79 401
90 409
53 304
85 261
90 344
58 357
18 291
20 222
38 393
56 207
40 264
94 459
52 243
77 365
29 301
75 356
53 211
21 252
86 340
71 363
29 235
92 398
20 233
87 306
87 327
68 387
41 419
95 391
57 454
71 206
65 313
37 205
79 324
29 441
97 268
93 397
34 221
71 379
49 213
99 378
16 498
14 480
81 257
48 276
34 274
29 213
34 342
22 211
57 475
30 378
85 454
33 245
22 318
70 478
67 307
49 370
34 318
38 419
16 470
58 385
10 475
82 379
33 315
37 480
88 240
87 282
32 381
98 417
29 449
59 229
34 499
77 309
14 248
25 440
43 420
13 459
13 420
31 357
95 427
32 274
31 392
17 461
45 381
13 470
71 220
68 385
23 398
16 232
65 369
55 311
21 244
57 381
60 305
67 448
52 272
90 448
62 326
79 435
11 483
24 336
44 352
85 368
42 413
92 342
39 320
20 320
57 421
82 277
62 386
24 456
92 246
77 371
64 208
12 328
92 408
55 341
25 433
100 206
46 409
71 377
53 250
97 342
66 344
33 394
80 341
85 438
67 450
77 208
34 261
13 296
23 299
67 477
13 394
49 275
73 279
95 229
18 346
42 498
32 488
54 470
82 388
36 465
17 413
32 494
62 257
73 391
100 424
30 285
59 298
69 369
96 261
27 405
71 217
77 296
40 493
57 282
77 421
22 467
66 468
41 205
87 448
56 329
96 263
15 439
61 473
56 437
54 205
60 340
85 494
70 477
75 450
89 314
26 253
51 401
62 440
62 244
48 302
89 457
100 434
68 373
85 202
71 339
86 452
15 479
20 363
10 328
54 462
52 431
15 421
14 234
37 237
70 395
91 298
89 351
68 246
14 337
69 333
43 454
58 403
40 376
39 285
70 326
45 344
16 210
31 387
71 272
95 221
50 410
14 317
38 249
84 284
78 258
70 310
22 349
76 342
13 226
99 478
52 422
11 357
10 283
32 375
99 366
28 321
65 413
40 285
58 500
89 246
83 434
64 218
93 318
27 306
98 235
49 395
76 302
61 287
90 245
100 439
63 306
36 385
13 397
36 380
96 487
13 403
90 231
53 451
23 480
58 393
11 238
23 371
100 288
15 425
19 420
77 392
49 372
15 494
85 445
30 363
73 299
75 300
17 385
61 378
87 206
94 278
14 256
28 283
43 355
56 376
56 320
41 249
15 241
10 459
96 365
34 316
16 335
84 492
80 365
97 283
15 338
71 314
60 207
39 238
40 354
100 386
89 379
97 312
94 375
47 355
43 340
74 350
33 336
80 394
54 461
85 321
84 485
85 442
99 331
90 302
79 291
40 305
46 320
24 338
87 437
99 433
86 413
86 451
82 374
37 249
59 468
10 330
67 253
38 392
24 500
56 267
33 380
77 458
76 238
25 393
15 238
44 451
48 307
79 449
12 443
17 462
80 265
93 310
18 312
28 451
11 444
42 249
23 288
57 272
63 251
13 500
48 489
75 439
85 248
68 474
21 333
47 298
99 476
18 465
22 409
93 296
64 331
66 476
97 301
83 443
48 411
81 340
51 239
35 393
62 414
75 477
85 500
82 342
67 483
90 210
79 470
19 494
32 350
37 468
51 415
42 200
59 200
91 422
68 367
88 276
35 379
20 224
90 328
55 301
44 421
89 400
42 315
72 440
90 311
47 364
35 466
45 248
91 454
10 204
68 233
59 248
67 283
65 238
23 337
12 419
17 399
86 398
68 461
30 428
36 392
13 495
99 354
62 271
91 411
28 327
66 255
13 253
45 397
79 396
40 379
85 241
51 382
67 489
44 474
83 312
17 406
48 421
51 247
58 316
78 217
52 299
15 318
29 308
76 392
78 498
95 266
33 245
86 375
17 490
76 450
16 413
92 357
52 364
17 274
36 260
93 372
46 210
86 211
65 402
26 270
47 372
95 336
19 433
22 452
62 207
32 472
34 455
77 451
56 432
92 246
86 214
77 351
45 305
50 292
94 465
41 305
39 398
63 253
68 350
27 200
79 304
52 475
26 249
95 274
65 451
70 422
33 437
35 439
62 333
30 447
40 343
48 383
13 391
34 268
92 339
55 296
17 489
90 399
24 496
58 468
87 241
83 309
64 411
95 418
83 227
33 341
94 365
100 308
88 357
68 244
92 393
29 336
72 360
32 369
18 206
28 250
62 475
69 373
72 355
95 428
41 404
48 201
69 439
85 221
87 435
52 240
82 304
78 408
42 411
93 267
43 310
99 313
37 425
74 418
84 225
34 361
65 261
66 395
72 370
43 245
18 430
36 280
18 411
60 497
67 462
16 387
79 330
21 254
35 434
85 483
32 465
50 285
80 403
20 476
35 344
63 276
54 203
50 307
56 292
28 486
68 266
92 222
93 320
68 298
13 498
90 411
24 372
76 437
24 374
62 246
55 330
100 291
67 478
23 498
11 350
51 271
82 252
68 209
62 319
19 272
41 388
54 226
55 377
67 483
31 222
35 267
97 350
37 385
73 456
38 294
98 262
59 470
37 407
70 384
14 286
17 290
41 388
18 382
97 428
71 263
56 392
56 251
83 438
68 266
86 266
45 447
37 474
41 340
73 344
70 355
43 429
40 302
54 409
39 329
39 296
30 235
59 471
91 427
21 370
13 500
17 301
96 463
42 260
25 353
38 224
46 283
25 350
25 217
77 267
73 293
17 436
53 249
32 262
25 462
18 367
94 316
67 306
76 441
26 330
31 469
40 249
41 255
59 334
41 356
64 265
57 463
61 226
54 304
60 385
26 469
88 426
46 469
100 312
33 244
29 451
86 494
37 212
31 347
90 269
37 497
29 402
77 232
47 368
63 415
53 301
27 253
52 417
11 405
91 379
83 369
96 462
32 277
11 360
35 269
32 377
60 462
46 423
31 455
74 280
79 344
79 252
20 305
75 368
89 447
63 458
38 274
56 428
97 291
30 224
64 466
84 375
94 479
13 422
11 338
61 251
57 331
92 327
23 221
59 445
84 389
91 482
86 219
36 262
20 497
13 419
25 437
51 389
69 341
49 298
47 260
12 409
92 402
42 326
22 378
88 288
66 371
72 427
40 479
87 398
70 224
95 386
40 359
56 326
15 283
32 376
57 471
63 433
45 468
34 493
49 227
54 309
52 351
18 236
39 473
12 202
49 499
47 357
95 360
41 204
14 253
68 434
15 312
80 345
42 373
61 322
78 418
48 246
83 415
28 296
15 414
74 283
80 384
86 418
29 320
36 334
98 200
11 396
41 382
15 341
48 327
17 353
34 292
99 461
29 380
45 293
100 252
41 353
45 213
15 377
97 493
51 455
88 277
59 254
87 289
56 463
11 308
12 307
35 463
59 305
80 272
41 283
29 472
20 458
89 206
83 215
19 294
42 389
56 218
80 279
35 288
29 370
14 254
25 443
86 494
47 206
48 395
98 288
13 475
86 499
87 329
94 326
71 382
56 244
96 356
21 405
77 263
20 487
79 200
38 482
80 478
82 207
70 476
85 437
13 290
82 328
54 348
11 342
26 418
95 379
100 408
43 416
100 307
75 486
59 331
95 249
57 354
55 379
18 301
17 279
26 449
64 207
81 259
49 326
77 434
18 499
12 236
69 260
75 265
80 399
25 412
61 454
14 403
53 394
99 345
88 292
11 278
49 339
70 398
42 262
47 367
39 422
55 373
52 496
21 478
52 282
22 240
62 403
71 265
39 344
27 218
48 403
30 485
64 382
37 405
53 412
100 402
77 424
60 265
36 461
67 462
23 329
97 227
59 343
80 276
90 402
30 372
80 339
77 294
57 385
93 362
95 219
99 329
99 287
16 260
45 334
82 240
14 473
88 392
61 258
67 250
27 211
95 263
91 425
57 269
92 305
64 356
57 444
20 216
37 327
59 228
15 247
85 270
34 284
90 283
92 378
15 302
97 403
86 387
89 473
87 386
98 284
29 351
30 424
25 458
72 392
46 409
30 202
12 458
55 389
19 378
11 221
36 303
41 244
47 449
17 394
100 242
54 274
22 405
74 208
85 498
28 296
38 339
14 334
19 384
86 485
76 239
96 492
10 327
23 281
19 200
50 360
88 402
53 334
68 330
54 417
78 492
36 234
73 310
100 326
15 340
26 455
51 214
46 420
66 379
68 366
96 475
10 319
65 358
46 381
87 244
92 315
24 259
87 264
74 416
49 262
87 450
78 333
41 309
95 253
90 252
34 315
32 394
31 250
58 285
74 489
20 428
24 262
46 300
93 305
49 466
69 469
97 230
79 327
77 302
50 275
51 249
13 228
79 222
61 393
93 408
33 385
52 382
54 322
11 472
24 446
41 442
56 250
83 414
82 260
24 457
78 268
22 424
39 397
15 324
27 201
40 419
27 316
52 230
87 231
71 262
74 389
46 341
92 374
18 265
57 219
21 467
51 476
69 333
41 284
86 360
52 438
26 369
61 278
56 440
37 300
10 235
44 404
85 376
82 329
25 409
78 361
26 385
77 464
62 357
38 373
29 231
26 494
11 312
66 498
23 381
91 401
21 234
23 491
24 228
51 500
49 467
83 209
64 344
66 268
83 419
27 467
37 200
64 247
20 481
50 211
40 291
10 475
65 414
63 435
88 283
72 327
11 492
55 249
29 207
82 285
68 206
30 273
95 410
51 268
31 314
55 449
84 389
28 481
48 286
44 493
64 246
61 266
76 353
30 322
43 381
23 234
26 408
22 394
81 377
42 456
16 439
25 345
58 225
93 378
40 438
84 378
59 438
22 221
13 259
83 400
61 500
64 328
92 491
51 474
56 331
37 307
87 231
15 346
12 226
57 265
51 343
53 448
39 388
33 269
61 209
96 336
27 302
51 366
14 384
99 409
93 467
22 232
95 416
40 203
42 351
57 355
82 462
82 421
28 469
69 244
91 358
53 436
39 242
80 200
49 339
94 338
67 271
37 252
50 447
21 327
17 223
64 489
31 482
62 282
29 349
44 326
48 405
27 415
97 261
21 271
92 472
94 454
37 479
18 479
51 211
21 421
51 486
47 468
36 267
91 315
83 273
65 320
37 452
99 375
58 348
87 361
40 253
60 361
64 269
60 355
15 344
25 212
99 433
99 495
78 427
43 314
77 500
44 428
96 418
54 412
31 395
56 384
74 336
45 429
37 232
58 384
66 307
15 403
89 325
52 490
92 457
42 450
45 487
89 356
35 326
10 470
73 289
72 419
78 348
90 477
65 329
64 454
19 205
12 476
35 202
43 279
93 467
11 364
15 304
31 357
32 235
13 401
94 430
57 447
45 415
39 355
83 232
47 480
25 413
16 265
57 318
31 323
78 323
39 486
76 404
40 255
98 419
18 212
72 274
62 323
64 281
86 482
10 234
54 300
89 314
30 311
63 459
47 414
90 319
40 356
53 491
79 412
29 367
41 205
68 281
23 379
64 254
84 374
86 219
43 235
51 236
73 412
84 229
24 424
12 474
92 321
77 440
60 373
74 405
50 496
64 456
26 246
25 383
44 247
92 291
38 434
20 377
26 221
73 369
31 454
47 474
48 254
46 204
72 218
14 203
15 293
92 286
48 366
48 458
71 320
40 444
89 275
99 245
61 426
61 490
63 454
58 351
74 324
24 333
67 212
37 254
50 442
20 344
88 207
51 220
51 498
19 227
47 234
23 317
59 436
43 236
71 468
39 295
48 491
96 332
35 412
94 257
13 425
44 462
24 401
66 457
82 344
20 369
100 454
43 286
97 491
87 477
67 458
27 500
85 398
36 400
99 467
66 464
86 307
57 220
47 304
28 303
51 358
100 275
79 407
79 399
73 382
59 253
97 395
61 236
15 333
72 403
15 393
70 388
90 489
53 354
55 282
17 490
26 327
27 500
66 376
32 328
24 221
31 346
74 383
72 209
31 318
46 212
33 476
43 357
48 205
11 204
74 366
16 425
79 208
47 475
28 220
73 390
67 433
70 408
38 368
35 280
38 226
11 344
94 391
37 465
83 461
52 382
47 463
62 318
81 481
59 303
85 343
58 492
41 428
98 392
21 264
44 479
20 463
64 291
42 323
100 449
82 474
34 358
62 386
43 305
48 216
57 316
40 248
90 384
48 456
57 219
36 446
62 259
90 320
13 409
32 304
10 424
70 386
32 411
37 256
80 387
38 271
24 381
58 207
56 244
17 238
56 483
58 210
97 289
50 340
86 472
66 304
76 470
91 477
20 210
81 243
19 203
80 297
93 383
55 347
34 267
15 439
22 317
13 239
26 229
71 353
79 221
14 345
62 396
69 269
39 253
24 251
74 427
89 390
32 453
15 485
22 370
52 467
36 271
59 341
25 282
71 499
56 401
64 294
33 415
96 452
52 425
64 223
67 300
46 410
49 398
61 470
78 466
11 202
21 390
72 285
79 287
46 275
72 427
58 232
12 430
74 257
26 385
34 456
96 392
35 435
74 407
21 255
52 288
71 408
35 351
15 398
38 225
92 374
67 239
75 492
56 288
24 222
92 227
18 406
17 240
48 408
82 493
11 268
89 419
49 206
67 367
27 405
95 326
75 242
76 434
85 232
13 480
57 443
100 481
99 325
61 386
13 367
21 342
29 407
39 309
77 228
76 214
71 317
29 461
48 404
48 341
80 313
84 389
100 226
54 301
52 288
60 230
26 313
76 288
88 331
30 330
27 322
75 293
82 383
87 247
15 346
15 421
40 408
74 413
35 376
91 483
48 450
49 317
38 282
63 481
83 251
97 222
95 353
51 261
82 266
59 220
62 396
34 269
17 499
85 435
78 393
73 487
41 327
42 303
37 407
49 220
94 291
73 228
70 255
27 379
13 297
37 432
57 289
74 494
21 380
60 360
86 293
67 262
98 348
50 476
74 397
61 461
87 437
72 382
63 477
97 314
81 408
48 214
10 445
55 233
33 384
63 295
91 438
53 294
45 472
93 339
44 465
92 306
93 486
40 393
14 446
37 434
77 451
23 299
51 405
69 417
36 423
100 214
68 319
84 394
61 277
37 357
28 229
79 442
45 348
82 325
61 239
88 396
11 456
31 282
86 275
42 348
37 211
54 307
10 369
60 318
13 483
19 436
32 387
59 374
22 411
69 277
66 206
27 338
20 416
35 271
54 419
70 489
63 230
76 458
14 244
41 294
93 450
55 437
55 305
44 320
24 207
58 364
60 268
64 475
77 421
29 475
56 465
65 468
12 206
89 343
84 400
40 226
33 364
54 434
15 421
63 383
91 401
25 390
48 497
74 402
68 359
62 206
44 339
49 216
20 297
69 346
19 443
87 345
47 483
38 475
81 282
88 279
27 302
38 349
82 332
97 465
57 428
25 213
74 394
54 310
54 287
95 437
75 476
23 285
74 309
80 360
95 264
43 271
33 407
39 464
36 421
16 428
83 348
91 261
49 420
21 431
58 225
73 485
50 346
98 458
90 477
85 244
61 454
21 406
52 435
51 297
39 247
77 401
41 415
86 335
66 282
90 488
28 330
62 257
65 440
99 380
53 230
55 406
64 490
87 242
70 380
46 227
47 262
75 219
43 338
75 208
19 317
75 478
79 416
59 372
12 499
51 420
93 476
21 412
24 335
24 337
88 492
84 339
36 439
66 479
71 462
31 447
57 380
33 424
49 356
86 349
92 347
60 231
85 343
57 486
32 294
46 442
48 334
61 338
40 388
60 298
73 200
43 327
93 366
72 425
11 295
47 275
46 240
95 411
31 498
45 309
93 417
81 326
27 229
31 271
75 479
58 215
24 363
30 308
75 291
12 450
11 203
32 475
62 228
47 375
48 230
17 214
80 433
88 395
45 253
18 328
90 335
20 459
74 384
38 426
85 497
24 207
96 297
49 493
43 315
20 248
84 500
74 490
68 301
24 292
34 299
39 334
51 211
44 330
79 257
63 267
28 328
65 202
94 204
88 448
52 261
70 414
79 457
53 441
21 486
66 360
15 452
76 468
44 433
34 256
99 302
56 493
44 398
94 253
24 388
26 472
41 446
56 458
46 487
73 408
82 380
56 256
87 459
96 443
57 270
61 330
88 322
35 500
27 214
22 372
25 202
25 249
78 477
83 247
32 304
33 385
46 369
53 463
26 363
17 467
48 404
82 202
37 316
20 444
88 453
13 432
23 356
22 300
52 386
13 495
12 500
94 372
32 217
71 444
64 489
39 261
99 405
91 315
81 413
61 499
49 221
88 217
99 309
16 358
57 413
40 383
64 429
60 279
86 337
51 275
25 330
14 466
54 247
67 454
22 488
18 222
98 280
78 284
21 356
99 281
57 242
43 429
78 467
23 366
41 428
65 429
98 225
33 491
65 323
92 481
33 344
92 267
22 241
79 210
53 242
18 363
85 204
37 255
61 497
78 275
67 310
11 380
12 245
85 357
41 262
60 376
93 238
11 228
74 244
54 375
74 279
43 320
30 227
74 204
73 495
73 346
84 481
20 339
24 344
69 292
34 231
73 261
34 361
10 299
16 225
78 389
33 410
92 287
43 334
87 360
15 268
44 331
49 481
92 473
12 415
18 480
97 483
69 465
71 477
81 497
76 436
20 204
31 394
14 481
66 331
69 254
67 295
41 397
74 304
70 348
100 383
28 413
39 265
79 207
18 339
77 493
34 338
46 318
52 237
36 407
59 388
60 466
79 243
31 456
76 429
45 314
86 329
34 426
13 303
77 334
80 335
59 466
58 271
39 454
63 330
34 375
78 218
36 398
37 400
61 358
65 406
42 389
76 448
81 326
32 498
16 493
65 234
32 254
78 490
38 363
80 265
51 286
63 275
12 344
51 337
57 252
39 423
73 475
54 204
100 370
65 209
95 283
89 217
58 349
41 242
96 274
65 448
68 390
76 344
18 447
13 434
87 421
16 338
10 424
66 444
53 242
70 302
29 497
27 360
23 274
26 255
69 208
17 208
62 476
22 278
26 230
51 319
22 265
25 345
71 247
76 430
28 491
24 312
93 300
78 281
90 322
77 422
91 288
10 426
84 481
76 435
56 414
29 462
37 459
97 367
41 293
38 494
71 226
23 219
47 226
86 349
10 386
11 428
63 398
97 487
96 255
63 338
16 372
35 398
79 303
58 233
57 207
86 430
91 230
99 310
52 499
45 302
100 478
59 255
65 281
25 202
45 411
64 254
22 337
10 361
37 363
27 234
97 370
82 405
64 362
42 354
64 371
74 442
76 435
79 472
95 488
17 250
35 313
97 379
77 455
92 288
55 383
68 437
74 235
93 351
83 253
59 455
64 411
62 220
72 341
33 259
89 466
59 425
29 311
61 427
52 291
26 332
78 286
12 426
49 359
96 416
82 480
30 285
94 464
37 434
77 297
31 382
72 500
41 291
88 358
49 274
62 431
54 372
28 423
98 286
67 272
52 443
65 320
100 340
18 332
23 336
67 413
66 442
77 221
28 420
52 448
20 277
49 348
60 394
73 496
89 301
67 430
94 216
66 219
43 281
100 276
75 281
53 333
58 298
54 203
63 432
60 461
26 278
91 407
30 278
49 350
19 418
11 372
54 278
22 489
95 242
96 225
41 202
80 243
47 412
27 216
83 396
74 301
94 485
37 394
81 409
85 390
99 272
20 407
70 402
56 458
61 358
51 415
16 240
43 409
54 403
17 493
54 352
88 220
61 249
77 296
16 356
12 431
64 497
38 226
61 482
51 239
89 365
66 448
76 361
29 203
76 231
72 310
33 238
84 366
90 391
96 495
75 447
27 372
73 212
24 238
93 280
45 282
74 481
93 248
26 335
85 302
10 497
92 447
31 389
34 272
88 273
70 224
81 390
16 310
96 243
77 345
13 376
31 217
94 405
43 396
89 214
28 355
91 257
39 496
47 363
49 475
100 481
67 355
58 396
86 471
20 262
94 461
92 491
17 493
56 441
20 436
84 283
87 415
64 341
12 286
42 324
52 339
22 208
74 374
98 356
40 292
76 409
11 305
65 479
31 243
21 434
18 322
33 468
32 306
74 345
14 210
38 351
64 223
81 240
74 212
51 490
66 264
53 305
63 496
39 416
82 400
24 416
100 315
48 207
51 389
19 211
44 271
27 447
88 471
90 440
55 333
81 235
73 225
79 265
95 372
72 207
21 279
83 241
50 203
96 213
96 300
62 491
14 234
91 414
56 373
15 436
90 429
75 351
73 208
13 474
24 346
60 349
24 302
100 268
26 338
17 346
62 454
68 257
27 221
21 442
18 471
90 298
29 246
23 353
71 315
75 333
55 455
37 335
85 322
86 210
47 382
39 346
78 492
27 273
71 220
84 254
35 290
40 338
54 200
62 290
86 465
26 224
78 354
62 425
96 210
26 384
93 239
94 427
14 279
44 391
66 361
17 488
17 496
61 487
16 265
39 259
66 448
49 398
25 392
22 226
65 456
53 494
46 287
44 475
21 266
41 415
59 258
85 327
11 478
43 499
75 338
80 471
45 291
90 337
45 388
34 334
93 472
20 338
78 445
41 375
48 375
82 387
37 390
79 436
28 327
63 308
11 442
49 449
23 446
59 464
94 347
21 426
78 323
78 275
92 222
60 227
98 438
53 278
24 428
27 444
61 398
14 366
76 329
61 269
98 298
64 305
73 279
94 462
60 492
58 420
96 436
99 410
66 310
45 500
90 401
38 490
58 443
65 335
11 368
39 493
15 385
16 360
31 226
28 316
87 307
50 481
10 431
55 364
52 277
99 476
14 204
45 224
85 218
49 417
42 211
10 301
34 405
25 309
32 231
90 399
89 409
71 278
40 468
17 227
69 203
78 420
58 366
52 352
76 251
98 469
86 325
18 408
31 230
28 410
46 340
42 247
10 386
77 286
82 216
76 296
53 266
93 425
29 409
60 214
90 493
29 472
19 251
48 347
78 293
47 492
90 263
49 431
45 313
47 250
63 228
46 247
29 311
71 425
74 448
96 428
95 370
54 257
16 476
98 401
74 358
98 451
77 380
70 318
79 245
55 220
29 413
10 317
84 439
49 441
18 378
36 274
76 216
70 417
35 433
29 460
64 408
25 461
80 490
16 479
92 295
52 256
69 215
75 430
40 312
25 288
75 488
14 486
85 443
86 446
94 419
71 365
30 212
88 312
35 302
74 485
72 237
91 354
49 363
46 456
96 402
81 363
66 407
73 343
75 450
22 423
62 391
24 341
32 362
99 354
22 492
37 310
15 328
41 481
99 496
86 365
37 480
26 485
30 274
96 434
47 313
25 289
17 444
45 305
22 332
50 217
32 245
35 251
20 239
98 263
42 467
66 279
66 404
79 230
71 340
44 451
99 320
71 304
70 420
61 317
65 265
15 324
94 411
41 382
59 355
76 383
76 321
77 467
76 474
44 453
99 461
18 414
55 392
28 241
47 375
96 312
43 390
89 499
21 260
20 500
22 274
24 435
43 292
82 370
62 398
19 328
58 474
20 336
59 207
43 375
71 433
97 219
18 321
21 372
32 296
90 494
71 451
85 215
20 329
22 256
45 456
48 282
11 323
75 493
50 243
18 410
99 201
41 247
17 396
90 452
74 488
73 311
45 374
10 429
76 210
43 479
61 216
84 293
93 428
76 317
29 351
16 294
53 405
52 424
53 458
52 490
74 270
77 331
34 376
27 344
53 442
91 500
95 281
30 445
50 327
83 326
97 236
67 228
53 260
25 388
67 277
38 411
44 377
11 239
44 249
48 286
96 404
92 347
29 327
40 442
70 301
55 330
28 488
69 426
47 259
83 464
14 441
97 432
78 365
33 216
97 303
63 303
63 287
98 440
28 440
14 317
68 346
71 226
87 253
74 228
41 265
90 449
30 263
47 470
64 300
36 240
41 488
14 307
96 492
93 488
93 274
28 371
72 500
63 202
45 297
45 366
45 420
75 215
37 444
80 309
82 421
13 345
58 442
87 431
72 397
84 262
38 472
41 341
53 227
21 473
29 272
27 386
43 402
83 373
13 335
77 287
31 280
78 361
87 283
85 302
97 459
77 349
32 496
88 298
65 231
27 296
17 358
11 493
36 281
37 252
100 297
94 421
84 470
62 246
53 322
46 431
68 461
91 408
83 218
29 428
94 475
85 250
43 404
15 239
87 306
24 349
100 380
33 479
97 300
34 351
49 321
68 400
45 309
23 487
54 210
65 223
41 335
11 216
51 214
60 421
66 347
41 473
100 288
28 324
66 424
24 207
75 204
38 223
94 412
91 339
47 321
85 306
20 385
69 393
19 326
52 469
20 333
19 397
10 340
31 457
97 445
34 205
80 269
44 462
66 488
20 301
96 361
98 213
98 478
30 394
11 470
61 225
72 302
84 421
61 393
54 454
29 239
83 485
93 437
36 487
14 445
24 430
58 444
69 300
58 299
41 424
77 305
34 268
24 320
36 247
93 315
87 299
21 358
74 411
11 428
26 416
100 434
32 426
69 238
28 447
96 419
38 354
13 267
37 329
33 308
56 349
60 276
90 475
27 430
39 478
26 231
14 427
48 437
89 240
43 276
86 260
82 305
27 417
39 233
12 459
33 371
94 463
17 454
72 330
10 271
70 438
18 398
96 466
64 414
26 258
17 391
89 332
79 482
37 317
76 243
33 306
50 281
100 259
64 455
99 366
34 343
43 328
59 365
51 324
39 248
74 467
86 201
88 383
85 296
35 396
16 474
22 401
93 469
30 237
99 496
36 449
50 404
27 378
24 268
75 245
89 334
52 453
81 208
92 465
17 234
78 291
55 260
87 461
28 349
56 452
89 299
66 431
68 375
91 419
15 209
88 458
30 373
85 325
85 445
65 334
18 399
32 384
49 366
64 437
79 291
65 257
18 237
59 290
67 245
20 253
68 421
46 295
90 320
88 374
22 459
46 492
64 381
47 265
40 469
88 409
38 339
93 347
35 402
76 487
54 395
81 451
47 398
25 307
100 364
27 480
71 386
96 429
85 244
92 461
60 394
50 470
47 283
51 358
47 451
27 382
28 231
29 359
24 276
18 396
10 345
89 211
52 295
23 496
43 281
68 300
63 274
98 207
13 283
71 292
44 357
58 328
50 203
81 317
76 350
95 419
77 285
64 475
84 268
73 468
98 375
36 272
11 285
22 256
88 344
71 300
89 270
46 338
60 312
55 251
68 365
64 406
50 298
27 279
75 349
13 413
29 263
86 423
79 213
88 364
99 275
13 256
41 340
24 265
29 246
79 362
35 235
85 258
77 447
62 397
91 282
78 218
20 243
94 391
78 368
34 312
57 467
25 486
93 460
78 257
25 316
62 314
14 436
25 383
11 459
50 428
95 338
65 334
60 335
19 387
20 478
30 343
33 264
17 250
38 276
91 427
57 425
57 443
14 412
59 493
11 303
61 359
42 263
80 271
91 416
84 298
48 354
67 336
12 268
49 339
75 341
47 486
61 305
46 375
28 401
88 285
94 434
95 343
27 386
81 292
25 270
72 443
31 330
87 240
29 312
81 441
45 445
25 468
38 201
79 216
18 408
93 354
68 444
54 236
61 310
55 329
52 468
93 202
72 249
22 394
86 372
84 263
38 458
80 315
76 270
76 309
78 331
49 217
19 410
83 353
81 279
63 246
17 453
58 293
15 241
32 260
26 218
20 478
31 251
20 384
65 322
44 498
71 405
94 426
93 466
13 481
30 459
95 240
92 276
69 310
76 217
50 428
59 392
100 461
68 345
94 214
21 234
82 318
37 425
25 452
68 220
56 384
65 460
78 288
19 456
16 500
90 217
94 407
70 229
99 302
28 358
77 240
82 276
38 332
49 300
93 340
89 465
94 497
15 397
63 357
33 432
63 474
78 231
78 307
65 446
92 334
30 224
39 496
79 481
74 250
37 309
34 247
31 363
32 447
15 226
51 259
70 460
14 356
77 362
12 200
74 321
41 359
25 457
22 344
91 380
75 365
69 483
97 211
98 406
25 303
30 459
58 339
51 344
55 307
61 355
76 261
13 391
99 270
40 223
39 483
60 206
48 341
83 260
71 283
26 457
100 295
69 447
91 282
73 326
17 494
55 446
39 406
53 372
94 381
48 288
67 248
15 461
42 232
12 389
85 384
51 400
28 209
95 362
46 334
16 430
71 418
90 279
73 409
37 447
42 296
68 403
52 227
67 380
78 281
86 273
51 363
63 443
63 217
41 413
41 491
69 326
62 467
65 430
17 306
16 364
46 309
48 444
63 327
71 345
74 341
20 372
45 289
10 324
47 266
24 306
95 329
96 413
95 337
43 369
14 418
50 293
93 247
91 363
57 309
50 230
70 323
62 402
49 415
30 469
56 211
80 486
26 455
60 385
89 439
75 484
22 235
97 332
30 211
60 355
48 400
60 218
39 486
40 384
90 395
27 278
94 324
12 496
36 410
47 320
71 382
71 454
53 329
51 347
18 478
12 359
27 335
81 349
54 496
88 418
33 283
96 245
83 258
53 435
22 318
49 215
27 307
83 315
95 203
60 475
88 412
75 307
96 461
77 265
83 386
46 295
50 479
86 274
93 278
94 352
44 462
69 344
15 336
49 402
38 318
65 268
78 460
46 424
12 228
76 324
94 420
17 281
16 457
28 282
48 211
85 328
71 301
98 439
57 278
39 474
98 415
100 324
50 315
11 242
21 485
17 456
52 484
11 200
71 239
37 322
21 216
55 421
27 321
20 452
88 398
59 244
23 415
23 487
57 365
32 220
55 242
90 402
16 411
35 314
36 434
13 399
37 335
82 465
100 377
28 304
58 289
34 387
90 415
88 432
80 248
31 277
65 376
11 266
27 329
65 436
88 264
54 410
79 403
32 253
81 238
81 252
44 404
63 280
70 209
87 296
76 412
53 247
44 300
65 272
80 391
13 441
68 342
45 252
46 474
41 472
34 412
18 288
80 412
55 332
75 328
68 378
65 500
81 225
65 436
59 478
45 305
66 229
36 468
11 338
85 337
51 351
54 283
39 313
85 256
53 365
78 270
100 322
31 365
94 318
96 394
48 375
31 412
42 343
30 385
45 269
76 489
39 218
99 308
70 266
15 474
96 499
86 321
42 262
92 366
20 485
41 374
81 206
24 462
35 414
74 227
12 316
19 300
86 287
63 415
17 222
84 432
69 382
77 238
39 487
90 222
73 463
60 228
46 481
29 215
18 234
95 325
96 208
68 383
38 283
52 296
16 436
27 274
57 228
92 459
25 466
89 384
66 376
95 295
76 299
36 500
70 251
20 331
51 449
62 253
26 260
40 285
55 325
23 210
14 369
51 316
49 399
71 410
96 309
70 381
41 212
72 389
43 352
82 272
77 483
80 280
26 372
41 488
47 422
36 298
76 416
34 272
33 312
83 339
76 435
53 228
64 297
71 410
59 335
99 249
12 205
45 308
68 393
53 323
84 492
19 304
72 284
37 471
54 307
77 216
24 226
36 336
97 359
92 222
65 426
99 259
85 299
49 205
19 361
57 205
33 499
15 208
63 383
53 428
14 436
90 379
66 386
60 234
38 209
35 437
41 277
23 314
66 262
30 266
16 397
86 224
61 227
51 426
50 358
47 298
77 496
73 204
32 441
22 376
73 244
17 384
33 257
99 344
100 265
81 492
23 380
99 254
74 395
67 267
96 283
67 295
58 240
32 409
78 235
94 430
81 295
34 298
48 259
55 370
15 251
52 434
18 223
18 287
15 417
58 419
42 367
91 227
71 210
33 387
19 419
16 223
81 327
19 314
26 463
28 357
16 242
12 342
37 227
23 432
49 482
23 444
13 313
34 203
79 304
39 217
90 404
94 235
39 260
51 314
30 231
40 434
93 261
14 288
16 455
41 232
53 320
52 483
21 344
46 404
49 274
41 420
74 411
62 407
37 202
21 341
35 441
47 206
46 299
26 239
86 212
77 388
12 394
10 464
58 304
67 384
22 237
90 254
87 456
15 316
71 379
88 391
30 231
40 271
55 338
35 282
68 229
86 381
84 288
46 410
33 461
56 418
28 345
47 445
12 330
44 207
31 467
33 277
72 493
34 225
73 357
21 380
77 475
63 257
46 405
56 353
66 208
30 362
100 440
51 403
36 264
38 226
70 206
62 426
78 299
75 227
98 457
81 290
100 468
89 443
96 263
31 435
99 263
61 323
35 300
25 220
13 334
73 242
68 249
30 287
20 368
49 202
81 471
99 205
25 338
42 207
84 391
89 372
30 487
59 406
68 419
34 298
45 422
97 392
30 307
11 217
22 242
28 499
32 260
90 349
13 298
75 249
47 247
49 443
67 313
76 468
89 222
59 283
59 405
90 364
72 352
36 335
57 349
94 356
34 234
42 257
67 311
40 270
34 425
33 239
94 258
41 218
62 272
69 474
99 475
17 337
65 468
34 469
51 253
53 476
63 279
65 317
55 287
49 395
91 297
86 498
88 442
28 334
33 266
78 389
98 394
72 315
44 446
36 377
76 357
76 484
81 282
74 473
52 386
68 329
64 251
42 486
87 291
18 404
10 427
95 295
87 216
77 380
24 493
69 410
99 357
44 234
38 393
67 256
46 324
38 460
95 359
15 316
83 264
54 204
25 210
98 209
31 208
31 439
39 446
89 299
88 491
32 440
94 290
21 411
94 228
57 288
72 264
32 285
92 321
91 467
41 388
71 257
24 314
25 294
99 292
98 259
90 477
27 364
35 342
40 480
77 394
70 205
65 369
55 434
85 328
79 219
49 325
95 309
94 470
70 447
77 245
94 243
49 403
66 287
48 431
20 312
99 282
79 480
35 356
35 390
86 263
51 448
15 384
51 327
55 358
17 364
40 228
51 425
75 212
71 374
66 227
54 465
23 252
44 459
74 306
74 341
90 205
10 257
61 243
57 492
25 406
54 304
29 461
15 264
64 438
70 364
73 322
10 422
64 220
51 232
29 477
12 445
39 411
67 320
72 334
76 304
41 415
59 373
77 283
71 296
93 272
77 333
71 486
14 218
37 383
78 231
32 372
28 341
47 376
68 385
24 220
21 448
25 244
32 259
51 205
86 246
50 463
25 371
92 434
62 352
37 337
37 425
73 257
75 439
56 424
44 391
56 261
80 379
43 408
26 381
21 491
81 390
26 307
34 350
79 347
35 255
79 283
29 441
34 444
24 471
15 452
50 311
67 398
32 266
48 274
47 418
12 324
73 467
77 316
89 369
100 216
79 395
38 303
28 337
17 413
96 363
17 366
74 275
82 311
91 319
60 238
95 451
17 343
43 292
80 483
20 268
98 283
56 496
49 496
14 382
87 337
68 472
98 417
85 266
90 337
24 363
65 421
64 236
38 428
73 369
44 437
50 306
34 348
47 355
51 382
28 400
67 479
85 221
81 315
60 322
43 371
36 276
100 246
32 202
13 339
99 333
95 257
59 244
62 490
55 447
100 333
93 339
23 415
47 405
99 345
81 483
87 460
55 256
24 269
23 378
90 378
82 433
77 398
29 238
90 324
57 207
65 229
72 217
43 455
88 474
68 398
90 264
39 413
40 261
39 276
33 339
45 398
28 287
63 447
67 432
39 207
58 477
43 284
34 430
92 365
35 286
97 257
68 317
76 419
95 349
68 316
86 398
50 209
40 258
69 258
17 476
37 428
54 200
49 344
100 448
15 230
53 469
12 384
54 404
35 413
100 246
84 241
58 492
15 377
89 404
48 488
34 347
24 480
98 324
18 225
57 230
85 254
43 241
74 233
45 438
89 448
17 374
28 325
58 386
15 313
61 283
22 367
44 465
26 226
53 419
56 258
29 456
25 396
98 448
11 340
13 274
76 216
25 224
38 261
44 241
90 449
13 475
44 453
92 411
60 374
11 379
60 226
62 493
45 228
81 249
91 223
91 456
95 270
23 329
59 339
83 455
15 342
13 352
14 265
26 472
18 289
32 320
65 382
60 435
43 451
46 279
23 307
53 462
22 464
20 408
39 359
73 339
96 240
10 244
88 451
26 494
61 315
27 252
32 325
78 407
70 421
14 499
30 419
71 303
76 449
13 383
37 322
67 257
69 411
86 416
10 317
16 299
13 473
93 326
27 288
16 321
64 417
33 434
31 478
26 416
38 446
28 483
22 269
51 378
69 341
91 240
91 453
100 236
47 389
82 420
78 345
13 383
62 258
80 295
48 252
96 410
42 257
58 214
25 433
88 205
34 435
69 430
38 333
72 209
22 277
55 397
41 419
49 382
12 346
38 211
77 436
42 293
10 313
25 217
88 398
63 217
45 216
53 418
90 310
65 270
67 356
56 258
31 246
53 500
76 314
36 437
31 380
78 441
58 235
47 437
59 430
74 214
32 298
30 244
94 307
77 296
57 230
21 486
43 442
28 316
62 444
78 203
77 231
68 266
10 299
87 398
68 355
53 424
94 292
82 310
74 481
48 311
98 408
26 235
40 480
29 353
89 353
38 446
68 498
16 349
64 412
81 274
70 408
92 469
23 415
51 298
84 383
72 405
10 353
38 439
85 490
87 455
70 346
55 424
74 360
58 440
17 269
75 236
26 461
94 375
92 481
80 269
86 280
19 402
92 261
81 214
20 330
13 341
44 317
33 267
36 235
98 447
74 420
36 429
55 385
82 255
27 475
22 427
66 446
16 436
86 367
88 256
16 368
56 370
65 308
21 360
23 393
87 346
61 487
39 442
97 276
53 435
36 218
43 253
12 387
12 470
89 439
10 448
97 320
99 491
34 203
15 221
98 355
88 407
32 340
28 462
92 344
58 415
52 404
72 275
94 405
96 242
81 469
77 298
14 205
93 466
10 387
93 302
53 252
74 332
24 356
56 205
25 387
49 260
59 285
74 329
11 277
34 231
27 259
60 283
93 366
77 221
12 485
18 243
66 281
30 326
36 417
48 335
98 449
71 291
61 428
61 472
67 439
98 500
50 230
32 210
62 279
52 399
47 304
74 248
58 266
46 219
87 454
51 434
88 498
93 384
73 292
27 328
93 206
39 228
89 358
91 382
39 469
68 399
19 421
43 355
52 270
31 367
80 478
39 324
10 223
69 298
38 312
65 295
27 451
25 304
35 261
18 444
12 465
95 251
34 237
59 269
69 229
31 479
70 435
70 381
98 309
97 471
41 303
56 438
35 288
26 260
95 426
79 378
27 243
88 473
100 284
81 286
81 375
33 269
78 315
73 465
48 378
65 243
10 400
53 432
99 421
86 285
56 444
15 485
90 341
79 466
40 396
74 436
41 264
40 329
53 353
10 200
89 377
86 409
39 475
77 212
23 281
47 491
80 208
59 410
45 330
21 421
13 375
65 245
45 311
15 215
24 367
95 393
34 209
54 268
88 391
17 276
46 326
86 396
22 440
49 331
89 430
49 493
62 408
89 391
25 362
64 381
27 320
41 470
54 323
31 210
69 266
95 436
99 251
47 373
41 385
31 458
63 255
75 266
92 438
37 380
21 311
46 225
11 282
96 209
79 481
12 419
71 256
68 285
93 383
97 247
54 411
17 229
14 353
84 377
99 251
66 287
64 265
64 493
95 255
36 201
39 471
36 480
88 473
86 283
26 472
31 321
63 232
40 347
73 395
80 374
88 479
44 207
63 472
70 289
21 450
47 461
34 408
13 345
84 454
18 434
34 206
33 306
30 303
71 323
76 375
28 343
48 407
68 294
60 247
20 304
86 371
75 315
47 403
48 357
84 388
84 281
49 243
21 332
32 488
79 242
48 400
24 413
59 484
12 333
35 339
97 477
87 399
84 238
65 251
17 408
94 435
20 482
60 274
65 471
30 466
42 373
94 398
71 370
17 492
77 361
49 337
16 289
23 378
22 287
74 421
81 266
36 381
63 230
38 309
84 467
77 213
80 389
89 323
75 492
76 210
92 394
95 439
14 281
50 208
50 494
63 260
98 232
91 307
38 346
94 211
40 491
91 349
57 284
76 387
93 235
90 325
66 391
45 310
56 328
13 238
25 445
42 331
71 240
89 488
13 303
74 396
68 371
69 371
23 466
100 479
86 352
53 328
36 316
92 465
89 454
40 465
77 250
42 323
20 482
100 374
65 457
74 226
16 314
10 231
94 353
89 479
52 211
10 446
99 392
23 471
49 362
54 493
96 479
79 401
70 273
46 392
67 344
21 306
70 264
57 384
38 244
59 319
94 368
74 333
50 373
79 354
57 487
30 396
90 310
74 373
94 319
47 413
84 432
87 267
87 304
32 259
42 263
57 404
93 393
80 388
71 237
47 499
99 236
86 437
83 439
100 478
32 273
89 419
58 357
75 399
72 386
75 258
95 285
55 226
69 397
83 442
47 355
73 407
13 282
49 435
33 351
24 476
48 251
78 378
42 278
57 318
30 432
88 311
70 235
65 393
30 200
30 315
85 472
28 444
13 262
91 472
69 239
100 286
34 239
29 447
100 387
87 230
79 338
98 234
69 427
40 203
63 460
73 481
16 237
89 434
75 200
63 463
100 301
67 329
56 411
16 407
42 238
38 416
83 476
22 449
87 326
58 228
65 219
50 465
75 331
98 254
33 303
46 320
76 214
74 494
15 424
76 221
36 286
21 287
92 285
23 363
38 437
82 394
55 297
27 410
77 455
32 459
37 430
49 411
88 426
33 317
56 253
94 260
29 424
16 300
91 281
53 267
54 251
74 371
18 217
45 475
31 443
48 479
52 410
61 214
63 242
49 434
10 318
16 435
63 238
94 499
96 446
34 234
87 476
28 294
69 384
43 414
84 400
12 346
85 230
82 393
64 391
18 368
26 268
47 499
90 235
86 375
94 211
15 376
35 212
92 377
50 436
10 421
32 433
21 342
29 325
53 235
78 259
10 473
92 403
73 333
57 417
47 368
32 315
47 312
38 462
30 473
26 478
64 431
87 358
55 271
32 205
52 448
39 407
56 291
15 289
29 247
41 329
66 382
71 356
90 272
94 380
40 412
40 336
59 466
32 313
86 425
82 291
70 332
42 440
59 256
62 244
63 483
97 416
72 267
84 255
82 286
70 281
50 491
69 289
44 308
29 391
25 469
20 303
92 378
27 422
16 219
81 486
34 238
50 314
60 370
56 342
63 202
70 403
43 238
65 296
46 342
22 328
65 419
62 360
92 372
97 480
21 498
66 342
71 264
95 289
92 274
42 288
84 200
20 468
94 431
19 334
76 500
16 331
71 291
50 413
11 273
22 304
39 254
21 203
100 351
10 451
20 370
61 400
98 228
36 358
64 329
10 480
29 402
50 445
39 250
68 406
52 447
52 291
74 353
98 268
33 233
80 328
56 205
90 273
29 242
62 339
23 320
38 448
32 377
49 464
30 447
91 449
50 276
16 343
23 232
13 383
27 327
42 418
40 436
43 212
63 319
95 348
20 418
88 410
27 386
57 420
60 441
73 475
43 358
39 344
99 426
55 405
42 486
15 282
34 262
31 348
97 394
42 269
65 491
65 304
19 301
84 407
59 341
85 456
89 448
65 338
73 275
29 375
23 314
40 432
89 200
14 207
93 224
71 404
29 204
57 289
47 481
24 494
49 326
68 269
77 498
95 397
58 398
71 232
27 478
35 338
78 492
17 271
38 370
98 429
67 381
87 377
47 412
26 431
63 268
94 260
69 304
96 486
27 427
51 464
83 430
13 229
68 395
100 285
51 224
17 337
14 430
39 214
57 282
55 378
93 292
66 313
53 242
41 347
97 265
68 271
75 360
55 315
98 350
56 217
52 362
73 477
19 316
61 432
20 282
93 497
34 396
80 219
90 307
63 407
20 375
28 316
17 226
44 488
28 330
70 448
52 358
79 232
98 312
44 270
25 422
36 217
11 223
42 254
80 301
41 202
79 336
38 459
32 499
54 437
25 399
73 218
73 206
45 429
62 414
40 463
31 412
43 401
34 466
41 265
70 365
57 241
84 335
52 210
74 344
73 410
36 230
72 248
14 429
31 304
48 373
59 375
43 496
19 219
30 229
34 226
75 301
55 242
83 414
81 217
19 449
44 300
16 254
97 465
76 222
93 222
95 233
10 479
97 421
20 438
76 482
69 242
43 429
24 417
74 285
72 349
12 208
44 462
38 444
45 494
74 342
45 360
41 361
21 352
71 484
16 481
30 201
49 446
16 204
41 419
75 443
80 221
89 414
11 463
71 307
47 271
73 421
83 272
43 468
21 312
79 411
12 314
20 462
78 239
31 319
22 454
38 475
36 462
32 356
43 444
74 330
16 361
25 395
30 230
46 255
79 211
23 282
40 276
49 333
66 459
80 223
82 462
87 285
34 233
99 297
81 353
10 442
88 375
39 346
90 346
67 447
52 265
12 380
29 221
16 407
37 413
79 290
94 325
43 297
90 265
11 285
29 218
20 381
43 260
95 498
77 326
54 461
94 370
27 482
23 301
23 321
72 266
76 388
20 485
10 250
12 226
87 416
30 310
17 336
99 272
66 475
26 424
20 488
83 474
49 435
77 357
100 288
18 364
67 263
46 307
45 346
86 397
86 327
82 308
48 275
59 495
18 477
78 382
11 461
72 381
19 430
67 399
50 410
10 340
19 309
91 235
11 229
94 467
61 388
61 466
18 301
29 461
10 327
25 490
74 447
16 381
89 306
18 291
10 240
62 438
36 326
81 254
98 302
41 409
66 493
19 401
64 283
71 320
89 351
30 396
37 327
62 422
62 304
34 449
96 341
88 444
54 256
76 271
22 416
62 297
62 303
69 399
63 206
97 495
25 226
30 403
69 415
48 286
15 234
45 262
57 268
49 291
72 401
14 382
84 239
25 473
90 324
78 428
22 339
75 488
17 261
60 416
94 413
97 393
69 385
25 271
44 409
42 476
41 371
16 374
28 234
77 452
68 467
78 489
82 499
88 317
63 265
27 434
45 484
17 374
72 230
46 270
13 455
38 498
41 352
77 486
28 467
31 493
24 213
82 385
67 305
47 470
71 233
39 245
41 478
36 283
49 263
34 345
68 348
14 292
59 462
21 283
50 412
25 258
57 455
76 335
30 444
97 378
94 456
59 342
88 292
53 288
75 477
97 321
56 223
57 221
98 491
99 413
64 277
28 276
37 414
88 291
70 464
10 482
35 342
13 500
62 498
67 288
49 469
85 246
26 271
63 476
63 269
23 363
37 308
92 327
89 248
75 225
80 337
37 278
52 330
81 412
49 313
56 249
63 306
46 272
34 260
55 338
59 334
14 425
26 388
13 361
91 419
79 346
17 393
38 483
62 450
79 248
73 240
52 292
27 342
31 423
49 309
92 481
24 209
100 384
17 406
99 231
45 380
31 329
63 499
27 494
85 404
79 459
46 289
99 239
34 363
30 231
22 471
87 415
71 366
30 275
53 241
40 294
77 381
56 340
37 432
54 326
85 274
31 228
70 283
46 492
12 479
47 366
41 485
67 378
74 277
44 269
33 207
30 437
51 484
92 215
65 359
52 500
86 323
69 494
56 243
29 300
50 407
52 369
54 496
47 439
22 397
60 339
34 268
61 240
35 300
16 467
52 294
92 239
48 442
62 271
81 417
68 405
11 234
65 412
81 217
35 500
62 256
92 266
44 311
24 376
59 259
21 218
95 205
54 468
25 239
89 380
50 256
79 477
65 255
96 218
25 488
93 435
31 254
63 265
90 204
50 475
23 481
65 314
63 250
13 381
41 217
90 444
48 243
86 313
29 257
66 320
28 297
75 486
95 454
31 415
31 441
12 471
32 331
70 356
39 315
43 368
28 246
14 355
54 481
87 287
33 247
34 480
63 360
54 394
53 464
58 221
99 447
36 223
82 225
86 356
68 364
44 372
13 284
16 348
91 444
47 500
98 239
28 233
33 341
70 463
26 434
13 356
42 373
25 355
88 206
87 387
82 484
96 428
85 483
59 229
57 459
15 315
30 354
67 347
75 423
46 497
71 440
31 435
42 230
79 460
100 499
38 254
12 353
46 447
88 206
42 460
54 351
14 361
50 321
81 448
24 214
68 349
29 296
51 215
52 221
97 261
11 270
49 400
21 496
72 457
43 470
23 364
14 389
24 223
15 482
32 202
75 364
31 348
96 282
71 486
54 236
53 221
19 260
23 427
94 414
100 455
51 499
76 402
95 292
26 295
49 344
100 418
54 295
34 367
92 378
14 430
79 296
54 469
28 269
35 360
68 426
64 315
47 382
44 209
84 390
21 395
24 299
99 390
94 327
89 220
44 357
46 316
66 350
27 258
37 377
22 352
39 431
31 476
69 433
88 484
42 487
74 254
35 491
78 429
21 449
66 219
75 348
48 207
19 419
41 316
33 432
58 297
82 434
92 423
61 456
56 438
41 234
48 477
73 334
48 291
99 251
56 286
33 446
67 296
75 307
95 307
67 379
59 299
85 426
16 428
47 326
37 271
99 203
61 334
72 350
72 267
30 433
60 250
37 395
65 390
41 206
62 438
65 401
10 446
41 457
48 456
85 436
73 341
68 223
71 424
49 297
25 274
76 292
38 357
19 368
30 437
15 492
48 258
19 309
73 467
71 275
82 246
50 449
56 349
94 310
26 293
22 212
65 385
70 390
54 240
12 486
83 432
19 249
41 267
49 393
68 322
78 405
28 428
56 453
51 222
54 247
46 418
62 382
53 261
20 492
27 278
88 227
84 353
46 399
24 333
28 352
95 207
48 221
40 308
13 359
60 236
11 345
76 363
23 405
64 496
42 424
63 271
43 233
79 426
24 242
64 421
54 412
55 400
51 261
12 408
65 237
64 224
21 296
99 306
20 210
74 295
97 324
88 283
37 489
73 487
75 465
47 322
65 233
74 310
76 429
22 413
38 410
77 495
68 223
90 405
37 350
47 365
90 264
27 229
54 354
31 481
42 321
10 496
22 222
65 347
13 220
44 314
69 446
60 334
49 357
85 400
12 488
26 380
72 462
35 252
49 374
61 384
77 284
95 298
15 382
93 206
16 454
67 280
64 327
82 266
29 454
95 389
13 429
94 442
71 427
17 456
37 425
72 494
100 467
72 263
42 435
23 499
53 288
78 486
24 493
72 296
79 415
28 285
41 202
20 484
93 418
38 428
12 476
12 248
29 411
16 488
91 228
63 483
26 212
13 480
16 417
37 349
41 210
83 425
83 358
91 340
75 494
20 316
82 386
42 308
49 375
24 392
30 229
35 469
88 291
94 445
13 422
58 288
55 477
33 343
88 318
65 360
95 397
92 228
13 238
39 277
34 380
98 265
48 292
18 298
24 328
46 339
12 285
42 431
34 338
48 295
41 454
90 466
58 328
65 382
31 228
84 228
10 428
64 215
67 474
91 351
53 305
79 301
83 264
66 350
38 254
45 257
86 348
21 307
33 415
58 292
86 447
63 301
75 312
88 291
68 328
40 336
30 330
29 271
83 418
37 245
68 315
43 428
23 223
87 389
46 222
54 330
38 249
71 241
87 446
62 345
53 223
28 455
26 367
94 446
49 345
73 255
18 242
61 322
76 467
31 452
99 440
96 305
45 462
19 248
42 429
92 429
79 373
75 203
21 307
57 272
88 388
84 310
88 208
82 393
99 391
91 361
95 376
12 268
70 262
77 443
46 208
49 391
41 453
74 319
82 291
29 358
13 468
83 307
10 349
71 399
83 294
75 370
10 475
32 204
52 253
34 226
30 216
67 341
51 209
67 375
77 299
55 479
51 450
88 491
17 484
66 339
72 398
84 445
34 345
59 409
68 294
27 358
20 500
12 426
40 356
46 259
17 282
13 420
45 220
63 330
11 299
60 230
76 325
63 317
12 374
38 316
58 359
75 477
93 370
82 316
99 452
57 379
73 310
27 264
14 457
77 284
24 261
42 450
70 238
52 355
70 491
59 278
36 292
12 406
10 405
68 386
65 295
31 389
38 260
25 434
81 246
47 471
28 480
48 494
37 437
76 328
34 467
41 225
59 409
58 420
43 401
38 419
94 268
52 299
61 459
63 243
22 449
91 312
43 333
44 394
99 300
47 445
61 325
99 224
37 298
49 296
36 498
31 393
36 219
51 241
94 474
83 483
67 497
62 247
27 246
50 347
32 361
65 312
27 460
19 469
37 228
40 206
34 477
45 490
52 391
11 423
53 212
68 484
19 347
90 338
79 420
69 439
25 226
100 215
14 335
66 243
66 497
57 286
20 398
68 366
41 203
61 350
52 342
19 225
10 312
13 331
91 297
42 261
23 217
64 309
13 259
21 413
79 300
77 426
22 473
14 234
66 227
53 442
100 466
31 307
78 227
79 257
23 406
37 397
15 394
16 224
37 256
96 406
48 385
21 353
69 270
30 283
97 469
95 467
53 440
95 409
66 409
52 240
10 284
69 487
88 392
41 329
56 345
47 252
24 264
72 337
90 490
70 380
28 393
44 238
96 317
55 247
82 413
95 238
39 424
67 372
38 433
95 462
51 485
42 257
15 368
11 280
58 313
43 463
52 204
10 286
85 397
26 245
52 268
64 203
36 257
61 256
46 274
66 467
12 480
15 204
64 417
65 352
96 442
51 433
54 263
11 466
97 249
58 217
91 294
83 258
59 294
45 240
51 229
82 375
61 479
77 254
20 361
89 322
55 219
70 447
45 471
90 492
52 371
43 235
76 428
59 465
75 306
83 389
94 409
85 294
67 340
31 230
55 203
46 201
67 304
98 254
40 257
96 492
51 454
23 240
33 270
67 403
29 407
76 461
29 253
84 451
74 352
81 343
42 281
27 326
49 240
63 408
28 325
23 372
13 376
11 408
62 315
88 270
34 300
21 286
40 234
19 495
26 217
86 490
70 430
19 382
44 395
50 414
47 439
10 246
52 448
93 458
86 463
49 233
60 207
43 262
71 357
56 326
42 292
99 320
61 381
36 339
97 241
73 243
55 287
100 242
91 441
64 246
89 476
12 312
42 348
91 424
50 329
54 277
95 263
100 340
23 348
66 468
81 481
33 317
64 498
86 251
42 256
84 489
32 325
32 414
47 373
30 427
39 284
32 320
26 299
96 240
74 388
29 336
53 417
43 334
39 261
78 251
84 380
54 298
63 238
33 376
69 246
50 362
81 204
85 428
19 392
52 500
96 425
54 295
78 236
35 205
31 262
40 364
81 244
37 293
77 372
60 444
29 221
96 498
88 486
59 278
24 342
97 304
90 361
74 408
53 327
36 444
66 418
42 478
66 467
97 495
45 489
40 205
73 441
27 485
70 377
21 252
40 237
19 233
75 203
12 243
99 252
92 417
20 492
64 382
18 363
35 495
70 262
33 361
55 401
57 378
43 305
61 494
92 235
56 489
69 417
84 318
50 468
85 389
24 276
53 315
62 395
55 290
98 457
81 357
45 494
29 332
21 415
13 338
66 301
32 387
34 306
18 436
43 388
50 431
95 343
59 352
35 253
95 392
99 341
37 265
12 233
74 330
89 421
80 244
53 242
58 489
71 335
67 320
60 447
41 435
26 244
10 225
57 227
36 257
32 364
51 400
72 418
65 492
18 395
30 360
100 417
54 234
45 471
92 222
43 353
11 404
22 493
27 444
22 295
78 286
70 221
32 254
97 414
55 277
85 230
82 495
71 484
17 498
99 331
63 217
85 426
18 329
83 299
83 386
42 222
93 251
43 356
98 432
65 248
61 326
81 344
87 225
31 297
19 429
19 441
41 309
53 368
53 232
38 461
83 310
50 237
35 425
54 364
38 411
38 313
21 440
85 255
77 484
17 387
51 479
75 307
73 392
85 425
69 340
69 490
100 316
43 208
54 369
74 345
22 482
34 215
73 314
84 285
23 321
52 407
71 497
100 286
60 387
76 261
60 293
86 374
15 277
10 399
86 401
58 425
38 400
30 202
90 408
67 208
58 207
83 278
88 328
78 392
30 272
28 440
88 452
93 222
12 394
69 323
29 363
86 426
98 436
74 225
36 464
69 321
48 398
82 424
88 461
35 439
13 466
50 346
37 440
10 293
51 488
81 377
12 412
80 362
90 480
13 389
47 318
80 312
78 358
37 440
20 248
35 300
86 204
31 277
34 212
15 226
17 235
62 248
15 455
74 243
11 444
37 223
12 391
51 477
30 268
98 315
20 243
71 227
78 259
72 441
40 425
93 470
26 370
20 305
12 326
80 405
78 229
69 281
39 212
77 417
14 422
16 346
23 396
74 462
86 428
55 425
76 369
26 459
18 310
77 210
37 362
40 456
79 344
10 260
35 242
83 386
68 458
71 378
84 304
34 206
80 490
85 281
96 223
10 296
53 252
77 218
86 221
47 254
87 408
34 369
78 239
68 312
60 485
42 249
72 226
11 268
61 436
24 323
12 287
23 291
55 475
89 202
78 482
95 259
91 268
38 237
89 431
30 202
33 287
44 203
82 256
64 278
48 370
15 399
18 269
23 245
90 498
57 437
54 201
30 267
86 372
83 274
17 403
39 417
81 277
52 201
73 390
75 273
63 378
24 415
25 360
88 388
93 456
34 234
48 269
61 424
29 406
25 443
62 224
83 496
27 477
58 384
20 474
64 376
65 327
45 497
69 500
11 292
30 459
23 310
97 377
55 367
70 481
68 288
78 417
27 204
93 229
11 209
60 293
39 304
96 373
75 355
60 434
95 225
66 422
10 318
99 215
95 279
42 294
53 399
66 349
68 302
98 239
78 280
87 343
52 451
44 433
63 286
56 401
90 457
82 293
91 420
62 208
12 254
46 264
13 210
79 305
77 240
39 271
50 426
61 453
61 380
71 432
51 400
87 476
92 454
83 329
49 377
29 270
39 388
59 333
85 496
67 358
30 230
15 305
38 293
78 282
77 291
28 336
65 243
74 295
36 329
55 267
54 459
79 335
94 369
42 443
82 303
92 350
20 479
88 488
79 411
53 493
67 231
35 492
39 338
95 219
18 358
57 371
78 271
62 412
80 371
65 254
18 404
80 204
16 307
84 403
49 210
94 469
61 422
91 265
44 446
71 476
51 219
30 420
16 300
15 230
92 435
27 393
80 386
45 470
82 288
87 461
71 414
90 289
25 338
91 345
44 338
27 285
42 416
30 447
83 285
14 385
22 460
37 256
82 373
40 288
70 244
10 259
60 375
42 294
86 452
50 495
47 457
68 446
68 233
98 235
41 268
77 486
50 446
99 322
92 466
48 228
18 305
72 469
91 334
23 392
89 348
58 273
47 364
86 375
31 309
17 362
11 329
68 303
51 339
35 291
58 233
20 212
74 254
51 216
48 441
56 372
45 493
80 342
10 412
50 451
10 375
46 296
41 409
69 476
33 273
79 500
84 285
100 342
34 442
92 477
32 465
