10000 500 200 500 10 100
83 398
78 436
80 287
52 468
20 347
67 420
82 430
31 208
31 476
51 241
33 375
19 308
25 430
33 278
58 236
53 445
20 322
56 487
33 490
19 419
50 309
60 399
20 339
19 311
78 469
11 222
40 264
43 266
12 315
55 264
79 285
54 433
82 286
42 213
23 322
29 260
43 469
12 367
22 264
84 421
34 279
18 273
21 420
35 234
71 381
74 284
41 204
92 271
44 385
98 214
91 415
74 284
58 431
40 439
13 378
41 477
25 500
54 498
90 338
13 352
22 228
63 384
20 402
46 221
57 489
11 492
23 207
88 235
68 476
21 434
57 282
62 207
54 409
62 399
11 435
21 414
58 436
84 444
45 251
22 322
80 450
56 393
14 339
80 345
60 351
60 366
97 386
96 414
43 276
48 240
38 312
76 422
49 500
53 282
96 330
39 239
95 468
30 436
81 309
51 318
54 256
63 291
75 204
55 486
68 215
16 239
68 377
81 272
94 325
54 376
15 207
26 383
84 296
80 229
100 296
57 262
85 229
57 293
31 256
30 262
74 202
85 245
71 460
65 255
15 421
70 439
17 244
38 352
86 337
17 494
91 478
92 483
36 307
34 439
30 303
100 333
98 450
52 435
11 445
12 444
78 319
82 492
76 350
38 452
43 223
100 317
25 398
99 356
55 323
25 318
56 494
86 431
61 278
38 353
97 252
32 286
66 325
75 432
93 420
56 410
64 225
59 292
62 274
46 378
59 491
62 272
38 344
21 377
37 265
51 344
42 223
60 387
57 406
56 271
53 400
38 467
73 206
11 247
60 455
58 426
99 318
76 328
19 399
79 282
52 432
32 231
18 254
46 200
32 435
68 483
57 251
44 209
99 457
17 235
82 430
83 204
37 408
87 407
62 285
45 220
47 364
51 369
11 418
91 275
96 440
61 437
16 457
88 395
93 349
25 472
76 339
34 223
72 256
65 252
38 368
54 255
29 272
46 348
99 491
16 240
47 380
62 318
78 269
74 447
61 391
61 445
12 343
19 476
21 347
24 439
37 498
77 496
26 265
94 457
12 415
34 435
84 372
19 379
14 214
48 308
89 442
18 436
100 419
82 434
54 336
59 280
27 213
54 351
10 317
74 335
63 202
15 274
100 271
61 214
60 477
32 492
60 273
93 452
74 235
69 257
33 456
62 453
15 311
47 497
69 359
72 358
72 299
31 435
91 232
93 354
43 469
52 375
72 470
68 484
34 410
63 273
70 276
62 283
47 277
98 212
73 360
92 497
99 200
33 226
58 277
55 439
93 475
10 287
57 338
63 398
21 209
39 362
57 446
73 421
52 474
64 307
92 201
23 490
67 432
95 432
24 396
69 253
100 381
34 264
53 309
37 466
65 331
99 352
19 471
70 448
57 404
40 475
41 306
54 304
15 428
76 245
50 303
89 393
83 337
59 401
99 316
53 213
15 443
39 372
92 387
93 254
31 322
49 444
55 390
76 414
57 481
42 339
11 455
100 466
97 335
73 437
43 431
22 297
46 264
43 234
12 486
75 491
75 214
11 484
86 380
43 470
82 253
38 342
59 238
30 498
48 321
68 274
88 333
46 424
84 237
23 297
68 393
35 227
27 370
24 310
12 356
98 308
49 337
30 314
80 405
70 499
59 245
62 276
70 290
32 224
94 304
55 247
49 307
19 403
15 284
31 425
98 292
55 246
16 432
98 202
78 421
67 311
58 471
35 344
43 336
34 336
18 388
51 437
59 457
76 370
48 352
35 327
41 275
99 271
55 432
50 242
79 473
76 318
89 240
54 402
75 228
21 317
19 370
57 309
77 342
86 214
100 221
76 285
54 413
42 201
32 379
49 445
52 397
37 492
42 424
78 262
75 431
17 266
15 331
15 273
13 251
59 314
28 378
98 266
62 255
88 383
37 260
48 483
68 288
35 292
73 367
70 362
19 432
86 295
58 200
59 433
99 405
27 221
95 447
51 270
16 253
94 334
82 479
76 469
33 239
12 278
31 364
61 402
12 265
54 306
53 264
20 214
73 234
30 450
15 220
77 381
64 422
56 286
27 228
85 466
86 213
10 424
21 330
100 370
60 220
73 409
72 412
17 202
92 407
28 325
99 420
18 451
81 418
61 490
12 239
11 464
48 346
21 327
62 410
36 371
81 421
24 413
62 452
50 228
21 264
50 286
79 257
89 274
93 221
19 370
10 418
99 211
22 469
61 489
84 284
49 457
11 338
69 337
47 233
70 397
39 417
86 480
85 417
29 397
77 216
34 346
67 349
42 395
96 393
70 395
96 442
96 482
35 469
23 317
36 331
48 498
19 344
90 419
97 480
87 346
64 331
67 378
97 246
26 247
54 406
87 416
58 491
99 375
62 414
19 308
22 404
70 240
80 480
79 207
30 222
66 353
39 294
31 283
47 202
43 279
87 419
56 203
27 290
27 265
83 318
30 497
46 376
80 469
48 444
72 213
22 277
69 269
76 295
93 461
54 380
29 454
71 382
38 405
82 334
30 425
62 241
59 373
39 356
40 471
49 265
24 215
92 299
29 412
91 283
96 492
10 309
92 459
89 351
76 413
91 281
34 335
99 207
13 489
38 246
30 413
61 392
56 352
45 410
35 384
50 384
86 353
44 218
39 433
22 474
92 302
64 483
18 326
26 343
53 251
71 221
48 450
34 340
36 352
86 364
20 440
81 309
93 490
90 403
100 445
90 216
69 380
71 332
68 386
15 268
20 313
10 350
61 452
15 364
57 387
11 288
80 474
26 368
60 423
57 283
72 396
13 262
15 496
70 479
40 368
47 216
14 234
100 494
88 204
68 237
22 232
28 217
68 422
26 367
13 355
93 410
35 396
68 224
87 314
67 471
66 448
68 362
67 251
51 416
88 461
52 396
95 477
54 449
67 497
42 441
60 413
62 351
85 220
25 500
75 275
88 265
48 354
27 203
75 230
22 410
94 321
79 434
87 468
50 445
20 395
40 264
71 433
18 416
76 488
79 236
32 282
97 285
75 427
92 290
99 406
29 397
47 254
43 272
10 461
94 384
83 299
98 412
79 311
24 434
56 389
20 309
76 470
29 305
30 381
17 301
41 293
74 210
50 226
65 267
16 248
24 241
44 347
58 328
44 428
84 204
45 481
85 236
11 406
24 294
78 485
67 270
74 241
12 375
63 261
82 453
78 393
75 354
34 345
89 396
21 494
74 337
29 412
30 373
79 213
69 353
29 209
81 225
28 351
33 267
13 290
13 470
64 412
57 421
28 255
72 226
33 465
12 471
20 236
36 495
29 208
62 395
83 418
58 268
80 268
99 430
49 252
64 290
97 473
70 418
72 275
71 474
93 256
65 417
58 236
19 489
12 405
42 261
67 252
66 341
87 362
83 378
82 419
17 327
74 428
73 265
34 438
57 492
69 432
47 484
66 216
57 461
80 356
69 494
58 249
100 427
51 302
50 223
28 221
82 259
51 294
53 349
88 363
18 424
21 498
36 210
64 379
98 334
51 442
98 341
91 359
96 350
42 372
82 380
19 423
68 239
16 264
88 497
20 228
13 420
14 327
62 388
38 350
29 388
80 297
40 480
39 244
65 314
88 401
84 257
62 434
19 339
62 434
25 322
56 204
20 335
74 370
83 485
49 493
97 208
81 400
51 443
79 214
44 309
69 450
25 238
32 361
53 278
47 412
35 454
50 340
54 446
72 311
42 478
91 250
55 291
65 371
97 342
28 490
25 249
75 465
35 270
81 364
97 266
99 497
20 389
30 257
79 294
16 462
28 371
48 455
30 410
32 496
62 460
74 350
54 372
70 495
98 337
73 289
31 331
79 372
36 320
22 252
17 246
24 435
79 225
99 379
28 413
42 386
87 257
57 330
71 350
36 320
30 432
42 288
88 393
100 481
36 388
82 377
93 247
31 300
21 399
87 457
12 251
74 433
14 378
84 435
64 285
24 361
35 413
52 477
30 357
90 318
25 440
52 429
29 255
59 207
56 406
34 214
81 204
64 463
81 408
77 256
74 452
83 407
10 315
38 418
93 239
93 467
14 480
42 414
70 321
64 387
90 283
91 432
48 246
18 368
18 240
27 294
39 291
60 253
13 334
76 327
68 405
13 300
65 437
59 317
53 383
67 483
64 303
66 203
27 206
47 201
22 244
33 436
80 246
97 491
34 358
79 451
39 309
81 396
98 212
44 201
15 415
83 310
74 348
87 265
76 434
97 299
14 311
18 211
67 422
31 384
39 216
100 239
99 333
41 269
73 347
99 490
93 203
26 228
47 311
75 404
54 308
81 420
17 486
96 475
57 381
82 384
80 442
34 472
78 308
90 318
94 260
99 465
86 305
16 313
82 234
62 409
68 468
46 211
84 259
66 309
21 242
97 286
45 314
85 458
85 497
80 325
42 281
28 218
57 481
67 250
31 296
80 307
77 235
81 465
74 451
17 433
47 465
39 427
87 475
58 450
68 357
66 477
32 211
44 272
34 274
87 457
45 229
24 382
99 279
88 257
95 318
57 222
61 407
77 310
81 480
35 301
79 481
65 223
92 471
60 485
25 367
51 313
66 402
88 360
22 240
89 209
33 305
12 339
49 328
48 290
67 406
84 394
80 317
62 378
100 462
67 230
21 450
91 424
35 237
57 331
16 398
17 333
44 271
76 412
52 369
82 456
12 241
70 410
67 215
33 394
60 297
98 203
97 217
64 398
29 459
32 229
18 267
64 257
12 283
15 487
70 319
79 425
53 240
72 467
86 319
93 481
48 233
32 412
96 309
29 253
76 485
13 323
97 343
54 339
77 247
69 326
100 466
36 424
11 282
79 209
18 500
49 266
41 372
54 232
37 485
14 499
40 266
14 471
91 450
89 283
70 384
31 210
21 358
38 303
17 324
26 290
95 250
35 254
17 232
25 353
68 218
64 436
90 421
87 391
25 464
64 214
49 281
72 394
95 409
89 276
70 206
44 254
88 371
52 378
10 292
92 318
49 279
28 344
77 408
89 216
97 458
95 366
54 205
21 324
28 455
13 395
68 465
68 468
15 455
12 488
94 273
36 306
13 308
51 300
21 382
35 234
99 296
32 224
11 410
53 464
97 498
34 274
93 205
73 246
83 335
29 405
32 236
89 208
62 307
69 207
86 374
61 226
40 391
52 470
80 348
78 363
14 490
94 256
21 377
21 303
94 233
86 369
12 417
68 312
31 435
18 212
47 309
17 425
15 489
34 499
71 276
24 482
31 497
36 408
90 288
52 333
95 468
26 288
28 328
42 407
74 468
73 217
35 306
13 226
18 285
43 430
93 284
55 324
28 346
18 402
44 492
17 453
14 486
16 291
71 339
89 222
14 316
71 333
20 430
87 215
64 230
61 324
40 203
87 343
12 379
82 482
18 279
39 278
39 373
62 326
46 316
60 268
27 336
96 302
20 407
72 229
28 410
48 200
55 449
32 210
83 388
95 447
20 324
67 480
85 342
66 407
31 351
50 339
63 222
92 450
44 457
64 315
13 230
37 227
90 458
69 306
27 479
26 209
12 225
93 447
65 492
33 325
91 226
14 277
72 304
42 376
77 455
48 376
24 254
91 413
89 441
39 255
39 469
59 369
55 202
45 309
26 418
23 285
58 297
22 390
40 287
52 410
67 255
12 476
28 489
48 270
16 304
38 246
86 338
94 214
55 480
67 334
24 457
40 289
24 479
55 403
22 244
24 257
49 347
24 307
73 319
37 462
93 400
41 445
15 322
34 378
26 481
84 499
88 328
12 388
28 215
19 322
70 301
74 258
12 360
93 430
66 441
17 351
12 297
52 327
90 401
85 419
85 364
100 216
82 402
74 248
38 444
94 427
69 498
69 339
71 247
100 285
99 409
48 277
72 480
34 323
84 307
84 460
77 356
93 362
10 381
20 424
11 478
89 216
88 482
95 280
35 424
86 466
64 249
50 286
77 345
50 307
83 348
81 321
69 242
70 460
93 341
77 395
11 381
81 241
76 265
47 391
32 436
51 320
19 297
75 463
65 463
63 241
65 336
60 212
70 243
73 500
64 253
20 401
68 304
16 244
29 462
61 307
39 491
53 332
55 481
51 428
60 313
75 203
100 478
65 224
17 386
86 303
41 315
52 270
12 394
96 487
66 499
89 202
37 418
60 225
23 377
18 291
67 268
13 285
71 207
89 266
23 231
29 229
86 321
15 464
83 363
36 268
36 441
97 299
20 302
99 456
19 424
76 367
53 238
41 486
10 211
71 337
57 318
67 287
61 415
85 352
90 399
45 336
89 440
42 397
50 406
11 419
47 347
88 218
56 488
29 379
11 204
33 439
43 331
18 460
79 226
53 220
12 481
11 213
45 490
16 359
74 210
60 474
85 313
26 440
29 445
13 247
51 232
96 471
79 461
94 306
59 491
43 361
51 432
70 339
40 233
88 264
47 224
40 350
85 479
79 335
17 306
51 321
71 317
59 201
13 471
61 213
16 383
40 380
54 247
97 484
93 414
51 273
86 234
41 474
91 461
91 334
18 440
36 406
40 445
83 232
55 413
76 273
53 419
71 308
32 420
43 496
69 289
33 419
82 440
40 234
38 451
86 416
24 271
25 345
24 376
14 379
57 371
29 282
12 353
59 453
74 483
65 304
39 414
49 292
52 364
45 452
63 494
80 352
60 387
86 229
56 271
42 299
87 258
66 480
30 221
76 382
70 278
36 473
81 407
36 294
18 391
66 232
73 310
11 347
94 278
59 457
94 433
68 489
31 387
48 249
65 297
99 360
70 315
50 265
64 345
36 440
28 302
96 318
91 253
76 358
47 489
49 378
41 319
90 310
57 231
66 311
13 239
100 402
53 200
77 223
42 274
95 279
95 383
13 236
13 260
86 465
66 458
98 419
59 406
21 430
41 336
44 464
96 410
71 429
45 280
71 454
13 364
91 479
71 379
100 432
36 307
25 437
37 437
52 238
26 332
17 478
95 458
56 241
47 203
91 424
27 371
77 335
79 309
81 229
24 225
23 325
29 204
97 345
68 365
95 481
65 300
95 311
16 296
65 322
84 271
89 280
15 373
47 374
86 426
87 418
24 211
67 283
55 252
15 405
28 261
22 260
28 292
59 317
74 474
94 386
32 434
74 334
64 330
38 236
55 309
66 457
40 446
29 234
12 366
60 313
51 274
29 487
43 495
19 203
18 491
81 410
11 305
84 480
82 200
68 440
52 420
21 277
73 385
67 312
82 200
21 427
90 248
17 389
35 465
55 459
45 231
90 379
43 361
29 270
11 324
67 317
37 355
35 408
72 206
91 239
73 395
92 229
95 327
64 485
41 259
79 495
98 208
39 375
58 431
71 479
99 354
11 297
14 440
51 498
46 474
45 350
42 451
50 310
88 245
73 266
21 435
58 344
36 332
65 261
62 414
96 316
62 285
11 224
50 367
59 368
83 206
20 458
47 345
67 432
26 260
16 444
61 207
63 336
68 256
33 351
16 387
42 435
78 329
52 394
48 379
67 233
21 227
98 490
91 207
47 210
20 368
99 460
34 492
20 361
42 443
74 364
78 428
71 448
65 455
36 450
39 300
86 366
88 423
63 448
63 224
11 395
15 361
97 414
78 348
84 246
66 235
21 317
79 406
52 468
57 252
99 392
51 298
91 377
29 361
33 348
52 231
18 476
51 345
87 392
38 414
91 232
81 297
54 361
10 261
19 312
54 393
98 415
18 460
33 409
94 365
36 405
97 247
18 436
67 468
28 283
82 213
69 228
92 364
37 211
35 415
12 488
71 225
37 246
13 444
32 255
32 460
58 403
57 237
29 348
78 414
88 284
36 445
74 436
33 399
19 432
10 218
54 370
38 219
12 479
57 320
55 470
84 442
23 235
86 459
33 433
97 212
22 497
67 278
13 214
51 327
28 240
50 262
22 288
69 275
36 494
49 248
74 374
63 283
42 417
46 491
66 311
76 265
81 408
27 489
12 218
96 265
19 360
18 418
77 359
99 463
18 235
100 264
50 398
31 267
65 287
10 362
62 458
61 455
35 219
26 486
100 458
20 245
75 276
56 463
58 302
71 236
73 282
10 496
49 345
58 242
52 217
33 228
88 280
46 238
80 273
12 286
92 472
14 245
57 492
33 432
31 279
87 431
27 466
16 289
35 387
33 441
76 435
80 328
57 350
93 263
59 287
69 403
34 429
69 256
86 354
66 462
49 354
10 243
56 268
48 379
88 362
57 308
44 237
43 260
33 251
44 310
48 370
85 347
92 358
70 416
61 288
47 394
42 218
45 460
71 467
32 440
34 407
38 323
86 433
76 280
23 404
53 221
38 300
87 269
97 469
59 419
99 311
74 397
61 447
82 263
19 443
97 441
45 499
65 294
21 396
93 263
66 463
86 220
36 401
39 220
45 473
98 374
10 450
74 310
97 426
46 208
21 273
12 468
83 461
94 402
77 333
28 354
86 498
89 358
39 412
24 266
31 215
17 365
46 460
46 311
52 246
11 452
40 216
35 341
50 429
16 282
69 405
58 357
92 207
45 248
80 291
58 201
71 452
32 220
62 290
12 495
67 399
83 406
33 365
19 341
91 487
89 304
13 256
66 241
99 374
79 431
23 301
41 220
55 247
54 413
49 270
74 372
22 352
66 282
28 471
71 259
17 243
30 296
75 222
32 260
12 324
67 361
91 321
64 478
25 269
16 403
27 296
32 205
53 500
92 363
27 357
42 376
38 483
62 397
64 258
39 351
47 397
46 307
57 240
91 283
16 372
52 397
93 209
80 314
26 388
33 429
86 296
30 394
44 276
80 482
65 247
28 416
30 242
57 359
63 205
66 391
97 376
19 243
46 438
51 293
59 231
95 319
57 274
21 303
60 302
52 384
25 417
80 440
87 219
39 490
36 489
89 300
13 467
38 449
49 398
64 479
70 211
95 204
89 258
71 385
76 392
26 408
46 265
53 466
49 395
52 258
77 335
61 447
91 450
45 405
30 334
90 224
73 379
70 379
16 336
63 496
16 480
90 234
38 450
54 330
77 405
14 426
35 445
13 239
16 215
54 440
64 225
44 443
81 442
52 238
98 233
85 202
47 285
72 206
32 487
68 327
75 423
70 379
54 374
79 459
75 311
67 437
83 311
83 438
68 349
66 278
55 358
48 343
41 317
83 426
88 435
25 392
39 203
25 422
21 439
22 415
42 477
41 284
43 429
94 339
64 345
82 459
26 447
64 394
92 401
73 265
50 219
58 391
36 477
78 247
83 391
87 414
33 262
56 404
58 417
30 268
99 358
30 213
48 226
34 317
85 425
35 461
49 287
30 365
19 361
39 377
51 323
34 318
59 486
57 375
29 213
28 363
95 419
59 425
86 232
35 321
98 321
21 248
97 381
37 371
92 274
25 492
98 287
33 281
28 331
26 373
73 348
83 414
100 412
63 460
41 329
72 248
65 310
91 308
77 459
84 482
10 475
64 378
10 231
18 283
84 364
47 455
32 492
78 476
77 457
32 494
45 465
26 485
93 288
40 464
52 469
37 478
39 366
67 454
58 263
39 207
26 391
15 336
21 229
86 483
39 444
22 219
28 467
90 381
63 245
43 500
98 288
73 356
77 280
83 249
31 244
47 468
13 468
11 214
88 312
66 431
58 370
54 464
33 404
12 238
26 437
53 361
68 463
30 377
19 275
50 284
41 431
95 452
92 304
59 293
83 360
95 473
55 424
86 264
99 479
64 423
50 289
55 389
87 499
32 494
94 389
52 290
21 329
69 416
96 405
81 299
95 483
88 243
40 405
44 431
77 359
70 247
69 335
88 450
15 399
67 356
45 219
33 355
18 386
59 231
35 229
98 304
85 350
48 366
20 404
70 336
81 347
67 460
16 216
20 265
26 351
20 400
48 265
17 469
14 223
76 492
75 278
75 263
20 341
38 380
95 372
71 204
37 347
94 451
44 322
18 476
80 334
21 293
41 379
37 300
64 459
37 404
39 284
51 311
40 294
87 367
40 405
26 434
10 234
26 313
77 297
95 278
32 413
38 280
13 330
61 442
48 369
58 472
15 261
44 276
78 222
34 269
41 212
91 427
77 336
39 403
58 328
27 263
55 250
97 280
36 421
78 367
99 265
15 491
88 421
13 328
32 408
90 267
94 349
21 467
51 483
41 317
90 247
42 248
66 421
18 376
87 247
29 379
37 329
15 285
90 334
44 390
99 259
55 410
30 400
80 291
69 443
33 441
31 486
18 486
94 214
41 496
65 352
82 221
11 442
71 480
96 469
30 265
54 275
12 384
95 249
99 305
18 230
38 380
50 432
25 320
63 476
94 406
34 439
90 258
61 232
43 404
81 356
30 477
92 342
26 304
85 484
65 331
63 353
32 428
93 326
25 480
20 313
52 327
83 311
33 330
55 372
70 242
83 401
24 306
39 227
76 382
71 269
69 473
50 473
52 456
55 398
13 298
39 218
63 210
50 259
73 372
14 272
31 356
49 331
77 464
55 322
54 317
63 306
66 210
67 389
61 275
92 300
93 245
35 298
97 397
57 294
71 236
27 432
65 287
16 303
60 370
64 293
39 264
43 475
45 376
66 491
37 398
76 324
41 357
92 346
40 227
59 271
26 254
72 405
59 214
40 289
92 433
39 268
74 479
25 220
88 355
68 255
91 499
61 343
61 250
22 359
16 377
71 290
11 433
31 470
73 451
86 228
71 338
85 278
50 339
16 421
97 207
15 395
87 303
35 361
34 425
55 329
73 399
27 482
21 311
50 476
62 357
11 343
14 299
30 260
65 468
45 280
80 354
65 430
70 410
67 208
54 208
35 385
55 454
16 487
53 214
67 224
100 414
36 264
71 287
20 349
99 203
13 428
60 352
98 263
75 294
40 345
39 358
99 407
70 344
13 274
78 252
80 377
55 414
43 428
79 214
69 403
26 205
18 374
57 385
21 317
33 459
12 480
70 441
100 275
32 228
69 291
89 346
77 246
72 358
77 459
80 499
81 389
70 440
34 259
58 398
10 201
51 236
97 320
30 315
13 461
24 443
15 373
75 417
26 298
17 341
49 395
91 367
100 241
19 494
40 278
33 425
11 446
24 458
47 337
56 358
13 365
40 246
89 390
16 456
13 436
61 442
27 282
35 312
66 313
68 372
28 445
16 419
81 457
26 353
28 448
85 339
95 312
93 298
82 495
51 387
75 247
91 209
17 386
36 402
77 375
85 389
10 320
77 408
75 432
61 318
27 220
77 390
60 239
57 231
30 491
80 413
27 445
14 265
12 390
23 277
87 491
90 281
89 221
30 284
21 499
19 229
26 205
12 499
18 356
72 226
37 346
51 281
38 207
95 420
48 263
89 410
15 411
37 261
97 429
74 231
91 394
62 293
87 429
10 392
93 269
50 379
39 255
37 204
99 255
77 409
93 318
50 269
96 258
18 307
50 322
79 312
82 399
65 363
20 496
26 309
53 371
87 480
20 396
66 386
62 306
72 218
61 362
69 351
52 265
65 356
76 296
86 352
37 373
79 219
31 417
67 383
23 264
19 360
84 494
59 361
33 289
16 423
41 365
94 320
69 481
92 267
17 444
55 470
81 281
99 384
81 215
39 484
35 326
44 490
39 339
70 318
22 427
100 328
32 262
53 421
67 372
89 218
37 304
35 331
29 375
73 333
68 479
56 318
66 409
64 322
82 355
56 425
27 429
64 322
64 398
93 484
67 479
21 334
77 438
65 367
49 377
58 351
55 213
63 307
20 224
14 419
67 318
49 409
32 293
49 487
35 472
70 260
76 420
49 432
43 206
65 369
57 496
51 437
44 488
21 329
84 370
100 339
92 289
88 484
68 227
63 373
31 338
11 348
66 475
67 364
70 275
43 312
98 200
81 477
88 490
86 448
87 252
74 296
87 283
55 473
14 397
65 207
93 426
49 291
33 332
56 329
91 386
36 375
36 388
46 323
79 407
10 436
69 255
97 248
15 209
27 347
22 265
61 389
64 408
26 340
32 333
43 345
78 308
27 355
92 320
43 323
47 498
35 434
88 238
41 289
36 402
65 351
56 489
71 355
79 469
60 333
76 362
77 218
78 447
74 415
73 300
56 242
67 494
42 248
29 356
46 478
48 222
20 473
80 317
30 304
85 220
59 285
90 313
67 301
46 426
54 224
11 202
82 220
44 440
22 477
13 407
71 302
22 232
61 389
79 352
12 384
25 328
77 203
14 470
35 399
91 217
76 318
42 387
60 414
88 357
92 372
46 293
21 441
60 498
12 373
71 220
18 420
84 423
53 238
45 425
91 486
20 309
27 411
41 340
81 272
28 412
90 458
34 366
76 228
36 426
39 462
100 406
45 294
86 252
33 419
30 218
19 368
44 354
46 273
83 300
56 440
89 487
64 466
100 245
76 465
34 293
86 366
16 256
70 225
35 490
39 234
70 245
49 285
91 327
95 343
64 401
36 337
12 429
44 488
46 495
91 343
79 328
19 236
76 366
39 442
89 404
56 312
32 276
79 297
96 203
11 228
77 472
82 239
44 417
44 272
90 429
29 448
26 321
52 338
34 444
94 290
66 455
33 244
61 299
27 332
38 230
32 456
73 225
47 300
84 421
12 251
69 485
94 303
76 381
41 240
96 470
38 369
90 482
12 404
80 203
23 231
10 396
76 485
66 431
42 210
20 405
38 449
45 459
28 494
83 442
74 361
46 262
93 284
81 391
93 472
40 222
31 378
67 490
67 488
35 447
35 470
23 208
79 240
48 368
33 203
18 466
63 418
25 291
59 469
13 438
19 325
19 443
37 277
53 365
63 500
74 210
77 360
68 284
99 434
14 332
91 408
45 448
46 222
98 276
73 419
46 380
98 424
38 496
49 203
45 264
21 369
52 369
96 242
60 378
80 303
42 260
94 204
22 286
53 496
89 466
37 376
60 406
43 469
21 299
31 209
46 373
28 336
11 305
25 393
34 251
42 390
64 457
59 268
29 369
11 404
81 375
95 429
79 328
82 380
36 216
64 438
62 415
78 328
59 400
78 451
87 467
65 461
99 483
96 414
78 439
51 434
52 346
52 241
91 458
74 249
52 207
15 311
73 209
84 441
38 410
30 258
34 480
81 247
61 395
30 210
36 226
13 345
70 205
61 245
41 255
94 386
25 229
13 485
45 334
72 397
11 214
51 317
39 321
75 354
98 222
45 299
28 258
64 371
56 279
65 424
12 408
86 346
20 204
69 476
40 404
44 229
49 224
84 310
16 409
85 311
15 278
53 429
30 251
75 297
30 362
79 312
51 279
14 206
17 487
86 268
30 251
41 206
14 342
11 319
35 229
40 379
69 487
81 341
52 305
82 266
48 459
59 486
41 285
30 468
52 371
48 360
90 282
59 345
20 431
31 423
62 241
93 216
98 358
90 214
82 244
38 329
47 357
89 438
12 255
80 412
79 390
44 496
78 335
24 344
69 451
50 424
60 316
68 469
69 497
22 387
81 462
87 493
91 278
22 209
47 233
65 407
91 339
46 343
17 440
72 438
59 201
22 331
18 500
82 291
90 230
44 236
99 391
14 260
58 305
99 251
35 389
37 209
78 257
46 451
14 287
77 285
30 498
35 406
32 464
31 442
27 322
99 435
11 404
31 482
83 213
35 296
100 338
87 378
52 356
79 341
94 414
73 481
61 290
68 307
30 230
22 446
71 476
26 364
77 324
12 286
30 226
83 437
52 387
22 208
18 290
13 435
63 474
79 313
90 500
60 215
52 418
75 330
46 290
12 470
92 238
88 449
41 286
57 377
56 397
94 413
23 485
65 491
90 462
52 420
43 473
16 389
91 345
61 481
34 462
65 496
30 404
53 212
39 277
61 360
32 224
11 461
14 319
20 415
26 402
91 439
81 219
60 462
77 295
78 447
54 340
80 205
11 284
52 381
86 356
78 284
74 263
52 337
25 343
89 411
94 285
70 367
38 375
63 366
57 218
69 475
36 453
39 250
87 396
31 346
64 421
96 330
58 323
31 263
25 417
67 460
15 221
10 254
19 353
11 314
19 380
30 377
88 467
37 317
57 256
63 311
20 292
64 410
59 357
95 329
21 396
10 474
51 313
78 261
80 346
43 234
66 412
34 307
39 236
81 438
73 337
22 218
56 439
68 292
77 349
96 267
78 459
32 410
22 216
96 486
41 294
44 338
71 278
67 333
46 267
65 305
98 269
17 281
69 500
75 252
38 243
51 342
46 359
50 221
35 472
13 436
90 373
43 221
31 417
77 465
100 374
92 337
72 342
30 451
38 490
40 388
82 270
34 432
16 231
38 201
36 306
23 467
95 409
93 379
18 291
100 309
65 311
86 408
54 210
30 492
64 258
10 430
57 359
79 404
24 211
20 290
11 240
29 245
43 494
38 274
44 466
23 499
46 476
52 478
67 462
34 435
49 297
28 495
75 424
22 243
67 200
93 201
19 340
80 440
86 318
58 367
26 295
45 308
86 469
14 256
76 401
36 296
79 305
73 403
68 437
58 413
34 229
18 478
24 308
12 451
76 380
10 458
47 380
16 443
86 248
92 476
11 389
38 397
51 361
49 471
66 444
59 484
47 497
86 290
35 327
42 230
11 205
56 379
40 202
51 432
36 269
93 398
76 428
34 400
48 292
52 284
70 203
56 458
85 478
86 201
46 487
37 259
22 418
13 327
61 207
85 368
13 466
78 484
61 309
22 381
37 203
28 437
29 232
68 404
31 390
94 262
87 335
69 318
66 457
13 421
42 452
30 439
28 303
41 209
25 255
94 313
17 354
49 463
48 392
20 344
39 469
90 357
33 425
77 304
46 368
31 493
31 211
40 486
65 302
81 226
24 333
32 313
48 338
38 322
95 339
18 210
51 270
12 309
19 290
42 274
76 285
50 475
31 447
100 411
51 353
66 304
17 225
67 474
21 391
58 292
42 210
19 485
27 418
73 475
16 406
98 414
30 264
97 236
82 297
37 207
93 332
68 386
43 478
73 420
28 403
40 295
13 313
59 393
77 323
73 487
89 364
82 468
88 486
23 387
37 399
18 483
22 455
46 287
100 476
25 248
19 467
94 439
20 373
96 207
73 396
70 473
17 342
86 437
83 342
27 308
65 417
55 470
10 356
85 252
80 211
43 408
72 342
64 205
78 427
69 459
43 455
27 331
97 269
46 322
65 239
14 400
52 470
23 275
30 324
69 406
25 326
52 262
55 408
32 381
28 229
90 406
100 469
12 479
73 202
91 397
27 480
75 446
17 313
38 222
12 297
91 222
24 490
68 238
12 301
55 481
61 456
45 213
13 321
19 410
65 491
68 263
58 250
68 316
83 479
56 300
55 465
66 346
96 356
55 300
40 251
45 486
97 314
14 380
44 338
40 457
78 294
98 496
93 477
54 457
24 398
60 379
25 328
19 265
12 358
35 338
27 293
50 314
67 470
40 291
85 233
79 384
84 266
51 421
59 439
14 346
20 382
59 448
97 498
100 340
49 225
21 412
21 450
96 424
32 469
58 476
22 211
86 227
67 488
89 219
84 222
51 211
74 338
45 261
48 370
49 389
87 277
15 412
75 274
93 395
54 299
30 392
40 478
79 338
41 264
75 340
77 471
88 389
97 259
37 341
30 248
31 222
90 227
68 301
54 269
78 243
63 365
81 428
12 303
70 205
43 371
37 352
78 446
40 347
47 439
71 383
97 467
37 261
82 288
67 495
17 307
50 424
42 370
80 213
42 366
58 289
48 313
66 276
63 430
15 461
26 360
30 252
31 448
24 219
14 375
54 342
80 449
98 403
77 314
36 490
81 333
11 415
70 468
23 453
25 311
86 412
57 455
16 497
79 476
97 387
29 427
57 281
98 492
36 391
85 298
10 484
47 407
63 325
85 337
55 418
20 388
41 368
25 293
62 494
85 277
39 368
63 306
28 276
94 381
51 301
17 245
60 358
69 431
77 224
15 208
53 464
79 271
46 489
10 394
51 331
20 260
15 373
83 345
49 413
79 315
16 454
58 246
56 261
59 243
33 493
70 478
42 397
39 236
59 260
94 265
79 351
96 287
39 440
71 422
16 406
48 314
51 295
59 369
40 285
45 340
71 412
56 483
33 264
99 392
78 347
61 464
58 230
20 471
88 431
81 220
47 276
88 394
79 444
65 425
54 423
88 204
31 331
98 392
45 404
16 468
50 490
49 447
78 379
47 389
93 456
76 344
10 243
44 351
63 498
13 415
61 239
10 253
88 355
17 464
57 229
98 206
81 260
58 437
58 318
77 447
77 234
43 254
32 225
72 412
38 380
17 391
65 495
52 487
69 338
91 305
72 279
23 335
51 213
27 476
29 346
13 303
63 410
35 355
77 462
86 406
34 342
20 458
63 439
58 434
74 292
48 393
91 248
69 459
48 497
40 290
43 305
80 471
43 200
60 399
28 342
40 200
91 299
96 218
29 299
38 313
55 389
93 460
53 431
77 396
100 301
76 218
67 328
17 369
77 213
72 488
65 321
11 236
15 343
62 406
12 456
82 231
29 423
56 479
51 358
80 479
56 359
100 313
27 436
75 213
74 249
52 201
10 438
47 488
12 241
95 422
51 259
26 238
12 393
59 232
21 339
56 459
10 208
42 434
25 203
74 290
52 398
80 321
32 277
21 314
24 400
94 462
98 438
89 389
98 414
69 228
93 432
38 500
87 458
19 281
76 278
90 411
62 411
87 260
86 289
73 454
84 359
83 396
92 313
44 324
72 454
61 279
81 289
19 473
22 461
69 405
27 374
86 464
45 347
27 421
86 346
47 322
18 238
13 499
54 449
51 328
49 374
96 486
17 435
14 407
86 462
87 331
48 426
45 267
60 266
67 406
14 311
31 315
33 392
38 399
71 335
18 492
98 383
20 420
17 384
13 410
50 386
58 328
79 284
34 333
18 332
92 461
58 465
89 490
10 339
37 497
60 364
61 431
48 413
42 261
48 425
64 340
52 410
94 370
68 312
23 292
35 491
53 335
43 278
43 208
21 462
85 288
14 441
45 270
70 317
23 349
38 450
22 300
14 355
65 301
50 422
12 308
99 396
74 264
12 215
55 288
39 226
11 201
37 343
65 269
39 250
31 399
71 356
11 308
66 417
64 375
97 303
43 499
37 374
52 421
39 335
71 315
89 333
27 276
72 286
76 384
76 212
85 285
57 229
74 276
51 303
27 233
20 433
58 353
83 294
41 445
60 230
96 488
36 274
65 287
20 307
25 445
54 451
85 437
86 424
76 323
12 413
91 330
69 388
24 350
11 204
42 308
19 252
64 295
29 256
97 384
75 250
78 433
37 307
45 327
36 331
66 455
66 306
52 288
57 215
55 373
37 431
74 452
40 474
44 206
72 326
88 291
68 416
82 274
43 291
34 202
37 351
62 364
99 491
44 348
86 288
68 424
93 450
21 399
31 320
82 350
12 442
55 322
51 363
82 380
16 246
16 325
96 238
52 200
88 339
13 484
92 317
48 343
65 232
69 387
31 344
95 247
73 377
56 391
39 465
60 443
98 352
95 255
51 204
13 418
49 404
28 218
94 207
40 236
42 351
23 289
49 358
86 478
74 456
88 223
87 389
64 328
67 482
93 430
57 388
64 278
83 447
52 209
11 356
51 391
44 367
97 400
89 266
57 259
78 495
44 339
81 497
64 372
18 299
73 412
69 347
24 476
71 235
45 395
11 480
70 346
67 464
81 319
11 321
34 500
71 358
59 448
29 254
70 331
32 268
20 237
85 482
59 355
17 497
81 305
43 284
71 219
70 395
18 277
42 415
13 280
28 313
72 376
38 244
38 418
90 500
30 476
90 467
82 396
36 329
69 337
66 350
69 461
45 342
60 209
36 461
97 279
41 265
55 389
25 411
99 320
48 260
41 289
99 325
33 388
39 383
57 316
49 278
84 227
18 211
77 427
22 275
52 495
58 409
39 348
97 439
41 428
19 213
71 424
86 450
59 240
12 233
35 366
84 381
88 430
68 378
53 211
92 310
13 242
18 286
39 237
86 358
11 422
97 482
66 458
83 354
22 212
83 303
90 447
19 219
38 223
58 482
74 299
39 489
15 260
72 231
15 248
68 210
15 459
42 212
99 372
66 312
63 252
21 461
31 298
45 325
60 275
94 305
96 347
26 465
87 317
62 402
62 283
63 233
84 353
18 355
19 361
19 307
77 281
77 311
13 496
74 398
68 440
13 446
15 245
44 443
34 304
48 426
25 206
69 275
58 455
97 282
52 346
55 427
89 456
79 254
23 371
72 221
72 404
61 398
57 224
87 209
91 332
29 413
51 343
30 447
29 366
83 362
49 366
52 337
39 275
46 220
36 242
86 256
45 407
38 293
96 442
90 207
11 486
18 361
24 305
14 375
18 233
13 331
40 274
12 469
38 257
74 294
19 429
25 495
60 202
100 465
85 287
94 217
62 239
92 299
94 383
72 214
99 409
76 263
83 261
24 331
80 418
38 367
10 475
42 381
22 346
68 370
48 215
100 404
80 463
92 349
12 375
38 260
91 457
18 266
45 303
100 234
37 221
12 316
97 211
14 421
93 291
32 239
13 426
56 310
38 344
56 482
100 270
20 251
14 313
79 392
68 414
26 437
32 327
49 328
79 448
18 395
41 288
28 242
79 275
82 300
75 260
64 386
38 272
27 255
19 204
44 250
92 373
35 250
41 437
96 236
80 375
61 320
61 314
73 324
71 215
99 256
98 403
19 355
53 328
30 309
13 357
93 499
77 243
17 428
92 324
98 313
33 344
63 360
91 295
76 244
96 356
60 284
53 491
45 483
22 349
21 451
83 348
73 434
31 396
30 320
10 274
65 469
38 263
34 273
15 210
97 367
37 366
19 323
79 339
39 424
36 244
33 392
17 222
30 482
39 436
31 336
84 432
80 325
66 331
58 252
66 413
88 354
64 319
37 384
31 482
49 394
33 380
28 316
31 361
48 218
15 348
53 204
18 357
65 474
35 426
99 226
29 393
47 366
64 306
95 367
20 254
96 211
32 245
90 234
62 425
13 400
60 356
20 302
78 483
97 398
50 249
19 444
98 201
32 301
47 256
100 293
23 427
16 495
71 432
89 326
50 230
54 378
10 430
31 245
92 203
60 217
76 315
26 393
80 219
51 322
65 410
91 336
61 219
77 257
19 256
17 256
20 410
21 319
41 363
69 399
77 306
26 317
89 275
42 385
44 202
10 320
49 422
40 498
51 234
84 290
35 388
35 275
15 479
74 283
96 258
32 456
61 296
41 433
99 230
33 415
72 323
95 343
78 490
73 334
94 293
95 212
11 469
82 226
83 430
16 236
13 240
67 500
95 463
30 457
34 498
51 424
41 406
70 263
32 355
54 266
16 270
25 378
31 212
40 434
68 413
44 328
93 359
89 488
63 457
96 263
80 263
46 222
45 201
45 211
29 381
63 202
37 202
59 387
37 484
78 405
89 488
29 246
76 257
30 417
43 375
79 416
25 415
86 254
10 423
43 471
73 490
71 203
37 302
74 205
72 409
22 430
26 341
95 441
12 408
84 310
57 235
21 420
93 414
48 264
44 438
76 388
40 207
70 368
29 230
86 395
48 482
14 232
39 499
19 420
39 280
39 388
17 204
74 464
10 479
56 202
19 262
51 241
86 281
70 328
72 230
76 448
16 244
37 233
95 403
39 348
92 482
36 496
18 240
61 353
75 488
15 282
56 496
49 217
85 481
25 286
27 316
28 421
33 412
31 301
54 355
14 495
28 382
43 272
93 399
61 339
28 479
67 282
39 493
31 500
79 444
32 381
91 466
83 267
59 204
58 390
27 215
11 446
18 324
51 268
56 340
85 306
30 327
64 491
74 437
90 240
84 473
11 338
26 472
14 265
67 221
58 285
40 288
45 383
21 497
11 281
50 306
94 353
54 224
10 450
95 231
70 238
11 308
69 392
34 229
73 205
51 309
38 486
43 320
82 457
76 216
20 350
32 374
66 453
77 245
93 256
56 289
12 229
12 420
55 427
60 224
44 399
10 471
44 379
61 451
88 355
61 322
32 238
82 355
21 292
17 291
83 426
46 342
90 476
35 223
92 409
24 231
11 279
23 339
22 291
23 242
81 204
78 298
74 258
54 432
72 302
70 347
40 249
19 380
71 448
81 325
83 349
14 362
36 358
83 386
19 238
65 242
87 490
56 433
18 242
26 297
77 284
51 269
54 330
52 206
57 250
41 383
81 437
40 326
26 444
18 443
34 286
42 424
68 223
89 222
50 470
19 358
53 461
86 234
36 273
21 367
23 321
39 471
14 494
100 301
44 456
73 368
43 376
97 267
92 346
41 464
52 306
20 266
81 446
91 305
49 290
53 291
34 420
55 418
68 256
22 299
79 410
88 203
15 457
77 484
31 257
54 366
37 466
30 378
76 431
78 327
93 403
40 330
29 378
18 434
56 465
16 344
31 398
64 459
77 366
86 354
27 337
33 234
19 349
25 360
80 394
63 500
76 303
53 267
94 326
100 363
45 483
92 464
62 303
56 432
11 261
52 341
88 253
72 398
44 236
45 380
42 442
12 426
16 458
84 224
70 442
29 322
51 293
87 201
82 405
57 314
91 217
10 261
73 280
91 422
76 414
46 496
12 430
97 400
57 311
89 368
25 209
84 375
82 473
31 448
29 309
46 240
39 466
13 397
35 458
34 311
100 369
36 225
18 375
37 383
11 298
45 488
33 489
45 308
16 489
30 485
60 316
99 424
66 223
53 276
76 337
55 300
100 341
95 201
12 500
91 450
10 383
46 302
17 249
54 479
26 414
12 334
94 385
27 261
28 277
12 286
63 423
87 318
38 461
88 278
65 453
61 455
66 414
68 456
41 416
13 398
12 346
87 308
32 489
17 286
91 456
62 377
30 207
33 390
45 263
16 376
14 393
45 299
27 335
23 468
78 387
33 329
49 296
38 461
40 255
39 247
71 317
92 337
55 317
13 240
14 392
52 293
76 495
95 340
53 396
69 278
89 372
26 212
64 241
99 251
15 418
79 204
81 420
67 307
64 265
78 365
79 461
39 491
33 299
65 431
95 336
22 475
24 364
74 424
45 408
72 400
26 471
26 308
90 495
49 376
16 460
74 466
63 448
56 272
53 485
79 439
97 461
84 226
29 348
52 429
82 323
68 330
44 232
58 433
84 251
77 236
39 299
91 380
16 407
59 242
74 354
59 409
82 343
98 337
52 283
83 496
80 343
85 448
51 213
46 300
55 490
77 224
26 287
57 283
84 255
98 282
96 255
45 421
52 324
42 337
45 221
81 312
27 408
54 438
24 440
55 434
29 272
34 415
69 312
84 250
49 221
63 474
36 220
21 372
94 401
72 250
30 240
69 235
71 320
32 266
28 358
72 387
25 356
45 237
76 447
90 232
99 317
21 443
13 349
66 482
39 222
51 421
97 241
24 459
48 276
69 369
77 473
13 363
89 255
39 245
30 385
95 419
88 232
16 339
93 426
13 380
80 499
98 459
80 455
60 400
58 390
46 414
22 273
80 440
14 375
28 279
54 462
52 210
82 308
48 324
11 367
22 379
21 201
20 405
31 202
88 386
51 323
66 203
90 274
64 474
18 326
27 459
20 448
57 230
99 267
83 437
63 255
43 299
68 402
45 411
76 258
30 495
19 294
43 225
85 339
56 215
58 449
72 451
60 341
78 351
39 232
20 290
72 352
83 241
23 292
81 357
12 447
69 429
12 247
75 256
25 402
97 248
57 495
96 445
49 428
81 492
49 281
87 496
61 420
12 385
49 439
25 259
100 291
27 273
13 391
16 422
75 349
18 340
88 367
18 376
93 329
31 203
97 398
69 292
40 485
84 227
17 417
85 206
10 473
73 243
93 357
48 302
98 332
15 247
77 476
92 242
67 489
28 413
47 442
74 401
75 380
20 497
19 413
53 201
96 480
39 395
20 458
71 240
88 387
73 237
54 408
87 366
39 222
90 230
18 232
17 288
74 308
28 406
21 236
19 252
12 451
57 301
79 443
47 446
20 326
30 391
36 261
91 379
38 283
95 446
97 341
82 425
28 267
70 317
88 486
99 218
43 316
66 292
90 359
78 286
75 220
27 468
31 431
29 212
51 256
58 477
79 441
71 493
56 481
53 459
35 479
34 351
77 245
44 250
19 431
28 337
36 211
48 380
70 401
69 304
97 350
21 200
72 431
89 446
39 251
79 327
62 381
87 272
18 319
57 227
41 357
65 399
37 367
77 209
32 420
71 422
78 342
20 207
81 364
48 434
56 357
75 342
82 436
100 361
44 434
17 253
85 200
59 409
37 429
72 384
88 429
94 265
41 477
85 343
28 225
31 402
11 234
99 368
73 406
36 225
16 365
99 329
31 429
67 483
99 353
70 352
88 421
68 300
84 491
39 436
92 418
39 347
73 381
39 423
88 493
69 274
24 373
11 222
40 389
93 356
60 320
78 271
41 426
65 387
68 263
80 380
71 410
14 383
99 241
43 224
24 400
96 339
86 200
73 323
65 264
54 379
97 436
78 374
47 270
15 475
53 281
63 462
56 381
20 480
81 347
56 353
72 251
87 268
12 303
35 339
41 318
62 200
28 417
29 313
35 332
70 467
36 443
54 353
70 221
16 393
34 234
100 313
30 487
69 234
99 271
16 355
74 340
85 342
97 427
19 441
54 492
25 421
28 233
42 456
88 304
92 322
63 342
34 372
77 316
69 367
87 228
31 475
42 325
31 373
72 220
77 259
36 368
22 395
62 202
59 405
55 447
40 394
95 360
55 366
20 371
62 260
15 453
37 216
15 300
93 227
52 350
20 281
62 465
86 367
94 274
42 472
48 497
19 206
90 330
29 280
58 304
22 348
81 274
63 232
61 452
27 393
25 494
44 267
76 398
16 323
81 455
71 390
73 358
23 256
61 467
78 386
77 376
71 225
93 296
97 272
42 465
73 246
67 387
87 365
53 497
28 204
20 481
15 300
32 239
62 224
78 392
54 475
30 342
11 466
10 455
83 384
38 401
53 378
78 243
54 270
12 480
18 389
24 367
60 246
22 243
82 309
51 379
44 400
49 231
10 408
60 301
46 355
54 222
45 487
45 473
15 453
25 280
61 360
54 278
39 250
85 375
56 455
46 392
23 223
52 469
14 358
76 472
15 469
56 443
51 407
57 211
92 316
33 449
27 436
79 230
96 246
30 294
70 408
22 305
67 306
23 259
83 241
75 375
72 423
55 414
38 483
85 488
90 415
89 473
47 361
63 234
47 357
65 357
11 262
53 393
57 383
94 282
34 432
44 382
15 223
71 433
54 471
25 253
26 254
13 434
34 427
23 271
12 245
95 245
71 237
90 375
83 287
20 292
30 311
12 272
96 218
31 289
45 323
46 272
13 215
42 440
32 372
25 474
12 337
56 424
73 354
90 492
98 203
24 409
16 455
16 398
16 384
14 360
37 477
29 231
16 336
85 382
32 431
26 323
35 322
60 288
33 344
15 366
12 311
48 360
100 403
38 438
44 392
74 491
100 428
29 309
71 392
60 469
67 295
44 288
11 338
53 291
97 405
18 477
95 379
35 230
26 241
26 265
58 214
49 250
63 476
79 403
34 249
96 439
69 412
100 409
87 300
21 431
26 355
62 470
93 391
32 212
66 417
87 313
18 282
88 321
19 422
20 374
22 343
51 212
99 236
67 254
55 371
84 290
25 238
99 458
49 457
43 309
86 247
83 252
34 235
27 335
53 294
94 325
42 269
99 442
47 207
41 340
98 378
79 353
78 387
83 294
24 279
85 466
25 325
56 353
54 289
46 214
63 446
79 269
90 426
89 468
59 455
44 260
62 435
31 498
17 222
18 363
47 494
85 275
77 243
28 377
67 365
98 465
20 429
78 224
69 494
53 486
13 498
74 479
27 407
20 452
26 266
18 377
38 391
41 225
87 329
15 215
78 493
89 202
41 360
14 423
13 417
82 500
99 351
88 294
67 453
12 384
42 308
62 425
30 462
56 382
16 302
76 482
27 223
88 413
10 358
21 435
13 441
73 386
65 360
43 297
74 424
14 228
72 241
40 480
22 352
61 241
100 405
82 497
71 405
92 209
79 443
75 286
22 377
46 424
24 351
98 246
77 201
94 255
85 425
94 494
35 294
42 480
61 405
68 325
100 284
92 270
62 226
22 359
30 227
13 337
53 304
85 452
66 457
31 297
28 492
100 408
85 473
96 432
72 312
29 435
22 289
49 372
94 311
64 468
73 262
20 215
67 488
99 370
37 423
35 224
60 404
25 398
83 267
97 252
37 335
25 474
90 442
39 240
78 274
60 339
59 261
29 401
29 269
65 392
63 384
27 355
41 245
73 413
16 382
68 390
48 350
45 390
63 407
74 241
29 336
44 215
21 483
20 344
43 333
12 494
81 349
71 303
25 350
90 456
83 430
82 497
20 407
75 320
17 214
13 243
89 491
31 497
64 372
56 474
86 274
56 220
41 213
96 215
41 288
95 343
21 213
98 496
74 424
95 234
36 374
34 288
99 285
78 286
67 323
23 411
45 425
36 217
49 203
86 249
32 452
57 207
19 429
65 335
79 215
81 240
19 344
83 202
40 311
34 284
11 246
13 279
69 425
22 306
23 278
51 470
40 445
78 393
14 378
49 475
17 294
51 231
51 292
52 265
47 271
41 285
76 292
48 486
36 358
15 395
74 344
84 364
71 238
70 411
20 432
75 207
55 349
62 362
12 221
94 292
96 475
14 308
32 490
31 284
28 283
98 232
10 240
58 465
59 350
63 393
91 209
68 256
16 438
58 247
49 243
21 451
38 465
68 234
30 250
72 249
42 245
93 210
66 426
30 261
68 299
11 306
37 353
57 364
51 479
15 449
18 448
33 438
58 355
60 314
96 238
42 438
53 394
87 266
75 320
87 344
70 230
17 425
19 210
94 322
31 346
12 409
42 367
38 454
96 267
85 376
72 329
46 287
51 459
33 290
56 430
75 396
24 334
75 293
99 307
47 481
31 434
75 496
55 433
70 270
17 415
95 203
72 458
57 214
80 443
55 394
15 489
67 282
64 359
16 364
63 488
98 318
18 482
64 470
54 211
67 363
41 333
57 368
18 405
79 406
46 437
39 419
15 388
34 496
36 273
84 412
46 453
53 430
32 291
34 297
94 336
54 428
68 224
91 459
13 427
80 476
55 412
16 236
13 292
82 244
70 340
46 374
62 434
77 475
59 400
22 277
54 380
93 403
66 498
51 231
14 474
34 486
39 298
72 383
34 253
35 453
71 332
26 434
77 327
69 239
56 379
94 461
10 269
21 360
69 474
52 390
45 347
86 230
34 397
70 233
10 288
32 292
83 261
94 384
58 333
47 313
97 239
67 468
25 386
27 273
56 468
74 453
62 338
28 459
15 344
61 383
46 427
40 301
85 400
40 326
11 357
64 442
70 462
22 402
25 434
86 353
24 387
25 415
71 288
79 458
31 313
99 262
76 213
48 478
41 297
19 343
71 440
57 247
57 391
79 497
61 323
96 476
39 404
69 433
18 211
92 321
40 479
23 313
98 497
45 354
56 240
88 497
81 230
20 330
30 442
25 496
69 425
73 223
49 309
60 217
42 294
66 393
21 472
94 463
57 495
10 459
83 263
45 465
48 448
71 413
43 370
12 352
24 276
62 321
16 279
90 454
80 427
73 343
88 302
62 263
94 372
63 229
66 426
20 477
53 288
72 409
84 246
14 201
49 384
77 457
95 411
19 233
75 206
81 382
10 432
22 302
58 415
50 487
89 325
27 411
95 301
44 320
26 380
39 369
30 393
36 476
89 485
68 389
80 335
41 497
44 464
54 318
98 329
68 417
54 465
81 316
92 397
79 312
79 205
90 289
94 203
40 201
24 473
61 377
100 359
54 322
24 371
51 400
91 442
97 453
20 393
99 370
54 402
36 315
65 360
48 255
57 367
56 301
92 345
82 344
78 300
50 475
86 303
66 470
63 439
37 349
56 389
92 370
29 450
49 397
59 287
59 473
27 457
40 492
75 200
26 454
63 250
98 220
20 250
94 296
43 361
100 218
73 412
52 489
34 322
93 471
41 336
51 312
20 415
85 292
55 336
54 464
84 422
72 438
69 423
84 410
12 376
90 231
90 265
84 398
50 353
59 245
81 208
93 480
81 307
93 286
95 266
60 278
51 233
89 409
14 396
74 438
18 444
45 308
22 387
21 295
57 322
96 427
34 345
45 202
28 426
57 395
37 287
54 480
56 336
14 225
68 404
66 303
58 330
75 305
28 314
85 204
73 490
30 465
32 285
28 234
56 203
80 202
45 301
23 361
82 267
50 418
59 247
26 267
70 381
94 342
56 221
81 380
75 226
42 242
65 259
64 271
89 404
56 303
83 454
78 391
13 247
67 390
50 278
86 420
90 278
79 353
19 306
28 207
22 275
44 341
20 223
14 295
94 385
85 432
46 259
94 257
60 329
28 299
97 302
36 264
45 479
85 377
26 348
56 314
26 331
32 455
51 317
88 282
49 295
37 288
14 484
52 360
43 492
26 468
91 376
79 423
74 398
60 286
29 433
45 366
96 305
34 418
56 269
97 321
63 412
44 417
16 402
84 456
72 434
96 436
33 404
68 362
91 355
13 245
87 298
71 300
32 482
44 472
86 416
37 312
81 399
32 471
19 254
53 443
32 297
23 246
76 383
69 201
61 254
55 274
37 356
82 453
36 290
92 285
19 414
23 230
52 427
93 312
13 375
21 418
48 331
98 371
14 269
97 200
92 317
66 374
30 398
58 259
26 449
31 442
30 440
78 374
79 421
12 296
70 489
71 466
48 375
84 231
88 458
35 415
48 255
24 496
55 314
77 339
75 297
60 323
41 451
47 352
25 431
55 365
63 308
55 437
47 416
71 324
35 449
67 396
12 226
94 304
16 344
83 300
85 423
92 426
50 369
52 494
78 423
12 469
75 438
58 462
12 322
64 475
94 274
26 472
65 460
71 389
59 469
68 243
11 310
22 212
51 445
16 478
23 314
38 347
83 248
26 303
31 343
92 389
64 346
38 415
97 386
52 408
14 491
89 494
85 317
20 228
64 461
33 327
53 400
28 224
65 230
91 267
41 302
27 438
16 215
22 252
16 354
21 203
53 308
80 445
64 400
80 385
70 428
58 333
81 434
28 474
37 382
85 486
16 396
25 432
20 224
42 260
17 342
37 222
16 458
13 274
59 338
52 467
12 420
21 290
93 406
28 215
10 203
13 221
30 373
46 309
18 335
57 224
48 381
92 377
70 361
78 444
95 307
64 212
83 210
42 278
68 265
20 453
79 243
93 416
41 325
39 261
87 342
81 386
49 481
95 309
46 360
54 340
55 412
90 494
46 302
28 236
45 314
53 333
51 310
77 471
53 221
47 343
72 215
26 334
69 490
46 286
10 394
99 266
60 476
100 426
74 229
27 343
19 297
49 449
31 474
59 341
48 348
13 307
40 412
83 308
57 282
67 449
17 217
66 480
17 223
81 470
45 213
69 344
30 487
68 467
87 358
78 354
75 490
97 318
81 300
30 200
61 218
11 256
15 362
90 479
48 287
19 335
30 208
54 360
50 469
17 405
54 280
78 280
83 468
50 369
16 274
53 400
56 216
90 328
74 390
91 211
65 253
21 226
96 273
14 206
39 410
88 265
22 469
64 458
93 493
20 453
36 394
29 308
71 257
61 486
67 492
73 372
68 240
86 204
11 232
61 252
27 370
76 279
67 361
51 473
60 261
75 369
96 226
49 263
29 310
27 479
67 393
34 295
37 498
51 496
63 208
32 319
68 212
36 415
55 383
10 476
19 209
17 298
85 218
33 267
18 308
53 430
95 294
64 384
49 471
23 468
33 325
99 255
98 433
42 210
28 254
73 209
33 227
41 299
90 366
75 323
69 259
37 425
20 475
10 342
21 436
78 373
40 396
52 399
63 346
96 342
42 242
72 412
11 407
90 264
85 224
16 497
61 388
32 436
87 478
46 255
26 335
96 423
52 253
46 308
85 378
13 497
63 250
62 438
58 317
18 428
85 337
48 373
20 242
69 335
73 334
21 331
82 466
62 449
71 222
56 265
93 405
53 268
13 369
72 309
19 406
57 276
21 410
93 466
45 206
99 370
66 389
23 207
97 453
89 272
35 411
39 323
73 348
89 468
87 294
91 452
21 263
15 441
97 374
34 323
22 455
12 368
59 443
42 397
53 229
76 318
27 203
22 454
50 280
29 317
41 448
48 272
20 494
92 381
68 367
11 446
11 396
20 364
82 438
32 432
36 376
28 356
29 440
97 480
58 481
21 241
89 263
95 387
82 275
69 323
27 470
82 463
36 331
97 351
99 233
58 484
43 280
41 236
33 399
84 387
70 262
86 255
70 491
74 331
82 458
54 356
65 472
82 491
81 342
78 268
59 372
30 232
64 289
53 319
69 284
84 315
10 332
13 421
12 209
38 286
35 205
47 293
70 208
97 477
59 323
100 474
62 494
100 294
98 473
29 219
59 317
21 301
73 403
83 271
55 272
22 329
55 299
87 401
40 352
82 407
20 319
60 368
27 233
15 396
27 324
98 210
37 448
35 390
87 332
38 212
81 216
39 329
26 461
66 320
99 356
62 236
46 305
99 288
33 314
95 343
91 296
26 380
63 414
81 344
75 429
45 348
76 497
97 458
52 457
10 217
63 253
77 287
36 457
25 445
95 205
63 459
27 338
12 295
46 305
83 496
18 294
28 376
17 218
75 445
39 411
27 236
54 465
54 270
85 397
93 390
95 500
63 453
50 384
18 338
66 435
22 421
35 425
21 216
17 328
18 367
24 321
93 400
82 476
12 404
32 382
44 472
67 340
55 218
80 421
19 463
16 438
72 333
25 327
91 203
32 458
86 392
88 222
68 261
78 460
89 216
82 458
79 222
83 413
71 270
12 294
60 387
28 314
67 292
14 268
82 294
73 364
36 202
99 227
45 282
44 427
38 328
19 236
26 380
20 289
17 480
30 381
86 313
89 336
44 333
63 450
46 276
100 363
11 449
46 240
37 376
33 228
58 499
53 253
33 411
23 225
76 424
61 455
44 349
13 391
22 392
74 359
17 352
10 445
34 411
17 479
42 299
44 489
72 469
26 424
49 333
52 468
36 304
39 242
32 462
28 384
78 472
19 219
65 212
56 322
19 398
13 408
57 256
41 242
50 336
41 353
51 313
31 474
12 491
64 369
19 399
31 203
37 494
35 392
51 436
44 327
98 262
65 228
65 278
91 292
71 435
57 331
30 412
14 464
92 269
19 252
14 233
13 236
35 476
87 431
73 390
52 393
47 440
41 219
84 390
70 380
69 403
82 321
58 315
75 465
17 265
66 301
42 470
53 273
61 213
59 255
76 461
56 303
34 317
24 367
35 331
78 281
63 257
47 347
99 334
76 204
22 226
27 446
27 340
37 391
25 422
64 255
50 393
66 480
23 430
99 415
26 342
60 294
89 296
16 469
71 452
92 278
40 426
54 423
95 441
51 419
30 207
26 442
78 230
61 308
25 216
19 471
88 468
38 455
28 455
25 442
43 243
90 333
42 493
47 483
41 318
100 244
93 273
48 475
62 356
41 212
20 253
35 429
73 497
91 232
24 454
97 255
77 443
84 414
100 341
99 317
73 496
55 483
41 295
15 270
55 437
32 222
49 464
81 409
74 482
29 308
40 313
45 381
82 449
42 440
66 390
20 396
55 366
74 352
22 232
95 260
41 453
86 357
38 431
18 324
54 404
90 297
69 244
71 222
69 471
30 482
59 468
43 495
23 454
16 442
11 216
18 404
82 232
76 283
77 223
20 274
74 288
31 393
50 246
83 224
57 326
24 326
23 280
36 273
81 415
78 219
98 466
41 298
44 381
88 360
53 236
58 279
78 452
21 407
87 285
53 214
23 385
65 402
41 359
26 448
88 440
19 403
80 338
26 352
19 330
14 320
81 292
95 390
57 269
39 241
63 476
56 214
66 243
66 222
28 341
88 426
38 385
16 434
10 227
48 439
52 445
52 422
30 356
81 229
15 407
36 279
18 474
61 389
73 460
87 368
24 330
23 278
33 320
24 436
15 445
23 453
31 331
80 325
10 486
82 361
87 323
55 422
16 432
31 261
86 472
32 338
44 472
15 464
82 326
17 387
45 473
97 409
85 464
70 489
54 337
72 290
22 487
52 454
85 272
23 207
98 342
33 492
61 210
62 303
21 253
28 356
16 279
38 277
54 247
94 440
12 363
18 491
44 492
22 467
86 407
52 454
50 217
78 312
29 298
42 262
25 354
12 376
38 432
77 424
55 417
60 209
51 343
51 328
27 392
29 244
14 216
49 245
25 391
55 461
18 471
92 340
10 390
19 206
14 368
73 498
35 242
32 262
53 404
77 417
89 484
36 291
47 407
10 382
54 392
60 287
95 313
12 436
26 341
86 272
23 269
43 492
98 474
40 395
38 444
74 421
29 221
36 274
91 298
27 476
98 297
60 301
46 387
50 362
91 427
45 435
47 453
69 205
43 429
49 303
69 462
67 497
39 486
16 360
45 226
27 221
81 295
88 433
18 256
95 409
25 478
66 377
17 468
24 357
32 282
37 267
92 433
95 425
50 283
13 450
14 318
27 281
77 492
28 344
95 205
84 429
52 294
36 363
36 437
63 406
29 428
29 461
48 434
41 227
41 418
36 225
81 347
83 347
75 268
95 284
23 442
43 205
80 267
41 495
35 336
81 472
11 321
64 323
76 265
53 220
55 225
68 417
87 300
45 409
14 452
84 391
71 455
100 377
11 463
73 475
88 219
43 311
69 326
54 293
18 233
68 323
40 308
15 329
40 200
94 225
98 479
25 294
20 209
35 303
17 240
48 219
68 473
64 298
96 213
89 439
69 203
30 202
99 448
41 469
94 317
90 348
28 358
21 377
45 362
51 237
99 256
64 410
87 284
56 225
90 347
49 241
17 372
73 411
21 324
98 215
54 321
58 436
17 254
65 295
70 291
57 266
74 286
33 274
93 382
59 366
77 461
56 328
47 349
53 400
48 367
26 364
53 226
81 416
60 411
11 394
67 240
50 246
86 334
72 395
70 317
22 493
45 416
47 307
49 258
93 238
56 319
42 362
100 450
21 324
21 487
42 259
87 427
89 251
18 375
13 474
44 205
41 417
10 486
60 436
30 378
90 417
24 273
37 240
98 255
35 229
77 332
12 467
49 342
52 217
14 464
89 356
89 406
26 289
60 494
55 383
45 345
18 368
29 277
35 338
100 221
51 271
27 404
55 361
25 205
76 211
70 317
68 336
100 388
100 363
40 347
92 252
53 244
87 358
24 225
15 351
34 260
15 349
80 358
33 459
75 285
78 281
80 234
92 324
45 291
92 251
62 482
12 328
63 421
94 244
63 380
54 392
34 465
55 353
37 398
25 435
95 229
99 283
91 432
16 383
97 343
64 308
62 436
80 248
18 319
55 200
34 386
76 388
76 331
80 421
25 300
67 460
88 370
47 290
17 399
30 472
31 355
79 315
68 413
98 396
85 404
64 480
14 487
85 388
77 305
45 345
21 464
65 381
83 245
94 334
71 392
20 435
24 283
75 235
10 412
75 477
78 276
58 354
85 221
79 328
22 300
15 430
42 475
86 295
34 480
68 414
18 433
88 317
29 347
31 210
51 232
32 272
88 393
26 268
38 367
86 439
72 317
36 428
61 327
81 209
16 401
43 427
79 220
65 297
46 294
99 323
45 494
68 332
26 220
57 498
42 244
57 302
86 453
33 350
58 201
85 385
15 231
59 434
11 202
62 316
26 237
87 320
43 284
100 314
91 249
12 440
51 446
52 352
96 219
36 426
42 311
87 271
54 270
10 292
22 434
55 267
22 347
52 399
85 288
14 484
23 273
61 380
83 413
54 315
41 483
10 352
70 249
36 334
33 325
32 290
90 333
37 377
72 493
20 309
47 237
48 367
12 215
78 477
29 226
80 310
81 229
87 200
67 282
26 296
12 259
89 313
42 492
20 271
57 215
76 213
62 422
17 261
40 324
12 315
32 277
72 258
61 284
15 283
34 393
71 471
87 413
45 242
37 223
48 287
38 443
41 239
54 379
17 250
49 286
59 251
91 238
90 368
42 317
33 437
97 478
19 359
16 390
27 244
62 464
81 400
95 329
43 469
40 489
12 409
60 282
67 336
46 218
19 392
31 301
61 293
15 434
26 419
40 302
18 485
24 492
81 319
81 221
75 277
65 204
54 482
92 394
45 355
47 218
32 445
66 273
49 399
69 388
46 228
62 478
90 454
60 295
49 288
47 258
14 274
16 248
43 297
86 322
52 252
49 397
54 409
19 484
39 375
59 322
39 259
83 313
50 267
52 484
36 223
28 419
17 202
52 302
50 359
81 451
59 462
83 357
88 266
60 427
87 461
55 241
45 348
98 431
33 262
37 470
91 354
90 281
44 253
10 406
68 454
92 221
27 452
46 285
29 468
48 356
30 261
84 346
30 200
14 222
83 440
12 245
50 278
34 399
49 356
47 442
70 358
50 474
66 289
18 225
99 219
53 435
48 477
84 337
71 306
76 437
46 300
81 287
50 456
50 356
93 489
59 319
25 208
29 406
10 249
83 304
46 210
81 247
80 267
15 413
69 492
57 367
39 230
16 316
59 339
67 246
43 218
30 423
40 407
56 223
39 208
56 474
28 314
21 455
17 302
10 453
78 467
97 283
48 472
48 482
22 320
65 387
84 343
29 315
50 387
72 455
14 465
16 362
71 346
83 306
61 434
70 490
94 276
99 345
85 370
55 307
15 252
14 277
20 200
83 343
100 229
92 230
89 474
15 419
42 459
90 215
33 232
48 240
95 425
39 305
10 409
76 232
20 303
20 254
67 451
81 389
10 443
49 372
87 209
10 433
95 265
37 308
65 300
62 355
39 431
38 267
37 269
98 250
100 307
68 373
64 451
49 488
90 430
16 258
96 399
20 305
60 337
72 210
40 460
37 410
77 222
24 428
48 474
68 412
45 231
31 237
90 346
27 323
21 332
18 412
40 219
61 393
29 379
69 241
72 415
44 426
78 427
68 477
86 229
26 379
23 473
84 440
71 389
99 291
87 291
15 451
88 469
71 466
51 394
83 332
88 457
23 495
92 309
44 431
70 359
62 348
98 225
49 296
62 249
66 384
16 287
28 451
91 376
28 249
44 321
71 275
44 388
13 359
29 240
67 335
61 347
35 428
26 470
42 286
75 359
79 358
32 202
39 400
49 423
18 294
74 330
69 269
26 439
44 463
73 466
88 275
82 480
98 434
13 475
92 467
90 388
23 426
84 331
35 415
25 473
70 245
75 377
60 268
80 492
90 492
20 226
92 468
16 217
69 454
81 319
14 472
47 443
46 294
86 472
16 224
30 415
53 495
84 383
86 356
60 492
69 229
69 363
79 223
12 347
11 321
61 295
17 422
87 440
81 458
40 423
36 304
80 500
17 379
98 259
81 205
86 280
44 216
26 480
46 273
22 415
66 293
15 436
87 394
42 429
27 235
72 281
48 388
11 386
31 411
28 499
73 444
31 348
75 421
45 398
29 404
74 336
47 469
74 409
34 396
71 462
57 337
20 218
10 271
67 239
73 247
13 296
52 214
14 350
71 221
53 377
23 258
92 319
58 234
63 389
88 263
49 259
29 291
93 373
33 380
14 242
98 348
58 368
95 482
82 496
28 463
72 376
30 334
17 247
83 471
77 247
95 433
68 383
38 332
97 335
73 417
37 338
34 414
35 325
11 421
46 295
57 441
78 404
35 414
18 443
18 233
94 266
63 494
43 490
76 454
32 236
56 348
35 333
44 277
98 355
30 226
82 329
14 370
71 242
97 381
63 316
80 373
71 380
72 330
50 441
96 340
11 353
84 248
30 448
50 393
80 271
78 253
100 335
19 382
38 456
11 311
75 426
64 453
77 298
12 321
52 214
51 363
12 347
97 301
15 486
30 397
15 311
100 407
96 322
92 221
79 249
41 247
91 213
14 479
47 481
100 248
68 459
59 259
92 272
72 400
92 252
45 212
89 496
29 207
17 406
34 292
30 309
18 379
77 288
41 331
29 407
28 462
44 240
36 471
87 330
86 267
90 415
38 393
82 448
79 476
85 326
91 308
31 356
79 455
75 293
91 411
14 415
60 263
50 341
91 465
83 301
67 201
22 260
67 375
32 243
46 310
11 316
38 253
52 354
10 365
43 242
36 345
27 447
12 360
71 339
19 458
31 305
96 455
88 301
91 322
24 378
80 463
44 248
28 415
41 421
29 247
74 355
75 420
95 498
20 237
32 302
89 275
58 402
12 471
100 257
19 347
47 423
93 377
23 222
29 322
93 321
81 406
57 459
19 476
48 304
69 490
11 456
76 262
96 493
59 309
89 222
18 433
19 463
69 417
74 299
39 376
90 306
86 294
28 306
50 419
78 481
90 213
83 422
19 242
98 205
73 412
89 255
74 423
98 300
47 400
83 275
37 217
86 255
71 395
72 279
34 418
46 470
45 444
42 405
60 202
75 234
41 388
83 405
78 204
100 347
50 303
53 378
54 252
17 381
60 493
52 458
81 218
60 290
33 216
33 295
48 355
85 280
78 368
47 250
100 439
86 424
83 267
80 362
85 483
68 464
28 451
81 334
78 297
79 328
86 317
100 479
26 201
30 412
67 243
66 388
30 256
15 473
44 412
93 392
89 274
25 318
50 225
69 391
89 274
82 333
66 340
79 312
45 319
39 408
28 384
68 242
10 407
14 212
38 246
79 462
74 459
49 242
52 379
95 255
72 349
31 293
75 449
36 227
98 377
75 379
77 480
82 450
32 384
91 402
46 264
39 448
62 342
86 206
13 320
98 423
74 347
29 356
82 369
74 313
36 267
75 204
45 362
60 330
42 313
27 374
19 345
50 349
88 260
92 405
86 314
83 298
34 291
23 206
73 287
10 353
90 259
82 299
85 208
54 365
83 461
57 499
81 359
26 490
49 452
39 248
23 420
47 477
39 300
69 369
10 250
26 440
62 327
40 429
40 467
26 406
18 331
67 431
33 200
37 307
18 463
59 366
40 450
86 342
19 222
87 335
77 431
80 279
64 312
38 342
57 249
69 405
80 401
34 217
36 403
91 200
43 428
82 497
62 457
21 376
21 247
98 449
10 234
43 435
49 485
21 324
78 222
42 261
32 210
40 471
98 402
55 227
87 235
84 456
57 260
73 369
93 291
36 433
100 295
19 371
93 342
25 211
27 370
43 434
39 351
98 242
57 273
84 331
96 492
45 250
24 367
91 257
41 486
62 482
48 306
97 309
18 244
63 209
85 393
75 243
32 295
67 246
94 253
76 478
70 362
59 245
82 344
54 384
29 241
71 359
40 416
61 493
95 237
37 323
36 393
18 423
53 452
54 356
78 244
90 499
94 207
85 383
13 244
51 380
97 381
16 330
95 456
56 206
97 272
30 320
11 496
45 453
67 410
17 349
72 289
99 308
61 290
93 397
37 456
13 267
72 264
41 382
93 418
18 410
32 467
76 404
31 221
95 357
62 311
49 334
62 251
51 446
47 280
94 323
58 368
25 321
87 485
49 349
96 340
32 290
87 236
68 216
34 247
21 439
80 276
73 207
25 362
71 316
74 243
53 478
78 277
14 291
40 500
98 362
10 447
70 343
43 394
20 491
69 481
15 248
63 399
43 231
18 457
93 453
84 286
67 360
30 427
80 324
23 340
66 463
59 438
64 218
79 413
75 221
77 284
12 296
75 222
16 494
65 476
27 427
61 273
100 323
54 487
22 374
18 382
45 310
67 339
75 399
53 485
100 342
46 387
58 201
100 266
56 336
80 338
11 200
20 298
92 360
97 469
48 308
45 268
35 418
62 446
100 408
66 435
88 448
63 488
75 480
63 392
79 493
57 328
89 390
99 215
47 409
47 481
100 283
85 384
46 405
52 215
14 458
61 361
73 471
90 354
39 300
31 214
47 423
52 485
98 217
33 259
98 381
83 391
69 237
12 363
67 302
67 202
24 476
25 414
96 359
88 294
20 210
59 451
49 400
64 443
67 383
80 240
36 241
79 477
84 404
63 418
88 364
38 464
47 430
15 234
75 342
84 498
27 386
23 484
97 331
65 400
80 428
81 225
23 268
64 394
93 488
64 377
99 429
99 492
61 467
95 397
22 252
38 359
20 290
21 472
81 269
69 383
36 458
28 364
25 308
63 447
61 318
14 396
34 362
59 405
32 311
75 334
31 444
36 249
70 336
10 403
39 289
26 299
35 443
32 220
80 470
76 294
28 489
53 333
46 275
91 376
55 237
66 498
84 453
33 413
56 215
56 391
18 401
67 498
33 402
11 291
91 384
96 407
19 325
77 421
13 476
77 235
12 204
50 342
50 228
93 443
22 370
44 496
91 221
28 312
53 409
25 492
96 238
31 363
77 386
23 461
82 277
92 222
48 478
34 488
31 367
47 396
45 212
64 206
98 282
49 354
64 471
100 232
93 242
27 269
82 376
11 438
46 475
64 484
51 272
88 304
85 351
31 425
31 289
18 295
84 499
32 260
39 294
60 376
52 436
16 412
33 424
13 212
27 257
69 299
18 417
19 217
98 353
75 328
42 322
11 461
58 321
27 487
18 261
88 398
71 256
64 205
27 459
80 327
88 463
82 243
21 228
14 344
85 202
55 470
79 242
59 393
96 399
39 476
16 440
82 405
36 433
87 373
29 377
14 305
68 325
28 417
40 409
51 432
64 380
58 433
14 280
86 234
46 352
31 388
95 282
99 286
64 452
38 303
51 357
89 365
82 206
13 232
92 490
53 224
13 314
69 240
34 430
35 321
32 484
38 372
21 250
65 478
20 314
21 477
51 438
86 402
70 270
62 308
98 347
87 428
32 436
89 252
63 442
79 344
32 280
28 388
96 371
35 229
55 343
84 355
99 245
83 474
75 389
100 374
11 311
90 395
95 468
42 310
55 219
95 231
80 419
91 379
76 482
44 423
78 312
81 355
12 231
61 421
60 359
12 355
45 242
11 364
33 446
49 317
17 378
34 463
74 466
25 284
56 447
33 221
93 482
100 364
29 402
89 332
73 225
57 378
100 485
64 227
54 465
26 293
100 391
48 337
82 345
39 253
75 326
61 299
29 297
78 269
36 446
44 208
75 336
33 239
11 376
60 200
52 308
70 432
43 247
41 254
33 439
16 433
49 279
81 269
98 445
32 323
41 489
49 361
19 415
80 395
21 364
29 381
31 386
68 370
59 330
97 274
86 480
59 230
32 238
18 332
13 387
16 322
97 235
50 348
80 281
80 490
75 386
16 315
13 432
78 403
91 306
23 278
39 483
64 241
64 305
98 402
66 328
66 215
75 405
86 210
52 354
61 379
81 319
39 208
95 377
63 311
43 336
78 217
11 344
50 238
66 381
86 391
67 311
11 269
74 217
48 200
68 229
95 359
65 322
49 348
57 227
61 432
40 246
79 431
32 406
60 288
28 256
37 494
50 282
25 382
78 241
38 419
24 459
47 367
36 394
19 479
50 372
37 232
62 205
75 205
88 279
89 448
32 471
91 451
70 402
85 301
86 412
46 462
25 297
96 299
85 241
34 309
38 385
67 228
30 453
90 250
82 226
76 316
74 337
76 499
89 297
44 431
90 269
90 277
79 419
19 255
53 351
87 322
75 404
87 375
65 283
28 286
35 321
51 305
77 366
42 445
94 302
55 370
73 216
14 435
83 221
14 395
74 252
33 357
25 266
96 210
50 354
80 458
70 447
36 330
64 264
64 474
62 450
94 486
70 238
39 350
38 359
95 330
52 460
12 265
92 416
63 272
37 320
32 443
80 491
97 276
80 296
54 319
86 341
83 410
62 474
24 337
18 253
55 493
53 402
43 386
72 281
92 285
56 437
60 365
89 498
69 328
33 389
26 289
76 200
44 359
73 207
82 255
84 412
58 471
47 254
34 329
14 263
35 486
19 390
48 324
57 491
28 379
45 297
16 358
59 365
49 219
62 411
67 381
19 221
34 333
69 406
83 360
91 324
86 417
55 395
97 299
57 339
99 212
39 395
13 232
18 285
73 380
35 475
68 215
54 309
17 469
13 259
12 432
23 373
56 346
38 235
87 401
46 423
41 310
53 482
26 325
49 242
47 461
28 213
34 461
22 274
64 286
48 206
35 466
71 264
46 446
49 205
47 474
71 458
23 392
75 325
37 404
28 470
13 332
95 290
88 254
87 470
49 395
71 306
12 355
18 371
93 470
34 294
96 452
34 425
17 440
11 309
39 365
34 406
82 261
88 237
52 257
74 404
61 484
27 211
92 380
66 286
100 456
40 439
48 432
67 449
81 362
16 362
14 335
15 473
76 212
72 409
29 217
71 471
59 220
61 486
40 261
34 447
69 453
87 322
45 498
79 403
39 327
89 336
95 331
46 205
13 267
50 362
70 425
66 432
25 212
69 293
96 490
84 239
37 323
88 274
77 381
51 429
30 490
12 369
49 271
48 362
73 487
38 321
62 254
25 305
74 470
85 237
57 285
50 349
92 337
55 478
20 298
91 424
88 420
19 358
57 416
42 226
45 493
26 211
27 349
91 460
41 363
76 476
43 472
34 305
71 446
73 275
92 437
38 281
72 240
33 244
95 356
11 255
89 367
16 292
75 282
22 232
73 498
20 341
30 280
57 277
78 477
89 219
45 299
65 468
27 437
88 243
16 482
67 390
33 264
63 262
34 483
31 489
25 301
65 448
39 474
36 407
94 274
93 261
95 424
98 462
99 440
49 402
92 202
25 217
96 471
39 310
15 373
79 432
55 325
66 304
18 302
54 498
33 335
94 250
56 236
18 317
40 466
38 345
80 457
62 432
84 340
58 380
14 237
19 385
33 389
43 410
84 398
61 368
86 415
14 489
99 378
12 325
33 471
76 209
84 230
41 303
83 432
19 333
41 242
100 281
19 456
23 372
82 296
27 334
81 355
98 359
98 326
34 325
94 403
33 473
92 225
97 252
32 206
77 324
87 352
82 378
71 243
16 409
31 487
18 298
71 313
44 323
32 441
90 434
32 481
55 224
57 430
13 310
74 360
42 382
19 237
74 267
88 457
86 368
66 467
74 233
26 422
58 366
39 202
27 403
77 454
37 387
41 403
65 466
37 379
28 223
91 306
79 394
71 465
50 455
75 476
80 358
48 293
56 458
38 272
92 227
63 237
54 307
76 410
61 451
32 319
11 403
71 463
55 436
24 307
48 255
35 277
96 378
18 438
12 415
96 446
67 485
93 304
14 320
45 263
87 500
44 494
98 255
84 448
64 382
100 279
12 234
83 299
23 476
67 498
90 445
36 280
73 323
83 419
12 295
95 462
48 363
39 446
61 410
50 358
37 345
42 427
91 293
55 291
68 461
47 407
36 378
29 282
18 217
92 341
29 483
63 304
78 206
66 212
68 340
15 406
72 256
52 364
25 307
84 315
71 442
57 421
19 355
21 218
78 203
38 433
51 411
81 281
45 485
57 283
31 362
25 309
10 270
73 465
26 376
62 342
93 499
100 335
49 264
29 474
39 410
94 203
64 340
62 488
36 224
28 398
72 457
13 252
26 428
13 250
48 244
99 268
92 403
96 344
34 454
19 485
51 421
97 433
39 419
29 283
67 337
39 329
98 436
80 218
35 296
36 365
12 410
30 281
32 284
87 229
56 441
36 298
62 399
64 320
44 349
73 208
84 282
19 229
97 417
22 279
35 214
58 301
73 325
84 436
56 256
69 344
29 376
61 255
81 423
51 289
77 478
41 456
41 384
59 226
93 431
22 261
72 448
18 216
10 494
57 380
25 314
74 444
36 365
95 411
65 323
47 256
22 496
56 360
82 446
44 377
38 390
55 219
43 248
98 309
54 437
53 438
86 411
29 439
68 380
45 260
22 298
82 252
24 329
40 421
58 445
33 349
85 234
48 422
94 301
24 472
16 468
33 487
11 239
31 352
83 273
55 319
48 479
45 413
80 481
75 279
12 430
76 209
92 494
68 394
40 359
85 230
66 222
55 403
77 390
90 378
42 417
16 232
88 317
59 451
79 278
58 473
47 356
31 370
64 361
22 342
34 326
94 243
68 287
57 308
24 400
56 339
97 433
15 460
29 316
14 245
13 286
42 301
85 499
41 240
15 484
96 276
67 453
83 356
37 215
85 416
92 400
77 480
72 425
35 279
100 496
14 334
91 342
16 223
64 354
40 347
17 292
62 345
24 493
24 484
90 414
18 371
55 453
31 394
30 487
33 316
85 497
48 262
37 333
67 377
55 496
77 222
86 397
52 282
89 368
14 345
81 464
58 344
24 314
68 491
89 409
26 281
81 205
28 493
72 276
25 224
98 291
95 359
83 414
47 325
28 205
48 260
81 434
50 333
55 391
93 296
24 380
32 403
91 419
67 371
51 462
96 265
37 442
86 439
16 314
81 334
36 483
50 237
95 247
29 413
61 393
45 435
47 335
33 304
34 430
53 446
89 370
77 292
54 334
34 364
47 243
48 216
13 290
61 341
40 272
63 473
54 461
29 435
81 443
82 247
22 463
43 411
89 403
79 342
35 233
56 433
34 351
62 450
44 351
51 476
55 293
28 285
64 304
54 298
70 206
12 265
77 237
45 450
17 479
61 374
79 496
85 487
64 403
56 486
76 476
90 425
26 409
83 270
72 478
41 406
79 362
76 301
95 448
73 236
87 290
61 336
95 465
31 382
98 206
73 370
91 277
94 448
33 253
67 397
83 285
52 414
94 223
69 294
54 264
52 294
28 489
58 389
64 450
34 269
73 336
34 336
59 433
86 348
74 200
93 466
12 246
70 430
24 291
46 438
69 251
98 459
17 360
63 441
88 316
87 214
47 348
39 313
18 333
94 214
30 405
37 367
29 206
45 469
88 268
10 402
86 335
60 307
15 457
82 304
63 456
69 223
95 367
58 281
76 496
84 332
36 424
44 299
33 243
51 477
77 371
84 379
65 238
18 450
19 483
80 266
20 270
72 491
46 273
71 437
34 316
33 418
82 216
32 419
100 483
42 269
41 273
92 257
22 383
84 204
53 459
94 251
65 258
85 415
49 262
39 349
27 368
87 316
84 231
30 342
46 327
22 265
41 307
90 411
29 227
38 354
53 435
15 464
13 345
89 273
62 478
79 484
44 437
41 428
37 481
26 482
40 429
67 207
58 318
41 225
83 282
12 280
17 433
59 459
61 371
26 434
29 352
92 444
76 363
97 257
46 390
93 450
51 484
11 303
32 324
39 344
65 407
93 372
12 367
45 365
52 260
76 284
72 413
50 451
15 399
68 418
59 393
44 304
36 274
24 324
95 486
25 202
49 291
84 429
75 402
14 342
97 341
14 324
63 454
69 278
54 480
35 338
50 312
28 447
31 350
87 233
50 488
37 425
72 307
93 434
93 446
80 420
93 202
19 238
56 215
39 206
68 311
66 316
51 485
100 258
43 332
51 367
87 224
34 296
52 393
58 238
77 255
86 323
38 400
78 360
36 477
47 359
52 409
28 461
12 486
27 426
67 208
82 335
46 333
28 262
33 411
85 313
30 206
32 370
81 246
96 219
34 345
28 260
98 301
31 395
81 437
99 301
70 362
18 376
87 266
56 469
83 487
35 340
80 417
77 297
75 488
30 486
67 392
37 334
11 464
27 477
22 298
46 243
59 412
50 403
61 254
71 403
15 352
99 432
71 450
99 230
10 242
97 218
84 460
85 375
61 280
83 222
80 326
18 287
90 332
91 465
71 310
46 376
75 257
24 479
73 233
43 394
94 424
39 458
79 463
24 255
78 432
65 370
43 491
13 494
85 395
90 457
72 474
47 365
33 388
98 487
90 251
68 445
86 440
77 306
37 483
19 394
15 286
79 370
47 469
87 347
93 219
93 266
11 385
81 223
17 474
83 443
35 288
44 448
63 488
92 378
65 313
21 333
38 482
71 425
52 264
23 211
87 274
24 225
63 458
38 481
36 456
30 404
77 459
88 219
38 354
46 416
43 316
80 315
27 399
63 497
24 210
66 496
100 234
15 492
92 217
85 372
71 243
95 415
32 427
95 447
24 479
70 445
14 259
44 393
52 499
53 370
54 346
85 241
14 334
68 320
50 454
76 471
74 267
22 447
15 217
19 472
63 455
93 290
81 425
14 420
50 270
16 380
28 403
100 295
43 403
82 234
36 356
21 302
44 339
59 314
93 391
85 301
10 399
76 307
30 221
31 394
91 265
27 206
81 444
58 403
10 414
77 452
14 392
52 390
74 250
68 234
87 487
75 485
46 424
85 357
46 268
52 485
96 273
62 250
12 439
70 312
66 340
18 320
34 265
89 409
78 463
27 456
61 226
14 483
58 481
79 293
95 338
47 382
53 467
83 378
34 334
74 207
88 202
77 403
59 286
73 332
74 254
91 448
44 426
48 481
83 217
65 404
11 300
84 465
26 466
80 473
71 281
58 472
52 255
33 299
16 487
90 340
11 417
31 270
37 466
53 498
50 222
13 235
73 435
75 389
15 342
56 398
61 238
88 404
55 244
66 334
32 333
57 469
89 209
31 290
11 488
89 355
81 437
18 281
96 339
59 469
37 229
40 302
72 236
53 208
54 459
57 208
63 264
25 238
82 465
67 446
73 364
87 411
64 389
23 369
41 360
78 458
40 454
18 354
52 465
44 468
69 403
89 463
57 452
36 439
67 227
38 267
64 383
100 390
73 419
95 248
48 294
71 365
42 464
42 486
93 279
97 299
83 377
83 450
51 410
86 444
27 221
10 276
92 488
25 323
39 423
68 382
98 275
18 213
34 214
40 365
97 350
41 275
74 424
36 253
48 311
49 218
34 206
100 435
12 209
44 298
88 378
72 346
57 476
41 339
48 256
25 232
61 416
77 330
33 281
67 370
77 380
90 422
18 432
81 279
12 313
68 219
42 306
92 342
37 474
51 220
20 433
72 333
75 309
23 335
68 295
32 480
85 291
100 209
63 206
66 310
20 414
72 208
81 494
58 251
65 228
82 394
64 273
10 206
18 388
53 220
93 295
21 305
12 349
87 306
16 402
47 373
93 244
31 285
88 480
80 403
78 305
81 417
85 272
51 458
57 213
32 340
32 426
97 392
70 259
53 329
51 413
55 476
61 332
16 393
19 243
16 268
27 289
45 425
31 306
58 218
43 309
98 326
40 304
52 457
39 414
93 222
47 236
78 482
77 405
62 377
87 367
36 245
56 379
15 266
74 300
35 253
97 444
34 342
80 296
52 308
34 333
16 234
82 226
32 435
30 339
44 379
15 205
75 412
57 291
55 317
60 211
53 249
66 398
99 400
53 439
72 401
85 288
10 338
61 401
77 495
70 332
14 495
60 496
90 470
39 282
54 428
77 356
61 498
74 266
42 445
62 354
56 224
44 229
28 455
42 383
38 419
32 220
94 301
38 217
53 252
43 306
18 341
57 354
69 362
44 485
27 373
30 350
96 479
47 457
21 207
73 381
98 252
100 236
40 316
36 372
21 250
97 245
41 338
15 479
91 268
27 204
99 250
45 287
65 432
72 461
23 281
80 262
92 441
10 486
32 250
68 373
58 233
26 441
34 215
16 270
70 331
49 473
88 378
26 307
82 201
29 446
31 307
69 364
94 203
61 202
22 404
59 303
100 492
77 258
59 412
65 488
32 351
50 322
51 418
26 485
16 446
81 450
60 386
67 499
36 360
31 341
100 273
72 450
17 386
49 418
47 233
11 238
17 365
43 311
34 290
43 450
74 475
85 487
27 410
93 449
85 383
54 281
20 483
10 368
81 488
10 414
16 440
14 355
15 262
34 284
22 460
33 234
44 381
35 494
75 403
67 308
94 480
60 440
17 420
48 278
63 341
32 378
49 343
45 282
36 396
47 404
52 399
87 239
77 459
10 267
92 423
63 396
59 213
52 262
36 340
16 238
91 480
20 460
65 397
10 425
40 408
93 398
16 266
32 233
54 418
50 283
70 425
85 389
79 211
84 217
80 490
20 230
83 421
63 240
93 480
92 309
63 242
32 392
81 392
68 480
93 474
87 347
73 491
81 483
24 436
74 302
72 256
26 342
31 270
17 442
58 296
64 386
10 455
42 344
56 451
85 353
70 385
64 220
96 434
65 275
26 202
66 242
75 458
58 383
41 215
37 276
27 222
63 398
93 488
24 221
21 313
49 311
34 272
41 322
65 231
93 272
87 222
31 491
20 396
74 456
97 396
95 471
17 443
58 343
32 358
64 317
89 437
79 418
33 457
95 412
14 334
68 471
25 246
68 284
84 482
40 302
96 219
20 243
62 390
83 341
58 449
81 468
67 283
21 291
68 322
40 476
73 435
79 209
12 255
39 321
79 281
82 363
74 444
57 211
78 491
73 279
40 258
88 222
66 278
12 329
84 265
22 253
93 449
97 379
37 304
60 240
22 371
60 434
50 206
21 295
100 495
69 335
53 318
15 342
34 369
96 494
49 474
27 333
98 257
52 324
67 461
57 495
97 465
64 344
40 271
81 417
75 262
49 216
22 307
90 475
62 278
17 359
92 464
59 372
12 453
41 382
12 257
10 243
21 203
61 492
56 276
97 238
44 358
65 417
90 363
18 441
93 309
68 391
14 490
91 293
27 456
92 354
72 301
98 233
18 483
87 276
90 331
48 295
28 319
96 454
20 352
75 371
29 341
14 233
22 221
56 271
79 500
75 489
92 219
87 302
84 445
27 459
19 443
22 213
31 214
62 242
20 208
61 276
33 424
80 479
