10000 500 200 500 10 100
37 272
12 260
63 209
29 229
89 495
96 361
62 396
83 439
31 330
33 296
87 282
62 293
14 414
74 446
21 266
97 314
98 292
48 316
41 341
45 209
47 478
83 434
89 233
73 332
77 349
99 347
68 496
79 383
12 450
86 466
66 288
78 251
98 351
77 431
47 410
20 225
15 309
45 458
57 479
30 403
29 467
67 457
79 439
23 320
51 417
21 301
43 263
33 334
86 469
32 253
38 453
69 464
35 436
54 301
74 460
87 440
94 451
43 285
52 234
70 475
71 389
64 354
51 377
62 212
13 450
58 421
26 294
37 412
83 254
14 342
56 363
65 337
97 426
37 401
71 225
96 309
42 400
63 263
99 399
18 319
98 290
96 249
45 373
83 312
31 320
90 389
40 484
42 244
15 294
38 266
66 468
35 431
99 286
43 341
11 468
25 332
70 499
76 391
61 489
48 246
61 405
21 290
45 307
44 444
75 427
43 470
22 334
55 209
55 343
34 405
93 258
72 317
24 316
84 326
22 459
73 362
22 205
81 398
53 434
24 214
12 350
21 203
42 282
52 404
18 261
60 434
25 242
26 326
31 206
84 361
32 273
33 225
93 372
18 392
81 263
26 416
96 236
24 346
57 330
41 494
95 255
66 211
75 376
66 405
45 487
56 245
59 486
28 288
99 443
50 413
75 232
78 317
57 496
24 336
20 411
32 467
62 455
42 213
86 212
48 211
10 382
51 207
89 276
28 474
21 473
28 473
51 463
36 273
14 202
27 483
21 488
84 328
53 375
62 220
76 208
23 283
57 237
16 455
13 233
86 229
72 263
27 460
26 240
36 332
19 340
100 354
19 211
56 217
24 272
18 471
33 217
83 317
11 492
42 214
39 449
83 481
47 495
77 386
69 422
85 425
74 280
24 337
29 208
25 426
94 289
86 207
71 347
23 208
74 345
40 313
89 215
31 203
38 232
52 442
27 355
91 464
73 393
91 225
37 352
88 329
56 295
64 395
59 461
52 230
48 374
52 348
21 436
24 347
34 490
26 320
56 353
96 228
75 282
74 295
17 454
49 273
89 209
43 440
96 319
86 224
84 261
32 331
27 473
25 312
67 465
56 203
11 413
95 211
16 484
42 327
84 428
94 332
10 316
35 357
37 440
39 376
65 202
87 396
24 383
87 334
96 388
20 363
63 216
91 244
90 327
100 283
29 219
61 493
45 436
25 218
77 479
100 326
85 299
40 353
50 428
97 278
39 472
60 365
38 213
24 436
35 229
17 344
32 382
37 333
34 383
93 443
76 445
95 240
41 488
22 475
69 278
80 480
42 442
90 236
42 202
14 244
44 388
38 230
96 423
87 337
87 413
46 416
34 245
75 350
29 248
45 346
23 325
48 325
71 418
96 471
59 231
33 351
91 351
76 438
96 442
32 328
95 251
97 461
62 398
46 227
76 332
85 221
23 396
23 223
78 456
87 432
34 406
99 355
51 361
64 279
54 265
82 458
16 348
84 311
13 427
12 492
64 409
84 465
37 307
24 315
69 379
94 499
91 227
17 289
29 344
42 441
73 473
38 423
55 213
47 316
94 269
90 448
54 218
51 480
70 348
85 337
83 240
84 259
32 387
31 405
41 415
41 337
40 441
83 406
80 492
97 343
86 278
48 437
22 201
73 370
71 410
36 273
51 241
42 466
27 430
42 408
80 465
25 480
42 452
58 309
80 356
11 403
93 492
21 428
92 204
12 240
58 203
68 312
11 395
90 421
80 398
93 366
57 271
32 466
68 480
81 415
50 425
30 468
85 406
64 357
79 392
91 222
95 409
90 337
74 361
40 325
63 335
67 370
94 284
79 377
86 308
26 298
94 358
31 397
77 359
53 423
52 349
46 394
17 227
59 309
67 237
89 396
38 322
18 476
97 299
47 368
99 342
17 337
62 430
70 212
40 485
10 288
73 328
45 390
34 411
25 443
99 330
36 217
58 353
22 256
85 293
90 205
38 288
39 385
51 273
81 203
38 230
26 391
81 472
99 412
17 478
59 227
26 442
97 407
84 486
44 444
47 335
14 412
83 489
64 338
96 392
69 267
42 382
14 478
46 437
82 433
25 493
39 368
96 453
85 426
60 486
10 415
15 266
34 442
11 321
76 264
49 320
100 332
28 488
57 253
16 448
88 485
49 395
43 272
15 325
77 433
10 316
25 330
44 422
57 386
91 249
58 453
29 430
73 269
62 343
28 239
38 256
70 429
86 274
21 446
48 449
18 460
27 474
70 396
90 258
60 336
12 431
35 375
28 271
33 225
44 464
65 351
20 487
49 369
17 480
49 409
64 441
56 441
61 355
96 258
97 317
83 369
79 329
84 305
68 386
40 211
75 293
38 318
100 392
97 237
17 500
62 247
72 212
15 303
50 222
72 429
72 453
99 284
24 238
10 431
69 418
11 222
15 254
44 488
32 225
21 265
92 369
64 415
97 498
86 448
86 328
46 308
28 371
23 260
97 230
95 282
35 332
61 356
88 342
45 479
51 266
49 342
45 253
95 265
34 222
95 219
54 235
83 278
92 470
84 264
91 227
69 346
37 348
55 392
40 243
89 306
62 362
22 493
94 453
55 415
13 418
17 223
97 210
99 257
12 389
56 327
78 416
17 474
98 372
83 202
69 485
72 422
62 205
44 210
18 320
52 382
55 307
86 389
12 456
19 496
83 216
61 459
81 243
28 445
10 245
32 478
35 204
54 325
96 212
58 416
94 259
41 318
59 453
15 382
27 403
82 201
44 449
77 300
81 340
18 306
58 390
13 364
89 432
86 301
62 272
13 224
97 264
73 395
24 299
32 373
56 404
57 369
26 481
67 293
27 413
40 404
70 432
38 395
17 204
21 256
20 411
40 305
21 372
78 440
44 475
83 421
84 334
97 230
63 458
59 384
55 472
73 370
86 303
52 464
41 459
25 281
40 249
75 293
75 284
40 290
32 243
25 437
16 499
68 442
91 238
12 223
69 362
77 361
56 356
10 471
45 242
92 433
89 285
44 411
73 456
72 376
50 460
64 275
24 426
79 261
65 239
13 423
36 377
77 264
63 307
31 245
57 433
90 339
80 452
61 335
61 499
63 304
35 471
74 314
65 344
54 310
12 359
52 483
91 464
36 216
22 479
68 318
71 488
30 429
44 455
18 244
67 423
21 359
51 227
95 238
53 247
34 453
22 279
10 390
20 482
73 211
48 417
18 321
50 234
75 292
74 461
95 441
53 382
49 276
17 471
62 479
45 361
33 372
78 366
23 431
77 417
38 206
79 219
12 486
92 223
29 491
22 311
59 367
83 480
22 351
95 456
14 417
77 209
50 255
77 299
60 370
65 326
85 348
87 401
25 348
27 360
97 409
20 468
59 413
16 417
84 294
62 291
94 488
78 248
10 323
23 426
61 362
10 318
75 346
50 240
28 392
87 229
60 269
87 274
91 341
97 444
57 311
24 344
13 483
10 238
99 238
26 298
56 465
22 307
67 332
20 201
45 497
26 222
57 426
67 446
59 235
91 400
75 322
73 393
22 385
45 359
50 344
88 272
41 321
80 316
78 477
99 376
12 296
71 437
45 444
23 436
54 219
80 274
72 328
23 396
78 245
22 386
35 461
40 395
62 235
26 433
62 276
68 332
57 206
41 292
30 450
11 326
21 311
73 208
86 265
85 402
60 408
99 448
59 443
14 347
11 250
66 337
62 337
81 447
25 236
63 491
29 464
36 353
99 466
94 464
47 464
11 238
91 299
98 437
37 225
22 418
86 312
55 350
65 473
19 491
10 233
42 393
53 247
76 221
29 305
90 442
64 247
79 337
90 364
57 336
41 305
18 414
64 207
80 265
14 309
25 438
41 435
87 289
78 274
89 393
86 243
42 345
68 211
57 334
49 254
37 463
74 422
22 226
78 388
19 358
98 244
50 488
44 375
76 359
52 335
34 226
42 232
40 366
93 302
20 368
91 418
38 466
62 455
18 217
59 481
74 488
68 420
11 402
13 500
39 442
95 210
46 461
99 238
52 236
79 274
85 446
79 433
13 280
80 300
32 377
18 422
11 203
19 287
94 334
43 415
31 318
65 442
80 367
59 302
53 320
10 204
23 317
67 375
73 222
55 444
92 454
92 212
93 456
22 310
77 284
35 314
100 400
27 379
53 485
65 418
29 306
51 267
61 308
77 268
71 315
29 478
48 327
71 474
37 488
44 321
56 257
27 371
59 439
51 421
36 480
25 476
88 209
69 457
90 434
35 345
83 486
38 265
81 261
79 395
100 271
75 217
44 399
26 234
90 438
59 209
90 242
52 451
56 426
42 266
18 431
22 306
75 482
92 478
12 308
63 489
99 285
19 457
47 394
90 219
57 343
69 497
38 360
40 334
84 302
82 395
92 259
63 347
44 270
75 482
41 446
11 456
82 425
35 413
46 300
72 347
25 358
56 277
68 488
90 253
20 260
60 220
28 346
85 259
83 390
25 494
12 409
53 265
36 310
29 401
56 359
45 302
48 289
24 484
39 240
19 315
38 433
31 369
98 350
35 394
27 418
94 324
66 233
67 409
41 316
82 452
40 256
20 440
71 331
83 320
55 358
66 421
41 469
93 268
55 416
73 307
31 246
54 408
83 269
97 372
61 274
26 308
20 274
69 373
24 369
98 225
23 378
14 216
66 434
47 363
42 495
99 431
55 349
67 319
26 353
13 251
57 211
68 455
19 305
65 441
57 270
18 399
78 310
79 492
36 499
16 341
51 272
85 232
20 307
87 288
31 240
13 285
36 448
62 287
23 317
85 476
42 391
94 283
14 238
53 493
50 378
62 479
81 251
50 269
68 260
27 217
42 447
83 302
71 291
29 345
25 365
16 294
96 392
30 205
89 401
58 416
50 479
46 375
73 302
75 337
38 251
82 413
92 406
55 289
25 301
99 405
41 452
14 419
85 274
54 273
61 320
66 451
37 331
48 276
14 218
93 245
84 216
29 465
55 370
90 368
66 386
64 334
18 469
87 482
55 375
30 466
58 442
33 491
13 241
48 455
63 429
30 278
85 355
74 265
40 495
100 393
13 403
19 468
47 478
69 312
53 401
61 244
91 443
49 364
72 249
28 493
99 267
34 322
50 210
76 345
24 269
93 284
54 463
94 292
61 449
45 439
67 432
30 390
98 415
13 307
37 320
20 340
32 267
71 207
97 247
70 481
74 287
38 287
27 315
71 387
100 483
98 260
29 256
76 287
13 202
48 333
64 391
65 459
57 282
76 485
72 215
63 445
60 229
26 301
39 258
71 255
20 262
58 403
12 264
18 488
67 282
46 337
68 491
33 431
90 459
30 401
97 278
24 225
38 275
50 349
44 262
22 323
96 468
46 392
21 414
13 496
64 448
78 419
66 275
63 460
63 463
34 406
66 353
33 245
41 205
41 459
47 497
83 341
40 205
40 394
36 309
45 364
99 420
38 393
41 381
74 428
73 359
70 281
99 213
12 388
66 418
68 485
50 326
99 276
33 205
48 500
52 205
66 320
22 344
32 319
84 313
10 265
56 379
11 433
26 370
46 309
10 417
10 400
18 317
47 323
18 292
16 387
30 332
27 472
28 469
12 449
98 285
21 202
36 257
60 254
80 205
50 413
10 355
84 413
29 486
66 493
14 204
14 374
98 335
48 261
88 334
81 282
53 371
92 282
67 470
10 253
10 347
81 294
16 226
35 371
48 441
43 237
26 492
57 480
86 456
55 327
45 450
74 407
80 444
46 498
33 473
10 285
49 466
14 269
61 334
61 402
47 252
31 418
95 300
93 268
36 387
69 293
36 254
75 406
24 387
15 308
19 403
51 427
12 220
29 259
47 385
42 327
38 400
63 379
95 390
29 203
56 241
54 311
47 496
87 491
92 369
25 491
24 389
58 338
74 362
61 461
20 307
21 381
19 280
34 405
83 406
33 446
94 403
19 440
58 222
19 229
69 477
49 411
17 334
26 222
53 395
72 440
33 219
65 407
21 330
99 417
58 417
86 380
24 317
100 416
71 498
74 479
22 362
76 287
89 336
81 441
86 490
58 431
89 201
13 456
82 295
20 213
49 433
99 230
16 211
51 286
86 289
16 431
53 351
81 447
37 474
89 417
66 268
84 370
77 383
71 247
14 395
51 439
39 453
69 274
63 313
23 370
87 322
46 352
65 465
50 410
94 385
30 298
38 422
84 369
16 491
26 481
89 425
26 360
70 286
27 238
20 493
34 249
22 406
52 288
12 398
85 205
29 221
34 484
34 220
25 446
80 216
13 243
25 293
12 266
84 287
33 226
22 410
53 394
80 426
82 383
49 326
94 355
34 390
43 239
90 389
52 318
53 308
90 244
92 214
69 428
75 313
32 380
12 479
93 236
87 454
27 425
94 205
58 376
55 316
40 202
11 246
66 256
54 431
92 454
65 360
38 495
15 283
97 444
52 347
89 363
26 348
28 329
43 265
91 446
83 369
86 232
29 216
18 218
77 389
35 290
60 250
88 419
40 358
35 344
36 291
37 253
46 494
61 490
84 337
83 338
89 331
67 370
36 459
44 244
37 258
98 294
49 317
68 392
85 325
77 479
33 390
25 253
59 364
64 391
99 427
25 404
14 347
95 354
73 361
59 352
23 431
50 477
57 357
94 222
64 302
69 296
75 431
18 324
78 340
83 493
18 441
25 273
60 420
69 342
64 223
33 448
37 338
39 450
98 491
79 426
57 371
11 432
49 319
71 294
45 468
55 424
69 381
82 393
43 372
14 329
31 427
37 297
27 400
58 208
53 417
39 330
92 302
84 287
14 265
19 277
24 314
19 287
87 446
28 295
95 413
43 411
60 451
53 302
90 454
54 438
54 391
58 407
78 277
38 362
12 221
47 272
64 440
26 330
10 288
50 402
66 248
90 238
16 269
18 246
96 349
55 393
100 450
48 482
98 440
75 267
77 232
79 244
85 397
62 255
92 499
96 383
48 269
90 443
80 461
12 310
24 370
78 247
60 449
16 494
19 322
73 297
18 246
43 274
63 465
77 376
97 286
65 407
19 430
51 392
53 235
81 397
64 402
97 423
91 423
33 237
100 323
12 398
63 424
10 312
94 250
70 300
66 446
50 441
79 305
81 463
97 282
68 496
72 201
36 282
29 482
79 366
71 351
90 474
80 434
49 413
83 422
79 269
97 469
40 440
35 291
77 364
34 459
45 255
62 475
75 282
84 304
63 209
34 461
41 480
95 467
93 327
52 302
79 203
15 355
94 243
82 293
25 218
67 413
27 411
84 309
63 241
46 339
38 318
84 482
91 392
49 387
17 285
71 364
19 458
57 481
70 363
35 254
60 275
98 353
74 303
70 376
65 273
31 394
92 213
61 386
45 221
82 373
72 409
92 345
44 453
84 265
94 348
14 446
64 286
31 306
46 408
44 482
59 396
93 219
33 499
49 262
70 376
38 276
89 420
76 399
48 495
53 438
30 482
49 464
22 329
93 405
77 400
75 415
55 209
92 402
36 288
27 426
23 348
54 446
54 320
88 338
78 456
51 356
87 357
63 453
76 287
73 420
44 492
57 230
67 217
85 355
96 396
53 416
73 481
74 208
80 403
35 314
91 422
72 294
28 237
93 462
79 352
25 311
12 465
66 241
37 273
25 434
31 376
40 410
82 459
36 406
27 265
71 469
91 438
11 464
30 207
29 249
58 204
39 401
33 451
83 348
61 236
82 391
83 328
38 217
42 219
78 294
42 341
30 469
44 223
59 452
24 255
81 338
39 310
49 426
67 379
22 233
46 252
62 276
33 475
99 364
16 414
41 476
77 470
35 231
46 223
93 421
24 382
50 235
82 496
70 200
91 483
28 237
93 357
71 312
69 304
98 222
61 382
40 221
53 339
11 241
11 434
13 338
29 419
70 255
21 333
11 236
74 488
91 247
99 234
99 475
46 283
59 356
88 392
34 214
17 328
83 342
46 467
88 274
18 302
83 497
12 283
31 449
13 204
97 415
36 304
86 325
54 284
32 302
12 257
34 456
99 270
82 345
19 477
25 320
43 498
11 463
82 298
75 299
98 357
66 238
83 250
23 297
11 294
84 207
55 414
77 485
41 460
13 470
98 498
86 463
26 356
38 473
18 286
62 455
91 484
57 301
32 305
62 265
68 445
54 499
70 434
82 240
59 261
68 226
67 498
86 201
39 313
60 256
81 495
71 239
38 401
98 460
13 437
10 354
21 245
64 438
92 285
44 270
84 437
97 354
18 485
86 236
23 329
49 445
19 200
27 249
16 221
24 305
37 431
60 289
85 210
82 353
22 204
81 339
44 419
99 323
76 348
54 398
82 349
45 248
28 223
54 398
40 203
97 452
99 411
68 358
33 216
77 414
28 333
94 359
87 495
68 352
38 489
68 267
67 340
26 385
29 259
72 356
55 233
80 445
41 297
16 314
50 212
62 231
93 480
46 294
46 270
96 265
79 444
100 344
29 346
47 395
11 208
24 417
57 307
80 436
57 362
14 416
32 476
81 366
74 235
94 378
85 354
100 312
69 223
25 329
40 332
53 223
52 223
14 332
77 499
50 484
33 265
84 382
37 245
69 394
81 457
37 335
31 463
45 408
89 301
41 304
93 209
77 223
67 465
97 363
28 422
29 472
16 444
96 375
30 350
61 269
81 289
83 418
77 299
55 488
94 260
10 232
86 368
84 302
21 410
48 494
79 209
81 465
87 267
45 442
95 409
33 473
46 312
93 499
86 414
95 209
86 226
83 243
35 245
39 424
100 208
76 433
61 280
80 420
87 237
16 213
91 269
72 341
99 274
67 240
65 223
80 410
19 490
38 392
82 498
43 388
61 432
75 223
29 218
58 257
87 252
12 399
56 454
30 451
54 328
92 214
11 439
76 350
87 327
71 413
87 256
65 278
39 370
58 397
47 442
80 392
86 473
27 263
35 330
49 454
88 403
88 258
65 291
79 218
29 400
89 440
69 430
16 341
45 268
19 437
87 441
32 453
51 368
68 288
50 428
56 353
10 358
96 420
23 218
86 264
39 216
65 271
26 419
59 444
36 347
97 446
38 457
48 399
85 311
55 219
76 427
78 368
61 483
57 431
100 425
69 316
15 396
90 336
96 247
99 250
87 408
97 431
41 291
94 387
13 264
13 390
66 477
17 423
17 244
53 408
59 246
62 358
99 359
48 456
69 471
41 249
22 400
33 492
90 257
31 291
82 232
89 460
32 438
26 417
77 486
25 399
43 246
90 372
44 398
52 260
54 231
59 246
38 487
72 319
25 364
36 263
81 341
60 354
74 354
58 259
98 345
38 269
13 361
89 495
72 217
14 427
78 262
45 377
61 408
86 241
63 406
89 365
90 225
63 273
77 489
29 468
11 437
31 422
38 426
69 305
13 421
41 389
89 402
12 481
46 261
79 278
63 224
59 412
69 310
31 429
50 215
73 380
60 381
72 499
30 416
13 448
13 284
31 268
37 351
96 244
75 219
89 276
58 414
96 293
22 371
63 321
29 315
66 286
46 449
84 200
69 338
15 200
48 232
81 408
23 266
11 243
30 474
78 329
37 205
95 410
52 342
65 210
63 378
29 402
21 280
81 440
53 247
69 339
76 407
66 412
96 398
76 207
74 474
56 257
79 207
13 253
78 344
17 256
14 258
92 245
93 258
59 255
21 375
89 334
47 340
75 453
39 400
20 408
56 244
67 249
33 278
71 300
54 264
41 392
30 262
37 410
21 371
74 375
30 257
18 225
71 453
62 383
49 386
65 423
92 453
45 431
17 473
25 350
100 284
36 308
60 428
59 365
12 380
57 242
49 447
53 283
65 494
35 450
40 455
62 308
75 242
100 336
66 417
60 450
51 477
65 297
11 473
35 401
64 400
91 489
100 209
75 443
48 436
68 381
52 463
63 247
79 426
62 418
94 318
26 293
60 374
99 397
58 300
28 398
14 239
77 243
15 406
31 500
13 327
85 482
71 267
35 243
26 309
47 233
24 277
71 421
43 465
52 497
55 415
66 463
42 478
79 401
47 391
53 423
51 479
60 205
93 330
61 436
35 458
99 316
23 244
40 334
91 302
47 223
14 422
20 369
100 390
46 230
89 418
87 497
81 306
14 390
85 499
61 274
79 494
75 389
44 324
47 496
12 250
86 392
14 403
16 370
48 278
12 271
42 252
82 341
52 217
11 493
67 254
62 369
38 354
36 484
58 479
60 353
38 447
31 200
95 202
62 288
97 419
85 275
16 324
67 277
15 345
48 305
47 234
71 345
54 431
100 264
87 306
25 438
58 359
73 248
91 457
10 441
52 394
42 345
13 330
33 359
84 339
98 323
89 337
21 461
27 295
43 476
33 391
45 352
21 250
86 411
96 486
15 330
87 265
59 398
99 294
25 370
16 419
65 205
43 460
36 322
50 439
81 405
45 410
53 328
88 405
75 415
40 287
30 219
80 417
32 498
23 371
77 342
22 360
78 243
34 210
15 323
91 362
100 477
28 232
44 429
97 240
52 276
14 336
69 379
67 461
79 461
92 492
63 320
12 399
59 369
99 478
63 308
66 468
77 308
67 338
53 385
83 328
69 353
83 205
88 414
45 356
46 298
74 427
93 448
56 229
66 484
31 256
59 244
44 325
89 370
100 338
44 488
53 466
85 328
94 321
92 386
91 366
81 274
52 350
57 417
41 287
69 336
57 441
66 265
70 482
18 426
12 439
30 235
17 203
43 273
94 303
55 250
78 392
65 260
62 295
45 370
50 276
17 474
48 386
14 430
44 474
94 436
27 467
54 214
83 232
89 243
38 245
23 253
86 316
53 428
16 438
56 292
54 303
17 378
54 253
27 253
88 411
88 336
34 307
93 245
28 386
100 424
96 280
80 317
17 488
45 306
73 240
34 337
17 361
35 229
69 321
12 389
63 470
24 308
30 324
20 365
68 391
22 391
85 463
98 315
77 400
33 274
32 216
82 282
14 375
17 291
22 291
29 426
62 403
79 287
66 336
48 487
61 490
87 446
14 282
54 300
79 430
46 421
87 234
58 322
88 211
64 353
38 291
38 313
42 210
72 470
21 351
85 321
32 281
34 491
72 224
87 345
55 465
69 348
13 217
32 356
44 281
54 281
85 486
62 264
69 293
77 291
60 439
15 483
87 326
35 383
71 211
62 253
98 243
56 372
100 270
54 238
80 486
15 422
98 462
97 416
17 417
46 397
89 318
65 324
98 249
49 294
65 433
83 486
48 448
62 486
87 334
45 266
30 292
47 238
88 371
47 206
17 411
24 341
51 480
87 472
32 370
70 237
53 312
11 227
62 329
56 475
85 434
68 230
57 478
86 478
49 472
92 334
69 335
31 308
11 389
75 240
59 244
73 361
14 249
20 313
90 298
67 289
73 276
42 456
40 336
81 300
13 365
14 388
95 358
99 211
96 475
82 305
71 277
73 221
44 251
94 453
65 319
23 279
86 309
74 398
91 416
74 202
79 380
83 478
66 284
31 285
16 438
85 424
73 254
15 239
57 227
56 353
60 483
66 491
79 466
77 236
83 334
42 359
81 327
88 200
58 472
77 368
38 374
96 321
72 236
71 431
100 301
58 257
50 214
57 374
16 384
67 258
36 347
67 429
77 400
69 334
81 413
52 228
60 292
73 412
11 459
13 239
78 375
23 291
92 292
62 216
57 223
12 391
80 390
16 293
41 498
44 410
74 377
83 344
87 487
17 496
16 297
51 454
52 279
27 259
51 408
94 295
77 300
97 250
83 253
66 228
95 218
51 309
11 326
17 312
96 458
92 205
15 290
65 476
77 351
54 438
40 259
41 439
24 416
26 247
57 229
90 368
61 463
35 391
80 378
67 349
74 208
57 288
71 211
53 366
57 497
28 370
25 234
57 262
14 495
52 317
71 333
29 469
34 410
47 333
13 259
96 322
78 286
72 264
65 321
13 409
39 482
25 270
98 335
46 415
62 339
80 250
28 216
17 217
69 275
72 412
20 281
65 300
20 291
54 414
69 242
12 478
41 400
14 489
17 278
94 261
37 434
55 338
88 278
77 223
70 455
99 385
15 367
49 352
17 297
16 318
12 336
36 312
54 240
35 468
43 452
83 434
72 288
41 233
17 325
33 417
18 440
37 263
48 235
56 462
68 378
84 421
89 272
67 396
12 281
56 329
91 340
68 366
46 232
76 441
69 404
47 385
83 357
55 348
50 261
93 422
26 338
95 351
49 272
100 473
32 359
13 334
10 262
76 274
87 348
53 400
66 321
50 294
26 481
86 318
21 450
91 430
18 331
59 448
25 224
25 205
30 419
23 280
17 288
84 223
56 368
66 387
79 456
23 415
26 320
24 478
40 221
83 307
69 385
59 203
53 321
84 241
19 297
20 470
49 424
37 270
83 263
70 479
62 335
19 455
45 324
69 424
17 237
77 395
46 483
22 281
25 305
79 291
19 393
14 287
83 401
71 357
88 263
80 431
40 428
80 251
38 216
12 295
53 403
74 323
67 286
41 386
62 425
71 293
99 385
46 382
33 487
64 498
64 273
22 345
86 263
31 450
40 269
22 480
29 433
35 204
89 206
85 359
39 266
37 497
47 281
89 486
97 316
43 214
86 360
16 287
46 455
10 400
78 230
77 394
25 483
45 430
85 488
70 318
38 491
30 203
87 391
98 237
24 421
97 293
85 309
87 453
20 417
61 236
63 481
47 358
55 226
44 350
66 376
69 266
64 480
32 336
62 457
87 275
60 322
39 356
13 248
28 495
66 358
65 309
32 359
97 500
47 254
70 399
98 265
60 495
28 433
65 314
10 401
18 465
88 257
58 454
63 377
31 469
18 377
10 323
13 494
71 421
92 421
70 376
33 431
67 429
10 449
47 452
35 381
24 371
56 486
30 442
65 472
53 295
53 387
29 384
14 490
78 377
48 270
10 293
67 371
92 313
51 213
85 417
46 379
90 281
88 259
26 424
78 331
41 379
77 386
57 347
68 213
93 483
35 224
93 232
77 247
75 463
75 308
94 353
76 313
29 299
19 405
32 352
31 492
33 202
40 491
95 451
68 321
29 485
97 458
47 489
21 261
53 413
89 227
23 305
46 499
43 412
94 376
21 337
45 243
76 443
42 438
90 385
74 274
56 353
10 335
59 435
31 491
61 214
66 412
36 257
32 472
74 211
88 481
94 413
46 437
78 405
57 247
95 383
92 407
17 303
96 275
13 387
85 334
90 483
91 219
15 354
12 406
54 288
43 411
39 308
34 305
20 472
36 500
27 372
17 236
73 397
17 411
47 327
56 485
96 238
32 297
75 394
59 455
78 337
29 380
34 463
39 355
87 485
12 435
99 209
55 229
40 231
63 490
17 433
83 416
71 326
83 261
93 464
81 399
86 330
93 393
70 462
18 424
49 351
77 250
10 278
35 215
47 468
33 468
60 326
36 269
75 345
46 369
12 243
91 307
80 244
62 364
68 498
58 349
60 344
71 356
20 377
54 231
48 273
82 443
47 279
99 249
80 239
41 431
24 333
33 303
31 436
96 280
34 454
21 480
96 226
45 469
42 455
42 445
29 396
94 325
85 296
40 297
37 441
62 316
19 463
62 400
87 335
82 280
81 307
59 284
76 343
98 485
99 450
13 473
70 265
10 217
89 370
71 446
83 290
47 384
35 429
86 401
18 211
49 500
23 490
28 400
17 284
22 277
73 211
14 276
76 295
50 386
62 357
60 474
60 290
90 399
95 338
60 431
58 228
18 366
60 463
77 498
70 348
90 229
31 272
91 333
62 348
78 230
68 248
21 402
87 259
66 205
92 297
100 446
23 314
37 241
62 275
94 272
74 261
80 481
40 355
55 449
64 231
31 458
76 382
11 316
59 357
59 236
45 455
16 477
83 242
48 294
27 255
28 439
41 365
86 398
85 483
79 473
79 224
32 241
96 487
69 244
54 377
58 245
38 461
10 350
23 489
72 218
43 208
85 258
14 376
61 393
26 251
90 320
93 493
65 379
99 418
95 321
13 403
40 324
32 286
33 315
43 367
94 215
48 238
13 247
11 479
58 471
57 203
76 203
22 300
53 424
81 203
62 209
53 258
42 218
50 256
91 316
23 313
21 246
25 354
84 464
96 382
97 260
43 373
17 330
83 343
29 439
60 498
100 451
90 480
95 349
23 500
38 408
32 296
14 413
81 396
80 481
83 208
44 411
28 201
34 302
27 494
63 390
87 387
43 245
57 258
86 351
76 359
60 319
27 412
61 252
15 356
54 333
32 222
67 444
56 233
13 267
97 235
50 466
82 245
76 237
37 303
25 259
76 396
80 315
56 358
70 312
87 298
66 225
28 438
22 243
76 215
100 396
45 465
54 371
50 270
72 211
45 244
60 284
25 397
29 446
33 465
86 466
29 452
45 332
36 410
74 360
91 383
73 373
93 365
15 306
64 400
36 309
26 387
72 283
78 491
13 286
59 235
74 466
57 492
78 376
29 371
85 274
95 489
99 401
91 389
83 488
97 272
15 432
57 387
54 440
84 441
89 280
26 476
74 362
33 242
55 317
73 472
79 467
50 486
17 211
43 272
85 362
24 243
52 201
84 205
58 256
33 467
63 320
61 281
21 358
59 469
54 235
59 212
15 297
63 268
38 322
28 256
89 434
29 225
66 480
15 377
32 374
23 270
40 484
93 374
38 423
71 463
89 480
31 359
81 422
32 386
42 465
48 476
45 491
40 283
32 429
78 404
37 200
56 496
81 223
18 273
52 461
54 302
24 460
51 466
21 285
67 374
94 242
54 449
34 299
56 401
30 440
26 279
40 226
24 373
37 342
47 445
28 380
37 440
83 457
91 469
31 256
64 240
24 390
17 229
93 418
74 414
50 483
32 496
80 415
17 207
50 262
49 307
99 447
64 229
34 453
37 343
65 238
33 205
100 270
44 263
20 464
67 243
62 369
93 403
15 355
10 289
17 259
77 308
96 443
49 307
48 233
38 302
68 231
46 347
18 341
21 487
51 337
41 448
83 466
60 487
50 459
97 487
27 472
26 473
13 329
96 207
96 428
17 333
10 365
83 458
50 339
53 207
88 372
20 379
71 202
75 407
84 390
31 479
44 436
40 474
30 480
69 377
75 488
78 315
46 438
10 255
16 416
39 451
91 415
80 323
73 445
88 378
26 372
20 445
74 255
78 322
92 347
72 341
75 207
57 435
25 376
59 420
27 450
41 277
54 200
31 280
65 328
36 227
44 262
21 206
12 338
27 251
88 326
22 216
91 495
90 476
80 338
90 411
53 266
67 451
95 286
40 409
22 438
57 312
28 357
81 216
56 344
40 378
50 357
21 200
75 243
100 221
12 270
67 418
36 369
69 300
37 297
80 318
28 393
22 434
57 396
47 443
18 466
62 408
83 463
15 422
37 231
27 336
75 325
10 386
70 319
85 398
86 392
100 350
16 292
30 232
31 232
28 426
45 493
14 268
69 490
38 410
95 433
51 271
56 497
33 200
38 341
76 431
34 311
43 216
49 363
93 289
31 422
63 341
16 347
46 318
94 398
71 255
100 472
20 337
26 483
33 233
13 382
84 254
36 493
67 294
81 217
100 499
86 346
84 250
46 497
29 476
20 346
43 474
28 256
81 234
12 346
15 259
12 429
42 419
15 282
67 224
37 344
13 436
45 259
30 431
70 304
90 450
93 387
15 215
39 483
18 430
52 215
10 255
11 251
100 314
21 436
19 382
86 259
78 269
100 253
27 323
10 355
65 204
92 394
30 433
18 218
79 352
14 300
68 428
37 330
94 383
87 278
13 293
79 281
72 355
41 260
64 389
21 449
89 406
15 361
50 416
64 450
92 363
23 475
91 298
80 280
15 216
50 394
17 446
52 370
23 206
30 476
78 345
60 236
60 214
38 337
96 225
44 499
22 284
100 427
78 425
13 211
61 315
54 500
89 277
100 258
41 248
42 427
40 356
38 392
74 308
53 499
74 315
19 471
61 317
70 481
50 354
74 431
43 345
85 376
39 499
49 454
29 365
79 389
53 240
11 289
90 258
49 482
58 483
67 472
29 299
46 289
62 392
86 319
53 348
42 407
16 377
51 342
80 489
10 211
17 208
49 325
19 285
77 339
62 208
38 366
32 460
12 458
100 373
42 285
20 219
87 265
19 300
68 386
37 335
20 214
86 395
58 359
63 395
78 497
31 205
58 408
96 215
37 213
64 390
63 358
98 488
53 253
94 227
95 222
95 234
28 204
27 376
38 308
63 310
21 423
75 365
37 229
100 394
28 268
87 239
91 391
84 246
53 462
71 281
61 384
15 220
99 393
71 451
82 416
97 202
17 325
79 366
95 498
24 296
94 241
95 339
48 260
81 324
18 357
92 456
69 420
10 327
99 270
58 261
57 236
73 221
41 329
24 414
82 345
49 290
57 243
22 266
37 262
12 274
60 494
13 409
17 455
67 474
91 262
87 408
85 497
28 408
81 264
14 350
89 229
54 493
66 368
56 325
76 347
38 298
16 378
35 202
62 491
46 254
69 409
17 248
99 339
85 428
31 477
57 210
59 466
71 278
31 460
18 462
39 250
49 395
95 214
75 458
82 322
26 456
97 371
19 384
21 409
90 311
10 287
69 391
11 221
74 335
20 320
82 235
45 253
47 247
75 276
12 470
86 415
23 377
68 327
94 494
44 270
76 370
47 323
56 409
37 427
33 274
28 237
49 365
52 489
19 255
61 315
37 412
57 348
82 212
90 298
57 460
76 258
30 474
30 287
77 475
23 273
58 458
13 306
75 350
46 484
36 309
58 329
42 225
66 258
83 401
16 442
42 423
25 438
74 279
19 478
18 436
49 500
80 310
26 214
61 298
91 315
21 494
12 377
70 369
30 455
78 240
99 378
88 293
89 309
75 237
10 323
83 285
66 365
55 377
33 356
97 275
56 382
80 261
23 435
80 391
72 449
50 483
30 293
100 340
89 346
70 437
73 350
92 291
68 417
73 292
15 443
69 390
93 335
35 229
13 330
30 357
79 300
98 302
61 364
34 243
50 268
93 480
99 400
68 330
84 437
75 287
26 489
12 350
98 326
96 290
96 298
39 432
48 235
90 490
13 374
12 409
70 411
29 206
95 306
52 376
82 457
29 319
76 286
33 415
22 347
36 316
97 401
99 491
18 480
98 284
28 412
27 442
20 279
74 382
51 232
46 325
58 367
46 332
13 412
59 314
14 201
49 401
13 325
100 236
53 321
49 355
22 261
22 303
83 493
90 372
27 440
72 412
17 389
61 208
95 490
89 307
58 450
63 290
92 349
35 327
38 344
69 451
19 226
35 444
47 437
79 493
30 261
93 381
22 346
47 500
80 409
68 274
26 213
51 331
63 389
15 229
66 338
95 388
34 482
30 281
25 345
89 493
50 375
73 255
50 460
31 305
99 259
19 424
36 443
48 383
89 411
44 313
43 340
46 310
38 480
92 438
65 362
89 429
77 251
83 207
50 488
63 327
19 441
79 268
49 254
51 413
33 261
99 462
40 374
51 472
64 412
75 426
39 237
50 209
40 338
49 248
53 277
82 321
92 427
23 248
40 237
31 395
12 385
10 500
27 377
27 360
46 278
26 261
17 389
98 354
51 235
80 250
11 277
18 228
92 458
33 332
50 436
11 293
37 331
11 327
15 411
52 496
73 471
43 202
33 326
80 335
77 207
85 422
91 455
34 487
42 426
66 357
64 293
50 431
86 441
63 330
86 443
97 288
73 381
91 271
33 396
87 316
46 491
94 437
28 387
71 306
91 439
95 422
20 362
63 302
12 308
88 402
46 206
100 412
39 229
31 292
23 287
24 277
42 345
48 472
52 283
36 241
61 240
14 451
82 213
68 402
99 435
88 320
18 241
16 226
94 412
100 344
98 477
82 225
48 333
16 301
54 274
87 387
26 253
76 363
74 288
44 336
68 316
32 362
72 385
23 275
82 206
34 296
89 289
36 303
88 267
81 286
38 495
100 353
74 208
15 263
35 228
35 268
35 304
69 399
12 266
25 235
20 342
80 204
18 350
52 352
65 410
54 206
15 360
64 402
44 323
42 414
73 313
79 444
41 309
57 356
45 266
43 346
75 420
16 339
82 306
95 487
44 276
93 369
71 301
45 202
79 485
91 224
61 295
65 413
69 259
14 478
47 357
58 432
78 372
57 295
77 408
22 443
70 222
77 370
77 280
100 247
53 288
23 208
22 488
76 486
54 439
48 270
44 484
66 321
23 470
34 231
44 446
27 362
13 484
99 291
69 403
89 475
13 307
96 272
44 404
60 240
13 367
95 337
56 210
22 404
90 272
39 306
82 307
91 435
13 499
28 200
12 262
10 290
72 407
48 363
29 266
19 300
58 360
87 232
27 293
54 248
45 269
94 280
93 322
65 365
90 440
30 369
16 238
24 269
79 219
10 454
77 232
47 468
77 440
56 461
32 334
64 295
45 363
48 478
95 339
86 452
12 356
92 428
90 229
49 339
32 327
83 232
22 294
50 450
53 398
83 214
21 368
96 333
20 434
10 413
26 351
51 249
56 435
90 350
12 422
84 359
41 229
49 306
49 341
41 306
11 364
84 219
41 430
33 211
39 360
19 384
73 488
36 416
19 307
44 283
70 202
25 476
47 282
16 253
71 235
41 411
42 479
48 380
20 480
77 469
58 265
20 248
100 484
29 423
41 479
47 218
80 396
65 411
43 474
67 350
89 322
39 356
93 388
56 407
11 377
68 354
35 478
59 392
94 264
60 450
40 217
88 474
75 411
54 340
40 348
75 341
34 449
12 469
81 482
82 351
98 200
57 447
43 356
20 387
47 350
23 463
83 253
13 229
16 269
66 296
30 206
28 335
98 383
34 241
95 429
76 421
72 346
25 355
91 455
58 370
22 225
68 421
90 467
52 492
82 216
96 401
65 474
19 428
60 238
93 470
67 258
46 293
53 205
60 354
13 336
88 213
97 255
73 390
79 281
44 206
49 367
25 269
69 392
65 446
48 414
36 294
78 253
60 325
50 232
81 417
44 402
85 230
76 312
42 427
89 249
85 440
86 340
95 206
50 404
90 360
33 265
56 488
51 290
48 275
42 491
60 440
12 371
33 297
17 287
49 274
21 406
88 202
86 370
69 475
95 307
40 339
74 237
46 389
55 389
68 398
29 354
26 469
24 256
63 356
84 487
81 430
51 342
56 335
13 287
78 233
35 342
42 465
58 448
39 455
42 265
53 413
77 389
99 343
71 293
39 487
79 377
12 319
41 245
35 428
89 463
58 425
38 282
39 433
48 241
51 315
28 438
94 424
25 256
12 220
16 463
57 327
68 372
85 205
34 350
59 448
77 343
53 365
23 260
53 404
14 434
41 254
14 444
44 447
44 443
69 298
58 371
52 444
91 269
40 409
10 382
54 230
22 426
98 399
96 442
87 485
60 218
49 496
33 415
84 411
100 306
33 212
84 281
90 469
66 353
52 269
72 380
59 459
18 393
73 239
59 358
67 459
94 460
73 287
69 242
100 482
78 405
42 223
62 347
51 285
52 215
100 484
14 351
61 449
67 248
27 328
45 460
87 281
16 388
35 242
31 265
96 477
58 415
76 354
60 389
53 210
73 241
41 247
26 436
54 385
41 432
61 338
17 447
86 207
23 486
51 462
45 472
97 419
38 386
28 346
52 460
15 427
39 248
19 341
55 418
54 365
33 386
79 489
69 319
71 415
38 496
79 202
21 263
83 200
64 391
90 422
89 401
47 299
95 271
90 330
18 314
51 338
11 446
52 281
10 272
14 217
50 270
11 432
75 390
27 482
10 478
60 431
65 251
70 225
53 317
24 261
55 299
73 380
12 475
42 207
90 405
95 262
46 244
55 207
96 376
65 213
42 391
48 480
75 321
36 464
83 258
97 267
33 372
10 350
47 356
54 393
42 280
83 434
97 399
14 456
26 378
14 376
100 260
72 410
22 258
56 217
66 346
48 422
37 480
40 313
98 276
27 293
49 360
33 430
91 366
54 281
76 253
81 262
100 209
12 495
14 293
86 281
80 244
75 354
89 473
44 307
14 372
41 354
78 376
52 238
71 368
91 235
16 474
74 233
77 217
97 398
51 437
67 447
68 431
92 203
62 216
58 349
13 460
73 368
32 486
65 275
36 423
92 273
79 356
27 277
96 232
90 381
58 402
84 450
51 377
89 433
64 462
33 480
15 234
64 403
91 452
30 321
90 487
76 219
41 398
77 414
70 469
89 297
40 371
97 452
10 397
47 288
49 415
47 426
46 363
82 366
45 205
15 438
78 278
19 283
91 201
61 304
15 241
40 288
75 396
80 358
39 322
39 298
13 212
85 384
94 251
38 388
86 486
80 497
95 281
34 489
75 226
98 450
87 443
42 428
81 476
37 330
91 480
50 282
59 401
59 265
18 215
99 457
47 277
19 212
67 483
79 287
44 243
91 474
83 472
82 222
43 385
90 493
92 229
98 305
82 490
19 280
23 322
46 403
86 388
17 404
14 366
100 276
78 476
68 343
76 349
78 343
75 467
59 346
23 359
33 273
84 320
47 302
50 287
20 488
54 370
94 294
67 381
96 393
99 318
58 252
84 299
46 398
19 479
78 409
31 495
81 436
96 232
11 404
27 492
50 295
92 231
46 294
52 458
93 467
21 421
41 441
93 362
16 484
89 332
50 377
10 272
24 288
65 298
21 425
90 333
32 349
58 306
39 475
63 379
67 289
51 460
32 268
38 317
61 361
38 291
90 474
48 298
87 418
45 202
10 384
22 259
68 398
54 477
86 327
98 262
44 404
14 344
82 242
57 370
76 308
61 338
76 274
48 240
65 229
77 231
70 225
14 447
21 353
51 494
65 476
12 294
87 476
81 248
66 348
28 318
75 278
22 486
77 238
29 292
96 467
23 431
10 311
55 364
76 498
71 342
44 362
56 250
43 323
15 304
27 415
56 426
65 225
59 242
44 335
90 280
90 355
57 242
84 285
64 328
98 212
16 454
62 355
79 211
53 500
57 449
71 435
25 305
88 433
84 473
69 431
61 318
93 212
65 200
73 215
52 329
71 497
82 402
74 234
43 278
98 426
87 397
19 249
19 269
93 350
81 499
47 243
91 264
66 425
69 250
54 291
62 418
31 410
63 337
57 482
75 427
49 340
92 466
80 274
71 269
75 225
13 403
46 281
13 221
66 481
94 344
99 349
88 257
15 330
79 401
100 309
33 416
31 400
23 236
43 417
35 296
36 270
28 409
86 414
37 305
20 400
24 416
38 460
92 206
14 367
60 349
40 484
16 271
24 447
24 254
13 310
64 202
95 297
28 480
30 290
48 355
38 433
48 488
80 492
26 431
26 350
15 231
76 293
70 363
94 308
47 300
50 216
16 247
100 213
41 273
42 261
59 242
58 447
16 334
53 422
93 495
62 293
42 302
72 227
26 375
12 330
42 202
81 277
50 358
36 226
25 292
23 257
18 479
87 211
26 340
47 326
26 453
15 310
89 253
77 468
21 370
85 403
85 291
56 372
24 418
69 277
30 383
66 242
70 236
53 422
99 435
57 210
51 415
90 390
18 355
61 396
99 353
37 347
26 426
34 341
44 263
32 302
92 451
94 255
56 347
64 362
90 474
86 418
90 340
87 356
95 363
44 419
45 248
39 408
70 482
17 266
73 314
32 439
43 462
42 250
24 419
60 340
32 432
61 229
74 314
36 216
84 335
24 442
95 449
42 255
87 245
85 372
41 439
77 423
85 201
25 208
67 232
29 210
75 355
27 235
80 322
70 395
77 435
44 489
16 385
51 460
78 263
16 238
59 339
45 350
55 332
60 459
53 405
27 225
76 406
28 478
14 210
72 332
51 208
68 226
99 211
68 221
62 266
11 474
56 469
17 444
23 431
76 362
63 268
100 395
91 347
83 400
32 494
93 200
77 500
48 293
33 412
13 233
79 373
58 281
14 329
89 340
86 376
10 345
19 287
39 367
81 310
22 240
29 446
94 253
28 466
33 404
100 409
89 304
41 392
28 270
66 359
43 479
33 309
16 429
96 210
23 228
20 209
97 321
93 207
52 348
47 419
79 350
12 437
40 256
31 287
59 297
28 485
54 380
88 246
10 388
59 250
76 325
65 383
25 463
78 218
86 363
97 310
77 212
85 364
21 323
82 394
18 295
61 395
13 421
39 481
48 447
44 423
74 290
12 416
20 496
19 261
21 370
22 217
30 367
21 349
29 281
65 360
55 319
54 249
81 444
79 245
34 260
96 360
76 274
49 251
94 407
44 326
81 433
19 356
70 474
97 239
76 497
27 277
94 402
41 252
16 356
56 383
50 265
91 414
65 215
64 307
52 277
80 447
33 474
87 258
72 205
46 348
61 445
84 265
50 200
82 339
52 363
13 471
96 462
33 466
87 298
36 347
10 403
24 282
95 242
43 471
10 387
30 498
58 244
31 376
45 328
71 350
58 485
58 369
30 402
30 320
30 305
45 323
25 458
71 282
77 496
92 497
46 372
91 412
42 205
18 358
78 251
44 274
15 475
96 380
73 225
42 325
89 416
77 287
16 252
76 272
13 371
22 327
96 211
97 305
41 225
30 351
100 369
61 210
73 316
93 470
88 340
91 370
83 441
79 276
67 223
35 438
38 315
73 335
67 202
23 292
90 302
69 252
24 265
93 212
38 403
85 421
37 475
92 445
59 445
61 357
41 318
12 260
87 257
55 208
61 285
13 286
28 493
39 255
92 300
45 388
34 499
99 392
20 347
87 337
78 357
11 207
50 486
95 357
42 413
96 302
71 466
98 282
70 375
47 464
21 405
44 426
64 459
22 274
86 402
60 345
63 251
89 433
64 319
55 229
48 404
16 478
48 418
23 224
39 345
32 215
95 288
12 352
24 456
49 250
77 485
80 366
59 395
58 221
67 336
89 244
15 331
77 255
61 229
24 239
13 216
21 374
82 394
73 248
38 298
76 456
73 392
61 216
40 368
61 300
21 237
29 391
61 264
33 263
12 475
28 417
63 255
68 243
16 463
57 496
15 339
12 292
41 471
63 266
36 295
49 491
79 459
81 398
80 327
14 265
31 462
89 241
79 420
45 363
49 275
28 392
41 258
86 394
65 241
60 266
24 274
54 366
29 386
86 204
56 423
82 264
38 449
24 349
42 339
91 500
68 318
89 277
20 324
34 304
38 328
28 400
46 375
98 332
60 477
27 222
89 303
46 231
48 392
87 318
36 340
24 343
13 208
56 284
93 288
14 396
27 206
35 215
57 209
44 339
32 331
76 334
77 397
54 384
89 495
58 217
72 319
72 241
91 228
68 358
61 411
29 430
57 247
94 445
94 439
37 492
16 395
52 203
78 439
24 278
91 338
98 466
98 404
53 483
50 480
88 497
45 241
42 205
78 268
58 294
44 233
12 276
52 359
86 418
68 364
12 429
36 239
36 409
31 349
75 323
15 379
90 468
87 443
95 457
37 422
89 415
91 233
74 230
62 468
79 388
77 392
94 283
97 209
89 322
24 229
15 385
43 212
32 327
43 273
100 363
32 232
95 348
96 217
35 356
81 275
94 215
10 359
59 347
70 488
40 425
28 363
30 374
57 410
60 228
32 483
23 375
10 419
83 480
75 300
15 319
74 379
66 240
86 381
50 304
80 306
18 283
43 286
38 242
81 355
97 376
46 361
73 251
26 472
95 413
26 314
63 396
99 264
44 429
98 272
18 211
81 209
54 245
18 449
30 489
69 256
17 391
89 363
68 445
89 370
21 355
25 288
20 426
57 436
24 496
92 284
47 335
13 500
49 337
35 365
64 252
48 387
24 338
14 282
94 333
61 339
97 384
96 488
16 227
61 361
59 431
17 429
77 487
12 292
85 376
47 346
47 327
73 268
74 481
60 498
32 250
35 250
67 211
88 493
36 410
57 460
16 497
98 252
91 316
99 204
54 301
40 318
84 281
15 291
96 486
78 324
56 322
45 368
50 310
49 270
88 413
23 258
23 418
78 341
37 404
96 474
92 395
34 331
92 427
87 487
76 460
14 294
84 382
98 364
90 272
62 360
95 463
34 342
12 478
92 362
95 278
73 284
22 325
24 397
53 286
55 310
82 391
67 275
79 367
51 464
63 321
99 321
77 490
45 362
88 395
71 247
76 207
84 343
57 496
56 282
62 372
45 275
39 296
61 285
28 488
39 299
67 269
17 239
23 332
76 373
41 324
99 347
60 200
59 412
43 428
33 475
85 284
55 312
86 297
85 241
71 292
64 291
68 459
35 317
77 481
98 464
27 359
41 333
95 499
47 201
20 437
86 475
17 423
35 299
64 330
22 202
87 378
25 231
10 322
89 273
68 288
10 305
45 245
25 454
48 432
30 419
12 380
70 287
63 378
66 271
68 475
14 379
17 265
62 336
87 207
47 388
91 447
55 390
97 328
82 485
50 297
56 327
33 494
62 228
74 249
66 328
23 322
49 223
16 365
55 473
51 269
100 315
56 250
84 405
78 347
50 388
29 490
70 319
38 326
92 303
66 447
97 297
81 386
26 354
100 429
42 322
79 385
99 462
49 442
40 314
100 454
98 380
93 414
70 376
14 346
86 364
73 308
66 208
81 479
57 494
32 387
47 354
47 201
90 207
80 381
65 378
26 220
60 476
82 206
92 422
44 228
74 343
40 393
77 227
92 411
17 228
38 234
24 370
89 447
23 427
50 447
100 360
94 312
37 298
41 385
25 419
76 203
99 447
81 310
80 216
24 393
49 319
40 376
81 412
30 314
49 348
36 393
89 425
60 240
95 271
60 491
29 235
61 450
41 237
56 405
84 280
60 247
77 474
49 336
71 392
14 474
55 459
74 445
23 217
21 354
41 359
98 476
60 486
95 274
70 434
28 225
38 475
76 311
31 393
24 282
100 346
28 273
39 319
13 386
42 401
40 373
12 333
50 353
48 222
33 290
48 355
25 368
84 336
43 475
32 323
60 211
57 261
93 421
88 500
55 466
37 345
56 359
75 437
71 496
93 387
84 313
100 350
70 217
16 357
50 413
78 249
76 296
96 406
73 389
81 322
65 203
11 443
26 292
69 322
52 235
44 271
56 398
51 226
79 304
45 357
48 210
46 338
46 414
99 271
77 347
90 458
12 257
69 462
84 477
68 386
15 440
41 258
45 326
94 202
92 366
60 396
14 213
69 482
90 476
76 229
99 394
77 422
74 233
82 249
90 364
100 420
15 341
73 391
75 210
81 296
20 450
21 200
89 424
28 338
64 483
23 221
22 201
80 225
89 274
60 494
27 408
36 492
52 390
90 415
27 473
99 475
27 451
15 333
15 406
10 223
80 236
48 463
67 386
95 273
95 461
87 347
29 429
98 315
74 469
13 417
20 489
45 362
37 367
96 212
36 364
28 410
36 478
24 438
46 309
65 221
80 476
16 387
81 456
87 420
91 231
62 314
18 478
54 357
100 369
42 365
62 302
95 432
80 397
97 341
44 227
73 224
67 480
40 304
83 412
55 256
33 310
90 361
67 244
41 329
45 234
18 445
86 467
10 314
75 393
98 267
22 465
49 372
12 451
79 276
22 450
74 453
95 452
40 244
22 228
98 357
97 315
71 297
72 376
64 394
31 213
72 489
85 450
75 371
53 235
34 410
95 479
63 391
77 424
29 324
81 256
62 413
33 231
77 402
20 369
58 475
55 455
38 310
93 472
42 452
73 326
100 338
80 222
72 484
19 412
61 296
18 287
84 287
62 467
89 474
54 234
66 416
28 259
17 240
23 456
56 435
31 302
16 335
35 249
73 469
32 374
87 326
62 221
88 478
84 351
11 272
39 246
15 221
78 463
32 233
61 202
94 448
13 489
45 379
94 298
35 345
57 361
73 280
100 333
12 319
54 406
37 216
89 327
57 456
55 298
20 206
74 406
14 355
29 435
69 279
74 380
92 403
69 344
19 372
42 489
14 359
80 381
31 495
36 361
50 297
20 388
13 458
80 405
78 438
19 345
21 271
93 390
30 214
84 406
83 460
14 376
64 436
44 442
68 463
81 329
68 460
31 209
92 310
41 229
63 203
68 213
87 297
94 446
75 386
100 447
56 393
61 413
51 277
21 207
46 304
80 247
100 301
38 430
29 421
22 357
73 230
19 396
93 472
46 440
42 391
42 401
12 458
24 309
14 367
78 223
44 350
71 484
76 226
87 261
30 320
76 268
41 436
33 427
13 202
54 462
68 201
50 374
42 426
93 392
16 248
67 461
44 385
46 248
35 305
67 255
84 425
65 224
44 485
64 465
20 266
47 227
57 238
64 373
68 333
15 454
42 430
94 479
99 307
12 474
24 284
95 337
29 300
92 318
64 209
64 469
26 208
68 240
68 346
42 459
94 428
25 258
72 275
66 369
10 461
19 293
91 268
92 253
81 438
90 350
37 402
18 472
71 263
44 355
61 375
26 336
77 475
43 306
12 329
72 329
30 265
43 283
11 250
47 399
16 405
26 436
42 315
13 467
26 368
57 235
40 384
48 242
30 465
17 306
43 271
88 281
77 307
53 367
17 450
60 294
79 262
74 411
26 335
94 204
78 498
36 444
77 310
77 439
17 232
83 265
80 429
29 338
54 461
87 240
25 469
38 213
92 262
86 306
42 249
13 297
29 249
43 327
66 425
20 433
56 207
77 458
63 293
98 319
85 499
32 413
10 443
21 446
25 248
63 350
38 261
29 492
21 386
71 418
34 281
13 215
73 296
86 424
38 217
60 392
30 402
77 482
95 429
77 297
10 326
83 472
22 291
49 446
80 230
64 286
53 411
10 299
46 473
69 295
31 213
13 204
63 240
90 207
84 259
47 394
75 449
76 471
85 277
74 466
88 478
31 318
57 200
73 345
33 337
83 462
22 375
22 214
29 298
12 332
47 474
13 442
68 289
99 360
57 277
70 372
25 225
91 393
75 304
27 499
58 426
68 240
50 273
62 215
99 474
89 427
29 271
58 318
34 229
93 475
45 201
78 259
15 234
86 252
86 387
94 228
29 408
30 413
42 271
55 250
63 473
39 441
52 294
33 352
60 435
20 276
41 423
71 412
20 486
43 244
76 412
92 485
88 341
27 499
21 273
77 407
85 474
19 238
19 253
67 288
21 467
43 321
28 450
68 243
77 445
87 256
37 361
100 374
54 387
61 312
68 318
92 456
59 264
43 257
97 333
16 253
93 408
39 386
16 356
66 491
98 217
88 355
85 236
66 277
67 247
56 333
33 357
40 354
11 230
67 436
89 455
32 361
22 312
73 418
22 426
64 466
44 403
61 218
91 246
19 312
22 434
99 407
83 431
80 410
28 370
99 222
19 232
14 436
100 380
66 209
69 209
47 497
87 494
48 300
94 258
14 282
39 254
13 482
94 449
58 344
83 435
82 392
95 499
39 260
43 429
85 381
40 444
30 298
46 340
74 426
79 458
62 289
43 345
82 395
11 359
11 360
66 303
39 460
48 276
70 378
80 488
45 391
39 334
53 368
33 235
84 321
57 500
35 403
64 378
80 386
26 234
49 479
80 496
96 337
64 406
62 225
36 471
16 273
25 304
56 278
39 484
67 229
75 457
39 276
62 429
56 269
15 457
23 249
91 485
66 474
36 349
87 483
23 364
80 424
16 446
41 454
28 247
48 309
53 365
47 287
12 245
46 255
14 404
93 403
30 439
11 477
38 273
35 305
99 464
98 303
94 428
66 485
89 489
30 377
99 377
64 446
23 319
72 372
22 453
76 309
39 349
15 377
82 494
36 308
100 459
47 314
24 365
31 259
71 340
61 456
35 348
86 387
41 301
82 388
76 283
11 394
88 230
89 303
65 201
12 480
10 219
19 295
52 340
44 487
99 238
61 395
36 293
34 251
95 290
36 345
26 384
91 253
24 208
89 387
57 465
42 470
40 409
35 317
62 368
75 376
81 495
46 491
72 302
53 328
93 429
15 213
32 411
38 476
93 321
25 377
71 477
60 218
80 310
62 281
71 336
55 282
25 477
37 265
41 212
70 368
21 265
95 202
34 346
44 292
11 237
29 450
87 463
52 246
81 200
61 449
94 233
73 315
22 201
59 487
80 472
39 405
19 485
89 461
18 232
77 444
61 369
62 482
92 259
67 302
72 304
40 243
49 479
37 245
13 488
31 444
30 334
91 496
47 453
90 295
27 356
46 453
25 381
80 253
65 360
42 397
27 303
92 500
38 298
44 461
67 474
41 494
80 450
79 375
64 291
52 336
89 458
76 369
49 420
20 476
92 425
94 443
77 313
37 259
29 385
63 395
91 372
89 466
79 274
12 472
52 209
39 210
96 293
98 254
60 449
65 242
22 351
76 351
22 375
20 273
38 327
43 418
30 202
14 268
68 422
57 339
24 245
13 347
55 427
71 249
71 328
36 498
100 474
89 341
68 456
15 357
89 279
77 229
86 356
71 306
51 286
27 356
31 493
38 316
48 301
97 493
34 355
55 306
34 236
99 427
58 310
51 223
69 256
73 369
62 299
25 387
78 319
30 414
79 443
37 480
21 293
35 371
19 410
86 226
39 322
52 387
52 485
50 220
73 411
82 401
19 313
16 343
92 228
86 493
49 485
87 464
100 341
58 475
17 459
69 395
82 402
50 462
66 389
60 427
12 269
43 309
38 314
61 212
40 458
54 262
76 374
92 417
69 207
10 463
46 341
39 496
43 336
13 430
31 337
55 273
59 382
61 236
91 282
33 287
75 451
62 379
71 273
42 236
56 437
31 496
28 254
73 320
92 397
78 313
56 304
100 439
73 216
18 431
90 422
47 236
72 315
31 395
52 461
88 419
21 379
53 423
86 405
55 222
17 491
53 283
71 471
85 479
30 394
60 234
88 375
90 335
60 436
17 327
90 460
63 241
29 409
58 471
84 456
45 312
51 225
17 439
57 365
17 381
48 274
12 221
82 384
10 388
66 385
96 464
28 209
74 330
80 418
69 429
50 491
17 467
18 435
65 359
70 220
96 204
19 353
60 442
90 330
85 356
85 293
82 206
55 222
68 418
93 386
51 210
57 386
86 239
90 332
83 266
38 387
84 345
76 245
92 276
58 365
91 288
74 449
99 458
80 379
16 359
19 470
67 288
32 296
47 373
18 225
34 478
98 459
48 401
14 359
54 276
69 306
58 380
70 356
78 475
39 462
38 447
58 453
30 235
27 362
55 374
49 296
36 498
13 474
35 206
29 375
33 254
41 396
47 486
53 219
30 485
25 242
100 310
71 466
16 441
12 451
77 413
57 466
51 249
56 257
68 470
73 236
81 363
51 406
67 432
22 256
93 355
100 297
63 492
38 258
37 288
85 496
82 454
33 308
92 298
26 457
72 247
29 489
92 373
86 456
26 267
62 470
88 208
64 284
10 227
74 331
85 249
96 463
15 236
16 454
24 385
72 299
20 402
54 489
23 430
39 328
91 405
11 317
15 211
46 260
19 493
44 251
30 467
24 493
74 482
86 484
15 356
37 497
65 318
97 230
75 378
71 442
26 302
60 394
54 409
55 300
68 294
75 340
44 262
40 410
35 277
59 360
52 424
72 389
31 290
48 487
56 475
77 500
61 487
21 339
86 245
86 494
17 438
58 297
65 465
21 493
29 399
46 373
57 407
41 261
92 429
36 414
68 475
73 377
39 454
50 253
49 353
86 286
11 379
60 238
11 338
72 283
42 281
18 256
78 216
29 434
99 364
16 245
57 459
11 498
26 387
82 360
40 297
75 227
26 278
24 467
59 495
65 402
94 454
96 263
39 224
94 312
32 242
57 477
95 228
83 311
100 474
93 352
47 367
50 446
17 342
98 310
13 411
74 413
88 369
84 232
84 371
18 281
93 400
12 311
23 430
24 240
11 343
31 423
36 469
64 352
89 479
10 396
76 373
51 451
97 483
98 383
28 276
13 464
70 420
61 352
53 446
75 252
82 431
55 445
84 241
15 458
87 407
80 357
96 411
96 269
71 290
36 444
61 314
100 290
98 380
30 332
89 231
20 312
71 308
96 309
53 251
79 317
32 318
18 486
41 280
73 320
60 405
91 485
54 369
58 201
67 414
17 323
91 467
96 355
99 440
69 372
17 429
98 398
59 411
57 224
36 336
55 259
82 358
22 208
89 216
94 275
12 292
27 375
45 281
70 282
67 392
11 410
76 341
13 316
31 390
77 493
96 434
22 215
31 244
29 267
59 431
82 492
76 438
33 282
20 243
71 437
31 267
14 255
34 404
47 410
84 461
29 267
99 402
73 384
84 203
56 457
67 440
19 458
35 461
70 293
88 352
39 440
65 325
85 226
50 315
62 219
62 235
65 367
39 318
97 332
82 450
17 256
42 383
98 214
75 201
65 348
60 286
88 221
90 480
67 338
20 432
25 267
26 393
49 353
34 434
31 282
13 421
71 471
72 249
65 396
88 241
25 352
77 228
25 488
93 319
59 200
64 431
92 416
34 401
88 284
55 401
82 416
64 402
56 373
37 321
51 399
93 261
79 439
87 271
52 247
92 449
61 289
54 264
51 452
99 472
54 299
64 248
27 442
94 350
69 298
46 332
62 231
40 446
24 433
50 242
21 305
29 476
50 318
78 297
15 204
83 453
46 389
47 216
27 400
36 291
24 485
60 444
64 215
69 383
32 304
98 376
12 415
68 201
17 340
97 200
75 315
88 295
42 455
36 231
27 376
63 301
88 495
33 273
28 281
83 406
26 380
46 493
24 331
34 224
12 240
60 463
26 377
13 307
34 318
71 383
92 358
100 251
99 428
46 311
95 279
29 343
26 497
93 400
32 277
41 446
64 348
27 421
91 466
38 304
59 263
82 226
32 420
45 472
30 351
64 305
27 499
88 287
11 231
53 220
24 361
37 323
37 373
58 482
37 469
95 372
47 470
53 350
20 425
70 486
49 354
34 405
69 436
25 244
18 428
19 473
68 479
64 495
53 236
75 440
77 459
29 434
99 407
63 267
39 304
28 306
55 491
61 207
26 451
47 342
61 265
74 314
56 359
23 344
28 233
42 298
20 292
72 319
12 213
97 280
56 285
36 473
29 345
77 201
27 430
88 372
87 406
60 237
52 244
94 409
79 414
28 468
66 487
78 455
23 370
26 215
52 369
86 480
93 366
70 257
56 272
14 289
72 365
37 492
54 407
46 435
36 304
38 275
16 387
23 240
42 462
14 411
81 442
18 292
32 269
100 352
89 478
73 217
31 416
90 500
46 307
61 442
53 234
27 452
20 394
96 377
32 445
36 435
16 375
93 444
75 326
69 234
96 384
39 343
94 209
55 421
17 474
65 478
57 227
35 277
38 369
72 276
84 439
25 449
95 488
44 257
10 335
49 314
97 291
76 267
60 497
82 367
89 248
43 325
44 471
28 446
15 304
85 350
88 431
95 305
72 389
31 429
57 351
47 492
66 397
42 492
96 444
100 261
77 349
45 216
81 237
100 407
53 382
38 282
48 305
92 480
41 396
61 416
47 349
41 386
74 363
44 388
68 383
70 247
93 283
72 300
85 373
22 360
19 213
84 316
54 476
46 209
88 401
73 315
94 229
90 244
95 276
53 397
30 329
59 492
43 406
12 380
19 497
17 282
45 379
92 225
29 391
37 372
87 358
58 290
30 436
64 228
88 464
39 421
45 318
10 403
36 401
96 251
44 270
26 356
57 430
31 450
61 315
45 311
20 256
43 360
57 434
18 453
29 262
15 439
16 233
42 353
72 321
94 281
93 436
48 237
43 216
78 385
80 205
57 304
15 294
84 201
13 301
60 323
20 276
13 442
34 249
75 443
89 397
28 209
40 409
47 396
88 431
29 256
91 474
20 446
82 222
75 443
66 350
34 385
53 474
18 435
89 370
90 392
13 400
74 297
37 294
32 432
89 472
45 358
43 297
92 411
29 250
26 341
91 317
24 275
40 301
37 262
32 335
58 487
51 253
32 241
59 225
20 321
22 410
43 441
27 231
33 224
91 404
84 380
53 391
41 209
47 363
28 412
11 476
57 482
25 431
84 274
50 444
38 452
12 273
16 310
58 392
82 335
80 449
84 213
26 367
32 228
46 244
85 227
81 237
52 446
37 480
86 373
83 365
92 225
10 364
30 491
91 368
61 299
30 237
19 353
21 234
25 434
45 219
57 246
57 367
91 423
89 461
77 468
16 266
73 461
29 277
29 435
58 475
97 459
23 245
40 315
100 390
45 357
71 408
40 364
17 343
28 319
61 279
30 327
26 278
37 225
11 438
17 498
89 443
53 271
35 215
53 266
91 384
87 213
96 223
42 314
47 413
62 369
17 468
28 286
37 482
31 299
65 220
14 479
59 451
18 451
94 436
36 270
65 338
99 359
92 460
26 426
90 304
53 262
23 489
47 266
43 358
97 287
24 412
67 289
75 263
20 277
52 455
16 215
21 430
30 351
99 245
59 409
78 269
11 369
90 217
59 477
71 250
46 201
72 226
20 272
95 279
69 487
67 446
16 223
42 274
99 413
89 349
45 366
21 241
75 425
48 368
86 382
95 362
56 277
88 473
12 376
88 398
81 483
99 312
49 417
39 278
88 454
57 349
11 243
69 252
32 397
25 267
42 486
93 461
38 215
54 310
24 383
28 201
12 300
45 320
75 449
15 244
56 273
85 369
47 231
12 234
39 239
41 455
90 429
59 235
30 495
75 284
61 302
56 492
37 349
84 266
83 208
26 398
14 401
11 296
33 437
74 308
84 330
87 398
18 324
16 452
65 478
89 496
92 271
95 380
53 246
83 415
67 204
26 233
26 329
38 285
84 307
65 389
33 353
56 394
13 418
86 294
97 279
46 475
36 474
15 468
18 248
67 472
13 445
25 406
63 233
31 486
72 332
29 226
55 410
53 410
90 213
80 222
67 492
37 341
56 498
34 434
47 492
92 246
36 359
32 458
76 340
51 482
94 266
60 405
61 376
22 200
58 266
53 380
17 366
33 472
40 330
26 408
10 258
81 205
40 252
41 258
19 303
16 312
31 445
67 242
86 228
49 459
71 464
21 301
89 308
94 493
55 426
22 207
43 201
99 351
21 424
42 395
38 296
50 294
68 473
58 310
13 278
86 245
14 304
69 320
58 317
38 350
35 412
74 476
22 319
58 365
28 383
72 469
37 216
31 468
45 297
10 388
38 294
39 417
100 478
90 260
59 247
22 285
85 216
69 270
75 285
47 328
15 444
65 446
84 307
54 347
65 440
84 228
57 366
90 331
73 380
13 386
22 249
32 284
66 481
20 351
70 487
87 233
29 473
33 288
91 291
47 433
48 419
66 463
59 355
14 427
50 382
16 411
51 231
22 396
82 297
63 227
42 423
79 412
17 438
80 423
59 435
16 208
64 215
17 386
43 463
98 303
84 322
99 224
95 406
94 315
59 364
80 484
59 300
69 379
40 396
26 266
82 305
11 382
21 444
76 388
84 329
91 249
40 402
54 202
62 341
27 207
20 357
65 439
72 336
88 496
34 318
16 259
53 234
15 492
42 458
73 383
16 319
100 384
15 353
51 277
17 453
78 398
27 224
49 216
82 403
16 289
94 471
75 392
46 437
27 431
23 211
21 327
70 393
46 299
81 398
41 438
17 410
32 409
30 421
40 493
61 334
17 242
39 277
17 258
25 215
71 357
78 200
21 305
18 445
75 388
98 280
95 441
95 359
94 321
51 473
26 249
87 293
73 361
68 475
55 282
68 357
75 465
23 373
62 449
60 473
74 408
58 360
26 440
48 396
67 496
96 272
91 476
32 285
62 485
97 203
36 498
48 455
79 366
12 480
45 291
29 349
74 403
94 296
29 476
62 301
30 309
85 464
56 238
37 318
60 256
40 488
68 330
12 413
55 417
94 258
84 293
26 456
17 364
100 286
51 492
39 207
35 261
44 283
84 418
52 470
76 422
82 426
23 245
60 246
14 230
75 419
84 461
99 267
64 323
80 413
76 440
38 313
86 289
45 498
23 497
65 431
68 321
86 418
83 444
66 277
52 466
75 496
85 216
79 500
89 315
15 352
84 280
82 203
85 259
91 377
66 366
87 371
54 412
31 302
34 450
77 478
80 222
28 239
41 434
65 327
72 450
10 251
83 393
78 349
98 454
66 406
77 281
49 254
95 263
57 496
73 435
20 326
92 395
33 445
52 404
15 326
38 449
86 282
50 330
42 492
86 354
26 351
66 371
83 274
52 460
78 396
80 492
84 300
80 336
20 214
22 464
62 292
84 415
61 202
64 202
33 225
53 237
65 239
30 480
32 291
57 332
50 282
15 458
24 209
94 273
33 231
49 261
19 399
85 395
72 419
80 293
14 451
60 269
58 488
33 201
52 488
44 464
70 406
42 400
87 464
72 337
95 459
20 216
60 222
90 207
61 257
80 385
55 379
14 396
74 452
46 344
33 229
34 457
45 478
95 249
54 227
58 333
40 432
68 343
81 260
76 395
80 348
22 222
11 432
54 291
70 314
54 271
87 242
13 478
43 333
16 358
63 310
52 295
50 289
47 496
30 486
24 364
47 317
14 308
70 253
77 381
11 283
49 358
61 481
72 242
49 310
61 372
60 340
22 412
75 353
83 226
51 445
22 420
49 474
90 258
38 325
65 241
13 290
43 483
19 484
38 281
46 323
40 412
91 368
21 340
27 429
78 256
53 403
19 383
32 402
64 301
82 227
15 384
49 241
13 336
16 239
32 215
84 268
65 274
68 250
56 355
33 428
70 249
39 285
31 206
95 271
38 463
84 399
24 365
99 360
97 362
76 316
20 261
45 305
86 270
67 447
14 232
28 285
83 454
16 463
90 306
69 466
77 229
78 262
92 202
35 344
44 321
71 242
59 293
45 415
71 451
39 487
18 434
50 463
86 391
75 244
20 356
55 464
12 324
94 228
26 397
83 440
82 229
68 348
21 277
92 384
31 321
57 409
95 391
47 390
33 494
17 477
18 394
46 433
12 364
14 241
75 230
95 226
93 463
50 280
28 385
49 467
24 232
42 459
73 445
52 403
91 482
92 236
39 217
73 290
83 327
76 391
81 261
67 365
86 240
94 463
64 308
15 330
54 252
13 462
81 335
21 384
32 492
87 440
93 286
55 340
52 208
49 269
53 346
22 441
92 277
95 210
64 280
50 424
11 326
34 227
25 447
15 226
65 228
61 345
13 343
49 226
89 414
41 319
20 377
33 395
75 412
20 237
82 494
100 222
30 294
27 480
48 359
100 376
24 370
77 201
29 455
36 313
30 471
66 377
74 441
43 250
34 426
94 241
30 497
14 437
42 212
48 228
16 320
83 207
24 374
11 401
38 436
67 395
95 344
52 452
39 292
34 385
55 237
48 385
74 389
78 221
36 436
49 220
80 351
26 444
98 487
90 252
54 358
10 475
96 468
34 235
54 427
13 225
38 245
90 395
56 430
34 283
99 312
78 319
58 280
34 438
74 407
44 386
87 385
83 465
50 286
70 360
27 319
55 324
41 244
74 246
27 333
32 288
34 432
57 358
19 419
37 227
75 483
63 339
15 473
59 418
15 201
11 470
18 361
96 433
16 211
35 327
30 307
12 238
36 272
89 450
19 389
81 265
51 288
98 386
97 405
28 268
38 278
88 226
93 479
48 292
69 387
86 283
47 284
96 432
63 467
72 244
63 255
56 374
13 462
77 353
26 311
64 222
77 306
17 226
51 406
31 274
46 237
61 486
57 427
19 426
57 496
81 396
51 279
77 343
60 277
16 306
47 264
47 475
38 274
46 404
27 319
89 222
36 232
99 478
59 322
92 500
16 373
79 316
25 413
27 341
61 405
67 326
19 223
37 288
76 301
27 226
56 367
55 224
18 454
27 255
78 354
90 341
98 449
94 326
39 366
50 299
60 362
67 437
74 225
17 381
84 414
95 495
56 354
75 377
19 470
12 281
27 487
34 497
77 277
90 495
55 238
22 360
100 218
37 234
36 219
39 267
48 271
67 412
90 229
76 481
50 471
48 469
49 433
45 239
70 486
48 351
27 277
82 374
92 256
70 487
70 272
18 408
85 264
66 466
86 306
35 439
89 457
57 381
62 269
16 245
80 403
99 279
67 356
40 423
16 309
56 437
61 462
47 371
55 362
73 216
97 231
30 392
89 310
76 223
85 441
89 384
89 414
79 471
84 313
83 481
72 250
29 451
19 460
31 436
32 458
59 437
19 356
30 323
72 349
27 244
40 363
37 280
19 288
90 345
78 393
100 220
64 442
34 405
10 292
92 370
67 241
68 385
45 383
53 313
46 302
42 468
93 483
57 491
38 248
20 318
71 359
17 333
54 258
25 349
14 327
94 297
73 324
63 265
11 387
40 436
38 382
39 402
95 400
48 281
48 426
92 338
85 237
98 232
58 458
10 343
45 399
86 452
18 319
78 427
16 293
74 443
96 463
45 237
52 384
40 259
58 217
62 291
84 317
35 247
88 203
56 358
82 278
93 322
42 224
63 300
57 257
63 492
92 234
60 281
80 245
50 476
20 487
34 215
78 339
52 275
10 351
14 443
93 440
35 474
84 211
90 481
77 265
100 487
49 398
65 466
11 357
74 456
69 406
33 344
73 381
28 335
36 249
54 360
45 240
17 402
29 407
22 217
12 251
27 470
34 220
87 291
12 274
10 367
20 415
34 473
25 327
18 277
91 283
70 365
95 218
17 272
91 296
36 296
94 493
97 495
88 348
70 288
97 280
24 300
20 415
16 439
16 279
39 367
95 350
31 435
93 496
29 242
20 245
38 337
99 251
11 449
72 366
93 219
95 389
55 288
71 342
19 294
40 491
73 231
64 390
76 208
86 371
93 375
14 236
27 352
19 342
15 384
53 285
65 352
68 473
31 476
35 467
69 433
41 428
15 246
90 328
15 451
93 202
88 363
45 336
63 274
50 263
51 384
29 311
56 220
26 374
43 295
70 213
32 495
43 389
59 206
71 243
61 413
42 282
23 483
16 239
48 294
98 414
11 349
58 361
30 205
87 262
41 323
65 225
19 414
90 307
47 329
49 377
78 244
62 215
21 274
30 431
40 256
10 245
60 266
51 473
86 390
97 218
46 208
43 228
76 356
41 342
84 385
36 424
61 375
14 353
73 444
84 266
14 377
98 302
96 416
99 413
39 207
25 215
19 424
10 437
44 380
23 462
21 245
95 442
90 274
97 318
87 327
28 466
26 343
19 397
26 490
20 312
65 439
10 461
100 320
21 340
42 374
24 462
36 437
41 237
18 396
95 477
33 437
12 476
54 407
24 286
45 329
42 341
39 424
74 328
97 397
73 442
36 219
61 438
96 204
96 415
82 278
25 320
29 281
16 243
56 366
60 282
72 477
54 262
51 423
94 342
30 256
92 389
15 435
72 480
97 250
31 486
74 233
45 241
81 402
28 200
36 364
43 211
88 454
25 439
69 361
39 444
37 312
98 442
90 357
98 384
53 213
27 433
82 475
72 259
67 208
14 342
86 290
17 461
34 324
64 318
58 428
98 402
40 394
44 235
82 464
14 355
77 236
68 473
47 211
36 234
100 490
60 391
77 427
74 222
52 500
74 235
84 402
48 416
30 479
96 244
77 318
15 368
85 437
27 263
29 270
35 467
46 372
67 238
14 406
40 298
31 349
73 281
39 469
45 495
18 345
77 287
41 336
54 214
72 493
10 219
77 274
72 272
36 240
89 443
86 319
12 300
49 374
38 417
11 275
90 488
14 399
58 331
65 478
77 307
36 322
80 482
28 210
79 239
97 312
10 446
49 223
51 348
95 376
29 438
53 476
16 320
92 448
72 357
29 496
99 292
42 489
22 212
82 276
31 447
21 233
22 268
51 388
64 352
43 481
42 413
55 463
22 278
28 383
55 232
85 348
20 495
84 398
94 283
39 456
60 312
99 371
26 444
89 296
49 220
80 333
70 430
45 364
33 454
28 391
27 322
47 259
83 323
39 470
12 329
53 334
35 313
50 219
18 212
12 250
23 289
91 363
16 377
28 475
14 472
34 214
13 353
39 359
18 428
79 280
54 453
89 396
90 316
47 219
84 428
17 309
31 351
44 484
49 449
83 306
25 272
93 463
95 342
31 298
53 349
76 276
84 490
39 315
18 285
34 434
79 353
53 428
93 414
16 480
11 267
49 480
22 355
62 462
25 213
72 266
45 336
65 412
64 462
19 431
33 309
27 457
38 255
81 414
19 443
80 228
92 377
55 246
22 399
73 227
53 414
59 472
81 283
33 324
34 358
33 489
93 317
75 378
37 227
14 238
95 383
20 377
65 473
53 290
35 328
31 482
23 310
82 240
20 234
55 336
64 368
55 359
45 218
40 204
38 227
71 414
45 207
36 419
100 463
94 498
21 224
65 282
74 330
83 426
15 436
83 204
32 334
79 486
20 299
92 348
69 482
52 434
97 301
67 315
73 259
84 304
91 490
73 265
12 406
11 432
62 450
93 342
38 498
13 385
96 215
67 320
57 493
68 383
12 304
66 306
10 208
77 345
15 244
72 316
20 298
41 240
74 381
19 279
21 460
12 373
17 395
71 421
41 497
33 430
80 500
73 413
93 446
88 204
51 365
68 389
49 214
86 357
85 261
77 222
71 349
66 393
65 338
58 380
28 315
94 383
33 294
96 219
31 250
76 427
96 491
49 224
58 393
19 348
83 317
92 372
81 465
84 408
47 327
96 385
75 295
80 454
71 261
77 326
75 394
26 425
49 267
30 388
52 330
94 362
41 355
94 259
59 246
20 370
34 454
77 212
57 220
61 336
48 336
72 290
43 464
45 362
52 413
43 388
57 234
99 387
37 481
63 458
86 311
44 247
42 280
73 211
31 424
33 228
23 257
45 488
83 282
93 450
99 348
99 435
24 336
97 470
53 465
91 492
48 452
11 238
99 247
86 479
23 345
52 481
12 274
10 373
83 266
36 498
81 409
90 245
85 451
99 260
61 339
29 389
77 289
42 470
21 426
58 257
89 404
41 372
12 454
93 231
87 315
83 384
69 409
78 218
74 342
44 223
82 278
86 470
10 288
50 453
61 337
62 484
60 496
57 417
88 348
63 419
84 375
21 487
70 429
59 341
83 231
84 200
19 224
93 477
50 307
84 225
39 388
67 332
93 312
67 332
25 394
71 422
65 301
68 301
89 362
85 249
36 254
51 202
91 418
18 238
38 306
59 316
55 220
72 376
93 445
43 291
58 457
87 356
50 371
26 237
87 347
62 375
32 234
22 326
63 254
16 323
39 377
75 302
44 386
84 229
75 385
60 418
48 283
24 297
53 479
42 384
95 370
16 373
22 335
92 253
11 312
83 499
80 315
78 387
56 477
66 229
59 435
69 452
79 469
47 369
77 332
79 220
89 210
50 303
12 340
93 483
93 231
98 340
48 480
49 495
17 340
78 266
48 368
62 241
100 214
65 231
94 413
63 296
27 342
45 216
97 203
50 332
28 327
25 279
39 396
60 210
86 495
11 260
53 293
13 447
78 410
81 403
65 478
15 443
99 347
28 500
41 305
11 335
68 201
25 487
97 335
60 382
82 273
69 441
41 391
40 372
57 263
97 321
71 223
73 258
16 421
28 470
21 286
60 406
62 366
57 383
67 388
94 227
31 405
91 225
51 253
35 344
58 421
35 305
33 478
52 212
52 369
40 321
15 434
23 441
28 418
24 498
76 337
14 465
34 442
60 234
41 335
36 259
69 292
35 347
76 477
48 365
100 239
99 448
31 461
34 470
81 461
14 432
73 440
16 236
66 334
89 324
30 398
13 424
38 497
99 207
68 328
86 465
41 255
88 237
58 250
81 342
39 422
10 206
57 419
25 492
90 262
37 420
81 448
63 398
31 312
40 263
77 475
72 306
62 389
86 494
33 298
64 348
15 357
27 329
88 294
38 476
100 385
14 213
95 488
53 423
98 213
30 238
61 411
45 415
50 385
11 437
50 492
52 400
45 336
71 271
28 298
81 485
64 391
25 212
68 358
54 375
13 318
92 257
29 455
56 226
20 278
59 219
75 395
32 317
49 396
59 360
54 333
12 425
77 240
83 299
11 218
25 469
63 335
85 263
97 447
14 377
50 400
84 244
43 263
87 224
61 447
12 402
38 426
39 251
48 462
66 314
64 323
16 265
89 307
62 496
47 315
18 478
45 466
64 310
23 280
22 386
13 467
95 255
100 413
63 307
98 406
50 303
10 202
41 385
64 445
53 262
75 451
51 223
15 209
13 394
19 365
55 264
57 315
16 422
73 324
58 300
52 399
85 456
17 219
20 409
34 470
90 421
24 408
71 284
99 476
11 404
90 205
46 421
96 486
56 297
93 320
56 287
65 248
12 368
73 332
60 429
38 497
96 470
43 492
89 270
94 481
29 308
99 341
45 204
88 269
80 385
58 396
77 356
45 464
48 409
54 249
68 295
10 385
51 349
45 217
54 292
28 291
74 382
55 327
38 207
27 335
76 284
59 312
51 373
85 361
65 270
12 317
37 304
11 328
62 276
71 320
38 241
42 217
33 241
37 207
83 489
31 389
46 323
26 410
36 226
92 226
19 328
39 359
23 243
78 384
40 230
81 386
92 263
86 444
63 445
75 302
84 492
19 403
38 492
32 310
53 280
72 211
34 378
62 340
95 307
21 439
78 427
55 358
32 425
46 293
70 450
84 250
32 335
36 204
45 213
41 242
35 349
50 452
66 373
59 397
95 264
47 266
80 358
58 429
86 423
49 452
68 264
62 262
42 404
67 424
10 330
28 461
26 468
11 404
87 452
59 269
47 334
16 405
51 207
44 275
20 203
98 251
86 478
31 467
11 329
58 248
11 304
16 336
98 420
62 361
85 238
28 285
70 214
65 313
51 273
100 350
62 364
93 343
19 413
28 421
27 397
92 399
15 426
62 471
69 473
13 415
51 460
38 383
73 490
84 395
17 333
39 287
43 344
71 485
25 387
80 496
65 272
78 483
32 379
35 292
16 233
98 362
24 206
31 365
81 438
64 457
51 202
21 414
95 372
53 300
70 202
14 241
19 439
57 221
75 477
87 418
38 269
92 400
19 221
92 220
28 222
41 377
65 418
70 268
50 387
31 247
98 362
61 413
34 260
65 367
17 247
43 444
89 261
13 341
64 358
13 388
67 286
68 303
13 304
98 493
49 438
81 380
18 276
69 399
66 225
95 322
38 247
34 339
78 307
77 339
86 239
77 243
79 240
91 227
71 216
89 335
71 207
72 201
64 255
74 420
28 415
56 200
21 204
73 219
71 217
31 225
29 335
24 330
96 414
43 469
57 326
39 282
71 215
22 417
95 434
16 248
17 275
32 208
59 337
71 341
97 336
55 359
53 384
77 294
37 245
67 375
21 314
27 454
60 440
69 348
79 354
84 368
54 344
30 408
63 405
48 233
83 312
38 409
24 279
36 492
41 464
52 394
52 471
50 356
25 416
36 481
47 247
96 347
78 475
19 321
17 200
52 317
12 495
42 257
49 426
31 347
78 261
49 416
60 337
11 340
61 473
86 470
63 419
68 411
60 370
87 470
87 283
37 432
73 209
14 250
53 384
17 273
26 387
31 426
62 208
67 423
77 336
90 450
50 208
33 345
87 290
84 447
48 247
24 350
42 264
48 440
34 245
86 393
28 450
42 353
56 282
18 337
68 418
61 370
71 396
71 253
57 226
83 207
27 327
69 278
96 205
23 288
79 429
33 381
69 498
40 234
27 207
100 447
63 407
19 300
98 280
81 436
50 251
12 329
40 248
42 469
94 272
18 202
18 487
33 278
22 314
18 211
65 382
42 445
31 274
15 339
85 245
90 409
66 467
18 373
79 292
48 217
22 296
62 314
13 351
78 464
10 454
19 486
56 382
47 372
55 373
23 207
91 234
81 412
58 301
70 466
18 273
25 256
81 452
68 400
24 211
63 466
84 236
44 248
76 279
71 271
86 380
40 267
49 341
12 313
25 462
87 283
43 460
18 404
42 409
60 411
75 365
71 283
48 276
88 216
48 200
62 204
95 263
26 492
29 500
94 244
54 281
85 394
99 366
26 451
32 300
49 392
89 488
17 264
41 255
14 368
33 317
29 282
74 393
25 233
81 276
91 500
15 355
91 398
68 441
97 493
45 460
66 352
72 308
24 408
85 446
100 265
10 346
90 391
44 369
67 328
93 401
28 252
85 419
64 474
78 247
58 297
22 247
100 402
50 314
13 416
58 334
59 270
11 225
86 467
32 284
76 289
25 269
39 438
65 239
69 296
70 274
54 293
94 291
83 426
30 203
47 414
15 220
90 215
24 395
14 389
97 424
79 361
36 216
38 480
64 407
86 343
76 418
32 250
46 278
82 414
54 215
99 317
42 261
28 479
43 211
56 332
28 243
68 376
59 489
98 214
55 380
63 222
75 491
16 255
53 447
41 299
70 495
72 395
43 446
21 460
38 490
69 341
18 482
26 441
48 271
42 262
22 260
39 447
81 255
25 268
50 419
84 412
11 482
75 418
62 428
74 283
15 418
63 349
48 339
80 318
56 493
95 310
71 363
18 251
86 206
37 419
96 386
44 236
46 385
95 243
94 281
13 480
80 500
76 347
45 315
66 447
85 244
21 257
46 210
59 274
70 326
56 288
77 221
25 328
62 478
73 468
94 447
72 455
42 422
16 482
56 216
84 241
31 433
48 467
41 305
52 357
46 432
67 443
52 219
88 307
55 390
39 453
35 369
38 480
11 208
97 276
16 287
14 233
92 365
21 361
12 439
33 350
79 413
23 271
35 311
50 326
60 352
44 235
43 485
15 311
70 323
18 416
99 455
29 329
27 399
75 488
21 457
30 457
14 378
73 499
43 304
35 336
18 351
95 477
95 284
12 227
64 373
93 266
86 341
68 294
70 334
49 275
95 367
87 358
12 457
92 380
88 430
55 466
49 336
11 365
11 428
24 474
78 233
98 275
46 384
83 312
62 399
12 257
55 265
17 207
64 219
19 231
42 402
10 428
30 388
41 304
32 332
14 314
80 267
42 488
30 257
84 367
64 384
91 470
91 236
28 420
77 312
21 403
19 397
53 399
94 320
24 349
19 229
41 265
47 300
67 446
15 250
12 210
15 434
77 281
71 405
66 474
86 350
56 429
53 404
88 280
63 278
25 374
10 290
24 251
46 391
67 446
85 206
19 273
79 385
49 358
44 253
87 204
45 406
41 399
58 458
51 482
100 306
46 242
38 493
46 236
40 489
79 222
35 387
31 333
91 399
16 209
91 271
71 304
89 345
77 486
46 431
74 287
46 270
99 382
32 270
12 344
64 349
57 451
86 411
56 205
10 274
64 460
18 478
81 271
52 215
23 322
92 472
50 381
23 437
65 203
45 430
25 213
65 463
15 211
13 247
80 431
40 481
21 365
85 404
24 478
66 442
41 263
79 408
84 353
82 455
54 300
86 453
43 411
58 476
17 287
62 389
44 242
84 357
56 225
10 292
22 429
99 200
22 395
14 384
85 201
25 353
29 472
24 312
14 469
63 253
12 260
61 222
70 209
56 408
30 389
50 435
76 482
65 257
95 241
64 322
18 477
34 241
80 479
53 279
37 391
21 401
30 223
77 400
33 251
33 465
95 255
11 205
37 232
75 311
52 452
63 214
17 306
88 325
53 359
50 482
99 235
73 398
49 254
36 489
88 354
79 443
11 301
15 395
27 459
22 305
18 336
29 235
79 325
28 477
63 212
28 482
82 237
43 204
94 374
56 243
44 395
80 335
32 331
90 227
65 433
71 397
94 401
14 460
22 491
20 458
53 291
90 200
82 215
18 369
18 396
73 366
52 296
14 235
91 479
39 466
59 293
45 429
16 494
77 469
89 324
57 436
41 314
83 493
86 339
51 218
18 473
99 274
83 283
14 496
97 270
45 371
60 273
60 306
47 488
49 448
40 449
30 424
59 217
47 341
57 477
91 340
82 442
96 216
55 371
91 486
96 372
22 253
69 456
76 358
24 331
95 452
73 438
42 240
44 240
82 260
47 490
36 414
78 212
46 354
84 341
90 273
79 445
89 355
36 333
70 240
41 266
21 392
95 264
52 409
11 313
84 270
22 267
31 431
95 364
75 360
20 373
20 415
28 459
15 415
25 480
20 454
92 293
77 499
91 226
79 412
68 325
95 390
88 466
32 369
45 354
23 231
60 411
23 242
49 413
48 359
57 310
74 387
97 356
52 210
85 241
97 470
62 403
86 405
69 377
48 345
68 250
39 207
10 271
22 478
88 456
67 325
35 296
10 368
97 346
36 282
89 299
86 451
39 308
15 217
96 377
81 215
30 489
97 286
79 221
33 493
49 298
27 390
46 278
22 294
86 435
76 208
87 325
40 434
49 262
39 418
52 262
60 315
83 354
57 259
82 312
44 249
87 318
58 202
79 446
28 218
72 371
55 312
18 435
91 429
84 395
55 385
56 478
62 406
79 248
16 404
51 465
98 219
11 290
60 327
41 268
60 366
34 321
78 384
16 422
54 452
67 357
79 420
30 234
15 363
11 289
76 391
79 367
43 235
44 382
76 442
87 405
41 337
57 433
17 481
93 232
15 368
76 466
72 422
78 413
58 230
69 249
86 403
22 230
26 321
38 498
31 259
43 268
52 378
33 315
52 303
36 488
74 486
96 207
25 402
93 389
15 268
23 251
61 251
36 358
82 442
85 385
95 258
27 295
17 403
22 492
65 206
34 426
31 380
91 296
55 250
72 412
61 321
14 238
74 443
52 494
20 201
74 283
55 280
69 393
94 236
38 488
46 311
12 432
98 243
