10000 500 200 500 10 100
100 244
88 242
50 344
94 423
85 478
24 263
42 408
59 383
64 305
26 334
65 299
59 336
88 215
18 452
74 295
63 475
24 205
90 429
56 318
91 306
75 355
70 217
70 290
91 351
72 410
82 438
11 455
43 272
10 467
64 304
58 423
64 349
66 494
37 227
52 378
33 355
49 202
86 493
21 221
59 386
47 278
35 389
34 294
91 202
72 383
25 270
33 283
93 484
11 446
28 336
63 241
33 304
97 312
38 234
11 389
16 212
44 441
50 449
63 312
18 494
11 405
72 249
82 483
77 462
100 441
90 500
62 236
81 476
10 298
29 430
22 328
13 352
31 344
77 451
10 398
89 450
35 208
35 488
77 430
90 368
77 245
55 302
71 369
51 379
98 485
36 351
59 200
28 228
100 200
81 299
42 372
64 399
29 446
37 320
72 335
35 445
21 252
77 361
68 221
15 285
51 246
91 216
52 388
43 390
66 472
14 486
82 385
28 473
74 219
60 404
88 228
47 434
81 394
97 400
58 231
67 370
61 422
61 324
29 328
16 396
16 401
46 341
59 214
15 365
36 304
31 337
29 417
76 312
98 262
11 424
38 497
16 321
78 326
17 426
61 306
99 400
51 452
36 491
25 253
48 397
23 373
83 439
53 202
96 246
47 262
96 308
27 410
80 426
33 220
18 438
64 421
68 283
13 328
30 235
52 378
51 487
54 416
23 237
98 476
47 381
68 452
73 245
62 315
97 346
93 219
31 412
74 370
40 210
46 216
22 276
45 376
15 342
12 489
85 357
54 361
99 451
82 476
23 422
40 364
81 375
40 300
96 271
54 229
98 315
12 475
95 389
90 454
89 289
46 359
55 304
22 483
65 229
78 499
53 498
14 417
94 494
88 408
65 385
42 244
49 432
52 339
45 266
60 250
49 382
23 300
49 327
47 489
99 490
45 205
86 297
91 308
11 388
31 253
37 401
99 419
61 264
35 352
44 249
45 435
44 259
40 366
10 266
50 492
18 290
13 441
51 368
36 376
36 212
89 476
37 475
18 445
36 402
100 266
45 447
69 330
19 485
79 290
40 350
73 204
30 476
96 474
87 443
40 247
58 476
92 267
14 366
35 386
60 256
80 467
86 402
91 406
10 241
31 386
51 475
42 228
87 233
96 442
75 249
49 330
53 460
71 424
57 408
50 291
47 211
27 364
30 304
43 299
41 214
24 486
21 221
16 286
100 414
34 481
90 465
23 438
29 456
52 449
96 420
99 224
37 496
81 293
34 457
41 394
96 274
63 307
28 239
31 350
33 370
18 315
81 338
17 457
31 311
39 354
13 343
22 360
53 265
51 438
34 293
58 391
91 357
52 463
43 340
54 298
81 290
96 292
64 363
24 420
25 352
11 404
43 401
22 333
71 415
80 386
99 248
40 324
12 473
78 300
18 296
28 219
64 209
13 263
81 259
11 245
33 454
78 355
44 410
15 218
16 405
25 281
40 328
20 357
90 440
94 362
73 202
13 371
90 392
16 283
87 314
82 310
37 424
38 320
13 350
92 407
100 440
41 456
24 341
34 318
92 468
82 264
56 259
16 380
91 317
31 350
47 489
12 448
26 374
62 495
55 303
92 227
77 286
46 208
36 244
75 405
13 204
99 380
41 353
21 464
44 472
25 350
63 222
72 321
76 262
61 370
93 465
37 305
38 278
77 375
96 338
45 283
61 247
75 304
12 472
41 319
46 278
81 300
91 464
40 396
75 235
49 288
96 360
53 397
11 405
51 210
33 299
22 283
29 455
40 445
73 352
31 266
43 430
70 430
16 287
53 316
53 390
64 470
85 496
89 437
89 438
46 341
25 490
23 332
99 260
46 318
94 289
43 241
85 499
60 361
29 295
34 306
22 330
37 432
58 441
46 475
18 264
75 313
57 489
85 395
20 420
80 360
50 294
40 427
41 371
24 327
73 213
12 399
89 457
45 367
18 397
46 474
80 355
13 362
25 430
45 290
71 468
93 256
90 299
61 304
92 219
61 384
76 262
12 274
56 311
64 314
82 231
98 367
74 272
88 479
15 235
40 300
10 468
67 213
34 237
38 435
93 396
44 487
15 299
50 425
47 452
41 315
67 225
79 318
57 410
99 248
16 313
18 345
78 402
60 245
94 374
44 444
57 246
34 476
41 441
39 453
41 338
96 272
25 398
17 409
57 435
14 450
97 253
33 226
51 402
56 292
88 449
47 294
31 416
59 289
99 420
39 446
20 458
53 369
24 357
78 360
28 234
88 237
58 352
69 441
57 233
97 228
13 218
95 427
30 341
12 437
57 456
74 266
82 297
19 216
39 462
31 495
32 434
52 430
46 494
42 238
34 353
53 408
51 337
42 202
53 247
53 437
39 269
29 314
97 336
70 269
43 405
100 440
26 493
45 374
24 490
17 412
31 376
55 411
60 402
96 389
85 249
28 350
28 227
33 382
56 494
12 359
10 412
54 486
69 417
41 340
82 469
47 446
24 370
37 255
42 416
93 418
71 468
39 481
38 482
66 307
36 211
73 321
87 212
70 328
31 364
92 233
66 468
68 324
84 284
17 255
80 221
59 414
91 490
55 433
68 456
11 292
96 403
83 339
16 419
90 242
70 332
93 313
36 204
68 334
17 265
52 487
92 311
17 474
53 494
63 419
90 292
67 364
55 373
66 307
18 419
89 323
90 324
66 299
95 271
89 314
62 220
15 270
95 451
14 330
93 347
74 341
84 258
67 382
97 207
53 472
41 237
99 427
75 429
63 387
50 357
34 484
99 500
34 458
69 246
57 291
95 335
97 332
24 386
33 274
11 453
95 217
70 238
81 248
19 368
13 364
11 333
78 351
84 402
18 481
40 345
30 290
49 453
29 272
42 386
90 430
82 289
39 225
39 340
50 242
70 406
60 481
98 203
87 269
39 339
49 250
60 322
19 362
11 462
78 362
45 427
94 383
13 487
85 241
59 379
43 231
41 440
15 470
84 242
72 245
49 238
98 313
60 385
23 332
99 307
21 442
20 233
77 449
90 430
18 244
86 222
46 239
61 237
17 353
96 498
36 409
15 443
60 242
93 344
80 423
27 266
51 384
58 438
14 217
79 270
66 374
81 287
43 453
16 320
92 352
82 402
63 250
67 429
69 421
13 467
14 474
55 456
21 280
36 438
29 459
56 309
31 499
50 443
31 469
30 456
74 329
57 227
14 400
67 472
36 478
37 412
16 368
12 256
64 209
61 445
96 400
31 498
96 347
97 247
80 452
56 333
44 258
44 461
79 264
38 226
50 217
62 493
64 253
91 282
55 441
10 428
74 427
83 437
19 365
49 337
21 385
97 346
23 278
20 298
20 437
61 385
66 460
15 287
94 273
10 224
10 243
15 303
49 326
98 243
84 473
11 255
21 248
67 498
54 406
80 419
41 317
23 494
70 327
43 237
41 400
27 415
60 412
33 362
74 206
21 477
83 485
68 483
36 331
82 257
27 473
43 277
18 227
18 314
91 301
94 255
47 362
27 341
97 385
59 310
33 358
80 216
99 266
80 272
35 427
67 384
38 254
64 437
72 481
77 386
39 351
48 230
98 257
35 234
68 375
26 231
71 328
76 272
96 496
57 490
69 372
90 270
77 232
97 458
95 405
65 243
60 431
25 216
30 394
13 429
88 292
95 448
41 457
45 211
79 262
74 322
32 272
98 258
86 246
65 215
31 256
66 205
85 229
92 474
85 470
55 339
41 260
47 379
18 255
62 417
91 340
88 399
15 380
75 415
42 422
34 376
21 386
98 414
34 300
63 237
100 437
98 228
56 412
66 463
43 246
68 483
70 368
99 446
57 287
30 423
29 489
15 384
98 327
90 489
54 332
57 395
23 299
84 214
15 279
14 377
83 306
88 358
44 439
82 470
76 414
42 432
18 389
53 475
12 260
18 391
11 386
100 409
36 458
65 446
48 350
42 259
57 430
36 429
31 470
44 291
72 239
19 484
77 236
13 392
20 319
35 386
39 317
54 439
33 416
59 208
40 455
18 470
73 382
41 451
52 495
55 433
14 213
57 359
79 272
61 493
88 230
64 395
74 371
45 268
79 467
85 250
85 241
22 255
36 316
69 474
27 497
18 241
40 271
13 407
42 348
60 233
12 226
100 373
48 460
90 382
39 467
52 348
29 400
51 380
70 306
13 223
32 458
73 211
39 362
87 320
56 266
17 235
78 428
51 388
14 297
59 314
67 450
74 220
82 262
57 263
34 452
93 369
71 300
35 386
20 247
51 370
75 205
40 304
28 312
31 320
74 460
29 422
98 293
25 458
70 240
48 473
86 256
67 349
21 471
74 217
29 438
13 478
36 292
100 324
78 473
93 211
81 276
82 489
30 324
74 474
86 365
47 253
14 486
82 476
21 334
100 371
32 329
89 412
100 379
82 472
89 379
27 431
12 315
100 273
22 314
77 201
85 391
32 297
81 406
68 229
21 464
32 459
87 498
72 411
79 304
62 375
45 264
35 387
58 223
33 266
98 405
85 213
23 271
89 421
37 282
48 363
40 299
62 287
98 441
12 371
95 278
96 477
24 299
39 220
55 220
96 307
25 303
14 471
12 380
48 248
12 341
41 457
74 232
22 435
43 490
64 467
97 248
29 410
80 203
45 368
75 467
56 347
36 243
99 342
16 458
85 334
86 250
14 437
35 282
47 454
95 426
96 340
22 260
64 270
36 378
96 435
19 310
17 312
66 348
92 476
14 241
81 301
55 349
66 273
64 410
10 202
66 396
12 258
74 239
87 367
83 414
27 210
88 331
91 327
56 474
24 431
21 360
67 255
96 270
99 389
89 355
72 212
58 432
50 353
57 247
47 336
35 269
48 485
14 366
65 226
37 362
74 303
91 490
67 480
80 436
63 386
80 208
94 238
24 367
21 359
86 309
27 375
76 239
33 227
57 369
94 494
85 461
85 201
24 403
78 407
32 298
79 377
27 439
93 444
68 454
30 418
79 496
65 440
66 299
89 388
93 420
22 447
12 426
32 278
64 277
36 416
94 225
50 380
77 355
69 468
26 324
52 370
90 376
12 302
20 476
84 391
90 320
97 223
55 485
34 323
82 234
20 334
65 480
11 472
19 286
94 443
22 274
83 228
68 320
19 323
93 268
44 388
88 300
36 383
76 461
67 243
20 443
85 253
91 340
33 256
20 414
51 284
78 458
88 284
35 340
23 271
53 370
63 245
68 319
90 453
66 332
91 274
87 271
68 446
79 251
93 286
34 347
37 350
83 432
47 331
38 341
90 430
87 362
74 429
58 301
89 209
36 275
16 456
34 310
15 257
82 300
54 274
57 464
70 200
22 306
10 416
83 233
84 355
59 218
24 274
37 414
47 200
61 316
38 284
81 255
88 485
94 434
30 251
40 380
80 491
60 331
19 331
87 450
66 458
67 219
31 485
99 264
57 371
76 338
98 255
82 244
35 498
44 497
25 222
99 248
42 311
92 317
18 493
98 378
39 432
16 380
58 278
82 349
80 273
17 301
84 380
80 265
64 472
80 374
50 387
91 456
54 249
50 389
76 287
89 391
10 412
82 332
25 464
44 286
37 416
89 262
93 432
45 370
44 287
53 396
56 363
83 471
79 372
78 404
32 375
39 375
23 262
98 476
36 436
13 460
99 398
90 345
23 247
65 481
12 457
95 256
13 477
75 232
62 284
53 205
72 428
69 496
55 336
94 465
24 430
61 271
51 344
31 406
55 380
75 423
93 462
31 406
99 454
41 235
65 271
97 447
82 371
91 386
48 310
33 426
97 223
93 265
51 362
28 456
62 256
69 276
24 356
12 455
12 317
35 245
43 430
73 284
50 382
13 204
64 269
30 379
37 325
24 408
52 364
90 427
89 490
20 437
11 434
79 353
73 280
33 337
89 339
84 258
21 289
43 360
41 340
52 400
39 482
100 401
25 369
85 265
10 279
34 453
71 292
14 461
70 402
13 330
49 417
50 408
91 297
52 313
100 254
53 352
76 219
72 331
57 380
22 496
68 296
58 369
48 452
35 259
15 325
84 240
42 475
68 496
33 465
71 459
29 220
77 204
82 311
49 427
58 429
49 347
60 269
70 413
22 294
33 272
50 208
35 409
93 209
68 204
82 360
64 443
68 221
58 419
79 230
57 272
75 217
31 433
56 384
50 204
49 466
11 345
96 287
34 406
99 304
30 469
46 270
43 344
78 306
32 322
69 307
99 494
38 210
85 308
73 470
68 320
77 338
65 307
76 416
23 419
44 321
17 434
43 247
10 330
59 238
29 388
28 243
77 418
63 205
94 397
12 338
11 308
48 431
14 298
54 325
51 264
77 404
85 235
26 224
84 203
33 214
18 357
84 221
62 310
100 249
90 399
70 473
99 260
56 319
85 447
84 374
51 288
47 208
33 377
36 386
91 443
74 219
27 406
10 322
20 465
88 421
28 206
53 268
28 244
29 373
62 230
91 452
25 473
54 340
54 391
73 228
55 324
60 381
19 487
51 495
23 323
46 263
49 257
21 243
51 418
32 242
59 361
31 464
13 402
93 431
71 227
19 374
27 405
89 329
83 456
37 290
31 489
90 254
79 384
53 296
20 463
49 447
50 280
60 457
62 361
28 473
71 244
49 437
96 299
78 288
83 338
36 230
95 481
90 270
97 382
56 414
70 403
39 468
29 418
81 312
95 458
67 415
89 330
69 399
59 365
25 382
68 365
99 477
84 497
89 459
47 311
51 472
93 431
44 394
86 209
19 375
76 240
24 418
99 338
10 497
83 303
52 353
84 290
12 211
56 325
64 414
89 290
63 398
11 472
19 266
74 247
46 398
20 377
66 355
96 381
83 416
99 479
29 350
38 347
66 303
39 279
94 408
51 250
24 288
16 296
55 452
68 494
83 328
67 414
13 334
85 231
40 227
74 267
82 226
61 437
12 335
30 245
70 284
14 247
76 265
34 425
54 435
37 315
87 238
54 443
72 272
93 320
76 433
78 375
85 499
95 487
81 226
99 326
85 224
51 431
40 215
97 307
29 274
36 461
43 400
23 382
18 274
70 469
35 337
41 364
39 354
22 419
12 280
23 490
76 366
63 343
92 275
52 228
45 321
44 308
21 289
82 441
79 441
67 268
53 201
39 363
49 480
55 234
24 274
54 313
49 393
59 269
65 355
32 465
96 234
40 445
39 211
53 384
80 492
38 480
33 383
31 297
72 423
76 320
61 304
39 385
89 338
21 363
16 500
69 366
62 348
35 254
36 393
61 261
50 339
92 326
73 331
61 282
52 204
83 448
72 284
83 203
27 234
29 312
90 391
88 465
12 486
95 296
53 354
98 461
61 346
82 413
65 459
84 428
31 346
36 220
96 206
69 250
12 338
99 472
92 289
97 465
62 352
86 351
100 316
61 448
35 347
10 337
38 253
97 217
68 389
15 227
95 260
38 334
25 441
51 324
75 491
27 452
92 497
95 298
48 363
31 474
13 304
27 264
70 273
54 204
63 267
53 256
86 310
16 423
70 445
34 427
21 232
88 227
16 431
73 291
53 319
44 201
80 272
51 228
92 244
93 257
16 214
64 438
42 401
56 272
97 355
99 480
30 275
36 365
84 280
97 248
94 219
100 271
18 263
75 387
98 332
70 418
65 404
58 368
19 413
61 399
46 337
40 352
62 333
55 418
29 422
89 261
100 464
48 432
91 380
71 231
96 460
54 256
81 451
73 416
32 364
59 328
99 391
88 362
19 395
22 335
10 494
13 207
88 477
34 330
80 205
28 318
51 207
51 225
90 298
75 269
100 204
80 361
39 274
21 318
25 301
39 235
87 349
42 449
100 430
68 431
23 388
16 297
20 372
49 301
33 211
75 330
64 215
84 361
91 213
95 458
44 380
31 307
29 484
20 252
83 232
61 245
26 481
78 213
41 413
52 270
57 485
50 389
50 341
66 438
98 426
46 367
47 336
78 283
47 429
10 430
82 267
43 228
45 265
50 348
16 357
93 401
35 216
53 489
82 237
15 461
86 269
73 218
88 500
14 371
54 386
72 287
83 223
49 398
95 306
19 265
44 310
81 202
61 455
43 433
96 366
75 404
69 419
67 488
14 422
45 295
57 408
64 458
74 395
74 469
55 349
31 413
85 398
20 234
52 304
42 242
72 207
45 302
34 266
51 293
91 346
14 493
55 468
39 382
34 253
49 312
49 282
85 258
52 389
86 230
12 459
57 411
14 416
68 290
58 200
30 418
57 469
48 348
19 257
83 496
60 329
93 410
18 282
48 289
73 460
16 413
68 340
65 281
18 234
10 487
58 452
67 330
35 212
70 202
62 407
94 278
37 204
19 345
27 354
58 205
44 201
44 378
44 440
37 345
48 228
72 407
75 434
65 298
97 414
60 413
77 498
32 304
56 428
12 236
14 382
79 242
41 358
14 422
75 328
81 469
32 296
72 235
80 362
22 373
24 383
50 395
41 225
58 330
29 397
23 433
75 357
73 360
68 343
98 209
34 246
18 226
29 302
69 270
70 343
55 437
69 428
37 355
30 228
51 304
100 351
36 401
19 409
96 471
92 240
73 472
70 356
35 327
24 207
14 320
38 239
30 326
16 286
61 317
96 364
93 488
28 355
31 421
81 347
69 264
36 269
88 371
22 432
11 332
71 345
73 238
81 406
22 248
49 243
77 254
37 235
93 320
51 379
47 352
58 382
93 310
46 400
43 325
20 428
47 219
67 255
96 405
65 371
89 402
98 216
66 218
51 447
44 339
35 380
76 248
49 355
30 410
65 287
60 335
24 389
72 236
33 412
83 354
93 292
55 394
89 460
41 257
32 250
30 480
72 336
57 389
81 334
76 246
93 282
37 386
48 485
52 364
83 261
22 376
58 221
82 360
95 481
76 336
14 314
90 410
18 292
67 390
76 347
50 246
30 215
93 400
93 251
93 344
85 480
67 365
34 288
41 432
77 391
61 498
29 332
74 353
87 456
96 300
72 428
85 480
76 226
22 391
37 342
96 288
72 253
16 271
26 376
41 307
17 219
91 470
97 462
43 275
57 313
62 417
36 470
73 381
39 474
32 421
53 305
40 335
97 360
38 346
47 358
33 250
41 207
60 227
41 290
37 232
47 376
70 342
52 242
38 489
44 243
10 479
95 367
29 405
40 469
31 210
96 454
10 202
30 479
27 276
69 230
12 370
97 455
41 451
67 434
28 411
100 297
15 223
22 452
11 490
98 429
99 495
39 458
83 490
75 425
74 403
54 322
65 208
10 483
51 221
82 347
86 342
14 220
91 407
78 242
48 290
24 242
84 500
61 230
67 334
67 253
85 256
33 257
78 400
99 473
17 405
68 303
77 211
100 310
69 243
22 211
68 221
16 367
44 452
18 459
19 499
57 321
11 285
43 268
30 367
24 355
37 360
47 466
71 229
88 488
77 377
10 304
90 451
86 316
91 214
50 487
68 485
58 216
94 384
11 202
49 325
14 220
24 264
60 255
50 210
41 265
100 440
61 483
65 488
39 292
40 322
18 464
94 335
84 324
74 212
27 218
81 434
14 471
89 423
97 490
27 466
55 269
32 322
70 296
14 249
95 259
95 416
59 376
49 451
92 468
44 224
51 500
56 423
36 405
36 444
72 278
23 398
34 314
85 247
48 226
18 497
87 314
25 257
17 310
95 388
40 420
33 212
70 319
54 388
22 280
82 366
87 490
27 353
56 481
30 361
55 445
53 241
59 467
57 447
32 305
28 304
96 496
61 393
84 200
25 286
10 361
97 285
18 465
24 352
43 338
21 452
37 318
45 240
85 239
14 259
96 270
87 318
91 378
74 328
14 241
86 356
48 314
18 201
23 328
74 223
31 314
60 448
65 365
60 215
13 372
19 497
13 387
16 405
96 275
84 340
68 344
31 467
31 386
79 236
25 218
16 429
16 381
74 263
24 261
74 398
14 252
79 273
42 408
27 402
65 409
54 247
49 487
19 461
67 380
31 283
20 404
45 480
57 286
51 279
96 219
51 480
60 269
70 409
69 429
83 408
13 249
36 289
64 418
77 305
87 444
66 393
89 299
76 381
74 313
16 431
94 385
32 302
41 361
99 380
96 218
49 325
70 492
14 252
74 412
17 404
42 444
73 401
91 367
66 428
28 240
87 261
47 217
83 278
63 322
94 416
79 444
20 407
71 404
89 242
59 214
58 370
31 442
20 450
33 301
39 237
66 484
43 465
50 461
43 276
23 348
24 422
31 483
19 425
12 435
54 400
56 312
14 304
49 238
16 310
17 379
40 429
78 445
38 261
15 385
84 385
23 330
36 273
49 333
54 396
97 414
28 414
62 263
83 227
64 271
90 389
51 434
61 210
19 211
99 482
23 410
96 327
61 422
34 499
29 295
68 219
38 439
68 484
35 349
18 252
56 298
76 267
81 259
78 359
79 350
67 313
38 406
44 497
46 237
52 280
100 337
44 291
21 380
45 227
31 234
51 397
50 419
90 313
70 491
73 446
60 210
56 348
54 397
77 442
59 236
72 267
91 218
12 399
87 381
65 375
53 403
48 497
49 485
40 248
58 480
74 264
96 452
58 304
20 455
56 231
15 215
43 364
86 354
24 381
100 437
43 400
10 276
26 360
34 455
76 433
76 300
52 321
32 358
38 298
88 470
64 302
65 326
52 468
23 427
76 464
24 301
45 402
15 208
82 335
71 418
75 294
22 264
34 468
26 340
40 483
100 293
61 493
18 450
67 347
49 205
60 489
67 372
41 382
19 400
28 240
86 233
43 234
18 499
97 418
83 216
56 294
47 384
99 477
35 495
93 407
24 383
91 255
65 234
33 333
44 402
71 451
43 406
44 483
33 435
56 440
84 499
50 458
34 269
39 413
67 206
50 212
91 465
78 342
62 453
46 331
14 298
41 239
36 214
15 357
69 319
65 349
26 228
36 398
16 490
26 311
12 431
70 334
97 289
65 342
11 400
33 345
33 203
70 451
94 354
18 468
89 250
31 240
94 372
18 275
75 498
89 306
54 407
87 220
96 365
25 487
15 285
82 461
67 465
51 255
79 416
92 240
11 237
35 443
32 468
58 469
85 250
91 342
58 464
96 351
82 423
66 342
77 367
43 495
52 462
73 398
60 221
52 240
40 468
19 365
37 348
76 298
31 358
12 254
59 500
86 399
90 441
82 379
15 291
25 387
24 423
42 327
14 222
89 349
23 498
23 323
28 296
24 494
34 309
82 474
42 350
23 481
71 310
50 346
35 232
88 351
15 317
77 245
29 242
71 227
26 356
100 386
89 470
47 304
57 324
95 337
48 347
36 213
29 425
48 306
57 392
58 258
71 383
89 245
53 446
49 466
96 322
66 203
24 377
59 319
47 283
77 423
78 471
57 336
42 244
15 250
47 348
68 342
50 361
24 405
68 409
24 358
64 419
63 271
46 366
12 244
45 244
31 277
46 301
36 359
36 303
84 280
57 366
97 431
61 258
16 231
73 455
62 396
11 499
68 367
16 305
47 211
12 276
27 313
63 399
80 222
48 228
78 351
68 423
72 370
85 366
65 346
100 239
47 391
58 457
64 300
92 367
15 411
87 298
96 269
93 393
92 398
91 293
51 315
43 228
41 395
92 335
93 412
75 281
54 360
61 258
51 247
35 221
99 265
96 379
61 214
68 325
81 494
20 359
71 382
98 242
52 229
97 265
42 500
90 441
20 281
74 268
55 321
34 485
74 307
10 471
70 385
39 432
44 462
88 384
19 477
15 318
37 251
58 395
52 377
72 308
51 232
77 235
98 364
13 438
83 282
95 439
89 401
18 242
89 460
90 404
99 352
22 339
76 251
21 352
72 267
81 335
82 233
72 401
58 288
12 265
42 445
100 285
46 323
70 457
30 253
87 417
71 279
71 455
32 488
27 258
28 464
70 302
18 212
96 343
70 240
22 420
21 362
48 330
83 281
100 466
30 396
48 437
47 337
90 306
53 447
80 277
68 206
89 407
44 229
58 267
99 357
14 203
99 390
85 401
23 318
10 253
32 448
50 439
73 278
55 306
100 306
50 384
91 410
60 228
76 238
37 458
96 481
47 362
10 492
92 289
31 379
73 273
19 229
39 359
14 454
60 230
35 246
89 270
38 403
13 343
19 343
78 285
89 209
79 443
63 459
82 260
78 272
91 412
29 242
31 308
29 434
92 453
81 201
88 333
81 270
76 344
48 225
21 486
48 325
42 434
22 410
47 319
31 474
93 232
36 500
75 409
58 428
27 310
99 333
64 281
58 367
32 265
100 252
87 274
50 377
10 358
96 349
69 467
55 406
68 236
38 487
91 286
24 204
41 240
75 287
17 439
88 444
82 494
91 453
88 270
50 473
19 263
16 303
25 393
57 375
59 362
41 322
88 274
19 292
84 414
22 384
33 231
48 254
51 272
90 240
85 233
97 220
91 283
90 223
27 281
15 404
84 259
79 391
18 301
15 346
89 260
10 265
45 307
96 264
93 274
40 471
40 265
88 353
93 263
54 323
76 223
86 235
59 451
47 315
68 307
23 215
34 440
47 407
78 348
71 324
27 223
63 478
91 234
42 437
81 456
56 339
98 485
70 460
21 499
78 435
76 485
52 370
30 479
85 369
86 496
84 497
19 235
77 255
13 253
100 264
57 450
95 386
13 476
65 317
87 369
21 477
86 400
25 475
69 371
29 403
55 335
20 333
28 322
81 389
59 278
70 282
52 203
77 359
81 211
34 350
36 425
83 431
24 370
43 401
99 498
37 355
44 451
34 452
51 274
85 398
64 442
31 277
34 346
25 322
93 258
88 435
47 497
57 205
69 468
98 356
69 458
36 246
89 448
66 430
44 236
92 322
74 455
68 372
38 232
28 355
48 414
66 471
39 301
99 225
30 330
81 432
85 340
18 394
84 373
66 206
94 349
43 336
87 425
27 352
100 200
62 445
14 244
85 222
57 289
95 362
96 377
46 405
45 219
70 202
82 371
64 251
99 286
96 271
77 344
26 366
21 378
76 457
59 425
58 465
22 476
63 331
81 318
68 268
15 334
98 428
79 478
79 473
37 315
80 474
49 364
42 200
37 348
38 310
47 386
71 485
55 248
48 412
85 351
14 401
60 449
94 388
80 205
32 388
45 302
74 227
78 450
98 406
94 435
16 217
39 489
53 379
64 265
36 300
60 418
55 300
95 279
64 491
20 297
98 354
14 489
94 315
56 307
49 433
43 435
43 208
86 400
73 358
94 377
13 280
92 460
25 410
61 316
77 220
28 226
80 262
24 403
68 401
81 244
73 450
79 232
66 301
17 294
29 347
90 417
16 214
99 255
83 261
64 221
83 233
12 354
85 461
52 319
13 215
77 444
26 292
98 371
36 307
73 300
69 334
95 278
59 342
60 470
14 453
71 435
75 437
67 480
16 243
66 206
58 412
11 421
50 325
18 294
29 455
48 334
96 360
26 386
89 494
11 355
69 295
60 381
99 275
56 377
89 358
77 223
16 283
36 471
93 434
49 288
78 407
63 375
83 282
43 218
34 315
43 220
16 360
89 340
19 461
72 401
73 349
23 336
79 317
16 237
100 268
45 336
96 496
66 440
56 420
65 352
97 478
35 393
91 473
33 471
39 499
78 250
96 243
98 427
57 390
98 308
22 238
50 279
20 354
48 311
14 324
63 256
63 284
66 388
28 431
34 489
46 427
22 474
19 322
68 279
77 313
77 367
24 230
59 384
86 364
53 355
25 407
54 238
20 308
48 446
25 233
12 365
91 371
93 431
87 437
66 454
79 295
14 349
76 414
80 407
22 426
14 214
55 472
32 471
86 428
20 216
59 298
62 422
90 470
48 411
32 208
93 405
63 331
20 378
23 485
16 271
93 295
26 390
86 236
29 245
71 275
35 425
51 443
31 240
58 396
33 267
37 212
98 208
75 474
99 338
23 318
77 267
78 444
17 430
94 266
88 443
66 434
10 464
63 463
64 487
91 404
71 263
65 474
88 209
92 304
44 304
53 204
20 336
66 225
10 376
17 387
39 433
64 436
96 395
24 298
17 205
62 384
49 317
99 237
73 254
75 371
57 213
80 427
64 272
48 261
74 493
53 215
44 216
59 218
13 298
69 242
40 217
51 270
10 232
31 307
92 347
42 342
76 301
69 407
73 419
95 219
79 313
12 284
33 435
33 440
33 317
100 233
76 356
59 366
52 309
12 373
39 399
99 214
19 482
61 220
91 287
28 208
72 223
100 479
81 293
85 388
77 348
84 443
88 423
83 342
38 480
53 385
83 479
52 276
72 269
38 258
75 285
48 204
40 257
95 214
86 350
41 408
81 272
32 452
19 305
24 475
15 256
31 412
72 258
44 445
38 483
22 381
81 468
12 325
78 266
85 222
93 440
42 313
93 228
58 455
85 255
65 367
93 288
42 346
21 414
24 320
64 492
15 413
67 283
18 382
68 276
23 465
71 283
50 477
73 239
27 344
32 309
65 354
85 488
97 390
89 489
99 495
27 459
49 337
21 344
81 289
49 372
19 333
12 228
35 466
56 439
50 310
51 268
56 393
64 414
84 354
26 240
57 280
87 205
80 438
16 384
57 467
16 229
82 410
24 307
48 325
76 433
64 241
18 298
68 455
25 465
77 311
87 406
37 452
45 256
88 407
83 365
23 395
63 371
62 453
64 428
63 421
13 411
72 258
90 344
46 418
81 219
100 210
25 318
94 484
60 299
65 213
78 212
32 308
35 461
70 258
100 235
45 395
11 389
40 353
46 415
60 238
14 249
100 205
12 408
42 491
90 379
59 369
91 360
23 472
81 486
31 355
31 457
62 417
35 452
41 275
30 238
67 498
12 259
16 353
76 441
31 371
99 296
12 408
77 216
68 424
25 408
90 473
17 277
87 458
96 356
30 343
71 243
12 431
16 240
95 467
19 376
28 248
21 326
60 325
63 334
98 243
32 276
79 354
91 353
88 330
45 491
27 352
21 210
95 233
91 315
26 481
31 485
71 309
82 434
84 351
64 381
22 258
31 409
41 258
72 371
24 469
53 309
38 293
78 352
45 319
39 474
86 356
22 327
56 216
94 298
37 277
38 261
97 436
57 394
51 379
73 331
52 375
24 468
43 208
67 492
23 485
93 375
18 422
18 204
98 211
75 255
75 280
37 270
78 434
25 408
67 478
48 409
67 376
52 217
16 394
41 409
30 423
82 417
91 234
74 481
17 472
76 481
67 301
70 466
13 463
26 296
36 309
42 490
42 330
19 216
19 414
32 351
91 458
85 378
57 489
86 435
22 343
63 410
81 414
40 377
17 498
17 316
37 427
53 440
49 210
17 229
29 381
14 458
97 448
55 228
64 444
33 293
55 327
72 429
73 328
72 418
20 277
40 330
44 237
70 210
61 225
95 370
33 369
54 392
14 413
89 399
92 333
60 391
24 444
88 450
86 424
30 346
18 299
60 404
96 495
90 282
60 351
90 272
100 280
65 483
58 385
34 297
44 322
12 426
32 256
99 286
30 492
84 379
41 305
81 325
63 343
100 216
71 308
21 361
49 253
36 278
45 224
100 404
60 312
92 361
19 403
70 245
72 327
30 383
87 354
56 481
34 364
79 441
97 234
27 258
83 445
96 474
66 461
61 213
23 354
24 338
95 269
78 400
91 205
86 226
63 489
43 357
49 401
99 273
29 296
44 472
32 416
46 409
50 220
30 397
65 245
66 380
82 367
42 409
96 260
66 481
21 339
98 401
37 332
22 424
38 202
75 419
11 290
64 243
34 498
31 485
83 424
28 255
85 392
53 361
95 347
91 201
70 428
83 423
10 223
70 488
67 492
14 444
18 482
36 391
15 377
47 420
61 437
32 340
80 387
78 480
100 290
97 417
73 229
83 277
37 436
27 278
50 369
25 457
15 407
16 477
25 421
25 333
73 371
75 333
38 422
42 240
91 491
23 229
72 246
52 272
48 217
19 306
16 321
100 435
39 358
86 260
77 256
47 283
65 314
17 384
80 478
47 496
95 279
49 488
56 228
82 204
22 410
45 330
79 321
57 457
68 425
79 456
97 409
100 306
90 404
72 206
72 363
56 348
69 425
86 216
49 396
17 397
58 280
97 234
14 240
98 278
49 206
69 344
55 221
60 335
37 389
31 305
40 240
65 442
72 238
76 316
71 428
36 488
52 489
72 255
39 211
27 341
99 317
76 330
16 333
52 462
74 254
96 471
12 418
28 458
27 319
12 389
40 235
33 401
77 398
92 201
27 238
100 376
21 276
49 392
28 420
24 379
80 317
22 417
86 210
20 440
88 397
18 273
67 455
62 455
90 378
66 460
25 498
48 220
94 240
16 432
41 412
30 281
19 358
57 463
35 321
25 395
96 429
93 398
64 390
21 383
61 206
76 484
96 376
28 226
65 263
27 223
35 466
33 454
79 200
94 338
63 215
80 236
41 449
36 276
80 234
65 406
78 250
87 494
71 240
79 240
94 426
48 279
96 265
26 413
68 346
94 284
44 232
96 305
99 452
87 319
32 238
89 477
98 261
90 413
81 490
57 405
26 465
18 255
46 363
11 244
24 418
50 370
31 347
87 431
67 203
24 233
94 473
15 279
41 429
23 284
80 393
11 230
45 371
34 285
25 453
47 492
85 355
51 268
86 233
89 249
27 499
57 228
31 491
66 454
75 498
74 484
65 475
13 446
66 498
97 277
27 257
73 268
84 327
70 312
15 285
37 346
77 341
43 202
26 380
61 448
94 442
99 215
26 445
21 409
56 440
25 341
14 401
37 307
12 444
36 337
18 228
93 260
64 255
84 399
51 417
34 260
85 277
57 423
13 486
100 412
39 465
49 320
67 309
11 393
37 243
39 480
54 359
84 338
74 450
14 297
27 383
60 424
77 382
30 430
37 375
93 240
98 241
81 454
72 485
86 249
36 273
60 247
63 416
14 295
81 371
14 430
63 499
27 462
87 397
73 496
66 380
98 309
23 294
81 469
76 357
100 306
98 445
100 311
74 437
13 474
39 496
15 361
89 205
31 271
32 412
52 373
75 200
69 461
43 244
90 372
69 396
38 229
66 479
43 500
94 444
100 222
17 325
78 331
91 405
70 483
18 367
65 357
78 285
88 461
35 496
47 429
30 208
78 230
65 246
41 350
57 400
98 377
99 455
22 356
36 308
66 424
20 442
43 290
16 347
26 305
99 280
89 232
91 440
30 473
40 490
29 475
91 445
67 363
54 308
42 206
77 254
40 288
81 409
93 472
21 326
81 346
34 207
54 342
52 338
86 432
34 335
31 414
85 205
67 376
29 494
72 478
59 210
10 493
92 341
79 423
27 489
75 271
46 395
82 442
55 425
70 257
71 227
57 237
42 446
47 295
39 494
74 488
73 236
81 320
29 393
84 242
72 208
50 275
94 424
96 333
88 288
81 358
72 310
30 297
68 257
82 444
92 364
47 203
83 309
46 425
40 264
11 280
95 479
73 374
36 321
91 200
49 295
52 422
62 201
41 359
56 310
79 259
84 483
66 220
60 284
31 241
47 362
17 320
36 477
84 242
10 348
93 404
44 349
77 297
70 293
78 359
46 258
27 274
35 429
49 280
47 490
91 260
55 442
79 440
41 220
60 413
89 474
98 312
86 340
82 423
98 314
89 234
69 499
25 310
88 352
58 338
87 460
34 390
63 425
39 217
28 261
51 314
94 445
94 306
92 232
51 466
51 258
85 467
98 257
84 331
27 415
72 449
43 265
62 474
63 417
15 435
42 369
88 462
75 321
85 346
73 495
18 398
28 260
50 457
20 390
64 476
29 204
58 377
48 210
21 208
27 289
45 354
90 339
11 220
30 332
31 211
38 428
32 276
49 274
34 305
60 268
13 416
94 402
94 291
88 392
96 237
48 441
82 389
79 456
55 488
86 224
17 362
32 409
32 440
66 420
47 293
61 222
94 261
27 251
48 233
18 350
37 322
90 412
100 369
17 369
84 455
47 304
15 345
31 453
57 393
10 226
65 361
97 445
31 421
61 421
45 336
29 474
95 360
43 418
40 201
12 283
97 429
69 470
35 298
56 306
93 244
38 426
33 380
31 224
10 314
77 452
31 465
34 307
67 208
19 251
72 209
38 363
78 419
33 460
12 454
84 457
52 346
68 300
62 252
83 223
87 217
24 214
17 298
33 204
16 494
52 265
71 287
99 338
93 210
50 472
28 311
69 410
61 309
99 380
78 282
37 426
94 275
72 429
54 409
56 430
53 437
54 302
40 423
24 478
91 486
97 294
13 325
96 451
54 462
93 494
38 431
48 491
89 206
50 277
30 351
18 265
56 451
50 259
67 204
34 204
45 435
46 484
48 251
29 392
89 462
76 455
22 202
11 295
50 312
96 372
100 328
60 448
28 252
94 401
82 441
22 495
64 452
82 333
90 360
19 465
40 308
58 462
79 312
15 268
27 379
14 284
67 326
89 484
82 385
86 333
26 237
96 450
57 254
62 492
42 255
41 485
73 323
40 424
64 402
32 256
99 381
24 485
17 218
66 335
47 300
68 227
12 244
23 275
95 457
22 412
99 420
24 325
58 240
75 375
52 489
19 420
87 219
31 377
89 270
46 389
91 377
15 355
84 291
15 419
56 394
30 208
50 475
25 253
14 330
36 406
50 358
59 438
31 429
83 312
29 473
61 216
49 315
67 219
10 250
10 351
16 267
64 456
82 391
71 206
31 437
42 238
41 436
60 370
88 488
88 261
24 381
26 308
31 449
49 350
18 464
41 393
32 310
87 222
36 306
53 471
16 287
82 287
92 433
25 285
91 388
86 328
14 322
31 213
48 412
73 468
72 314
50 406
61 458
78 322
10 303
61 255
68 500
17 363
90 248
55 250
89 243
49 454
59 213
81 384
57 229
32 299
20 461
93 465
24 280
75 380
91 277
31 223
84 226
89 408
23 333
16 408
37 234
20 490
42 227
45 421
98 475
33 348
92 373
58 251
50 296
84 234
74 263
69 400
59 443
84 261
91 463
91 350
99 280
66 494
55 412
82 261
84 282
39 468
47 419
43 305
73 347
81 286
84 397
57 449
60 491
68 314
83 429
30 400
21 201
74 213
49 256
34 446
77 381
60 491
13 381
64 262
73 385
75 337
100 232
89 268
24 494
99 426
30 244
95 328
67 217
61 306
40 364
54 259
11 414
47 292
23 295
43 221
98 402
95 408
56 341
19 406
55 307
47 205
53 405
70 295
64 424
96 344
31 452
27 230
70 402
53 359
27 376
85 323
74 436
37 409
25 457
15 411
17 344
45 313
85 250
86 370
14 257
95 460
84 314
75 272
38 262
52 411
84 259
86 464
68 464
39 220
59 385
53 381
87 296
79 227
18 350
35 269
45 308
64 365
58 468
88 387
36 317
58 416
82 230
66 269
57 450
32 362
92 469
89 363
79 486
66 360
48 485
25 492
38 356
28 214
71 491
89 302
62 448
69 382
98 346
47 420
82 489
76 378
98 222
15 420
48 329
26 240
25 458
32 406
74 285
93 386
74 219
58 332
98 454
32 343
14 362
11 292
92 242
23 205
95 461
27 470
52 454
45 352
38 440
74 423
34 376
100 499
27 244
50 311
38 242
19 246
58 414
82 203
51 258
91 367
76 332
95 205
14 244
12 446
60 314
97 355
59 426
99 334
71 383
53 418
36 296
94 278
36 251
49 364
33 489
39 276
64 316
98 355
26 440
26 241
38 418
77 492
35 499
79 263
39 468
57 255
10 393
66 472
80 364
84 253
98 263
82 422
100 412
82 437
41 326
18 302
73 323
73 336
76 266
57 401
54 328
87 496
72 237
98 466
56 449
70 453
56 297
30 289
84 400
89 257
62 453
48 467
99 300
50 243
79 451
96 348
81 348
40 249
87 207
56 435
71 482
66 417
85 459
89 486
51 480
46 281
37 249
54 405
21 351
25 464
17 341
76 278
18 404
94 273
59 290
54 265
45 343
62 300
58 436
14 409
27 226
65 245
51 237
42 374
29 399
68 337
85 450
77 478
65 242
51 463
36 206
96 353
30 408
54 400
25 437
77 458
61 246
50 488
67 402
80 319
56 500
75 238
44 320
88 500
75 465
22 443
50 389
34 269
46 447
11 338
89 475
93 295
36 247
68 202
95 393
41 448
86 226
44 289
20 450
28 457
40 450
48 334
29 394
66 332
13 269
25 473
63 464
41 212
30 298
99 409
10 235
27 332
62 290
68 306
63 358
73 352
44 360
35 343
45 286
81 394
22 343
40 347
83 382
43 266
87 272
80 420
88 228
35 216
76 321
37 205
97 282
85 234
19 291
19 496
64 249
56 481
11 453
30 449
73 384
50 212
58 388
100 462
43 382
47 433
45 248
64 481
36 243
88 273
20 289
16 460
12 305
30 481
64 215
13 290
68 392
12 304
53 432
24 445
54 442
21 214
52 263
46 321
76 408
77 440
46 309
40 285
61 287
68 319
28 494
67 399
95 409
64 414
35 468
86 352
56 484
84 348
88 260
38 352
15 260
66 363
13 388
52 431
73 212
41 424
97 407
39 289
31 274
91 354
34 258
51 349
90 270
40 236
16 415
94 446
90 377
79 492
72 205
20 386
56 472
89 422
67 380
97 392
20 360
60 394
80 450
41 459
51 489
64 248
57 280
85 275
70 250
93 419
100 439
38 222
35 362
23 487
98 301
96 445
23 373
32 327
72 330
42 240
89 478
32 419
53 480
81 213
86 210
70 234
57 434
56 307
41 398
90 336
96 422
25 408
93 369
27 315
11 268
76 465
18 392
88 302
67 326
90 298
58 394
53 233
74 286
49 422
30 384
22 380
76 236
87 297
38 270
48 302
27 465
45 281
37 398
13 425
54 345
62 309
69 304
33 365
12 433
26 323
27 242
11 319
28 239
78 433
56 226
12 346
56 499
24 245
70 208
94 369
37 442
96 392
23 321
54 386
16 241
65 267
98 461
80 362
55 250
35 259
52 226
90 466
39 230
98 369
48 378
39 342
99 216
70 315
15 489
54 339
46 407
99 313
75 240
21 266
51 217
46 214
92 428
17 216
56 388
82 447
21 424
68 334
61 270
48 225
67 347
41 289
100 468
99 320
70 326
74 445
73 460
29 336
62 387
47 345
94 487
64 238
56 379
41 298
75 270
36 458
70 334
60 369
96 397
60 206
31 374
38 315
98 359
75 220
47 200
30 218
94 355
99 295
69 378
74 432
71 364
92 262
67 384
63 248
63 420
81 252
63 456
94 376
29 215
73 258
43 460
61 402
39 231
93 296
15 237
58 305
29 264
70 349
53 248
10 479
24 350
15 460
53 296
37 318
67 430
92 225
55 351
53 401
82 322
99 240
65 373
79 260
58 463
32 334
50 255
33 376
13 241
42 460
38 370
81 397
86 402
21 387
95 298
41 385
25 483
79 279
49 219
80 241
22 498
25 390
34 386
81 406
40 351
63 462
98 340
80 217
32 229
40 244
71 441
56 497
27 353
29 426
46 313
27 303
64 239
37 260
43 458
95 249
83 229
95 226
53 318
80 360
81 397
19 424
98 281
54 407
16 445
81 205
88 247
27 265
93 500
55 461
25 240
63 463
96 470
41 387
85 482
95 384
47 400
87 413
31 227
22 314
66 452
43 428
17 325
58 234
31 267
89 230
15 404
43 274
62 380
66 410
12 458
81 437
26 400
47 236
97 469
39 298
14 418
86 316
12 468
38 317
99 244
69 291
85 488
31 269
93 276
62 478
64 271
98 288
63 212
44 297
56 424
38 298
62 318
52 283
19 464
87 270
22 394
92 404
73 476
59 448
25 452
23 483
16 288
76 392
17 294
81 480
100 230
40 206
48 391
78 333
24 336
82 259
35 212
87 310
11 384
26 438
19 431
76 256
67 390
47 218
77 284
54 399
90 224
90 412
82 444
48 467
84 396
86 259
18 437
33 295
33 375
52 405
96 351
20 273
85 358
91 422
38 238
37 204
45 476
17 427
47 410
39 448
37 368
93 464
12 324
34 374
82 239
31 253
57 239
93 278
15 316
57 236
44 219
23 365
64 407
75 311
76 383
86 371
44 214
28 252
20 341
35 235
82 205
31 419
67 313
34 340
23 395
14 481
27 366
52 357
11 284
100 287
84 477
96 415
25 491
27 227
29 342
80 359
24 249
93 341
79 223
16 489
60 254
12 230
55 462
76 391
34 253
32 461
22 283
53 419
95 239
80 251
39 458
78 478
77 437
88 267
87 497
47 276
32 423
40 370
19 442
33 378
97 437
69 474
90 360
63 491
44 287
24 230
17 401
43 450
62 224
93 246
41 222
10 220
95 428
40 278
26 400
11 314
34 493
85 202
44 429
25 200
96 483
68 458
85 488
14 471
47 374
10 481
53 339
41 289
21 340
68 385
50 221
51 273
92 235
15 314
90 216
84 428
76 294
14 281
68 241
22 241
32 267
46 259
94 473
38 371
65 414
96 301
28 203
97 346
89 348
25 451
48 275
25 261
66 211
91 400
55 342
92 417
96 463
14 463
31 223
56 497
56 338
18 270
51 318
10 379
32 325
70 279
78 456
46 218
32 381
30 469
19 307
17 279
66 260
56 454
34 375
90 418
16 445
71 302
65 302
13 478
50 207
19 327
76 244
25 379
99 211
37 345
74 431
75 337
36 467
79 472
32 439
94 252
29 275
12 345
88 233
34 304
80 226
73 402
53 474
69 495
49 325
22 200
57 212
14 445
71 327
59 468
69 255
84 347
69 271
35 207
56 462
11 243
94 440
97 257
24 474
50 346
23 288
76 201
66 433
32 478
80 261
28 223
87 413
36 395
14 209
29 237
74 411
48 458
57 423
66 211
62 413
87 393
85 453
62 250
59 289
76 394
29 473
40 415
76 485
24 319
80 359
57 464
26 284
37 369
56 282
60 352
26 487
46 445
25 387
68 273
100 472
29 224
17 281
87 228
78 448
79 208
98 350
27 274
84 240
67 441
11 222
46 266
27 285
98 397
61 454
33 346
62 334
41 268
64 259
14 378
82 341
14 210
72 205
20 374
40 427
84 316
57 355
38 406
82 290
33 309
54 470
92 419
24 275
37 416
13 231
35 488
40 378
81 362
24 481
56 377
85 298
65 304
76 273
69 239
82 261
90 408
64 253
94 283
84 261
18 309
41 242
88 413
89 492
73 252
22 208
74 379
21 320
92 458
48 443
97 206
14 294
71 484
47 438
99 322
10 465
70 239
66 425
66 324
79 475
20 389
19 203
14 238
94 449
87 216
18 441
78 344
86 385
97 280
66 292
52 269
81 282
24 211
32 208
54 373
34 410
55 364
65 226
81 236
18 346
53 264
13 224
56 220
31 383
75 481
64 401
33 481
55 256
81 389
43 475
41 446
15 271
63 297
99 461
45 420
27 284
88 292
71 239
36 415
86 310
96 346
45 343
48 393
28 215
84 412
70 291
81 324
26 417
61 357
94 453
86 433
83 460
57 242
15 234
62 421
48 301
58 254
75 341
52 342
77 477
70 244
66 360
37 429
100 238
61 403
47 311
29 425
18 309
90 218
23 423
68 437
61 454
60 416
74 386
81 297
54 260
67 429
53 459
18 395
100 341
99 385
68 381
83 421
58 224
53 282
40 275
85 369
53 408
80 470
62 291
47 354
64 357
42 419
25 338
23 261
73 410
23 328
93 454
70 229
49 436
74 273
49 227
33 437
55 476
89 427
81 473
39 316
93 311
14 394
75 296
48 376
56 249
40 495
75 201
15 379
38 232
18 346
37 343
49 393
99 438
15 283
26 297
76 438
15 332
43 255
24 485
43 383
96 384
35 486
90 349
100 221
72 265
22 390
13 399
61 424
52 248
43 445
10 356
93 451
15 463
12 365
70 437
16 430
90 323
52 404
88 477
23 302
76 241
75 398
13 472
97 225
92 278
76 313
11 301
24 370
57 218
53 460
43 482
44 474
54 201
64 225
17 302
55 219
29 217
25 231
72 488
40 407
14 426
71 448
91 483
38 239
29 200
26 405
95 336
84 234
26 203
43 263
78 286
69 346
34 398
46 491
59 333
75 349
99 316
85 284
84 312
52 247
57 270
81 242
99 477
16 492
28 235
10 484
54 235
19 322
16 457
90 267
86 409
81 296
99 461
53 220
40 453
11 283
43 367
55 378
100 301
18 272
64 322
77 304
40 284
48 239
95 488
64 227
91 471
81 318
99 452
88 403
44 304
43 376
89 260
71 313
49 320
69 344
67 391
73 499
47 323
97 413
47 293
38 405
58 262
79 444
21 259
12 367
73 281
86 333
32 244
11 350
15 280
90 204
31 340
33 343
72 439
27 471
43 444
99 243
44 296
11 469
61 481
27 217
11 326
47 301
77 494
21 432
35 342
17 443
80 337
78 342
23 290
77 255
30 386
10 489
69 434
35 234
68 240
69 425
19 299
19 485
71 374
30 316
47 251
51 396
31 293
31 413
94 248
54 316
35 465
40 314
19 460
77 261
72 349
63 264
14 460
29 241
55 363
70 246
40 364
35 251
57 378
59 489
16 329
27 258
57 306
52 441
39 221
59 464
28 487
44 267
46 474
61 477
66 363
100 449
58 363
20 383
97 412
72 365
72 424
23 284
62 295
47 494
85 226
55 385
71 382
88 306
15 459
61 390
86 203
30 297
64 338
65 305
63 299
79 240
78 342
70 451
58 297
84 452
67 349
61 234
45 486
98 334
67 371
38 214
35 312
48 491
14 490
12 398
92 214
19 209
74 460
25 241
49 352
80 329
17 226
97 480
58 401
19 354
15 235
66 447
58 327
84 496
70 481
46 302
84 229
10 350
88 469
95 444
41 282
96 269
84 334
17 219
85 260
56 307
26 440
48 392
43 388
52 331
33 228
44 363
97 494
27 445
23 302
20 231
12 410
19 443
60 298
28 228
96 283
51 402
66 337
48 237
73 429
28 341
41 250
30 413
97 466
21 454
22 495
81 401
53 234
28 397
32 202
10 388
36 208
55 206
94 332
54 267
100 361
79 416
34 412
31 352
100 435
20 394
81 489
53 231
98 336
36 252
33 302
27 322
41 229
15 354
28 322
53 268
85 329
58 241
84 262
18 367
75 448
21 324
37 202
43 408
89 481
71 425
22 349
34 342
24 325
94 437
69 365
60 276
85 388
78 485
12 210
14 344
31 259
50 292
43 220
46 348
68 359
59 232
21 268
12 335
39 267
68 237
96 475
67 376
51 380
11 311
47 409
47 246
85 321
80 228
32 287
65 292
48 398
87 403
61 397
85 257
48 257
14 396
86 357
40 394
69 380
43 376
64 359
36 256
30 209
83 219
84 359
59 441
62 334
82 472
52 380
65 494
72 271
13 469
94 359
47 415
91 266
67 277
22 411
20 302
62 265
11 465
40 382
67 481
59 497
67 495
68 429
17 262
17 276
12 378
16 291
25 372
82 229
68 480
92 481
53 359
34 353
51 419
14 427
73 500
73 300
81 248
41 431
49 479
24 239
12 340
91 295
43 335
26 410
30 264
42 396
23 333
81 394
47 232
53 401
64 494
28 474
73 479
48 250
62 309
26 210
99 266
99 410
43 379
97 215
86 356
52 212
21 358
44 439
70 477
47 319
65 238
31 409
78 344
12 321
48 395
20 300
89 335
79 362
87 226
64 354
83 436
52 218
55 221
68 381
72 495
12 314
87 490
81 396
73 380
57 236
27 246
58 486
38 295
54 343
81 423
14 402
41 260
20 349
95 325
64 427
100 478
18 499
70 213
12 249
88 309
16 417
79 422
75 485
16 499
12 286
16 471
13 477
79 356
87 262
17 354
55 448
33 479
55 246
15 239
88 283
70 330
61 453
21 300
36 216
34 412
31 417
98 489
41 362
64 217
11 224
84 311
78 400
72 367
62 230
44 440
87 203
61 210
15 270
53 290
16 357
32 288
70 333
25 415
58 319
81 368
14 200
68 213
34 216
68 494
33 235
53 257
15 452
37 392
38 327
69 207
19 382
73 456
74 269
43 458
84 450
44 430
41 201
33 248
58 221
15 463
56 424
71 493
24 487
88 295
40 263
50 496
64 295
82 357
27 220
21 401
54 338
52 369
37 472
14 256
28 357
46 447
30 488
51 354
14 470
12 486
11 200
47 376
28 330
55 307
22 296
63 269
92 236
15 223
59 202
30 347
45 496
14 389
73 379
25 355
10 441
39 329
33 321
30 383
75 436
13 250
22 396
16 415
50 404
49 286
10 415
39 215
51 424
63 343
14 345
18 399
22 287
34 424
93 431
50 256
46 495
17 347
90 323
42 470
52 398
92 383
66 438
51 421
43 500
47 413
45 460
70 327
18 238
55 403
10 306
31 284
29 214
75 389
15 390
11 262
87 364
25 247
40 240
76 361
33 430
38 282
31 284
41 384
54 409
57 239
61 494
71 213
70 452
52 243
52 459
11 327
100 500
98 322
46 291
30 478
49 404
53 358
72 419
79 258
87 276
49 240
68 370
81 476
56 302
29 362
38 272
53 332
10 312
85 260
40 284
32 321
42 246
65 476
22 469
45 491
33 280
63 211
57 482
44 471
65 454
64 293
10 269
84 246
74 277
64 431
52 293
100 298
25 428
50 253
25 204
53 338
32 222
55 485
11 234
45 235
69 235
21 413
31 203
32 333
43 214
26 289
90 213
69 395
60 358
58 286
57 440
39 396
69 472
21 363
90 232
89 393
71 477
43 219
76 462
13 407
68 313
57 231
25 331
24 216
89 272
50 249
36 373
41 372
80 473
82 249
61 383
97 420
88 445
76 236
20 489
88 331
25 388
89 326
24 237
15 406
39 291
64 271
13 297
23 257
46 427
68 223
29 497
81 366
56 330
49 296
90 243
45 317
71 237
99 347
53 483
13 334
38 405
47 237
25 245
24 220
72 350
21 480
100 384
77 486
49 497
21 229
52 457
59 419
60 238
24 217
77 216
85 243
48 204
46 373
98 324
79 472
58 386
23 467
45 245
66 232
69 482
92 230
13 357
50 381
61 363
28 315
98 499
59 300
50 388
26 451
71 315
71 332
10 322
93 468
37 500
46 358
15 460
70 317
42 486
88 410
53 344
10 476
72 332
13 243
17 447
22 378
94 416
24 210
84 256
56 302
45 427
70 435
47 247
75 452
29 248
88 329
30 284
77 433
48 329
30 282
25 469
87 286
42 367
65 268
34 474
89 428
30 280
72 485
69 362
99 257
61 495
23 500
37 388
53 392
32 356
84 492
85 382
72 356
51 272
95 421
65 494
97 344
59 408
51 298
30 462
68 377
88 388
78 433
71 206
16 491
19 247
20 334
77 208
74 427
36 313
18 224
15 393
75 328
89 343
44 318
81 479
15 208
83 319
100 441
67 214
27 437
59 362
87 388
19 209
32 349
83 410
89 377
98 388
68 351
95 379
20 283
66 361
60 222
62 482
73 254
82 293
20 455
26 460
46 274
21 457
34 490
62 443
98 367
39 269
62 360
29 334
25 254
14 483
13 424
51 438
47 357
65 367
80 435
72 403
34 494
48 329
39 423
34 297
22 350
54 205
14 263
64 401
37 282
58 342
88 245
16 434
10 208
99 463
70 325
23 400
15 473
14 300
23 498
87 383
56 212
27 305
83 425
42 290
65 287
14 411
68 410
40 432
99 343
12 310
25 207
78 234
39 437
82 273
75 480
41 230
25 491
43 414
55 239
17 319
82 385
62 407
86 323
71 462
10 482
32 331
14 481
99 367
82 448
12 249
11 293
93 317
18 314
23 447
27 484
73 429
59 296
10 412
97 372
99 283
61 343
75 241
29 228
62 439
16 297
74 352
61 466
33 423
18 399
85 382
85 435
87 449
63 343
95 348
22 431
19 318
22 242
92 295
20 215
59 496
71 420
34 452
16 214
53 414
21 492
13 494
12 354
55 355
40 500
23 461
95 331
79 402
33 386
65 393
77 429
60 463
26 383
32 483
59 236
64 208
30 440
82 404
19 341
87 238
93 210
18 218
49 226
74 464
74 316
68 212
68 392
14 393
29 287
70 421
29 219
10 249
53 379
34 200
34 461
83 308
36 487
84 260
95 445
63 324
48 279
34 305
12 259
16 495
29 270
62 419
26 343
50 446
23 370
49 388
10 382
81 499
38 219
28 331
74 481
53 474
65 239
43 429
70 423
14 394
43 286
90 429
44 228
82 297
29 217
21 477
68 429
18 217
72 483
82 310
17 200
19 421
66 260
56 235
55 470
23 374
43 439
47 382
58 426
51 314
66 412
59 343
16 214
46 236
57 457
76 358
16 380
52 394
36 325
60 321
75 307
32 247
92 298
47 462
14 356
42 416
12 265
19 356
74 367
12 225
37 437
47 478
25 359
68 455
50 249
87 476
53 219
85 299
41 400
100 290
90 235
68 271
11 213
27 328
49 216
96 351
61 434
72 218
85 449
82 423
73 498
66 200
93 318
76 232
90 207
31 221
86 276
34 291
46 417
25 317
89 471
24 336
15 244
42 344
96 225
79 337
98 363
47 437
48 335
40 448
68 239
33 334
67 409
57 252
25 242
51 458
82 285
70 316
67 345
40 220
42 476
84 290
70 444
46 218
59 394
25 370
55 333
50 448
58 377
41 266
68 318
57 382
63 265
52 482
45 406
45 229
17 258
32 419
65 244
11 229
62 351
57 270
27 351
44 425
56 466
28 396
73 213
25 385
55 274
18 437
66 266
83 311
88 234
67 275
91 466
82 466
64 401
75 499
51 201
73 227
10 413
73 398
29 200
99 402
72 347
81 204
39 304
64 436
32 293
31 366
69 212
81 272
58 214
67 413
26 443
96 381
47 363
90 230
19 310
57 388
74 220
71 268
55 405
82 412
36 463
52 454
68 255
44 285
40 495
24 234
20 335
36 242
94 443
40 311
83 403
100 408
41 288
58 497
76 428
79 439
95 383
22 262
15 315
41 406
75 492
18 446
44 303
96 274
76 458
57 447
38 332
13 482
43 279
72 361
53 283
36 346
34 440
62 302
59 403
92 211
64 396
34 470
60 393
89 392
71 377
100 359
17 442
86 326
80 267
76 476
61 234
32 265
14 428
42 427
94 323
12 473
13 344
72 364
73 435
15 285
21 343
22 218
71 233
33 202
72 280
90 399
64 248
88 237
22 279
84 254
70 351
81 267
39 368
89 480
66 437
24 312
62 407
59 262
51 425
89 489
98 441
62 217
16 300
83 414
32 468
51 429
69 343
27 261
91 377
79 210
63 204
86 290
83 403
100 249
80 315
100 229
83 323
92 494
27 251
33 451
56 274
57 235
22 324
92 376
42 235
21 211
63 458
35 349
96 352
32 385
76 384
15 472
63 360
100 329
33 270
82 327
60 407
20 459
65 408
92 430
35 419
18 432
27 493
49 486
31 427
50 260
20 432
71 215
14 445
16 400
93 372
33 257
80 338
41 259
61 248
95 438
53 379
90 292
64 449
45 215
64 294
99 434
57 255
63 266
93 242
69 413
57 392
53 392
14 436
33 224
34 337
68 349
48 330
100 387
49 416
12 351
45 426
93 485
33 483
33 379
24 416
26 338
100 210
23 336
70 378
31 328
82 270
33 480
100 366
84 325
83 467
14 239
13 209
36 271
15 224
68 415
67 491
17 246
15 480
32 345
85 441
32 321
96 347
48 309
95 416
60 492
33 359
59 224
77 203
79 308
61 495
29 467
29 224
47 434
37 344
64 259
76 449
40 493
95 379
83 205
62 434
30 426
76 477
38 409
26 495
52 207
16 489
21 422
23 385
24 416
80 332
25 210
80 253
81 274
33 452
81 475
22 225
51 375
79 248
94 379
12 248
89 480
69 258
99 449
20 404
87 420
16 236
99 264
57 330
77 470
59 367
46 415
20 294
75 291
28 321
10 334
30 305
94 305
14 362
89 254
30 366
30 300
39 301
38 492
61 401
84 462
79 354
60 357
69 364
41 489
20 366
34 252
83 333
46 231
72 359
27 208
25 406
44 427
30 371
95 387
95 276
17 287
23 473
25 276
18 340
48 219
88 335
76 375
53 378
37 412
63 339
33 210
56 478
86 251
94 252
73 368
74 234
23 207
64 296
85 292
49 297
54 391
59 331
23 350
57 369
43 444
59 431
51 201
34 288
43 205
70 439
31 366
49 226
84 428
90 356
37 207
17 228
28 283
80 361
31 215
45 444
63 436
84 310
24 231
94 438
51 385
26 309
59 246
33 323
84 356
27 443
14 278
18 460
17 229
26 243
78 249
55 453
72 259
98 320
100 359
60 225
53 281
39 243
57 368
61 301
38 242
68 336
29 414
27 483
26 366
27 436
58 360
52 297
64 400
87 407
94 322
31 250
39 215
65 229
76 358
43 356
57 222
62 221
39 236
65 276
21 376
29 265
17 349
70 352
74 427
51 204
55 390
66 451
86 246
87 487
47 209
27 254
83 282
87 416
20 426
83 470
50 452
17 235
36 245
44 246
86 395
29 470
20 203
78 388
16 298
19 352
83 465
26 287
31 379
93 263
71 392
26 355
95 467
84 342
64 225
47 432
29 337
43 403
14 270
52 288
75 362
43 476
14 295
93 271
25 464
67 227
78 316
22 397
70 470
18 242
40 377
35 364
75 375
52 252
80 255
53 262
73 228
82 493
99 498
66 496
23 296
80 214
32 302
79 393
14 450
78 214
96 358
57 238
35 293
11 427
73 379
75 214
57 424
76 429
31 418
86 280
27 344
51 324
75 455
58 415
15 451
77 429
93 205
87 291
11 455
85 396
59 405
19 438
69 315
78 499
80 238
50 496
45 271
63 225
19 335
52 379
10 369
42 293
68 421
73 422
71 350
97 406
69 476
52 281
17 459
81 273
99 256
47 226
75 337
16 353
74 492
63 206
93 236
29 432
23 432
83 280
65 419
30 484
11 278
79 435
71 293
96 380
97 474
29 426
96 458
19 282
47 259
97 206
29 286
53 201
34 240
43 447
31 216
39 251
14 495
95 228
84 391
98 386
86 263
14 475
15 339
67 367
48 493
100 342
95 209
64 443
95 323
17 406
77 320
10 332
71 341
19 300
49 468
87 346
86 495
86 450
68 224
24 380
31 337
37 493
28 313
44 344
50 273
54 225
13 405
61 406
13 467
81 477
39 338
56 363
22 340
32 364
46 275
12 278
59 213
46 206
83 455
16 212
47 298
66 370
69 343
41 447
86 428
40 442
42 494
93 295
81 314
51 396
61 452
64 250
46 494
13 241
96 356
68 425
88 239
99 355
13 267
44 390
51 224
67 458
76 385
91 249
37 461
53 287
47 369
23 276
69 292
28 208
54 268
59 351
36 476
50 387
87 307
83 435
20 358
36 496
62 444
96 440
20 440
39 266
17 262
94 317
86 357
93 251
24 257
70 430
98 357
97 223
56 342
37 442
45 298
52 492
80 483
48 396
11 356
11 377
45 201
47 220
33 319
23 481
80 424
67 307
19 475
78 443
96 487
31 316
68 270
53 275
36 488
55 321
84 330
99 209
30 441
67 387
37 500
70 333
80 225
10 402
54 469
18 266
45 426
97 488
29 439
31 498
94 432
100 467
11 265
22 393
97 403
38 463
76 396
57 274
88 434
98 371
51 467
98 254
99 318
15 389
96 203
35 380
65 403
83 446
86 270
51 423
54 368
85 274
39 380
74 434
51 222
75 414
40 490
95 330
82 408
72 262
90 303
83 244
48 237
74 423
77 277
31 480
56 430
49 458
10 350
82 371
64 394
60 259
45 201
49 440
17 357
58 218
72 343
13 363
96 251
97 386
54 330
18 222
50 316
65 317
86 218
19 486
19 471
98 243
40 434
35 278
20 384
43 448
22 307
55 355
77 345
59 386
85 253
10 432
77 286
93 484
27 435
66 465
87 463
99 223
25 389
26 384
15 296
71 298
59 390
52 460
29 342
72 459
31 202
56 213
53 337
60 341
66 415
61 374
58 261
86 221
45 397
100 472
78 485
84 293
49 422
24 307
90 398
35 407
75 406
71 437
45 315
88 263
63 331
33 355
23 232
48 292
36 479
61 319
33 231
39 235
33 465
94 465
56 357
49 461
26 241
10 203
95 424
79 335
53 350
85 397
73 264
78 208
32 450
66 404
37 489
81 383
65 479
53 213
19 469
94 296
65 372
12 263
45 212
33 299
45 235
72 443
94 331
33 239
41 227
88 461
46 228
45 418
59 389
74 292
42 405
56 213
78 335
73 270
93 373
27 459
30 263
62 405
38 302
55 373
73 336
54 294
28 426
73 321
39 391
62 370
67 448
48 270
29 409
20 328
33 408
13 388
26 437
46 262
13 487
39 266
51 217
48 385
34 320
62 405
21 316
51 255
85 406
39 244
63 364
79 295
39 408
19 440
10 474
25 281
10 336
42 231
91 456
90 444
18 320
41 484
28 371
23 398
34 263
69 340
54 212
90 397
83 316
92 463
18 236
49 249
25 339
39 424
79 394
84 267
32 464
32 348
60 238
69 410
51 386
34 478
56 383
78 267
39 408
38 288
40 221
72 265
75 264
23 352
82 304
56 370
76 419
71 350
77 461
36 207
48 208
75 444
90 256
85 390
76 490
83 357
16 462
77 320
72 360
51 432
13 340
75 481
92 267
31 464
55 340
11 273
33 353
49 238
82 226
58 322
100 252
79 476
12 350
13 488
25 465
44 475
67 419
24 311
34 234
79 464
18 444
35 471
19 252
16 353
61 335
65 493
59 403
46 350
69 410
51 211
56 456
65 428
74 339
34 309
94 211
40 446
100 206
59 400
55 374
26 485
84 477
47 346
40 342
19 329
86 282
45 374
25 224
17 361
96 238
50 435
62 441
54 352
61 244
33 404
86 253
39 377
46 313
27 306
21 467
38 455
66 224
92 235
36 328
34 310
94 264
75 313
71 322
70 349
48 415
54 484
58 440
18 446
75 331
86 456
78 436
100 295
13 386
79 407
53 425
24 277
93 409
18 340
34 253
48 296
33 491
59 385
92 388
91 381
19 331
69 264
70 445
84 476
59 389
65 292
81 297
65 450
85 208
90 487
13 278
44 428
46 259
33 449
76 393
19 414
69 415
35 239
10 235
10 388
51 345
78 436
62 247
58 398
31 423
18 215
92 364
23 219
24 204
81 318
76 495
38 370
86 458
36 468
51 423
98 366
18 233
77 459
33 384
33 285
89 438
41 308
100 493
34 473
16 493
66 394
22 270
80 345
36 421
46 420
58 366
69 359
35 285
90 429
87 372
29 275
16 263
72 360
31 357
45 252
65 372
36 234
75 407
37 420
37 390
42 368
69 373
51 352
63 242
69 376
70 295
40 423
64 482
99 363
62 364
39 437
99 207
19 479
33 298
37 439
18 486
98 441
33 230
88 265
60 374
88 386
97 289
59 224
83 390
99 358
55 500
23 239
55 213
42 369
31 364
17 447
92 362
33 405
70 429
26 364
66 308
12 469
85 306
75 417
89 227
65 499
26 266
12 483
27 203
28 289
31 357
41 414
94 371
54 310
74 237
100 351
37 472
17 493
42 461
95 272
72 382
27 464
54 206
39 477
82 247
18 275
46 249
41 372
66 206
18 219
18 404
31 338
89 338
73 401
37 438
52 234
43 443
12 215
15 445
20 357
52 256
15 293
85 269
43 475
85 345
43 267
39 262
91 322
19 434
48 447
47 446
98 439
39 480
29 234
95 395
85 313
74 472
50 455
36 269
62 264
13 372
67 362
75 435
60 283
37 456
29 489
68 460
53 487
80 280
94 311
64 311
36 324
68 478
49 271
75 457
31 359
58 415
74 461
100 403
70 417
10 471
64 208
32 230
27 318
42 465
92 484
52 200
50 306
19 284
30 474
16 461
79 267
56 302
14 424
92 469
45 311
80 443
23 268
68 263
84 431
14 463
76 201
19 420
83 390
31 434
29 244
71 394
19 468
66 237
72 449
13 429
12 344
31 328
66 243
18 445
15 316
78 337
87 320
59 374
33 259
35 271
35 450
67 314
21 409
74 206
97 306
69 314
40 205
77 259
42 230
99 420
24 361
81 413
26 261
87 388
36 342
18 272
33 321
95 459
77 486
44 284
62 298
71 440
56 238
51 249
49 453
88 365
78 475
44 242
23 262
60 255
95 338
64 445
59 411
24 438
43 266
62 386
78 318
13 417
87 223
74 426
56 435
52 487
45 265
44 395
69 407
24 481
25 475
97 402
91 277
27 229
86 258
45 456
28 491
49 483
92 338
94 387
36 396
87 431
84 350
99 487
79 473
31 500
55 289
85 280
92 438
31 458
61 475
93 270
67 234
47 427
16 358
21 343
76 435
29 413
83 297
65 238
94 263
71 415
67 336
46 468
37 304
51 417
50 236
67 492
37 438
28 392
44 378
38 298
55 257
87 294
38 358
14 372
54 319
33 272
84 230
86 427
53 414
99 311
33 228
10 470
86 419
57 209
75 294
56 358
22 317
19 454
64 233
35 344
52 310
45 206
80 456
100 373
21 475
80 217
80 234
58 366
24 246
11 448
71 432
35 441
16 455
33 422
75 419
57 239
32 431
15 267
40 325
88 454
29 372
48 500
63 407
81 257
28 490
47 242
56 258
34 367
33 327
48 450
31 303
78 472
13 432
18 369
68 427
10 305
43 492
66 204
62 419
90 249
45 464
31 476
25 223
69 432
29 329
100 344
28 268
94 364
40 303
82 206
77 253
11 328
84 314
69 341
30 291
78 339
48 431
19 224
71 407
64 253
11 287
93 366
58 462
68 253
13 460
49 295
30 320
90 406
33 454
66 365
70 335
73 248
59 268
87 417
77 427
72 357
30 316
24 318
13 450
66 342
30 380
14 321
71 309
35 331
69 221
47 204
88 450
25 319
18 223
29 339
68 455
80 413
73 468
29 348
76 299
100 275
15 376
27 427
24 371
33 445
96 203
74 447
97 400
30 368
16 251
15 321
57 451
25 276
80 212
22 284
83 362
31 239
79 403
81 369
53 372
38 364
91 211
32 276
70 326
54 282
17 399
12 382
98 386
10 216
80 330
49 408
88 306
67 428
35 261
75 231
14 359
80 256
30 404
44 479
33 224
28 304
10 413
22 470
65 393
38 394
35 484
23 363
63 448
95 247
81 285
29 441
34 372
97 462
27 277
60 203
82 450
44 371
24 242
97 358
69 275
40 306
27 303
32 348
87 457
31 258
48 423
32 436
11 393
96 268
23 286
86 418
49 276
94 245
39 377
59 453
40 405
71 210
96 476
53 456
35 452
66 423
77 410
61 418
70 204
77 419
27 455
41 224
45 373
99 299
40 423
88 451
10 258
97 232
67 466
95 363
40 450
27 292
10 393
65 359
50 343
16 386
94 362
49 277
88 480
28 482
58 376
67 478
80 290
17 365
66 446
91 423
78 263
28 452
48 422
65 302
25 285
17 260
35 346
64 328
57 463
57 426
51 491
26 221
40 311
30 235
51 363
17 350
28 421
59 331
73 310
71 305
49 318
22 240
88 451
13 488
21 428
65 200
92 266
82 397
30 305
81 332
76 338
52 292
77 233
76 248
79 253
53 488
78 467
17 233
58 346
25 279
89 434
84 389
61 499
64 275
84 416
15 470
86 389
15 210
75 383
28 214
44 360
87 205
90 428
39 493
32 259
70 244
34 299
16 391
73 469
82 349
31 372
69 387
61 330
85 381
72 405
96 398
74 295
81 340
93 391
64 495
27 352
14 341
41 421
52 446
98 497
22 222
37 363
51 327
18 255
40 204
38 352
12 475
33 255
81 419
20 396
20 345
86 400
59 346
52 466
46 408
51 335
84 227
93 339
83 490
23 312
97 303
10 346
69 309
100 341
67 295
47 389
26 482
18 374
65 307
39 419
63 249
22 445
21 200
88 330
68 376
70 382
14 303
26 455
21 326
22 388
51 280
71 310
99 263
96 389
94 323
27 334
68 309
19 348
43 260
90 498
98 317
81 262
47 356
75 281
39 260
15 352
63 444
65 350
18 396
40 376
48 243
21 289
86 238
64 360
27 363
99 382
30 486
44 298
40 409
95 220
22 245
12 206
75 284
52 444
44 293
48 447
39 228
13 438
43 422
23 262
37 353
92 463
91 336
40 377
61 388
53 462
33 219
64 320
39 273
99 231
50 333
17 451
59 463
74 376
57 385
68 317
61 331
58 325
11 289
89 461
76 399
88 308
50 288
78 470
73 442
14 425
38 428
72 384
48 212
95 473
85 446
42 384
39 318
14 442
42 209
56 332
88 221
33 224
11 318
69 368
93 444
13 282
10 417
71 210
74 474
59 275
45 471
21 394
45 467
67 495
71 435
47 231
73 414
48 413
88 500
64 239
59 271
11 263
60 485
23 365
17 454
45 326
27 347
79 461
88 252
92 437
75 480
70 289
25 473
37 374
95 231
84 364
39 382
29 238
73 398
75 324
69 241
49 474
83 367
10 349
81 338
83 303
46 201
19 408
40 343
28 395
17 342
96 425
12 383
34 389
57 263
72 330
36 360
64 442
93 486
96 394
18 324
44 338
47 236
70 248
16 475
28 451
15 451
23 339
92 235
45 312
63 490
27 403
28 494
78 325
62 383
100 200
14 363
41 280
13 283
44 226
14 221
49 323
39 300
26 453
26 388
32 434
32 206
85 426
46 378
77 378
34 468
85 215
89 466
42 229
80 322
27 204
93 232
57 213
45 487
52 366
51 480
94 201
76 333
39 385
93 426
36 469
98 389
18 224
89 228
41 301
43 207
69 443
96 330
20 271
51 319
18 441
89 486
28 234
96 266
55 227
26 430
30 334
54 429
64 422
59 310
64 255
33 226
81 306
10 351
76 321
15 263
98 468
11 401
37 264
73 369
64 356
63 236
30 365
76 246
66 370
95 259
79 372
69 321
63 289
66 253
75 340
75 420
44 262
50 257
52 485
53 316
29 422
90 280
38 316
49 323
15 381
41 359
78 314
60 428
32 350
69 262
13 495
85 246
90 251
72 281
65 428
47 326
83 498
86 385
71 481
85 446
84 287
77 311
42 483
93 203
68 469
78 270
21 497
35 469
50 369
97 483
74 344
51 394
87 412
46 301
77 485
87 452
100 300
76 321
15 301
59 363
82 338
61 483
51 499
21 281
99 399
59 361
13 269
81 282
16 231
10 321
10 328
98 436
29 284
95 459
94 329
60 353
96 202
85 250
76 286
55 265
12 292
45 476
30 379
22 290
59 339
74 273
25 331
22 343
60 463
31 499
77 320
81 207
72 487
73 471
24 287
21 404
84 411
50 490
52 335
58 448
92 389
23 338
18 428
68 384
22 480
74 482
87 483
25 319
36 445
97 388
31 274
85 359
81 419
89 222
12 326
50 425
30 389
64 433
69 492
22 207
19 397
33 218
57 376
18 495
15 376
50 300
38 371
21 383
75 256
22 241
46 324
71 294
79 478
21 329
55 293
27 389
36 274
41 267
15 495
45 218
70 393
64 218
36 225
33 251
75 306
42 361
98 208
56 391
91 432
76 353
17 254
80 463
23 399
42 476
22 240
94 461
79 209
43 394
32 380
70 214
65 488
87 313
67 229
54 379
63 422
56 434
92 274
66 202
100 324
88 314
54 370
57 444
54 202
38 313
72 481
89 265
62 401
51 412
71 330
39 339
94 272
56 427
36 367
54 216
35 356
64 201
38 353
65 355
26 230
21 435
16 243
78 428
92 377
50 272
94 329
85 407
80 382
35 445
68 210
58 386
36 239
88 342
11 331
100 446
99 362
31 271
90 380
36 247
44 236
96 411
71 430
23 214
36 450
19 309
44 368
49 276
58 331
88 248
80 312
93 471
23 322
100 276
76 490
47 457
28 342
46 289
76 434
93 331
24 461
96 241
48 333
29 485
35 433
17 323
20 475
99 365
77 335
90 247
88 464
24 248
33 268
58 325
35 338
10 283
69 345
99 376
58 340
66 390
50 392
13 465
90 306
47 411
63 219
34 464
26 308
73 287
61 246
11 276
34 317
53 381
24 382
64 337
85 365
17 441
19 488
11 320
39 234
82 434
37 336
59 486
17 256
19 270
51 383
72 385
39 404
86 410
28 271
79 204
85 221
16 442
77 299
57 200
18 492
60 284
98 229
16 271
93 240
37 285
90 437
36 371
76 435
34 323
23 275
76 391
15 470
55 202
90 293
50 299
94 386
97 360
72 351
59 398
82 471
61 262
47 301
52 445
61 462
86 490
42 292
72 230
43 361
45 279
82 236
83 436
84 410
28 485
45 476
73 401
26 263
13 251
20 294
93 348
85 212
99 241
93 417
43 265
49 253
20 429
62 421
21 359
90 459
54 340
34 474
68 279
12 401
67 350
43 224
10 500
55 336
60 240
31 209
73 227
70 398
17 250
93 268
83 398
75 251
70 359
15 226
49 211
24 467
84 371
82 359
37 477
45 308
37 445
42 270
90 330
62 325
49 236
41 238
90 369
21 421
68 212
12 364
89 323
39 385
37 269
19 313
27 437
14 461
74 489
70 200
65 398
76 396
39 218
90 316
39 422
41 312
81 433
30 407
24 203
95 499
50 232
69 217
20 432
74 248
37 407
63 436
27 373
59 487
62 464
76 476
12 237
14 267
67 462
15 475
64 213
49 437
66 483
33 464
98 278
23 231
93 259
26 238
68 497
30 221
77 476
36 293
28 484
24 483
83 283
29 359
82 327
50 291
93 447
77 422
33 266
78 460
82 369
89 457
85 370
85 222
67 424
56 358
15 374
34 352
53 495
87 451
38 204
35 329
26 297
73 425
54 204
27 387
97 331
38 386
78 270
59 295
88 422
47 401
39 491
97 450
77 410
33 203
73 391
51 263
60 384
91 499
27 321
57 459
40 478
22 350
24 451
70 490
93 346
20 416
40 289
30 269
53 463
38 362
11 355
67 239
19 362
83 324
27 423
68 383
40 325
29 345
30 427
19 396
21 423
98 358
53 374
74 460
88 398
74 439
44 445
67 489
50 215
43 237
95 293
79 485
60 351
80 391
12 362
94 298
35 295
81 244
89 281
37 202
19 224
27 481
95 318
22 224
13 480
66 419
73 380
87 388
58 482
67 205
71 313
90 325
30 208
92 274
77 271
84 216
46 416
92 213
66 364
39 316
23 497
67 313
92 386
35 355
72 477
62 408
68 413
19 344
74 300
97 408
45 443
90 467
99 370
76 341
48 415
32 274
62 440
64 236
59 234
18 391
44 450
81 498
74 229
90 481
16 207
13 200
30 311
32 206
37 293
45 463
65 202
90 367
73 270
86 467
95 243
16 263
63 354
40 303
93 350
53 462
69 471
12 205
12 326
33 461
49 257
14 375
52 358
84 452
100 445
100 232
26 473
86 378
72 254
32 460
61 212
25 460
49 281
35 463
70 374
81 275
43 243
22 492
41 492
63 278
83 207
87 322
31 303
41 255
50 430
20 210
56 283
48 272
70 383
45 270
85 355
48 437
26 295
66 248
73 268
50 421
81 385
17 204
25 493
20 294
65 422
84 211
73 222
68 368
57 216
35 411
45 232
23 219
49 224
72 311
98 343
84 266
29 224
59 414
39 227
26 285
16 261
31 351
47 330
37 438
72 355
90 467
51 445
32 412
44 202
29 459
32 453
89 321
94 493
49 391
70 493
42 316
82 222
71 286
69 435
22 447
77 270
10 425
67 348
34 381
80 206
22 444
19 313
16 334
11 249
14 224
73 399
63 243
26 256
36 221
48 252
41 229
67 331
58 286
81 438
51 278
52 306
25 301
28 235
80 373
93 357
17 274
84 435
36 477
57 295
10 432
26 416
35 469
90 364
33 474
82 471
30 444
54 222
11 394
46 428
18 291
82 361
57 341
48 381
81 236
61 213
15 271
76 428
23 424
40 493
35 292
73 449
99 489
71 280
15 478
99 347
99 241
92 382
99 252
91 347
51 437
23 204
82 238
13 396
16 423
94 359
18 300
68 499
100 477
33 317
99 485
82 471
28 370
15 306
67 314
58 460
27 261
81 406
76 294
19 210
44 439
41 480
86 375
76 224
53 455
53 203
47 254
66 414
62 276
44 294
47 370
15 287
80 416
26 429
88 294
91 226
55 256
37 219
46 382
42 482
64 334
58 224
36 408
28 260
10 304
32 271
71 306
66 303
41 352
58 480
34 470
12 377
87 410
73 355
95 389
93 377
16 270
22 359
80 288
47 411
19 471
44 264
23 340
83 246
99 398
35 336
43 481
65 240
30 357
32 431
59 481
37 466
27 458
61 426
97 441
40 337
29 318
49 437
91 217
50 297
26 459
74 481
30 394
58 278
30 364
82 495
95 213
98 292
75 233
72 365
72 303
40 283
93 300
50 277
65 453
88 482
83 255
19 298
16 431
32 397
47 231
32 337
76 351
17 415
94 345
75 204
98 479
18 267
47 257
52 396
12 416
99 369
16 287
67 368
75 491
66 209
56 405
70 215
70 423
89 337
19 407
27 414
31 379
22 413
48 223
33 394
56 434
14 359
93 376
92 436
22 241
58 337
62 439
71 400
58 481
48 326
76 276
90 471
18 420
64 339
82 440
76 382
35 442
16 291
13 217
10 433
35 318
10 402
39 320
73 366
84 236
17 385
93 431
55 216
25 487
73 241
22 286
51 497
81 363
27 294
35 211
26 336
38 495
47 335
51 237
18 312
84 392
83 334
39 250
94 421
62 455
69 361
68 334
74 466
84 343
86 274
71 486
31 383
27 346
30 243
95 417
55 303
16 301
34 379
44 486
17 287
83 460
33 378
48 254
89 239
51 403
56 201
75 422
21 317
63 350
77 348
86 413
15 324
39 336
54 264
56 200
32 209
90 298
42 202
70 480
22 449
57 252
32 469
100 282
93 490
54 343
72 397
17 486
48 468
69 423
72 392
70 382
16 332
30 487
87 231
31 273
63 297
31 378
79 498
99 248
45 238
57 222
99 344
10 406
26 278
55 343
47 500
62 270
73 404
54 363
34 222
22 312
32 460
90 282
26 296
88 341
94 419
30 269
24 269
92 374
53 251
45 215
60 441
96 280
79 291
100 426
40 328
53 279
17 425
79 442
84 389
47 303
27 344
32 369
51 245
72 459
60 459
46 246
66 208
60 441
43 218
64 361
33 352
14 332
12 249
80 495
65 255
25 494
100 419
23 210
62 303
97 210
17 442
48 358
36 331
34 498
19 413
58 446
57 496
52 488
61 249
98 380
64 279
61 402
61 485
67 411
75 380
87 247
96 426
18 419
86 453
54 356
83 473
54 277
81 327
52 462
81 246
21 379
62 464
25 220
100 441
51 433
99 250
19 340
26 334
80 432
76 423
77 298
15 337
13 312
81 338
45 238
58 312
22 407
81 396
49 472
19 205
17 406
81 333
65 431
60 201
79 400
48 398
100 217
76 220
56 396
75 300
34 491
100 250
95 437
37 222
23 282
87 262
70 232
63 432
81 209
49 273
27 256
13 254
57 403
46 352
15 433
94 483
42 313
39 218
36 427
87 408
82 217
50 396
93 262
39 411
96 459
85 379
82 353
93 237
85 207
41 354
11 238
83 313
43 317
87 300
94 321
90 452
45 426
79 234
59 423
64 458
13 378
68 294
90 268
23 234
15 418
27 466
58 423
50 206
37 307
40 233
99 262
58 464
22 280
33 373
98 392
42 282
89 466
49 498
77 457
15 259
32 370
88 229
85 200
87 281
80 239
95 434
100 497
37 487
41 293
100 228
64 439
93 203
95 436
47 336
56 233
15 466
37 317
20 444
47 428
86 323
24 237
21 415
85 402
52 208
79 208
17 430
82 296
11 249
41 383
63 322
90 479
28 216
24 480
54 311
90 333
94 271
35 439
43 302
16 335
89 233
35 296
81 438
59 345
63 322
84 321
95 342
47 430
16 343
68 466
38 265
53 387
77 418
36 220
51 364
95 279
44 346
52 309
17 466
60 270
17 379
49 379
34 388
41 226
64 466
54 485
19 290
78 265
93 395
96 425
63 338
90 405
91 329
74 217
95 365
30 229
85 377
67 412
73 215
11 295
60 429
82 461
33 350
17 373
80 208
21 201
20 251
55 228
41 317
24 321
69 282
92 423
67 257
24 472
19 220
83 452
89 245
91 366
40 386
90 337
64 286
68 387
65 493
54 415
57 410
85 489
66 335
69 348
88 444
79 363
26 285
82 363
78 225
79 423
32 466
80 452
85 296
40 235
76 253
62 245
15 384
49 353
39 343
20 359
17 321
39 200
66 284
54 434
45 289
14 418
16 262
70 454
48 457
94 345
11 388
46 371
18 372
95 238
73 475
26 251
19 368
67 399
65 363
71 460
97 386
83 354
39 445
20 255
33 246
53 258
76 238
94 404
54 351
30 374
18 237
60 369
91 476
55 256
53 348
71 438
71 342
69 431
77 297
39 437
100 283
33 476
89 322
59 480
85 218
59 298
79 227
74 411
88 484
41 489
61 431
97 263
73 416
85 360
97 428
48 254
60 490
72 280
67 306
43 232
63 311
44 329
26 246
65 240
52 404
61 258
61 404
52 408
75 263
89 280
67 261
30 399
23 312
81 310
39 437
85 492
86 422
87 335
15 207
32 344
10 353
78 495
56 473
11 273
72 367
55 425
43 437
72 377
30 251
53 416
47 228
50 485
73 374
51 316
95 444
90 241
73 311
73 250
12 387
49 269
80 425
29 431
32 266
86 359
61 494
10 305
29 328
46 420
94 358
88 383
24 445
100 295
97 459
69 288
25 366
35 297
28 300
34 299
100 233
92 433
48 430
74 247
96 276
76 258
97 452
94 484
93 313
24 401
82 270
13 315
17 295
56 425
47 338
76 459
90 430
76 398
59 379
74 365
21 361
60 287
29 262
45 208
63 247
27 345
59 347
96 452
23 270
92 234
84 297
22 279
35 333
26 283
53 370
55 365
57 268
89 344
20 420
51 404
100 409
72 483
90 458
24 446
71 258
25 436
36 370
81 330
41 440
62 413
50 309
10 290
74 427
73 406
40 433
74 262
82 306
51 345
65 427
36 241
33 468
43 339
95 339
37 290
19 330
72 286
58 479
73 464
79 207
32 200
22 376
47 480
58 205
82 495
15 364
65 366
76 360
15 470
20 372
59 225
31 210
59 288
19 437
64 292
30 318
59 283
98 253
53 425
10 336
31 390
58 302
62 281
100 209
57 460
62 207
55 282
89 495
79 405
90 371
12 274
81 237
15 483
75 317
87 248
99 223
44 352
19 442
43 286
25 432
81 231
95 378
77 405
56 432
98 252
50 254
72 291
25 330
25 281
88 378
27 299
72 465
95 476
20 332
15 255
26 455
30 400
91 348
20 453
69 312
99 331
34 229
56 407
100 393
92 205
35 464
35 370
34 453
94 232
20 304
33 245
10 323
27 339
30 498
54 449
62 496
60 425
76 451
89 282
39 467
79 312
52 289
23 307
51 224
20 325
31 375
14 336
67 263
76 367
76 466
75 268
35 344
77 383
94 222
94 337
61 201
87 367
39 329
79 332
70 312
95 431
49 225
76 434
47 441
55 498
33 365
67 315
70 207
23 252
24 463
49 416
41 287
79 454
51 205
50 217
63 390
65 253
60 465
33 403
98 236
36 259
23 414
96 410
90 371
100 297
41 300
43 446
90 494
43 251
85 433
14 264
44 216
11 488
79 254
16 334
28 238
59 441
90 266
78 271
80 260
100 470
78 330
84 496
70 262
23 270
25 315
55 215
12 401
32 210
61 290
73 495
89 487
74 229
94 483
73 388
81 417
84 352
31 470
41 318
100 343
63 425
89 472
91 487
81 392
89 225
69 239
21 259
47 352
88 476
90 286
12 325
49 419
45 499
70 273
79 369
47 454
11 271
65 483
44 245
31 453
41 355
47 238
46 415
53 400
23 473
10 202
29 438
83 223
36 259
19 200
38 461
62 420
100 327
48 488
26 275
28 392
22 380
62 242
49 218
99 484
64 377
59 238
64 357
100 448
46 307
21 292
28 300
67 248
17 413
23 447
91 424
43 265
61 468
23 346
25 498
42 426
36 213
24 335
85 225
44 234
86 429
22 348
99 236
48 302
10 329
55 335
56 337
56 304
99 456
87 488
61 478
19 225
73 326
40 259
10 392
58 381
100 318
53 246
66 323
67 202
68 347
19 454
26 436
47 486
50 457
55 293
15 284
51 323
52 378
51 460
72 424
92 288
32 268
31 295
51 432
16 241
26 383
86 460
43 253
19 459
73 265
47 393
46 268
18 208
32 397
93 465
76 207
27 209
44 335
12 364
53 350
57 243
88 350
10 300
82 295
30 361
91 208
86 459
72 217
40 472
34 333
50 382
33 437
23 313
69 496
15 236
88 281
80 327
75 431
21 282
15 384
27 335
80 446
12 469
24 458
45 275
29 273
10 380
52 347
73 479
39 369
85 386
57 494
17 329
60 389
41 398
40 302
41 465
24 223
61 409
40 270
39 272
43 389
64 250
53 343
21 225
32 494
24 410
76 372
27 359
66 449
17 232
69 238
69 497
45 328
38 492
78 286
87 440
97 414
59 358
95 468
47 217
83 242
21 396
62 466
47 424
49 260
78 312
56 402
72 257
29 412
83 274
30 210
17 371
36 453
83 430
17 309
63 330
61 322
11 214
29 479
95 400
56 292
57 484
71 269
19 421
81 488
50 429
23 458
45 371
94 476
87 278
27 445
91 385
41 332
55 303
94 285
82 246
74 464
68 319
19 218
14 412
31 433
18 454
27 338
11 248
