10000 500 200 500 10 100
25 356
91 278
20 458
64 239
82 213
13 273
13 428
65 457
65 470
94 260
49 232
51 343
38 395
91 374
25 388
23 210
27 201
52 343
93 260
90 373
51 278
69 354
36 285
76 259
71 357
87 406
79 326
56 400
88 255
28 425
69 231
98 385
99 372
39 440
72 309
27 204
21 457
84 291
74 418
56 494
81 367
17 412
86 345
83 412
63 283
40 242
95 221
70 295
93 302
100 273
80 296
40 497
13 385
56 493
36 335
37 376
97 283
29 393
24 347
35 227
28 442
61 493
18 343
32 304
45 220
28 305
48 403
69 267
89 337
98 338
79 445
30 372
32 249
37 405
67 369
76 224
81 399
24 471
19 452
16 488
30 349
69 288
100 292
90 288
69 313
11 299
22 389
93 234
88 234
44 483
44 320
56 412
46 422
30 209
69 355
63 345
24 488
75 205
75 487
65 457
51 469
61 306
52 475
24 495
35 227
64 311
30 432
64 264
97 354
38 477
73 219
72 463
75 402
28 234
26 209
63 385
12 445
47 234
29 228
10 326
72 454
39 301
91 409
21 437
39 439
16 470
93 382
70 413
94 297
33 369
33 335
40 484
62 392
97 448
55 495
88 425
78 460
36 230
19 391
18 277
13 278
67 485
18 377
26 492
77 292
75 230
51 261
53 405
99 230
46 372
63 375
88 370
49 272
98 400
77 316
23 491
47 473
76 303
33 372
20 273
57 302
26 289
16 265
26 315
72 244
75 217
85 432
27 201
92 235
99 415
47 327
11 496
71 380
94 398
48 291
20 362
52 472
18 205
59 344
79 280
86 456
71 256
32 433
20 339
28 408
63 269
100 408
13 282
58 209
81 236
26 298
17 393
26 298
42 306
13 417
21 330
28 382
76 207
86 392
44 232
20 400
33 231
24 263
96 343
12 493
84 271
29 225
50 309
70 311
37 214
19 200
24 400
84 428
95 497
92 253
37 368
89 227
37 458
66 412
37 312
25 377
86 392
11 296
98 475
88 315
97 434
73 231
88 446
64 490
43 228
36 369
74 393
83 494
26 436
50 399
69 206
27 380
27 426
97 349
15 382
11 288
43 278
75 347
48 227
28 415
64 327
13 350
32 430
91 267
50 447
18 362
77 439
25 300
70 466
71 412
58 412
39 360
100 217
38 412
22 291
44 499
65 308
66 335
86 389
89 352
14 265
97 237
49 453
37 266
50 235
10 463
32 427
16 335
61 227
49 437
54 219
66 435
30 430
59 212
95 421
21 403
24 275
79 439
84 226
36 343
29 431
48 457
29 326
91 249
15 485
33 369
22 268
85 230
36 322
29 317
97 305
29 426
11 307
38 357
30 266
35 343
16 254
55 303
44 238
86 431
37 288
61 425
60 352
100 303
95 396
17 363
21 338
66 380
51 402
61 226
37 486
21 414
76 315
86 368
64 319
75 325
43 295
94 211
88 403
43 267
37 433
73 247
39 218
25 464
11 362
52 285
79 256
35 335
82 466
80 474
45 499
89 440
42 246
35 439
92 464
11 496
71 436
31 416
83 367
80 271
38 267
22 324
10 304
77 445
74 410
43 302
100 466
14 451
31 391
24 409
23 394
95 500
16 344
83 481
24 244
72 489
10 306
22 384
10 271
100 378
99 445
10 338
28 420
57 370
23 477
24 413
13 380
19 398
34 328
61 483
71 328
55 381
87 232
90 292
19 291
24 482
31 348
70 394
45 356
14 326
13 239
47 401
92 451
79 442
11 374
81 348
25 344
60 435
56 243
51 428
38 344
36 319
97 478
79 207
38 475
16 364
65 372
11 433
63 209
89 299
19 497
53 385
58 425
52 466
15 495
85 200
22 252
18 279
87 229
67 312
33 318
74 467
27 439
61 209
55 471
61 281
71 204
15 308
69 433
48 295
68 416
33 214
24 312
51 447
45 277
79 243
82 433
19 333
81 357
95 218
72 400
16 243
21 463
24 231
87 374
34 271
11 370
87 456
16 276
80 220
99 409
73 498
27 221
95 412
14 372
86 404
61 427
17 374
68 247
33 233
10 230
61 408
68 339
44 279
37 213
79 218
88 261
69 213
86 295
65 359
70 252
28 437
43 458
56 316
74 214
17 374
90 404
92 291
68 343
48 356
65 367
84 228
84 339
20 460
70 364
21 299
80 278
22 292
27 345
76 490
10 456
27 301
13 343
10 300
98 210
82 292
81 279
32 254
35 310
32 300
34 229
87 287
35 434
25 240
67 235
43 335
90 291
20 299
32 225
80 369
75 253
100 362
44 229
72 499
80 378
26 312
90 498
17 412
64 226
30 459
94 380
15 202
39 428
39 353
16 348
99 438
88 381
53 482
45 464
16 249
72 277
82 446
34 459
93 404
93 206
35 497
92 353
32 356
19 498
99 483
88 481
59 245
20 468
22 271
80 455
33 470
50 381
65 454
20 220
78 273
86 417
15 413
97 216
24 248
52 476
84 359
73 348
67 266
61 329
92 444
60 356
44 214
45 276
90 274
73 274
75 221
88 366
52 459
17 400
53 345
42 487
89 280
49 358
50 348
88 331
57 469
18 403
10 422
54 349
100 474
37 291
92 362
17 326
62 288
26 277
73 300
20 386
79 347
33 425
23 429
60 236
74 440
24 329
22 367
44 305
65 349
11 233
49 302
16 229
32 233
31 272
44 319
36 462
54 451
96 359
49 339
54 224
77 232
13 440
53 228
26 438
35 340
26 286
90 229
37 230
19 371
88 344
15 458
83 302
90 390
80 485
87 305
14 307
55 260
69 486
35 440
68 415
29 292
87 419
70 214
48 281
88 449
49 272
65 480
16 263
63 335
46 346
73 456
65 476
38 348
95 202
72 282
77 315
62 316
63 394
40 381
27 464
52 400
75 485
51 359
78 446
29 495
15 332
81 392
89 363
20 416
89 224
98 482
35 270
29 271
45 326
15 438
40 229
45 274
82 414
48 262
15 375
36 298
76 404
97 463
41 479
10 381
51 274
49 240
58 358
28 307
80 211
71 221
98 280
78 254
54 477
92 200
10 270
32 257
13 287
94 490
89 295
81 467
93 482
70 212
50 266
59 271
74 262
94 317
89 337
67 233
13 386
55 414
55 280
80 379
22 388
56 382
30 488
95 352
56 303
79 205
51 433
79 395
20 317
12 234
97 231
94 216
98 500
13 271
42 299
10 397
72 216
55 419
46 325
68 370
66 385
13 496
37 400
48 460
17 249
62 420
90 460
30 498
20 264
40 438
86 417
97 298
13 310
12 386
17 237
20 210
34 380
97 437
59 293
62 246
64 339
50 372
32 300
95 456
19 336
48 476
81 425
15 486
12 489
12 317
95 326
99 345
90 230
43 234
18 376
31 416
34 445
80 211
58 406
16 306
61 258
25 242
15 201
42 416
55 298
80 465
57 309
85 378
90 290
10 362
38 442
70 430
20 313
89 328
39 356
89 458
66 413
48 295
88 478
41 354
77 442
45 448
51 326
86 289
100 487
92 331
35 477
69 263
27 200
66 206
69 223
100 469
22 362
21 249
43 472
96 312
25 419
60 363
22 334
23 359
48 300
65 498
29 249
17 314
44 402
18 304
82 432
54 310
34 284
56 382
71 460
77 316
44 452
16 322
88 328
84 303
34 471
99 453
89 311
69 218
97 285
52 335
65 343
88 259
25 202
56 329
11 332
72 290
75 424
18 266
61 341
51 429
94 420
17 280
36 398
67 441
69 318
26 347
32 419
22 285
63 244
86 333
70 359
63 358
52 283
22 233
25 242
13 434
84 241
16 441
49 209
58 269
100 355
95 486
94 270
31 393
91 484
74 388
81 397
57 273
60 368
52 302
50 466
64 372
29 447
42 344
97 392
40 481
80 328
26 217
58 235
82 410
17 385
62 259
44 241
37 460
41 387
49 319
89 495
13 258
72 200
39 345
51 264
81 336
57 290
56 489
61 463
15 242
46 445
73 327
39 332
54 395
79 246
14 218
58 453
75 380
70 428
69 243
90 299
95 281
100 432
13 413
95 468
82 439
39 455
38 398
17 251
91 452
92 255
53 486
29 496
49 411
10 391
25 312
57 231
35 328
77 412
70 254
64 394
65 240
22 407
23 332
92 429
15 453
25 203
85 442
55 253
49 371
95 203
45 331
37 325
61 447
79 399
74 365
52 393
88 390
85 241
47 205
84 203
58 352
80 294
59 455
84 292
43 239
25 205
83 280
27 228
55 266
43 426
91 468
20 484
67 315
58 328
71 392
19 426
57 287
42 235
40 316
30 213
19 373
30 424
87 247
51 377
97 327
77 392
87 268
82 401
45 348
56 402
88 309
15 232
34 347
68 335
79 345
90 215
87 264
43 419
19 289
85 323
85 296
56 461
10 338
77 498
83 339
32 424
68 226
69 491
91 422
55 483
40 371
56 232
70 335
16 496
36 445
48 239
14 231
82 303
10 309
67 304
98 398
17 242
42 382
57 495
28 306
54 319
63 423
38 361
52 200
29 381
34 373
89 383
78 368
96 223
44 434
78 272
68 253
98 254
77 296
49 237
19 423
16 277
57 457
22 302
41 492
77 350
61 351
19 218
51 366
33 393
84 317
26 431
49 478
69 253
31 432
37 373
27 396
29 399
94 234
36 308
35 432
15 340
84 389
41 249
82 399
72 303
65 254
34 284
28 418
45 253
26 428
97 402
68 274
34 425
20 300
11 283
79 389
85 262
84 229
12 230
43 401
48 342
80 316
27 486
81 211
10 281
34 362
57 462
21 283
16 494
58 317
30 313
78 449
15 482
47 385
44 304
46 243
78 489
16 269
76 291
21 410
46 469
35 354
91 207
38 214
85 468
32 225
39 286
90 353
24 401
70 478
16 220
93 399
47 329
97 380
85 497
15 291
15 361
24 293
40 280
20 317
54 388
46 225
41 265
45 440
25 314
30 419
36 438
69 241
21 233
11 435
35 210
27 444
47 420
91 488
100 293
72 445
42 395
16 353
60 296
99 323
72 209
97 443
42 307
87 463
47 404
49 319
58 372
66 233
23 248
52 239
19 273
83 220
85 351
41 377
94 466
19 306
21 491
80 371
88 481
60 387
71 481
22 497
82 268
40 393
51 500
34 356
96 314
65 491
58 249
78 361
52 316
33 439
19 414
70 354
85 341
47 478
44 246
38 423
55 453
74 277
13 445
73 475
30 259
95 473
50 280
46 221
23 448
72 453
88 416
46 455
23 295
44 327
59 303
36 353
94 313
80 407
23 313
75 214
43 345
74 378
95 218
92 270
58 256
94 225
94 277
34 479
38 309
27 412
94 304
17 367
69 394
100 373
93 403
78 327
96 323
72 421
41 302
61 205
26 412
88 228
100 460
43 260
42 312
42 430
29 435
38 230
53 369
32 283
64 291
33 267
31 262
67 454
22 378
13 420
89 387
65 477
65 404
79 415
21 356
86 329
23 390
82 368
14 212
64 279
84 208
99 415
99 232
29 332
45 224
12 398
77 398
21 257
28 258
56 215
27 214
88 453
72 403
22 411
90 470
62 467
79 234
41 395
78 499
51 375
10 226
46 383
74 344
35 476
63 259
48 264
76 284
73 426
21 286
77 350
77 275
91 380
14 447
87 325
100 249
58 365
98 220
39 450
67 387
25 465
45 364
26 469
15 495
75 333
91 480
44 484
97 299
39 364
73 387
100 439
70 437
34 462
67 250
37 219
82 284
32 331
86 410
54 294
54 392
34 384
86 360
64 426
56 480
100 403
72 477
54 303
18 343
98 217
58 424
78 278
57 418
19 353
11 356
50 482
61 273
89 419
96 481
82 289
99 281
87 327
42 231
28 319
34 392
41 216
67 322
21 271
71 351
73 316
63 269
26 203
50 360
60 223
74 465
13 250
38 253
59 201
46 204
73 357
20 457
53 460
38 365
17 266
65 352
34 473
55 378
95 212
72 347
21 277
11 298
33 305
68 402
62 334
77 376
37 250
54 312
26 359
61 438
43 391
66 206
96 409
71 237
33 320
60 356
40 444
21 473
16 202
62 253
100 228
18 275
78 210
33 236
60 262
81 244
25 212
77 265
21 383
27 291
96 435
95 349
55 349
15 273
65 445
46 437
22 455
16 251
33 348
10 283
39 210
39 363
82 326
82 393
70 428
16 462
92 431
54 438
32 381
24 431
43 235
67 248
30 329
61 353
29 285
36 336
97 212
29 267
88 324
87 347
62 393
77 311
56 368
16 402
43 457
28 323
60 399
84 329
75 369
87 402
59 367
70 448
95 434
86 466
53 424
56 456
27 370
38 388
70 263
14 485
45 270
95 360
33 377
39 394
75 420
19 397
92 231
42 414
84 309
84 370
16 441
21 298
42 392
60 246
47 474
67 322
12 236
41 461
92 420
51 407
85 297
54 374
55 397
78 491
30 415
82 488
72 486
61 416
95 469
69 229
92 391
41 435
50 282
100 339
95 397
24 238
26 246
72 270
71 448
26 449
64 370
81 468
53 419
93 481
32 242
96 279
49 311
33 359
61 256
47 293
90 441
88 396
46 442
57 431
61 477
23 200
87 213
67 451
15 248
94 319
73 339
13 223
25 310
27 241
23 329
31 217
42 312
35 206
84 329
64 392
18 213
22 349
88 258
88 459
92 429
84 397
70 374
40 467
78 252
23 497
38 489
19 400
32 377
64 354
27 240
13 259
20 335
84 229
58 406
18 449
15 464
68 401
79 214
39 468
34 272
63 346
67 427
85 361
71 350
58 257
82 458
39 342
77 423
54 435
11 257
91 462
16 477
62 204
35 428
58 456
97 334
21 209
47 245
16 313
61 282
21 233
25 385
89 331
26 497
96 384
20 397
51 473
98 405
28 314
56 398
83 230
14 269
33 240
16 358
75 208
56 473
27 479
89 315
42 413
27 273
49 263
78 339
16 343
55 461
61 223
28 425
17 287
54 292
36 256
86 430
98 389
49 203
29 207
46 374
59 277
52 414
53 366
51 324
58 444
11 313
24 290
69 219
51 480
78 205
89 260
40 498
57 235
64 463
32 217
91 361
26 482
43 384
79 225
83 253
97 492
98 435
66 301
95 408
41 213
46 213
34 246
70 420
17 461
20 221
50 416
74 221
60 355
90 493
54 312
27 246
72 310
61 282
98 332
97 441
27 352
75 316
71 414
86 428
48 315
33 301
60 229
17 428
67 426
10 462
85 364
24 488
59 335
46 335
83 209
10 209
37 428
68 208
90 309
38 465
66 283
25 404
76 235
52 395
83 449
16 397
33 262
40 486
58 403
54 313
35 242
57 222
10 397
23 261
84 364
81 379
83 490
83 459
44 311
91 434
77 459
64 322
80 464
99 368
86 325
30 227
24 201
90 286
17 478
30 405
70 322
58 487
22 264
10 335
64 247
90 435
50 348
21 425
100 261
19 375
79 472
59 452
33 400
33 371
13 385
49 417
17 206
80 266
90 246
94 394
88 367
10 497
90 283
20 274
48 412
37 378
76 300
36 254
51 367
94 275
29 348
45 456
92 344
74 424
20 320
87 432
12 344
35 451
25 247
44 471
81 372
43 240
74 427
73 371
44 418
33 492
24 336
17 419
45 366
49 318
10 357
53 370
39 375
58 378
93 243
71 331
25 394
46 285
89 364
68 362
37 300
50 244
75 248
19 364
54 202
27 297
47 480
73 258
27 236
47 225
38 482
46 444
38 426
97 445
17 434
13 217
71 358
49 367
26 473
17 218
33 461
40 231
21 232
62 293
50 424
11 297
34 373
85 480
45 217
42 285
98 429
13 331
14 312
66 443
26 477
16 457
24 225
72 376
12 477
26 224
87 487
29 203
27 259
35 407
48 356
85 426
29 493
30 320
93 203
17 338
76 223
21 417
23 231
78 204
71 460
67 306
75 497
30 254
17 491
72 229
76 350
17 379
98 410
83 345
41 210
62 341
67 225
23 430
74 299
59 463
48 360
54 454
29 276
69 360
45 366
44 361
12 293
33 256
43 437
53 364
21 332
97 328
95 211
76 312
64 440
65 266
13 292
78 353
62 425
21 383
39 351
35 204
61 232
95 344
80 359
47 314
15 461
86 245
70 500
31 230
49 382
51 437
58 214
75 240
65 200
70 428
58 467
90 493
32 390
28 365
31 292
19 437
25 371
89 423
19 289
71 258
59 449
63 393
94 484
42 351
40 305
16 284
77 460
60 468
42 311
64 296
97 260
52 354
31 363
59 250
67 480
14 371
57 201
48 390
58 395
63 418
100 320
38 469
64 476
75 327
29 466
22 439
65 304
53 406
75 318
79 367
47 463
20 474
13 499
61 347
93 354
65 290
82 464
30 451
44 443
58 475
88 400
41 384
13 403
38 419
11 444
20 267
16 271
21 318
42 354
87 361
86 376
79 379
97 459
83 477
21 356
56 258
26 261
13 457
87 430
99 383
65 409
15 227
55 441
60 448
53 208
75 250
13 457
76 473
33 206
94 214
52 297
42 265
53 413
52 270
94 346
98 413
75 302
45 433
83 233
70 285
94 335
81 324
69 411
59 456
68 443
35 478
18 441
42 346
28 214
16 393
87 267
32 313
70 494
43 360
78 324
95 467
28 427
84 251
84 284
41 203
11 375
25 214
49 473
87 366
94 474
42 296
23 261
57 308
48 404
52 229
73 311
13 437
37 484
77 324
46 392
25 492
90 257
37 279
87 263
96 415
34 401
76 477
17 368
10 465
39 252
34 499
14 439
56 351
40 371
14 388
57 251
95 227
60 334
75 235
99 200
43 384
23 409
50 363
95 444
39 247
55 270
52 258
70 480
53 330
83 281
93 310
77 397
76 389
18 393
91 378
36 323
56 293
96 370
86 258
99 482
40 457
94 299
65 209
79 321
80 275
27 357
91 234
22 472
11 233
32 297
53 205
78 472
23 401
57 453
27 353
77 462
61 434
93 273
50 236
86 282
86 296
55 446
78 391
59 453
50 479
70 335
93 367
55 480
74 346
69 374
74 314
65 205
32 294
13 492
81 422
18 391
18 360
60 496
83 451
27 474
90 395
79 310
51 313
15 228
51 471
32 355
72 487
49 282
97 388
47 310
94 244
60 224
72 235
14 403
82 417
94 313
72 434
33 374
21 462
54 403
11 252
40 217
25 367
48 269
84 321
68 261
39 328
59 468
54 254
72 247
49 246
23 283
90 481
50 425
75 256
25 375
32 334
29 245
87 440
75 453
51 391
27 323
77 248
98 280
93 410
19 222
50 385
15 334
32 409
56 308
11 285
89 472
26 272
70 369
75 229
90 470
39 284
23 388
83 332
91 383
97 244
70 395
86 409
93 494
83 436
30 231
19 482
70 388
80 469
56 213
90 327
51 417
15 223
51 492
91 222
25 294
95 228
87 343
76 417
50 204
80 437
58 321
95 488
96 420
19 265
46 402
49 415
81 200
13 321
95 242
26 263
44 257
21 224
90 428
25 236
99 241
25 416
10 289
74 370
47 307
100 391
45 474
32 225
56 493
64 363
83 337
78 270
90 417
63 242
93 484
34 275
89 450
11 335
75 343
48 445
75 338
58 357
50 390
15 234
32 375
63 315
11 272
47 354
100 428
86 281
40 373
46 333
75 296
72 258
39 422
25 286
20 236
40 319
70 222
19 206
68 449
77 358
83 405
77 459
77 307
73 442
35 345
53 200
19 242
13 226
50 460
69 421
54 454
74 371
61 240
33 271
72 448
15 407
77 340
89 433
44 354
41 375
87 398
87 286
24 383
61 301
71 373
24 338
82 408
18 200
88 335
78 385
95 200
29 383
28 406
95 235
32 439
48 405
35 234
31 224
77 302
67 208
65 494
42 500
86 304
59 247
45 271
86 471
73 423
26 310
76 419
32 286
63 454
33 443
58 431
54 354
53 440
52 406
55 458
71 232
34 354
67 450
19 462
61 395
21 473
89 461
14 298
11 497
44 487
73 490
41 253
44 398
37 205
56 374
33 459
38 473
63 436
25 487
65 241
70 229
69 334
79 353
31 486
58 382
67 487
21 388
100 464
46 481
57 287
34 329
88 459
90 307
38 422
75 489
97 372
85 374
55 207
56 335
60 223
96 413
87 286
24 498
41 283
39 416
31 479
31 314
96 244
22 229
42 412
42 276
48 235
57 487
97 375
33 382
69 288
72 356
14 292
58 373
26 228
86 445
12 231
57 393
98 378
85 439
73 390
30 322
97 414
68 315
97 379
65 384
89 240
91 290
40 290
91 406
88 449
94 222
63 307
15 203
36 236
52 222
33 406
73 498
66 351
39 305
47 258
99 446
85 477
27 328
37 396
33 282
10 282
31 222
84 470
76 373
43 417
35 329
52 438
49 391
55 388
51 318
36 485
81 442
37 497
88 426
32 252
96 434
91 262
11 473
70 431
64 435
57 440
68 419
13 287
33 415
49 255
12 369
22 494
48 348
98 329
30 279
99 231
68 465
59 418
81 222
99 482
84 393
87 418
70 246
75 320
64 480
30 442
14 261
66 357
100 373
94 433
99 315
62 414
99 205
51 467
18 428
39 433
20 317
59 381
31 354
36 222
64 273
68 380
53 348
37 244
49 221
34 422
40 389
29 365
76 415
87 370
35 477
38 411
58 452
24 355
38 491
81 388
61 289
23 399
34 252
18 407
89 317
36 307
99 412
36 348
41 201
58 366
37 319
64 470
90 266
81 324
82 399
73 270
25 426
99 323
53 309
75 449
66 306
39 380
72 478
91 241
77 244
31 355
51 433
15 331
25 398
58 204
26 314
56 484
32 441
43 467
78 336
33 373
34 420
60 358
81 279
61 325
52 255
79 333
29 253
50 384
50 368
59 498
81 361
61 470
22 235
41 249
65 300
50 211
44 475
48 366
14 466
35 224
98 419
29 355
14 270
78 322
29 326
73 317
41 498
28 237
81 472
60 353
41 459
87 240
27 482
52 334
50 345
57 315
98 466
80 434
44 458
72 423
84 272
79 219
31 275
85 302
20 241
100 267
24 267
42 331
37 462
25 393
24 272
40 319
11 427
40 273
68 206
25 468
64 234
83 348
55 441
13 306
27 353
32 431
15 328
36 366
47 226
73 345
41 215
54 336
77 414
41 274
49 353
48 448
14 426
51 395
50 494
77 349
73 221
26 464
62 290
75 438
20 336
40 363
13 444
84 491
31 305
77 226
88 204
36 243
45 217
13 496
47 388
16 254
95 321
88 257
37 244
72 476
63 476
89 430
49 485
63 225
67 384
93 446
54 424
63 216
21 376
92 401
63 253
31 421
83 371
30 234
34 319
20 245
19 247
69 463
51 344
44 219
24 438
25 365
72 403
74 252
60 342
58 290
25 357
87 218
14 335
34 444
61 212
95 498
23 412
45 489
11 346
35 283
69 474
100 343
44 278
95 353
92 297
33 263
48 352
31 482
79 284
97 441
16 311
26 253
70 296
84 279
93 499
49 424
76 208
19 246
76 462
68 455
18 290
91 461
27 498
61 378
30 265
52 224
64 455
19 349
82 217
95 442
28 488
52 437
46 432
68 230
27 330
95 349
42 401
45 311
61 200
18 378
70 255
34 341
81 378
58 210
52 315
89 359
49 317
28 497
55 476
22 339
37 410
99 424
56 245
82 457
93 472
13 210
12 435
50 435
50 238
98 456
12 346
26 353
80 359
53 409
83 274
98 389
36 433
78 242
55 244
51 422
11 481
27 389
99 481
49 425
27 217
94 320
86 392
88 223
53 220
53 334
23 428
44 476
62 232
30 287
88 466
72 490
41 390
19 258
55 451
95 338
21 260
17 229
61 278
79 202
53 383
56 291
35 256
68 369
28 233
20 262
75 414
76 342
70 429
62 371
60 331
12 246
43 365
85 343
69 277
24 440
48 379
40 470
22 247
76 421
11 294
64 228
31 483
44 208
77 219
32 438
14 388
25 440
99 259
95 393
80 325
95 495
78 313
70 336
85 251
85 389
85 386
78 301
40 486
61 477
71 437
97 201
34 347
39 274
38 472
15 390
96 499
51 248
87 297
81 420
18 287
73 442
29 373
26 289
25 249
65 260
76 379
77 208
36 452
86 381
94 448
88 469
17 403
42 205
11 299
82 245
57 432
84 308
58 376
88 360
76 361
75 360
31 379
14 214
21 399
38 202
99 363
73 241
71 436
63 413
98 421
99 319
53 343
84 405
44 221
37 393
95 382
78 320
16 318
89 391
35 376
48 312
59 363
93 202
97 350
17 231
53 270
11 372
14 475
97 330
74 239
21 328
34 473
100 482
71 481
75 306
31 214
46 344
51 471
25 375
46 209
94 390
92 455
85 391
44 287
45 374
67 492
92 496
99 399
49 253
41 350
81 234
90 476
58 440
54 473
94 214
59 470
43 460
83 364
63 301
62 319
50 475
71 426
90 273
31 448
91 452
15 434
78 359
88 262
52 202
62 362
48 466
32 320
77 453
62 223
47 384
91 428
58 452
27 328
83 427
39 299
27 270
44 211
56 290
46 478
79 309
96 258
34 420
61 398
49 362
95 324
89 212
36 301
63 354
11 438
72 403
18 356
38 417
100 352
90 442
44 299
60 417
11 472
74 485
49 407
75 239
26 238
44 231
27 464
76 217
42 363
21 336
53 343
18 335
49 208
52 272
82 474
39 362
49 274
100 314
42 390
84 409
54 353
27 216
78 273
15 416
94 454
76 404
46 202
53 239
98 213
31 215
59 249
26 381
26 422
49 451
15 246
70 438
68 248
10 415
96 436
72 206
50 229
90 384
31 346
71 440
90 433
24 295
69 229
100 452
72 420
60 461
89 261
54 315
86 300
17 328
60 257
33 374
80 442
49 266
71 380
45 396
82 409
25 243
53 416
52 338
80 397
56 500
10 445
94 465
53 241
67 229
43 376
29 385
66 359
39 354
95 406
13 300
34 439
80 253
96 286
55 388
50 439
60 338
63 451
90 377
18 344
36 239
100 456
81 285
94 325
54 251
84 388
80 294
38 443
11 481
99 488
26 211
20 453
15 257
46 401
59 293
51 237
59 212
57 205
68 257
11 436
91 259
86 409
56 449
83 200
65 380
67 444
46 362
73 440
29 248
46 251
63 283
26 423
91 230
67 240
76 457
88 294
17 247
53 368
50 302
74 272
33 253
48 221
87 413
73 232
30 499
84 200
23 320
21 275
90 299
79 387
100 240
48 270
93 381
33 232
43 204
10 313
53 270
88 371
59 493
98 341
86 486
25 221
99 212
66 406
30 360
70 367
64 472
90 488
62 274
51 483
35 222
23 234
90 378
33 473
24 308
81 310
83 353
62 298
11 376
31 427
24 494
14 385
63 429
33 465
33 289
36 230
25 492
16 302
13 419
70 438
78 236
43 219
62 327
94 453
75 218
84 436
32 371
30 375
100 441
80 251
82 285
98 240
17 243
28 344
98 264
17 439
91 277
88 388
99 473
68 304
21 367
80 400
56 309
45 234
53 413
41 228
83 264
48 473
96 309
27 219
70 346
30 372
39 313
65 275
14 246
27 423
90 368
77 399
97 346
54 475
53 468
91 455
40 419
79 289
74 442
82 299
85 464
93 460
36 479
13 259
96 363
73 387
44 303
84 405
78 468
97 457
93 281
72 366
95 236
21 477
64 461
10 465
57 245
24 500
66 306
40 446
28 489
45 398
15 316
56 490
37 432
29 417
92 254
15 211
95 435
16 417
72 211
22 318
62 202
28 427
71 273
41 477
23 454
14 251
22 477
64 251
12 435
31 369
37 500
60 478
69 317
60 278
36 223
76 283
62 361
69 233
68 332
37 394
94 332
26 253
93 485
17 415
80 220
69 254
82 414
17 352
49 324
44 257
93 223
26 272
29 300
39 267
12 212
84 415
61 405
64 402
43 220
28 455
25 350
45 459
69 490
10 492
73 438
83 360
16 339
72 294
10 435
38 268
83 321
61 239
75 400
13 312
11 457
46 410
72 224
77 318
49 377
48 225
20 307
93 225
45 265
14 282
81 481
11 344
17 282
61 475
40 473
69 350
49 251
22 484
11 378
50 487
29 308
79 318
34 346
73 259
52 412
69 309
73 390
86 391
49 485
41 402
27 401
38 283
67 261
39 476
55 265
34 442
84 474
30 487
91 352
94 430
69 337
27 404
49 390
91 397
66 409
84 228
84 299
65 209
78 275
71 247
53 447
60 412
24 499
60 438
72 342
63 363
69 355
52 404
47 310
76 266
27 347
12 277
88 304
14 255
41 220
51 418
88 491
73 285
44 425
70 236
39 288
27 495
66 364
32 385
28 447
32 442
20 444
64 439
17 204
25 426
60 495
85 390
31 370
12 371
43 395
88 311
57 255
33 323
37 402
79 342
70 357
54 340
88 200
40 296
39 221
60 428
22 263
90 450
18 490
24 478
26 477
40 265
70 240
12 400
35 294
15 438
45 223
38 450
84 305
45 376
78 217
27 290
19 369
49 463
61 258
86 491
65 426
67 215
42 342
48 306
67 304
25 285
29 321
52 249
39 480
41 450
61 477
22 225
82 478
52 452
77 377
90 218
70 447
84 468
41 348
85 473
38 317
64 228
71 441
76 210
18 400
32 365
44 448
93 220
58 276
38 409
89 362
46 455
90 360
22 345
14 444
82 357
60 223
69 345
67 309
46 281
67 263
98 384
65 233
43 385
88 273
64 212
51 369
87 442
83 286
23 434
58 303
99 438
57 374
55 488
64 387
69 492
59 463
47 359
19 478
53 254
13 236
89 435
33 431
47 382
90 413
72 445
73 354
72 489
90 464
60 210
18 493
53 499
48 325
61 348
87 350
33 302
37 418
61 489
12 311
45 314
38 485
56 437
39 389
84 315
44 349
51 401
25 275
90 443
10 205
37 401
17 494
93 440
35 387
21 458
31 247
46 471
26 228
60 268
19 230
91 219
39 458
76 419
52 217
72 332
68 452
92 224
22 434
74 203
54 341
56 266
95 431
88 317
84 342
84 326
43 218
25 500
32 463
43 407
18 228
80 400
67 470
52 323
73 337
97 472
26 235
18 263
98 274
49 426
59 465
90 236
59 345
80 356
59 403
73 486
81 500
97 359
40 207
43 371
26 256
100 220
99 329
17 207
66 363
39 216
41 382
69 258
49 236
88 231
24 426
82 318
29 300
96 394
80 408
79 401
85 305
55 455
48 404
41 285
34 292
81 393
14 302
72 398
50 313
68 226
36 395
23 363
43 271
30 250
64 219
35 392
93 271
47 457
22 256
60 240
10 241
82 270
96 281
20 432
28 397
64 331
80 200
25 433
48 500
89 500
61 332
66 491
74 487
10 377
43 388
48 391
54 247
10 471
35 378
49 421
52 258
61 263
96 444
62 279
39 427
62 308
81 418
60 411
47 496
93 396
38 403
77 209
23 445
48 477
51 280
92 345
69 296
96 346
46 301
24 380
23 452
81 236
73 235
10 222
72 433
90 260
50 402
44 235
96 449
10 469
86 256
20 367
62 420
72 289
25 335
89 248
78 354
86 404
80 430
60 318
96 241
50 447
31 347
98 238
30 392
81 323
53 268
60 498
96 400
65 458
34 203
11 269
39 489
16 445
36 297
23 478
32 340
66 281
10 304
33 281
23 274
53 341
57 292
34 228
51 373
79 425
22 441
41 432
30 365
77 494
29 337
77 301
15 344
21 412
21 400
16 393
65 295
55 214
79 321
44 225
85 427
58 268
56 393
65 494
52 274
32 469
30 458
39 337
58 350
59 499
11 491
58 472
78 324
94 370
98 428
38 388
13 243
97 471
92 354
35 391
93 400
32 288
74 378
65 356
65 473
54 276
42 394
48 446
67 433
65 411
86 409
10 463
59 454
10 285
20 346
11 434
10 335
79 300
84 446
58 240
20 208
30 279
13 263
61 419
26 238
52 304
88 327
53 347
65 398
51 285
42 356
78 487
38 239
69 454
15 440
77 301
83 208
30 299
28 302
73 465
76 246
99 235
29 233
64 351
20 211
59 321
73 404
48 308
62 291
75 275
51 453
46 428
65 454
72 380
64 495
43 345
76 362
56 362
99 461
42 473
40 397
24 237
97 349
12 391
87 304
79 420
45 239
23 366
97 374
45 497
46 390
53 357
35 420
71 294
35 480
59 249
74 309
31 324
52 330
82 347
27 429
45 390
91 363
25 409
60 249
10 354
55 496
71 390
68 479
84 243
24 449
75 232
69 278
20 466
99 320
29 240
14 277
96 415
76 383
45 425
51 428
84 270
51 488
94 236
12 341
28 321
73 270
67 297
14 460
31 455
32 272
82 226
68 323
48 237
14 464
31 336
27 439
68 211
22 314
40 340
55 276
58 444
13 264
75 444
19 200
19 200
100 341
85 371
48 367
26 368
69 319
24 419
51 410
17 433
97 478
96 377
58 484
85 348
31 258
68 219
71 438
89 280
49 496
53 492
22 256
93 441
15 363
31 332
51 238
37 443
39 235
14 467
75 338
11 214
64 355
16 404
26 253
58 269
85 332
15 360
33 369
95 412
67 409
66 451
71 205
72 360
24 463
12 208
82 389
65 446
90 256
33 234
83 282
34 307
100 262
81 451
53 215
78 361
17 354
43 268
35 205
94 400
44 202
55 216
26 381
23 333
98 261
74 496
82 369
10 405
53 467
66 311
73 466
31 253
94 284
20 428
86 499
85 404
62 434
61 290
66 280
46 200
38 489
97 383
34 445
16 237
95 392
53 239
32 320
100 375
56 363
99 340
39 327
78 259
76 413
86 375
29 222
20 283
59 268
29 317
31 201
40 321
24 201
46 449
21 453
25 373
35 374
24 374
60 455
35 210
47 482
83 309
60 459
77 463
26 255
17 489
85 382
80 348
85 420
98 404
77 368
42 386
90 437
83 440
65 391
91 207
82 285
67 324
83 406
12 219
93 315
63 467
75 216
92 330
20 359
34 256
28 457
15 415
38 451
74 285
95 304
94 463
54 307
71 382
20 322
52 423
10 307
96 384
63 452
13 207
93 445
76 484
19 455
45 243
68 251
94 496
91 370
56 494
64 493
88 438
16 475
40 451
23 498
61 303
76 245
11 457
17 272
42 288
58 286
27 279
49 409
95 392
60 430
91 203
84 459
52 436
70 301
23 412
71 469
21 446
92 223
68 401
89 240
25 470
94 320
79 414
15 272
89 256
40 388
79 323
19 451
66 227
66 393
78 248
16 352
36 272
10 295
59 318
74 410
52 360
32 285
26 458
93 276
93 258
100 472
99 259
55 439
13 423
97 476
100 390
32 312
26 401
47 332
37 441
12 203
41 220
99 272
25 345
24 441
40 261
96 232
48 283
20 408
23 500
85 323
36 357
65 248
92 291
81 474
76 370
61 230
35 465
63 317
30 399
75 461
70 368
16 281
73 361
21 354
49 218
24 447
65 412
81 331
98 323
91 382
61 480
79 332
27 213
53 201
88 354
24 322
50 352
64 421
63 289
24 321
33 200
94 380
34 460
97 313
52 264
58 474
92 356
52 437
85 453
73 481
75 298
29 277
71 403
36 412
75 221
15 497
95 448
49 332
36 387
14 388
50 338
81 392
52 364
13 262
80 465
100 322
25 293
31 461
82 295
36 436
60 252
72 287
94 256
36 355
73 262
98 342
56 352
17 343
26 260
34 481
49 396
66 235
69 450
13 382
97 266
23 311
87 447
27 317
59 215
64 446
47 464
61 426
56 470
53 480
95 423
85 203
27 210
60 205
37 484
53 454
72 454
43 368
14 361
93 353
29 356
10 351
70 233
75 333
45 493
14 232
22 271
89 433
38 222
79 491
28 274
15 205
13 407
12 327
24 256
33 290
67 226
63 481
11 364
69 262
18 375
93 471
24 477
23 426
84 289
88 455
93 257
55 290
94 230
13 378
68 345
13 499
23 306
78 380
20 241
79 276
35 384
66 259
15 398
71 309
50 349
91 248
13 421
91 268
19 453
30 487
84 414
28 418
70 362
38 389
58 438
25 267
95 460
11 381
76 260
52 241
84 451
74 316
94 326
47 219
58 279
43 325
17 390
54 412
19 289
20 404
69 213
66 246
69 496
80 278
92 365
76 466
26 307
62 384
67 363
22 462
82 410
72 385
15 329
30 299
24 345
98 291
29 372
100 330
83 213
12 423
100 425
12 392
44 418
89 415
79 480
78 473
18 411
12 386
27 351
54 304
80 386
25 302
67 483
12 424
57 237
39 272
100 484
35 392
58 240
97 381
77 380
50 255
76 357
24 478
92 374
34 452
35 478
32 265
81 434
57 404
56 234
46 330
44 390
51 266
10 226
82 347
37 498
78 345
90 342
58 310
22 353
14 474
11 263
55 238
41 426
72 416
14 368
95 376
42 467
93 436
99 287
36 297
21 433
54 337
96 213
99 437
10 458
72 446
19 347
47 467
45 324
90 431
81 377
13 447
45 497
72 285
87 413
48 317
12 273
80 317
57 349
86 350
98 413
76 276
38 478
20 281
49 373
93 242
10 266
21 342
18 320
96 244
99 207
20 276
89 212
24 264
84 396
19 417
21 459
15 317
24 433
38 236
79 358
99 304
80 466
79 385
20 271
100 465
71 488
72 307
25 383
58 309
49 234
44 285
15 416
25 377
27 499
46 403
91 390
93 479
17 351
21 287
61 490
35 399
84 241
99 425
100 224
61 400
77 208
25 500
60 286
64 272
47 238
54 339
98 431
61 430
33 328
49 351
100 216
32 493
88 404
98 430
40 452
88 436
70 213
51 333
97 260
24 281
14 329
88 424
30 437
32 489
37 369
53 280
62 287
35 392
59 491
89 419
99 349
58 299
96 237
14 359
13 338
51 293
12 310
35 425
41 318
92 259
45 200
21 270
20 362
99 278
32 231
21 492
79 248
52 441
31 222
28 281
92 490
95 475
62 340
43 294
56 260
77 343
69 391
13 348
88 374
11 353
68 321
94 434
44 333
74 354
54 423
52 414
79 207
93 409
45 235
49 204
59 203
99 304
67 260
60 396
84 277
26 237
90 240
15 216
17 243
15 227
88 203
97 276
20 226
76 256
77 386
10 305
57 408
17 231
27 260
84 299
82 374
70 234
73 205
58 286
16 319
95 464
75 402
77 231
97 422
40 388
84 348
63 445
56 300
16 370
53 352
54 497
53 203
59 388
51 430
21 456
87 435
69 269
61 305
100 212
14 387
84 283
87 342
82 437
32 454
31 251
41 474
63 229
15 477
25 384
99 289
31 353
97 457
63 308
51 471
67 238
17 419
61 239
67 247
52 400
30 481
82 255
66 448
99 379
73 450
81 478
68 352
18 460
54 450
74 268
86 286
68 475
98 326
50 463
60 388
17 323
83 262
59 270
49 411
35 331
88 211
45 297
71 336
18 319
41 222
74 454
76 392
74 210
22 289
54 288
32 283
15 242
66 237
69 303
75 261
80 257
64 441
71 283
49 308
12 311
24 487
60 285
33 341
79 242
64 466
17 356
47 241
54 343
40 210
72 476
33 279
29 241
29 284
75 245
32 475
11 370
70 269
52 237
48 500
38 339
53 360
13 464
74 342
20 378
87 252
71 321
32 335
60 300
97 436
36 210
27 400
27 218
52 284
43 327
53 285
71 499
69 410
66 243
85 267
100 301
57 275
43 349
77 233
48 227
80 493
55 276
28 316
47 310
21 300
39 382
50 352
77 227
73 290
68 211
18 492
81 376
90 234
98 324
70 423
57 485
90 287
64 255
54 305
94 200
81 200
83 488
85 211
19 312
92 233
68 358
97 386
27 439
79 456
69 437
40 363
15 241
98 380
90 250
32 360
70 287
68 382
13 411
65 436
26 394
89 295
18 393
48 483
87 350
31 343
29 265
51 405
81 404
19 301
53 468
70 453
61 219
28 227
43 478
39 351
93 331
96 320
28 376
54 252
23 489
77 209
35 349
46 258
29 448
56 404
13 269
48 369
15 441
44 417
12 257
23 487
53 412
60 360
69 357
92 210
41 256
41 348
13 382
89 356
49 213
58 444
22 366
32 270
78 406
29 473
92 453
76 351
14 463
31 400
38 373
71 464
44 378
88 283
96 466
87 236
36 449
12 211
56 490
29 420
53 216
67 308
43 248
95 281
67 368
36 278
91 339
80 419
25 251
89 424
23 441
17 496
35 338
51 452
97 236
68 421
71 461
46 369
30 386
68 468
18 380
62 493
18 486
88 383
25 412
98 252
14 215
42 440
41 453
74 378
16 211
94 390
45 225
44 430
87 458
69 363
60 341
94 255
78 265
54 311
74 494
86 477
73 259
33 259
63 257
57 348
17 434
100 240
43 495
71 268
99 266
77 488
22 234
79 483
31 379
47 424
91 355
35 278
12 316
29 375
72 472
88 391
80 459
32 212
83 350
21 353
32 461
93 272
76 281
88 442
21 245
92 229
19 264
28 263
92 342
94 452
40 359
43 367
84 222
49 269
57 408
64 237
12 211
94 261
45 210
37 451
32 316
20 405
62 236
70 408
93 355
70 442
97 201
96 279
30 436
62 345
22 469
73 461
73 338
18 221
64 422
80 403
27 402
80 315
82 225
48 265
65 332
59 292
74 263
57 306
16 418
35 342
35 230
59 314
81 272
31 465
65 206
29 480
53 424
40 294
65 215
78 227
50 315
61 430
99 388
71 326
80 384
49 440
57 468
28 230
81 288
34 482
66 310
98 451
68 403
23 381
69 353
69 464
82 425
86 296
90 326
47 316
52 288
91 372
100 259
52 244
21 345
41 390
45 385
13 438
29 333
52 454
17 425
97 404
56 258
31 412
37 268
31 342
16 232
57 310
85 364
11 387
37 328
90 464
34 365
92 248
73 418
41 434
33 317
32 442
35 484
40 208
75 278
21 306
37 313
13 300
67 218
70 435
10 212
83 206
15 498
41 325
87 455
75 456
79 242
14 397
12 448
83 225
22 454
75 235
61 496
77 443
82 271
38 207
77 224
71 411
64 216
77 334
91 492
22 493
10 385
73 207
77 242
97 257
11 313
18 212
48 427
43 470
12 280
65 231
98 388
23 223
54 426
64 273
40 346
12 399
18 454
60 312
46 387
91 442
80 410
26 206
48 357
100 233
46 401
82 491
16 455
20 390
85 269
57 495
12 478
72 395
51 497
58 326
40 325
51 281
11 419
90 320
42 461
15 410
70 366
37 347
81 363
53 398
74 449
97 296
77 432
12 307
52 446
31 209
63 398
91 254
56 275
66 340
85 426
29 294
20 399
48 310
94 426
73 391
71 349
60 250
90 426
28 407
77 488
76 391
38 404
56 450
62 217
36 412
99 236
54 483
11 395
25 394
100 249
80 495
19 470
71 376
55 350
56 216
91 396
23 471
13 301
30 425
97 407
65 260
64 290
83 327
64 284
78 254
49 454
86 429
86 492
37 267
98 336
25 377
31 389
34 229
61 216
16 307
63 239
32 315
43 307
45 212
13 362
76 422
69 212
27 487
71 404
12 294
92 235
73 469
56 266
27 413
50 401
82 455
21 284
83 217
18 461
13 231
40 244
81 437
94 252
70 260
15 427
11 444
53 222
36 335
34 359
69 320
40 466
94 448
71 242
59 441
57 444
17 223
58 324
11 495
48 332
31 281
60 307
13 419
61 335
65 367
100 499
22 452
91 460
44 463
45 314
93 352
73 324
95 393
50 283
35 222
85 391
96 321
96 225
10 275
55 491
95 304
51 328
46 351
39 404
18 488
91 216
29 423
27 463
46 487
74 452
19 359
44 260
18 237
66 418
49 395
36 453
27 296
12 203
89 317
98 260
70 323
25 341
13 314
66 309
63 246
74 206
67 351
93 233
100 301
10 450
86 308
81 393
31 432
30 300
79 200
33 301
68 385
90 266
44 443
73 447
65 385
86 241
70 418
61 322
16 225
71 412
51 423
22 436
52 449
99 351
22 344
85 221
70 291
13 425
46 413
63 369
39 222
33 481
43 485
31 356
98 323
95 491
61 321
37 297
11 410
12 218
20 297
56 480
23 226
100 268
52 474
24 434
27 348
42 384
47 416
25 490
73 255
46 432
80 354
15 395
62 375
21 214
94 351
68 207
43 346
29 264
83 212
65 212
43 311
76 391
78 333
78 463
64 308
53 213
50 372
42 423
28 270
54 416
37 379
81 247
42 499
55 492
97 207
77 320
88 298
73 242
43 339
31 268
27 348
57 306
85 388
49 214
59 363
77 277
69 353
19 413
37 333
25 260
92 306
81 357
98 339
97 283
57 354
53 271
54 332
57 471
15 303
57 376
16 415
13 354
60 475
75 317
40 369
75 397
62 205
26 327
24 352
15 219
93 210
61 456
75 416
54 311
85 411
98 331
50 337
65 240
40 200
51 367
100 484
18 241
87 216
36 231
10 226
89 322
15 239
56 328
37 453
24 372
27 323
65 335
39 437
84 469
76 483
92 203
12 298
52 353
88 361
16 380
72 334
43 374
60 477
20 277
69 339
25 439
63 402
15 320
63 399
23 224
77 373
83 244
31 471
85 483
65 481
59 468
11 261
13 385
61 292
66 365
65 310
68 290
24 378
72 247
79 499
32 406
69 498
89 240
39 245
61 247
81 283
84 487
82 305
23 331
27 232
24 276
23 249
62 200
71 225
31 452
88 217
59 293
22 454
100 431
90 253
62 423
50 391
69 481
49 480
26 342
24 256
10 251
38 484
44 481
65 497
65 431
73 436
25 227
77 254
89 389
91 334
90 444
50 419
24 470
94 433
55 307
33 429
24 243
88 307
23 318
23 354
58 317
55 220
70 480
50 200
88 331
63 326
34 308
52 396
54 392
42 338
69 266
71 255
26 376
95 232
63 467
16 492
57 425
46 326
46 235
55 470
43 410
27 338
36 290
31 244
31 362
42 379
28 398
53 487
77 246
36 216
18 354
67 244
20 470
61 432
69 447
96 269
77 395
85 323
63 441
47 365
86 447
54 428
99 427
64 316
98 382
85 434
49 289
87 212
72 247
85 411
17 242
59 247
19 335
13 371
66 435
73 224
46 228
18 475
77 316
35 326
25 321
43 483
25 385
93 367
85 387
97 323
20 455
92 315
52 490
18 263
62 471
76 255
23 489
58 301
74 218
28 251
57 333
70 447
44 477
38 348
93 288
73 490
80 291
48 281
77 240
18 454
53 380
53 408
32 437
74 422
10 333
10 492
52 455
45 433
49 450
68 492
61 252
60 229
22 235
41 372
71 403
97 484
87 232
97 349
67 297
30 372
61 243
78 396
54 250
70 378
66 358
50 486
85 249
36 451
98 222
11 257
69 347
98 406
64 279
81 348
64 274
14 255
86 332
99 214
74 227
49 279
58 460
18 244
89 478
93 241
64 267
70 374
73 487
96 292
24 282
74 441
40 358
20 373
22 395
35 320
39 227
79 257
25 361
29 445
85 495
15 287
87 432
88 424
59 438
48 483
59 354
14 274
52 368
85 450
49 231
67 384
46 366
65 445
85 440
28 314
76 273
71 445
79 259
74 423
95 283
63 415
87 227
58 398
45 334
56 356
14 315
25 373
57 429
65 457
81 405
64 201
32 370
72 432
100 263
91 324
20 459
63 482
75 477
90 329
16 424
20 424
58 474
78 219
69 363
63 470
78 496
22 495
31 365
27 244
45 428
40 473
61 356
16 269
67 230
62 340
94 333
100 493
61 309
73 407
18 386
86 239
69 295
12 496
98 358
74 338
90 408
15 421
97 463
93 344
70 337
89 447
80 496
31 424
28 349
23 277
82 456
93 365
23 498
95 460
77 400
17 389
35 255
34 268
87 248
11 459
88 293
35 202
96 243
60 342
12 204
67 376
90 434
52 460
17 349
23 234
30 364
31 253
96 482
95 385
88 482
54 312
12 447
41 312
89 489
38 280
82 322
56 453
17 394
73 384
60 479
80 291
33 340
89 459
18 415
64 299
59 333
34 369
51 475
22 218
73 332
47 457
98 202
24 407
16 469
10 388
91 207
100 436
97 220
42 367
88 435
63 229
68 276
60 296
69 276
64 463
38 362
12 311
20 476
58 459
30 257
46 288
54 273
34 361
87 366
17 478
79 444
36 265
74 353
71 218
38 426
53 337
53 298
55 350
35 363
97 466
40 455
29 485
41 475
87 271
72 271
71 338
44 255
13 432
100 214
66 286
63 381
56 374
27 268
85 451
84 282
23 300
78 368
61 463
48 327
53 432
21 481
78 311
74 371
25 341
55 443
26 222
16 298
76 500
90 370
92 496
96 264
88 335
10 277
44 222
66 229
75 200
64 422
32 494
33 253
26 427
82 210
12 267
67 243
74 373
92 415
30 211
87 361
22 359
35 394
51 240
97 233
69 382
31 250
50 496
55 459
49 247
24 269
78 227
82 279
92 373
33 467
23 370
99 230
22 464
83 307
78 296
43 493
93 493
54 301
35 244
25 359
89 479
78 355
74 388
35 354
86 274
56 444
31 295
89 370
41 296
60 210
66 215
72 267
37 444
54 446
77 327
52 229
24 380
49 259
41 216
70 327
85 432
43 433
70 392
66 233
72 478
73 278
35 444
49 400
76 413
77 325
78 347
34 344
10 436
43 242
100 264
38 441
29 338
53 420
18 424
16 467
88 445
71 344
39 289
37 475
65 337
19 490
85 351
33 409
70 434
96 437
33 218
17 392
21 499
57 283
86 213
63 323
58 494
48 244
96 459
54 482
41 215
92 427
61 451
80 402
99 484
53 279
62 464
90 306
37 481
94 383
63 338
48 349
97 371
61 311
23 310
15 272
85 410
86 441
38 333
83 442
93 378
74 267
49 441
28 251
63 462
51 363
47 339
52 328
37 303
89 487
34 429
20 438
53 257
17 396
77 368
34 406
78 357
77 336
78 494
18 467
32 270
72 452
47 239
66 317
43 467
77 454
10 362
39 380
99 468
89 208
89 412
98 329
37 284
46 264
32 352
62 482
67 207
40 280
65 411
41 236
13 449
28 471
21 279
21 429
56 375
11 330
38 248
63 254
35 373
88 308
70 497
82 344
36 422
93 449
71 218
52 459
21 424
96 477
26 479
58 498
32 239
69 338
74 234
42 317
47 409
73 329
32 414
96 307
66 346
12 416
38 490
27 230
23 202
88 364
45 360
27 282
21 437
98 435
33 261
47 276
76 426
93 273
27 379
18 423
93 385
36 287
27 463
86 236
29 272
32 445
34 210
11 279
51 396
84 317
54 265
61 325
94 247
80 279
95 477
57 349
62 289
33 434
36 452
73 215
44 320
89 405
61 385
67 425
51 447
40 436
34 333
78 400
44 306
92 255
46 430
42 342
85 237
40 270
37 495
45 462
62 393
94 343
77 247
78 255
27 258
40 403
99 400
85 219
28 230
51 288
79 427
79 428
12 454
91 402
38 430
27 211
22 427
66 348
88 320
34 366
14 344
18 217
88 321
61 498
86 260
87 209
49 413
44 400
91 332
43 315
22 414
72 333
88 328
41 463
33 384
42 274
99 295
56 469
60 276
18 466
73 200
63 272
77 309
25 229
47 472
12 451
72 317
10 425
64 213
88 392
22 464
95 323
50 455
60 373
57 456
62 265
63 210
94 268
37 207
23 208
30 390
86 313
52 441
68 452
81 322
73 300
93 207
67 243
16 412
59 391
85 203
100 273
88 242
94 333
65 438
51 478
49 499
40 231
39 226
23 342
70 224
67 332
15 313
21 340
13 240
93 393
43 488
51 205
48 255
98 228
69 378
51 217
91 494
62 213
96 430
94 266
24 297
81 383
100 472
96 385
78 202
53 453
42 441
94 418
93 495
47 386
92 349
31 395
86 349
65 260
22 264
99 430
71 371
19 470
87 233
73 251
55 380
37 475
74 411
31 213
74 235
26 424
72 449
64 424
84 476
91 274
77 207
49 299
85 265
17 470
80 423
89 283
23 224
75 270
100 347
52 487
80 381
55 214
31 478
25 376
37 371
27 442
22 455
13 205
41 308
31 267
18 497
98 481
53 305
17 303
85 282
96 333
80 449
33 241
22 233
32 327
71 316
15 282
32 257
97 489
84 211
36 294
54 303
22 376
23 222
29 359
41 216
79 466
28 236
37 339
67 322
43 474
63 484
37 407
21 490
11 356
13 348
49 407
78 372
71 256
97 209
69 397
31 304
64 440
66 267
80 358
13 444
76 276
25 233
68 417
89 224
47 474
22 421
67 220
100 412
61 435
98 389
86 345
30 393
67 281
93 262
34 298
77 418
79 381
66 203
44 423
31 319
63 348
29 225
51 280
37 342
40 255
85 495
15 472
81 384
16 295
89 389
32 349
39 414
73 206
64 276
66 393
50 274
46 384
28 357
50 485
14 327
96 478
21 389
73 457
52 450
65 416
18 343
22 394
14 243
59 372
18 278
71 464
60 305
81 400
19 210
49 359
27 372
83 407
61 285
84 231
88 312
97 271
52 461
60 410
21 314
95 272
50 345
41 493
88 281
94 259
60 474
37 377
93 202
32 305
27 395
73 220
17 232
64 411
95 205
86 395
86 401
89 410
99 350
52 394
95 493
46 222
41 319
48 261
99 432
94 358
39 451
47 333
89 368
76 324
77 364
89 391
95 384
15 260
59 402
41 413
56 305
24 309
66 283
38 245
86 485
97 340
88 429
78 317
97 467
21 419
68 408
15 344
93 308
17 222
85 256
59 302
25 319
98 233
52 230
99 365
20 381
68 348
91 377
90 355
53 303
40 422
81 229
36 450
73 368
78 296
45 357
13 483
26 258
96 327
90 244
58 450
15 395
23 381
78 461
100 312
30 456
58 423
91 249
36 272
80 344
73 239
57 215
39 426
41 436
57 208
98 442
47 302
47 454
62 306
26 417
99 377
53 402
63 358
93 471
60 265
93 246
13 213
25 224
39 482
46 440
94 389
54 346
46 468
53 372
15 463
21 390
31 411
22 336
24 491
73 447
93 320
22 309
85 453
55 221
10 242
64 373
35 291
87 319
62 317
32 480
25 229
33 317
24 410
47 457
66 459
65 405
92 344
71 309
68 495
53 230
71 490
25 416
78 370
29 487
59 425
59 414
11 283
37 291
43 383
16 342
47 399
73 317
10 408
31 339
23 455
37 388
98 470
42 422
71 237
13 473
29 322
20 313
60 367
99 347
38 400
17 288
38 434
30 340
77 228
97 493
42 245
36 375
56 383
13 251
46 403
63 330
85 360
48 380
36 295
53 474
13 414
94 241
56 364
69 386
28 258
76 324
15 208
89 216
33 244
41 259
24 490
87 422
83 280
59 273
33 276
53 318
78 205
67 285
23 489
56 261
55 299
17 248
51 332
38 396
13 229
97 222
79 292
42 266
71 494
49 496
18 284
30 458
92 472
72 408
76 412
25 405
67 302
98 215
44 466
44 209
20 314
81 412
77 424
29 226
29 216
94 333
77 283
76 288
27 231
90 413
29 414
40 352
91 218
56 400
42 477
35 427
84 389
57 395
82 465
60 427
60 341
92 479
84 248
59 377
69 212
19 420
53 304
90 391
56 337
32 254
88 397
93 301
80 217
47 244
78 264
26 411
67 429
28 226
92 406
30 204
24 390
64 241
96 445
82 264
51 421
56 292
77 248
26 301
51 338
72 497
77 265
73 255
75 245
100 419
30 383
80 266
76 296
83 465
50 240
38 219
84 245
47 477
32 453
70 307
43 373
71 390
99 210
16 381
51 374
94 456
52 472
33 226
33 329
51 455
86 418
82 228
63 483
82 204
98 231
37 424
100 364
14 240
96 406
89 327
43 418
71 284
71 253
66 303
25 250
31 450
13 480
32 328
84 431
68 295
19 341
75 264
56 229
33 276
53 423
88 463
56 435
88 428
69 306
38 319
41 288
48 221
24 444
100 428
37 328
95 234
79 439
18 372
11 301
76 301
16 249
57 314
37 259
42 421
68 221
43 419
45 205
42 276
67 487
73 272
25 425
40 482
91 354
82 280
43 499
63 378
36 344
64 482
70 482
76 467
83 340
36 262
15 274
40 294
64 290
29 273
34 421
90 276
61 305
69 429
81 436
96 499
94 246
86 432
19 280
55 230
32 282
73 264
12 379
26 315
16 473
62 382
58 391
17 367
75 263
29 446
24 299
78 227
92 373
88 321
78 254
55 372
77 393
54 391
85 493
99 440
68 393
84 257
64 228
52 426
46 366
100 238
66 264
85 258
56 422
20 339
68 480
13 261
10 346
76 343
43 457
38 201
87 352
43 279
28 329
95 471
73 324
78 408
50 473
86 224
33 243
100 370
78 272
88 293
76 331
25 205
91 467
73 334
27 464
44 499
54 366
63 236
49 326
17 277
55 308
12 442
15 413
86 271
68 441
24 352
53 499
15 257
83 262
75 233
46 304
99 215
10 348
32 410
17 343
56 221
49 236
56 500
22 223
91 383
85 333
77 435
43 290
34 496
59 383
79 224
34 458
11 356
17 439
91 228
80 450
93 430
57 212
36 383
60 398
12 398
30 500
34 311
60 273
42 289
74 283
30 341
67 251
49 296
71 409
14 220
93 374
33 292
62 379
72 319
76 440
18 256
70 298
76 426
17 372
55 327
45 277
96 445
76 312
93 318
37 314
51 379
57 289
31 271
32 395
46 443
48 407
20 221
13 263
91 325
57 411
18 339
37 318
21 265
65 273
13 399
64 471
74 221
81 498
46 375
69 482
64 476
53 213
77 241
22 342
84 410
30 267
62 490
76 280
77 212
39 336
86 387
50 438
68 264
72 500
87 224
49 403
63 217
40 395
11 390
23 424
21 238
57 296
17 324
25 481
63 428
81 497
11 372
62 472
51 266
35 221
80 351
57 489
30 288
34 375
92 317
87 425
44 488
56 282
65 295
52 346
26 328
84 236
52 474
49 333
31 428
46 227
65 226
59 344
42 296
33 439
47 215
17 468
15 333
49 211
34 260
14 400
76 448
47 285
86 393
37 409
77 470
33 297
83 350
26 207
82 409
66 258
21 309
26 375
89 223
49 319
19 442
43 319
95 353
67 208
29 220
13 263
30 251
37 486
35 301
45 297
18 388
89 331
36 329
62 337
33 289
54 333
71 373
82 369
31 305
63 418
95 492
46 263
56 290
45 445
79 440
51 298
43 345
32 222
44 383
100 274
47 213
63 452
58 257
37 309
99 395
28 385
18 457
35 378
90 395
46 386
12 312
34 410
80 310
30 379
93 491
97 413
53 258
11 339
20 382
42 324
81 424
29 361
41 405
16 426
77 310
15 331
56 442
40 328
49 372
11 493
96 358
35 365
20 218
12 429
27 401
57 324
22 209
12 453
46 222
37 361
78 387
17 203
90 482
58 328
60 235
33 464
20 474
20 456
47 281
31 290
75 385
41 254
16 347
93 456
70 333
27 400
80 307
34 245
34 432
23 340
58 391
56 258
58 382
68 305
42 347
39 343
30 206
93 273
31 353
42 472
69 293
54 353
10 222
33 387
23 470
72 318
46 331
55 474
47 339
70 373
11 372
49 415
86 362
22 481
80 465
60 398
30 271
66 356
45 347
19 445
52 269
82 374
25 388
62 310
49 427
94 410
84 499
35 426
91 210
39 272
55 307
89 431
19 419
96 370
60 329
66 330
49 276
69 497
37 301
42 389
15 238
80 274
85 270
75 295
52 356
61 455
18 236
34 239
57 370
36 470
51 423
34 294
56 201
70 360
77 295
22 278
91 245
34 268
60 251
12 294
65 430
24 267
12 332
18 420
85 415
28 449
52 387
79 233
98 231
45 491
13 391
20 408
12 319
31 449
60 238
26 475
50 240
68 433
41 247
27 322
73 440
15 247
13 262
94 463
86 422
92 368
48 420
46 446
63 399
65 256
17 387
53 353
37 471
62 498
50 336
48 479
77 339
55 299
90 254
98 392
39 362
82 237
54 482
44 217
48 276
82 266
97 253
66 287
99 454
55 491
60 302
25 211
62 393
87 489
34 270
81 372
36 337
56 411
42 291
49 397
15 451
53 227
17 383
88 374
53 297
55 324
89 231
57 288
93 395
56 268
27 405
42 294
14 248
86 206
95 381
43 404
17 367
64 232
21 494
84 283
47 219
30 438
61 492
40 372
74 500
86 248
38 279
60 292
32 295
95 415
86 202
79 205
40 498
70 265
46 393
32 230
45 204
73 361
83 392
12 279
51 372
100 244
69 367
74 277
20 384
33 284
22 258
51 402
60 276
20 495
81 264
43 330
85 391
76 462
71 423
76 371
83 265
16 244
87 450
59 240
64 210
55 469
47 414
83 221
32 286
20 458
89 439
83 367
75 478
56 309
52 317
73 494
59 344
40 211
75 205
58 375
88 375
14 482
61 412
49 226
97 467
66 347
28 471
74 432
22 290
54 296
13 470
53 237
21 474
23 355
51 248
77 443
36 271
27 410
85 324
49 480
78 369
28 394
16 237
51 485
74 366
10 432
74 216
55 397
52 415
33 417
55 479
85 283
44 481
84 481
30 429
63 293
92 433
19 284
90 260
80 495
54 247
94 459
86 343
65 202
33 253
84 418
88 227
22 480
33 443
67 460
83 318
68 316
28 437
88 470
37 366
34 321
10 339
25 426
47 282
40 438
31 244
65 316
99 255
56 478
37 205
91 318
97 438
63 374
89 282
48 268
17 257
22 310
17 367
21 225
71 361
40 232
82 217
26 426
36 394
27 218
48 237
89 221
29 218
75 297
91 438
86 248
49 203
87 237
52 342
80 216
65 476
30 356
14 346
96 213
34 433
19 387
84 368
33 393
11 452
73 436
21 253
71 281
72 290
86 324
71 381
89 332
74 337
89 297
71 218
35 421
60 342
31 319
96 415
62 293
15 349
70 203
99 410
93 305
13 300
47 329
96 467
99 286
61 398
28 485
34 443
43 213
14 463
80 492
72 492
24 441
28 211
57 440
40 426
49 370
98 422
16 456
38 409
79 440
18 375
36 369
67 279
79 351
87 464
88 367
89 274
89 243
11 500
32 457
64 476
37 399
74 223
17 483
28 346
16 437
100 296
31 286
65 438
90 365
20 478
26 203
42 287
68 286
66 428
38 460
77 267
44 499
25 462
68 472
91 352
32 276
33 413
18 220
69 299
56 398
92 416
40 277
40 397
48 237
13 355
43 425
58 304
10 211
82 353
70 322
96 290
24 351
62 209
33 500
100 256
63 283
51 497
96 373
17 223
41 415
72 356
72 299
13 211
20 423
94 492
19 368
89 341
34 431
72 339
72 408
36 225
80 264
44 351
21 312
34 347
80 450
42 314
42 360
22 257
84 438
86 276
22 228
80 222
24 215
94 338
40 204
37 364
22 333
64 205
76 287
93 369
46 252
96 484
34 206
30 444
41 436
64 499
80 334
89 372
66 331
97 221
27 321
31 354
57 349
27 296
35 461
41 370
98 345
49 323
62 240
56 295
38 234
99 389
33 212
28 466
32 468
47 429
64 321
42 389
15 390
60 354
32 347
65 261
82 224
68 343
36 399
52 491
49 430
35 499
90 338
24 234
84 349
78 343
83 494
75 389
86 466
99 483
25 466
90 253
30 376
19 203
87 232
74 405
64 322
25 353
69 265
28 213
17 299
53 333
86 286
96 425
15 464
78 261
20 451
44 367
95 461
86 299
68 313
33 353
22 305
75 292
95 290
87 233
69 360
18 431
74 286
24 497
24 211
26 427
39 322
64 488
66 363
67 223
25 489
55 258
55 330
35 413
93 405
68 258
31 210
69 210
43 242
91 295
92 464
44 465
29 213
16 265
63 437
18 250
81 414
86 468
100 407
92 362
12 275
16 275
88 307
82 280
22 491
94 352
96 243
88 437
88 467
10 331
84 239
100 276
89 387
53 394
22 374
42 304
56 375
47 433
78 413
81 280
72 285
19 306
11 446
82 334
17 244
56 263
71 295
18 434
94 333
100 475
95 282
29 404
97 406
100 387
65 297
43 221
17 296
57 460
66 320
60 352
37 457
81 346
24 454
19 433
49 305
22 241
29 434
100 292
24 480
70 457
79 344
69 357
19 204
20 381
70 307
11 386
39 397
20 265
33 209
61 385
17 353
68 451
31 269
16 425
65 471
41 222
42 308
99 204
41 444
80 334
79 366
24 213
25 450
78 362
71 474
73 472
29 422
68 361
23 413
12 437
67 415
38 499
96 338
13 483
99 387
53 231
26 286
10 264
55 271
96 393
34 423
19 319
24 234
19 233
14 213
68 330
54 429
33 298
49 279
92 247
72 398
40 417
65 220
45 468
35 356
51 284
78 473
28 321
92 280
45 403
12 272
30 419
25 259
22 467
42 497
27 253
12 490
54 275
50 348
40 249
99 301
88 481
95 434
30 479
98 353
82 255
30 260
73 325
71 338
25 458
53 202
69 426
52 378
21 450
27 442
85 479
86 229
54 213
41 459
66 374
92 219
55 487
65 300
37 399
66 351
91 221
11 264
26 242
71 346
62 417
42 388
66 278
72 252
98 277
100 431
21 272
26 328
28 480
46 369
69 315
61 433
74 270
17 432
31 337
82 252
82 365
83 346
95 305
36 382
74 308
71 281
79 212
13 438
30 285
69 267
14 473
10 385
98 344
86 303
65 393
65 432
43 243
100 348
18 323
45 428
23 291
29 310
55 366
14 493
89 251
26 499
18 458
88 214
50 448
88 480
93 421
13 296
16 336
80 459
54 423
23 339
84 292
58 266
82 395
67 307
52 267
26 419
80 489
83 224
40 500
88 225
39 313
75 231
74 464
77 357
33 274
85 349
50 393
62 273
22 422
18 483
83 434
41 413
91 231
45 256
47 339
16 298
41 301
75 299
35 267
32 400
21 400
45 457
67 412
100 278
42 358
59 221
41 359
40 463
14 319
15 319
24 248
81 309
55 495
77 313
22 313
55 301
32 210
48 453
13 286
84 454
17 291
77 485
33 357
33 290
44 414
95 282
66 326
30 209
83 497
54 280
59 284
46 220
52 439
33 414
85 203
54 367
12 240
94 444
90 246
79 221
71 340
99 320
11 443
100 485
25 401
43 447
53 446
18 227
25 388
67 308
10 456
18 334
57 224
92 241
44 208
32 429
98 314
57 263
13 275
46 393
100 260
93 409
20 254
27 340
95 224
52 482
20 320
98 374
78 341
66 364
23 426
42 395
35 238
72 494
99 403
57 488
50 475
30 419
66 480
13 370
84 404
17 432
32 415
77 266
58 470
38 251
46 420
98 384
76 302
26 469
40 213
88 417
38 250
95 415
71 240
70 482
69 384
64 366
46 218
17 251
89 310
44 333
68 447
23 385
63 343
33 201
66 207
37 293
45 401
14 235
45 241
23 334
14 378
58 371
34 329
23 283
100 423
11 366
51 381
27 366
70 302
61 329
78 433
46 213
35 379
46 224
40 463
73 492
53 205
11 486
48 233
54 472
89 382
31 273
86 286
98 236
14 203
44 344
62 236
76 219
100 354
56 232
33 299
37 405
12 335
71 388
71 357
14 221
32 394
15 302
36 431
25 214
77 452
39 268
55 464
41 351
79 279
47 382
32 305
96 432
29 427
91 256
43 376
66 271
29 269
72 499
37 460
66 331
63 320
59 297
26 436
25 350
40 229
23 292
89 217
49 222
37 241
24 425
34 253
88 436
68 318
79 219
63 346
24 388
92 500
49 499
80 382
66 399
42 228
88 444
51 464
56 336
82 443
11 370
67 205
76 466
65 490
45 300
51 285
59 249
49 421
13 218
25 244
17 413
47 408
41 215
84 271
29 324
74 360
34 358
35 249
81 337
16 257
33 271
37 322
52 426
80 266
20 294
23 362
14 280
75 312
11 339
49 395
77 295
67 406
69 268
26 225
99 442
27 290
96 425
13 231
84 403
19 243
94 306
75 402
100 373
61 380
61 346
11 372
39 477
54 343
78 482
64 398
72 399
98 334
35 297
31 423
10 361
67 447
25 320
56 301
44 311
97 402
69 454
86 295
66 351
22 424
26 254
73 455
19 207
72 225
88 352
71 304
86 363
83 428
85 297
43 424
98 408
24 313
36 347
27 239
56 295
52 229
68 233
78 200
48 419
38 344
96 372
77 282
89 397
45 415
13 437
56 350
70 361
67 454
86 320
69 405
39 405
31 462
89 315
36 427
10 387
24 253
80 468
40 492
13 243
59 307
70 494
17 323
37 369
52 311
74 217
71 301
31 398
62 308
16 475
99 445
70 254
29 317
67 281
34 284
88 464
78 252
87 247
49 259
76 400
53 252
65 335
15 339
32 365
21 444
72 431
99 347
86 334
98 405
40 471
76 438
14 278
91 339
55 314
31 389
48 218
49 381
50 242
69 284
38 365
64 394
16 365
58 229
97 455
60 364
76 372
34 359
96 240
88 423
72 294
50 369
45 200
38 364
97 217
74 348
94 425
51 428
69 283
54 289
16 289
19 462
93 452
79 308
75 216
55 347
37 341
72 321
85 463
36 333
60 381
32 260
53 222
15 396
34 343
95 291
26 335
38 392
63 220
23 227
35 480
37 245
27 287
50 360
63 299
45 428
39 371
83 234
93 425
75 397
10 312
73 448
35 389
14 432
17 236
79 344
50 282
58 234
69 453
68 317
38 233
60 480
50 430
29 246
84 393
76 319
62 279
26 350
49 354
38 325
11 240
53 304
76 255
17 338
25 379
82 207
58 397
37 316
37 400
93 379
13 453
20 496
16 213
15 499
20 427
65 457
12 491
63 487
35 297
76 202
25 478
94 388
53 396
33 400
39 212
17 285
47 225
61 446
71 376
61 254
25 467
55 468
87 469
96 401
95 477
62 491
46 363
45 278
92 228
85 200
46 204
80 455
36 264
89 417
22 294
40 492
29 430
54 415
56 310
81 413
92 219
22 491
50 428
42 287
41 495
78 445
35 321
77 427
13 249
74 274
68 313
15 301
88 422
19 339
80 331
46 217
31 352
61 379
31 224
82 484
35 201
56 466
70 327
37 208
13 485
52 417
13 246
75 289
70 483
88 449
73 428
73 362
99 422
44 256
42 456
62 362
38 468
81 228
93 419
87 369
18 217
31 450
12 252
30 480
43 365
75 296
58 343
80 270
88 448
57 409
93 366
50 257
80 246
44 326
93 470
85 316
76 478
39 448
28 203
66 212
84 305
83 410
95 215
14 411
93 256
27 263
87 289
31 454
52 305
54 498
11 472
61 460
98 328
71 428
12 334
39 500
30 498
44 336
91 338
22 476
26 264
84 265
61 258
31 386
32 496
100 335
13 497
27 313
13 201
80 354
79 379
18 473
48 210
94 389
54 303
92 492
99 302
35 419
80 422
78 421
30 488
89 281
91 350
89 206
58 282
26 384
40 462
14 337
40 413
87 218
67 288
16 282
52 465
41 448
87 305
87 201
86 424
95 475
44 376
86 322
50 238
44 419
91 311
38 370
100 479
14 438
92 296
48 406
15 470
28 346
87 471
99 316
43 379
64 416
38 470
32 462
69 493
76 457
31 333
42 224
28 464
13 276
74 431
70 218
83 234
70 424
19 211
58 348
78 228
83 343
79 500
48 456
87 382
22 493
80 437
19 223
54 377
88 408
81 481
59 457
62 239
86 218
13 267
40 339
19 328
88 492
80 234
51 267
11 257
92 379
16 474
96 291
76 451
94 357
39 323
19 394
34 392
80 311
92 477
72 452
86 431
14 380
47 288
48 329
17 404
46 236
39 359
54 427
23 275
61 439
16 345
60 209
82 494
85 444
66 219
91 274
69 288
32 313
50 350
34 471
100 399
51 330
10 283
98 265
97 288
82 204
99 335
60 419
51 233
69 248
90 206
74 401
17 225
44 420
30 406
84 328
91 294
75 260
84 412
30 484
10 226
99 432
60 350
95 388
92 411
71 384
39 207
19 410
95 248
73 255
74 366
60 456
44 238
71 286
23 488
23 449
56 456
38 324
33 429
16 488
12 397
23 205
76 355
94 334
39 442
47 254
38 221
47 215
48 424
53 459
62 320
92 374
96 436
76 381
15 407
97 453
77 438
11 405
96 270
75 444
77 327
16 216
34 457
41 306
24 333
51 489
67 320
100 477
62 308
44 368
74 424
38 216
50 476
18 403
51 359
49 455
57 293
87 231
62 452
71 327
27 301
14 435
53 478
100 476
41 217
90 499
37 413
35 250
74 335
38 332
26 248
23 428
85 206
35 288
43 495
75 440
16 229
98 465
45 233
44 440
57 482
62 440
68 351
23 480
30 341
73 479
81 347
91 479
48 263
65 208
74 430
58 251
72 219
18 364
69 354
10 201
39 440
100 427
48 329
92 276
27 467
86 308
67 308
27 364
54 251
66 326
75 467
77 339
68 342
17 436
37 255
16 228
69 327
26 233
82 309
55 324
52 211
24 286
69 367
39 439
39 469
56 348
17 391
68 369
17 439
29 426
82 491
27 335
94 357
36 472
68 376
92 440
21 426
81 455
63 425
19 460
31 457
22 277
51 493
85 277
54 500
19 322
55 405
55 205
33 273
40 426
63 471
64 233
53 339
71 387
72 380
61 355
46 402
48 382
16 275
99 222
89 360
12 464
60 499
45 275
92 344
38 419
60 314
45 357
53 389
35 415
86 338
71 304
21 450
35 332
95 292
95 249
57 448
26 217
16 430
53 468
89 492
15 234
90 236
68 457
19 384
74 444
41 390
80 211
69 380
87 314
54 498
100 425
40 324
33 290
93 381
61 225
74 341
46 376
70 349
22 201
22 402
37 255
83 390
21 330
37 409
68 491
41 306
98 250
45 254
34 381
60 346
71 205
14 313
13 211
36 412
16 495
10 406
54 303
66 264
88 263
26 325
36 278
75 367
82 258
17 417
63 254
54 493
17 396
57 339
86 267
36 420
85 262
89 260
36 268
57 497
10 246
85 283
48 451
23 401
85 217
52 346
51 277
88 230
53 444
32 381
80 369
85 221
49 273
19 443
81 405
52 422
56 459
72 224
12 352
40 366
69 492
51 391
77 249
84 242
35 238
21 402
28 370
86 235
86 402
95 234
77 366
64 206
53 410
43 482
37 406
95 380
71 258
31 466
36 389
84 447
74 277
46 283
17 469
75 340
42 246
75 426
32 278
58 486
81 361
83 499
81 263
66 464
76 347
15 275
18 284
80 412
10 370
91 257
100 212
26 458
88 469
13 419
100 264
11 433
15 320
51 492
25 207
92 403
57 230
19 287
49 449
64 425
68 393
73 356
18 277
62 361
59 497
70 491
80 382
39 485
18 303
34 333
50 328
41 362
76 412
79 422
93 347
26 428
86 277
45 291
94 346
54 348
79 480
10 351
47 211
59 311
36 209
96 323
62 327
90 394
77 281
68 348
27 411
46 314
89 308
24 290
95 305
88 244
44 226
10 395
98 479
53 249
96 349
62 274
75 204
11 464
91 232
37 412
70 284
74 380
71 431
94 243
55 358
17 269
49 431
87 319
29 369
32 397
41 388
90 391
15 337
74 426
77 363
13 261
54 363
59 288
65 310
96 226
50 368
25 249
36 459
88 458
94 383
87 242
73 223
58 411
47 486
74 228
49 372
77 244
17 430
70 225
41 414
98 456
84 297
86 329
40 270
81 331
62 390
76 223
60 203
12 272
17 469
74 286
70 288
11 324
39 412
65 205
52 300
67 356
92 363
61 401
41 271
73 386
63 353
80 322
71 490
73 243
76 392
88 248
12 408
39 396
23 369
27 445
73 311
17 365
89 234
50 356
63 245
38 464
60 297
55 453
17 428
78 495
80 273
81 498
71 312
40 249
30 295
11 450
95 493
57 227
40 278
29 229
72 374
35 420
82 226
31 207
60 265
71 472
27 493
37 268
41 362
34 234
78 209
54 210
61 498
71 478
24 421
47 399
64 449
34 465
14 389
34 378
54 422
19 241
26 267
22 416
30 325
18 335
36 384
86 285
80 331
41 456
100 270
96 245
66 372
98 443
38 379
87 464
43 368
70 361
58 263
70 364
83 226
92 472
94 241
21 239
33 268
83 373
46 248
48 255
98 325
88 429
47 216
34 451
86 296
92 319
76 388
75 446
94 430
29 222
97 422
77 292
100 455
68 277
91 332
64 371
68 279
77 359
42 391
10 480
95 421
25 294
70 230
45 369
19 456
67 329
21 351
52 317
55 335
74 308
79 425
88 372
96 227
67 497
82 340
19 404
76 474
62 266
77 487
62 362
78 275
19 218
24 412
63 230
34 376
68 462
81 266
12 252
36 313
30 461
53 424
46 411
26 260
27 349
21 310
60 388
60 202
40 208
83 439
96 359
46 326
74 364
35 403
19 383
62 363
68 418
32 406
87 432
28 453
21 411
45 292
81 345
93 453
31 406
67 341
46 404
98 334
46 256
11 432
47 201
11 282
86 279
35 447
88 402
39 241
99 360
70 360
86 325
89 307
55 351
50 244
76 363
26 270
33 363
84 357
44 496
91 233
71 324
55 234
85 225
20 237
37 357
61 339
60 408
83 462
76 393
58 313
33 281
79 423
17 335
96 257
63 417
34 302
28 417
99 414
42 412
49 327
52 246
82 449
29 360
69 212
50 313
62 256
16 408
99 236
19 207
29 270
42 333
59 311
12 458
80 441
29 374
13 337
44 483
90 374
12 343
21 344
55 359
95 248
31 328
38 206
49 326
29 406
81 347
21 407
52 441
26 372
72 364
59 234
69 493
33 439
76 492
40 239
88 381
45 315
81 320
12 492
47 245
81 303
26 313
63 395
83 357
93 367
99 224
24 316
15 206
92 249
61 235
65 247
18 274
20 374
90 382
35 238
61 462
70 268
61 351
99 327
10 479
52 478
59 344
46 366
83 246
63 246
75 350
45 497
81 405
89 216
85 435
59 463
46 345
39 470
13 392
94 402
82 488
83 219
27 371
59 380
19 498
60 498
92 219
31 220
67 211
58 459
13 240
13 290
88 300
99 279
33 202
21 260
54 258
99 270
76 414
51 294
85 325
33 207
59 484
65 466
80 213
47 339
83 243
48 337
100 387
78 284
56 397
91 328
46 372
51 333
63 246
97 395
93 417
40 464
90 379
84 293
18 302
69 395
34 309
24 438
17 397
19 283
44 314
79 498
69 207
92 220
22 207
85 374
34 265
73 222
20 465
46 286
93 496
72 310
76 411
68 499
42 217
62 349
94 441
19 214
23 427
46 401
14 398
20 255
99 310
15 357
92 341
90 239
19 321
27 390
28 345
30 338
25 418
89 340
39 283
33 454
24 338
58 341
15 429
20 398
50 372
76 262
84 446
41 247
98 400
95 298
97 222
38 254
23 372
83 496
41 499
20 413
91 252
74 321
35 348
27 469
80 221
86 430
75 230
73 483
39 311
87 374
98 414
47 221
95 271
79 490
52 365
80 406
20 405
18 347
18 444
37 470
28 243
68 381
94 325
28 454
23 290
20 218
29 203
85 238
57 456
11 293
15 380
57 486
51 424
79 235
91 345
64 280
45 353
28 361
24 221
23 313
50 339
47 264
61 320
62 366
11 228
69 344
61 407
49 391
82 360
78 446
50 430
98 343
62 385
77 460
61 215
66 467
94 352
50 445
51 231
25 446
28 219
38 366
10 318
43 455
21 431
70 483
14 375
63 341
82 226
58 416
99 321
23 395
43 311
10 293
27 400
52 248
63 277
77 242
20 419
61 322
84 346
100 459
88 277
71 229
17 349
82 345
96 225
25 290
74 277
75 325
57 422
90 242
60 236
90 292
40 230
18 304
35 365
28 346
87 310
99 245
72 269
27 276
92 276
59 379
20 249
20 228
67 325
94 316
83 305
12 316
88 219
53 461
46 380
88 275
23 430
43 296
84 408
15 241
18 237
94 287
13 372
12 455
67 335
12 307
42 428
25 224
97 490
95 230
92 489
81 257
86 324
90 366
54 474
97 465
75 225
44 246
57 316
65 292
96 220
26 340
53 220
20 243
25 496
98 328
67 276
21 350
72 436
37 381
76 321
79 369
78 346
46 492
22 364
11 310
48 382
98 231
75 461
56 310
93 245
96 439
48 221
28 471
89 202
35 315
42 394
68 418
43 347
61 399
31 392
25 294
42 357
23 373
47 297
96 222
39 320
51 412
24 449
86 497
78 431
30 223
41 244
46 313
55 299
82 301
21 369
98 411
73 418
22 292
97 466
11 254
78 475
65 375
75 246
21 322
78 382
24 301
83 235
100 215
19 274
29 223
41 409
36 468
54 467
39 488
72 273
92 466
46 457
96 470
59 462
25 428
11 386
63 467
53 342
37 203
97 497
46 358
72 359
21 430
74 283
82 206
44 408
11 352
45 261
16 264
30 311
48 263
61 471
31 366
79 462
28 227
13 294
30 261
90 459
17 476
45 358
24 347
42 403
76 328
76 218
88 385
67 384
80 223
52 376
47 466
21 457
60 494
83 326
53 401
74 444
88 276
28 307
52 265
28 269
54 371
63 284
53 315
30 351
64 220
50 477
19 262
30 377
76 432
65 207
38 237
58 208
48 201
27 383
53 222
70 408
93 490
91 347
70 359
84 341
100 473
51 263
48 250
95 238
91 393
21 263
51 447
97 390
61 335
41 464
76 474
26 500
14 312
29 415
44 292
60 299
53 373
15 248
89 302
30 304
21 332
60 322
63 337
14 476
88 233
98 227
27 258
48 317
48 270
95 341
87 286
25 375
72 251
84 281
46 459
56 246
99 450
73 267
80 278
93 457
77 430
46 215
30 459
24 358
14 363
50 339
42 337
84 358
11 386
82 440
35 221
57 332
97 251
48 456
61 390
59 389
47 344
47 256
96 236
35 228
86 311
54 298
56 329
85 234
58 343
74 205
57 357
16 232
67 236
83 487
11 399
71 495
53 280
68 242
31 363
11 414
84 386
51 320
100 416
66 377
18 226
40 320
77 220
71 241
16 289
61 432
11 403
18 429
93 375
19 447
86 241
84 461
83 321
79 341
76 384
93 494
37 400
48 493
85 364
47 426
25 260
62 391
45 482
34 293
63 239
68 343
71 400
35 407
92 333
89 455
48 264
51 325
29 460
96 333
61 350
58 475
19 314
19 221
96 383
99 350
94 303
61 452
70 296
71 472
52 405
82 395
57 323
83 383
74 286
43 303
74 223
82 244
26 341
54 330
88 380
34 446
72 474
98 434
87 454
56 397
99 228
82 276
22 208
48 280
96 373
92 230
89 411
68 431
63 289
81 224
82 490
47 349
69 264
48 431
30 334
46 325
48 316
36 412
99 207
64 419
19 324
79 474
81 421
66 235
76 413
10 376
67 478
63 263
99 204
43 208
22 218
100 450
24 432
74 408
64 352
70 267
99 422
33 460
65 393
39 250
89 202
50 458
93 400
44 420
68 464
73 492
20 459
93 214
62 250
63 227
20 395
14 276
88 284
14 407
43 480
46 231
89 332
95 360
52 459
90 333
15 405
52 301
88 213
66 452
65 435
27 415
14 221
64 394
76 476
61 231
65 206
57 285
99 200
52 318
80 423
23 278
56 224
81 389
64 393
46 500
28 216
73 406
65 354
95 241
96 349
12 432
68 283
84 443
64 411
71 491
29 462
98 358
12 397
36 422
78 284
10 365
15 284
99 236
10 268
64 415
65 349
72 471
42 363
53 414
44 424
18 304
97 371
19 268
47 407
28 305
33 361
36 240
93 388
26 281
45 302
51 219
63 290
86 280
31 353
70 424
14 296
46 359
46 388
27 483
53 315
97 233
81 455
31 319
75 247
82 496
81 293
72 248
62 455
17 234
49 271
65 281
17 384
18 282
18 264
36 314
87 249
91 304
72 319
57 244
22 271
18 215
78 204
52 446
92 341
76 214
35 335
84 228
58 433
48 238
97 375
81 376
23 449
14 378
62 352
85 382
16 411
29 435
36 359
23 373
83 308
21 361
46 380
66 411
13 450
76 309
41 500
46 447
97 363
93 413
28 445
32 337
86 441
18 219
39 401
93 248
91 478
83 350
62 497
46 470
53 358
81 219
31 211
92 203
30 239
40 288
60 460
90 287
30 394
20 398
46 397
72 201
33 304
80 480
56 259
66 496
38 476
100 223
64 429
94 260
74 391
49 349
49 221
85 450
52 390
82 459
79 293
79 409
78 208
50 395
37 286
49 434
15 302
41 397
92 432
33 397
75 253
68 372
26 330
99 387
64 468
19 255
13 202
98 355
100 250
68 228
69 338
55 297
17 368
60 421
36 399
43 320
71 261
94 424
15 312
55 360
90 405
82 289
15 276
74 367
42 393
94 413
10 255
93 420
87 401
86 471
52 407
94 449
82 282
100 257
43 380
73 424
34 229
78 390
87 355
97 330
45 350
47 477
38 450
69 327
44 486
18 398
35 337
62 257
89 416
57 263
31 429
16 329
91 448
48 462
52 224
23 248
34 283
49 278
52 370
58 332
79 400
89 394
30 274
20 406
27 214
57 285
50 404
56 350
65 382
34 352
92 402
20 228
60 374
58 467
31 409
14 296
34 276
13 295
59 390
44 289
44 418
40 244
71 237
41 421
97 454
59 274
29 474
29 238
28 358
98 289
46 251
66 325
74 273
96 376
100 369
61 264
83 288
44 407
39 452
96 494
20 349
76 459
77 320
71 368
36 451
61 494
49 239
22 228
11 436
44 473
100 369
99 339
11 294
53 230
88 271
83 399
56 491
36 492
71 304
43 236
45 264
48 205
36 246
97 314
31 438
93 235
15 221
67 461
49 318
64 258
20 464
87 258
22 212
14 462
36 306
96 320
58 478
54 371
57 308
76 455
98 470
63 249
75 314
72 203
55 500
13 219
36 416
48 315
66 224
84 443
16 224
79 449
38 337
66 474
36 304
81 439
79 368
89 212
79 446
29 362
49 475
51 306
76 356
22 466
58 397
12 209
37 420
99 320
66 226
68 450
21 420
41 301
44 273
96 217
97 226
99 362
10 459
20 237
55 287
33 495
82 412
83 302
15 360
91 286
99 414
80 465
96 271
26 421
94 276
14 261
37 215
89 200
69 339
67 289
84 241
79 308
79 486
91 482
96 230
72 481
93 201
68 277
26 409
44 314
59 333
26 236
68 297
77 323
12 275
49 210
49 444
14 467
41 427
65 474
38 414
85 350
41 297
72 436
52 373
30 441
70 374
50 355
13 463
26 305
76 287
54 302
99 383
96 358
15 466
84 215
50 234
64 242
90 241
92 286
20 425
59 370
74 402
34 218
42 349
99 402
32 388
87 415
27 471
41 328
96 404
66 263
99 408
42 218
35 481
45 312
24 479
43 453
57 353
81 243
71 293
60 437
85 296
41 500
45 425
87 451
49 370
92 465
53 466
51 424
37 434
40 248
80 416
93 240
94 471
79 219
15 427
74 443
92 257
17 237
93 469
83 207
100 399
95 313
60 352
47 207
31 221
92 498
13 205
91 405
73 271
40 490
23 329
47 419
89 323
94 265
48 342
76 378
12 494
16 303
15 426
66 432
83 315
54 282
94 365
62 297
66 360
61 281
23 416
47 273
15 404
46 228
33 360
17 485
83 295
14 449
83 346
41 366
27 456
31 282
82 384
58 455
92 312
42 430
33 484
70 414
36 341
45 331
27 247
10 303
45 351
14 261
76 329
100 408
46 323
30 304
12 215
81 448
13 243
62 252
18 380
65 261
91 358
73 471
32 457
88 445
78 223
48 254
90 432
63 335
67 400
15 460
78 447
81 491
78 285
16 363
81 407
100 435
52 266
58 367
45 376
95 228
36 317
29 450
80 493
13 202
81 473
33 255
74 318
92 357
99 487
91 317
87 393
66 407
62 303
28 431
59 385
73 276
19 491
27 399
90 207
52 324
56 260
28 347
95 323
35 230
71 422
89 201
69 245
65 222
86 431
81 225
60 309
46 215
61 474
74 231
11 212
20 410
17 483
94 401
64 459
22 363
98 426
99 443
72 471
50 217
10 366
55 415
91 241
45 223
71 242
92 495
51 358
100 276
56 410
78 344
38 357
99 497
53 321
17 201
40 353
35 442
96 209
16 443
51 234
37 213
23 470
10 280
47 310
76 316
18 333
67 285
96 416
88 470
41 470
27 277
70 388
65 289
12 323
13 346
76 397
27 383
77 265
16 392
43 318
70 293
89 417
14 287
17 358
86 267
14 477
74 347
72 311
55 459
63 367
80 239
69 362
27 327
41 333
22 251
69 425
79 249
35 422
94 372
39 393
44 305
45 282
33 431
100 337
60 224
52 392
91 215
53 435
19 430
58 260
57 417
30 473
36 275
19 252
87 372
63 334
44 212
92 377
85 206
61 230
16 416
37 293
77 425
31 473
63 443
34 233
22 466
62 223
99 349
86 385
35 220
70 497
62 434
89 424
69 285
81 419
69 326
88 382
50 438
85 354
15 335
38 489
26 392
29 239
24 236
64 260
15 443
72 487
10 328
67 214
26 313
60 363
17 394
84 439
74 296
22 410
94 479
96 430
95 308
35 360
83 341
21 298
38 426
19 358
61 443
24 313
77 253
25 444
92 419
58 427
83 423
97 344
74 484
87 220
71 389
94 384
26 248
58 211
51 214
99 374
60 439
42 462
13 413
36 287
72 236
23 244
17 349
84 258
65 360
66 321
61 356
96 228
26 435
84 327
74 307
32 355
21 438
76 385
91 221
73 481
49 434
70 365
58 363
16 313
40 400
65 470
47 337
31 409
30 436
85 419
13 436
43 435
51 390
93 222
73 490
94 316
67 477
84 405
69 353
55 209
79 401
53 256
87 375
97 208
41 451
63 500
13 200
60 207
67 452
49 499
34 481
14 314
21 295
32 495
95 485
