10000 500 200 500 10 100
22 333
38 422
36 372
41 382
92 330
82 292
53 363
64 247
27 253
54 315
83 427
42 331
96 269
49 233
75 414
27 387
55 460
78 278
74 467
62 472
52 393
56 268
42 263
75 258
85 275
60 281
87 479
77 385
11 217
64 439
44 328
27 325
52 382
87 367
84 312
98 343
82 300
47 209
26 477
89 377
56 390
85 201
19 268
79 314
77 253
14 363
40 327
26 417
42 340
24 307
50 320
68 406
83 310
24 482
43 380
63 235
67 265
31 336
62 372
51 316
59 452
66 203
39 417
50 237
47 401
50 458
94 242
35 340
75 476
74 337
69 480
97 323
38 358
65 327
98 357
82 301
23 321
24 286
82 422
77 492
82 365
68 293
87 209
50 458
96 202
32 340
68 366
52 426
25 370
48 452
76 394
31 483
83 306
58 450
63 289
82 299
67 339
19 310
96 222
68 282
36 260
17 406
71 282
15 348
30 281
62 377
90 249
11 439
45 326
36 332
64 279
95 318
75 221
37 215
80 393
61 467
47 469
26 328
81 401
20 452
38 473
60 407
71 386
54 326
91 483
83 324
14 287
39 429
98 318
12 499
24 440
100 414
84 235
86 409
100 365
28 368
84 387
73 308
56 368
40 482
22 341
54 310
53 446
22 383
66 381
81 473
40 296
57 478
21 326
42 216
54 496
29 276
55 407
62 352
71 268
63 324
67 336
26 235
53 371
24 243
53 248
14 269
92 351
61 476
20 382
94 365
69 274
18 457
13 325
40 454
24 339
74 200
10 410
55 455
28 402
79 229
80 213
18 243
98 294
54 238
24 409
90 251
60 292
23 412
85 265
17 208
46 392
97 278
70 493
16 330
90 480
77 294
84 356
57 254
16 305
16 324
65 393
29 445
19 333
94 351
86 471
19 450
44 368
31 413
37 209
73 204
92 300
49 379
33 384
19 355
23 423
76 451
37 303
55 299
37 200
57 482
66 259
60 282
89 408
85 486
88 437
95 303
96 486
54 442
57 363
74 307
59 223
65 400
43 351
49 461
75 398
62 322
79 271
21 282
19 297
99 293
52 456
76 270
54 326
82 259
63 256
33 222
57 323
60 304
61 369
40 274
22 405
46 422
67 498
21 352
52 470
37 277
29 289
57 263
49 256
73 352
100 388
76 341
10 295
63 433
51 459
67 430
47 351
54 237
60 253
44 393
91 283
22 294
90 266
83 287
61 429
56 384
32 262
70 326
74 367
10 220
78 214
41 439
32 249
82 413
66 314
47 472
12 223
83 219
81 423
47 310
38 495
18 417
78 416
99 364
26 500
66 408
28 282
34 278
98 470
86 332
85 244
35 430
98 318
97 306
91 204
90 289
36 358
41 454
92 498
18 304
92 450
81 460
87 256
77 261
21 477
100 258
65 445
63 237
60 386
58 200
93 457
31 286
99 244
86 285
17 306
78 437
31 350
35 486
63 332
55 381
44 388
50 278
97 325
25 293
62 407
96 298
73 333
89 426
41 322
78 368
86 348
64 383
29 449
41 354
70 364
73 338
58 372
67 282
79 230
100 354
71 368
10 248
37 233
68 377
80 382
32 233
16 297
89 227
91 232
71 224
32 314
65 295
73 277
33 380
29 451
44 493
43 434
86 267
87 463
54 271
14 387
48 323
25 418
63 429
18 430
67 494
84 264
74 478
69 415
61 449
83 339
40 382
56 431
12 488
32 342
25 436
33 210
64 412
15 357
54 328
66 491
71 278
58 359
60 396
42 361
30 285
32 233
20 271
39 365
37 255
70 466
13 485
31 498
57 353
100 485
13 390
38 200
69 229
72 473
66 279
55 467
45 333
100 280
73 413
31 310
69 451
69 407
46 450
56 229
80 207
58 482
75 439
73 211
35 289
24 291
11 266
95 481
63 206
18 450
49 454
52 285
84 233
97 238
63 294
39 234
25 230
95 345
90 497
86 335
66 289
32 351
85 381
84 202
37 341
90 205
84 462
100 448
14 481
50 427
66 202
26 325
29 425
70 400
42 276
49 404
34 307
81 220
51 334
73 273
18 373
16 468
20 318
22 477
66 299
46 322
95 312
65 231
36 316
48 355
96 363
28 205
21 261
91 407
43 447
57 217
43 207
98 301
87 348
68 321
35 429
90 446
29 238
59 475
41 357
77 495
100 387
18 388
74 475
54 490
79 473
22 438
81 491
28 202
82 264
72 484
16 414
15 431
68 407
43 203
77 233
88 482
31 447
68 214
21 362
65 239
75 210
65 211
49 414
76 238
31 485
17 369
25 451
25 248
40 204
45 268
31 499
64 305
45 317
10 263
96 323
100 262
96 477
79 233
46 486
28 266
56 241
58 317
12 233
17 247
48 365
66 474
39 314
38 205
13 346
84 359
20 268
32 252
46 394
49 282
18 305
65 298
20 231
52 287
12 478
54 200
65 450
73 455
93 450
85 444
56 427
58 214
13 473
71 438
44 300
10 495
58 317
87 500
95 405
80 312
50 371
100 473
60 485
62 282
91 234
12 479
30 327
66 404
94 207
52 364
26 260
59 410
71 348
41 424
73 395
24 383
24 297
82 283
49 481
80 464
43 339
39 424
59 435
13 465
47 317
96 448
98 385
91 202
53 466
49 234
22 411
92 323
39 471
64 487
70 220
34 364
42 291
82 223
74 365
96 366
40 265
92 307
61 421
21 431
30 434
83 495
22 280
32 500
10 421
83 451
83 335
89 249
33 352
31 400
55 209
35 396
33 329
38 473
24 209
14 384
62 317
95 436
77 444
41 447
66 370
63 254
48 411
42 430
75 273
85 477
42 294
30 305
52 323
28 472
23 430
28 474
35 482
65 443
92 293
42 487
36 434
75 468
100 241
62 304
32 425
56 346
36 350
45 390
50 478
61 203
49 414
91 402
54 335
40 217
14 381
73 339
30 494
31 357
17 351
20 350
45 389
20 493
59 345
12 211
73 442
25 428
96 440
12 500
24 372
11 349
68 419
76 265
76 493
88 448
42 229
39 266
82 440
11 457
59 389
56 357
29 380
59 486
41 312
27 292
20 399
37 384
56 378
46 480
25 319
68 361
48 371
50 266
100 485
77 344
71 388
42 453
57 484
68 336
33 269
97 427
30 317
38 235
15 259
61 213
23 339
40 426
41 301
44 268
48 413
89 306
60 362
62 317
39 395
58 339
31 329
58 382
57 325
81 288
76 329
82 462
76 425
68 426
17 276
47 458
39 406
27 238
74 272
58 260
62 256
81 329
76 363
88 478
95 376
47 321
62 265
76 421
93 367
44 464
62 289
72 381
33 435
42 461
31 222
79 371
59 369
83 310
68 460
74 469
92 252
85 238
39 270
44 307
57 254
11 380
76 390
62 236
25 378
22 228
47 416
100 377
67 298
46 265
69 224
49 342
30 221
31 342
47 289
60 227
97 418
66 385
89 367
33 330
75 315
13 394
53 456
70 214
10 207
60 260
42 211
84 205
85 481
91 323
32 495
80 311
66 456
90 417
63 263
20 367
21 354
12 358
42 280
53 261
96 401
66 466
27 421
16 393
16 216
88 420
10 263
57 320
11 424
73 341
22 232
56 314
77 467
14 393
10 242
15 232
77 473
50 303
73 418
60 295
52 409
16 342
13 495
72 440
26 447
86 303
45 487
25 313
16 337
47 449
95 409
66 270
76 427
82 275
24 215
80 476
41 333
72 345
29 477
66 393
96 263
74 402
46 412
14 452
35 221
21 326
57 329
17 209
45 417
88 298
84 352
42 305
34 289
76 210
10 432
89 490
82 398
89 245
67 406
32 205
62 346
38 204
37 374
21 480
88 247
48 421
84 301
11 333
47 373
23 405
71 445
60 299
26 234
87 299
21 489
39 214
70 282
99 257
66 481
86 445
35 213
94 376
30 390
79 402
89 250
31 316
20 200
28 236
82 407
37 373
78 389
29 478
86 405
97 376
54 470
74 362
87 486
51 495
25 444
37 336
92 453
25 388
38 265
93 386
12 207
29 315
11 445
80 265
83 275
18 432
38 210
32 426
49 228
31 219
72 266
84 416
69 205
66 420
59 425
32 491
57 312
57 277
17 346
61 303
29 231
43 364
51 476
35 386
54 460
70 426
30 208
42 493
68 342
48 232
72 467
95 498
75 475
39 284
41 314
35 440
22 269
34 235
49 342
69 499
31 325
71 275
98 213
39 245
64 429
100 370
63 448
71 422
62 340
73 492
17 240
70 447
82 233
46 303
69 402
76 426
60 224
94 207
67 217
39 290
25 227
73 289
12 276
16 346
98 415
20 267
94 216
50 213
91 496
59 374
17 367
12 271
51 250
40 327
45 228
92 463
24 377
39 429
61 461
44 317
40 360
79 279
51 347
25 324
68 358
18 439
24 496
95 364
70 487
73 211
58 357
29 219
82 423
52 486
19 421
54 458
93 435
36 355
51 227
39 323
78 375
10 307
20 469
20 314
84 360
12 419
64 497
66 249
42 284
78 200
93 234
53 235
16 393
83 449
46 267
84 202
21 281
32 260
42 478
82 454
42 397
19 302
68 259
41 210
46 232
67 297
56 367
41 434
15 421
74 428
51 352
82 378
57 488
63 432
63 460
31 200
28 257
91 448
70 352
12 409
57 315
61 400
43 236
29 240
31 362
16 393
66 295
50 396
18 406
28 497
11 212
29 471
44 247
32 284
58 222
35 232
58 448
35 319
41 412
55 389
63 475
51 287
13 300
57 352
58 258
100 320
42 242
41 239
91 406
96 336
52 265
34 213
70 498
16 445
29 339
81 482
76 312
26 382
76 449
71 366
28 228
99 477
88 474
89 207
20 338
80 204
68 460
78 313
25 248
92 314
61 288
42 449
57 211
32 260
48 262
73 365
25 361
80 310
27 356
44 412
15 409
52 295
44 333
63 273
83 415
20 467
43 381
34 403
64 495
39 300
66 339
84 348
35 255
47 232
85 423
43 355
20 208
79 449
85 307
67 420
12 307
11 475
45 250
89 328
61 238
26 250
45 291
24 275
80 203
40 258
95 450
70 256
21 260
59 497
43 476
27 339
18 200
81 218
70 439
15 244
13 472
10 303
48 391
36 410
75 435
45 319
38 278
36 490
16 329
63 455
80 351
48 284
61 355
95 300
14 346
13 470
10 388
74 329
27 349
84 472
28 455
40 314
50 414
22 269
68 289
59 494
71 215
52 490
79 277
14 311
62 383
71 439
75 251
28 246
60 204
10 432
46 205
88 390
24 298
43 360
92 431
46 224
15 329
47 265
88 202
83 477
22 406
83 354
14 381
97 305
65 367
96 292
54 480
87 490
46 440
13 413
92 402
52 265
54 350
43 335
94 456
99 486
86 476
19 215
44 489
72 240
66 254
62 374
13 263
41 209
48 412
93 323
100 257
35 241
87 468
49 207
64 387
11 431
81 230
56 468
43 214
76 271
11 238
35 449
93 258
70 254
26 278
33 231
96 213
32 492
97 398
78 301
34 390
63 396
17 477
82 388
53 268
66 406
11 405
21 358
19 261
14 381
96 237
67 424
13 484
36 481
77 311
60 364
46 313
69 371
47 269
20 428
24 217
97 343
29 437
90 282
14 310
80 235
85 374
54 397
52 271
51 387
100 408
84 282
39 458
15 457
73 210
29 313
91 416
29 348
87 354
64 248
66 342
54 310
43 441
55 272
94 282
67 293
59 407
55 357
19 276
26 391
39 447
32 212
24 358
56 464
77 240
71 476
16 244
63 296
38 491
88 396
12 275
41 461
58 312
65 346
100 432
11 423
97 439
76 439
93 495
37 256
95 362
82 314
39 215
50 290
14 278
52 227
82 372
84 285
85 255
22 320
99 315
77 262
10 376
68 247
36 351
42 353
19 284
86 267
20 378
68 253
26 240
47 207
18 468
53 344
85 422
95 458
41 404
95 238
39 419
14 399
74 388
49 481
22 418
47 469
23 353
26 449
41 451
53 253
100 498
96 389
77 309
84 455
23 212
66 492
93 226
34 399
33 289
65 284
61 325
48 250
70 423
29 269
81 354
12 239
47 418
27 469
14 472
84 438
41 314
87 364
37 467
16 203
47 390
22 262
36 489
88 391
25 459
22 232
58 230
76 311
40 397
17 424
57 400
79 300
57 489
76 354
39 475
61 459
70 343
36 277
33 481
18 491
46 376
98 450
63 242
88 303
83 288
53 255
12 286
82 451
14 268
60 427
55 359
19 306
46 355
38 282
76 300
34 222
84 295
69 331
21 430
55 225
68 410
87 455
10 386
82 468
41 407
47 446
68 478
65 216
18 384
91 365
55 372
58 459
100 257
38 202
36 474
67 454
62 207
26 277
38 210
66 244
56 337
19 431
76 491
44 395
83 246
30 357
12 395
29 282
58 304
38 337
21 211
40 409
65 396
88 258
70 480
26 220
72 292
56 328
79 398
84 406
78 480
51 208
45 277
44 224
45 325
39 458
29 400
82 201
41 301
95 399
75 361
80 294
99 318
10 384
78 342
54 358
51 250
51 444
82 407
95 457
19 277
35 214
72 479
94 470
38 223
66 257
98 235
66 485
87 221
89 319
12 407
36 484
90 241
55 233
25 344
14 377
52 251
44 347
63 304
25 206
24 485
20 410
43 414
33 322
41 211
11 246
16 367
13 323
68 354
84 305
24 244
35 419
45 271
80 273
96 330
52 452
57 291
47 232
92 453
36 337
44 244
30 381
82 259
62 466
45 309
49 360
88 451
43 397
96 241
83 294
34 498
26 435
51 304
88 491
32 218
28 220
14 408
32 320
89 304
88 329
47 305
63 465
64 215
73 475
72 229
13 427
43 263
94 213
83 475
43 374
57 280
51 454
26 494
63 404
21 258
17 358
95 220
99 317
66 381
17 240
25 360
50 335
95 226
59 240
40 300
62 443
16 256
65 266
40 318
53 495
85 451
62 488
30 423
37 404
84 345
40 463
72 308
74 326
76 394
23 284
41 478
56 272
78 270
86 432
54 256
21 212
15 278
71 324
49 202
38 253
59 369
85 250
11 211
13 260
61 441
100 298
54 218
56 350
82 458
56 426
50 457
28 368
57 336
44 433
50 418
45 435
57 401
82 462
95 310
16 266
81 264
64 366
24 484
74 320
69 496
31 301
13 432
27 435
92 410
74 305
12 252
39 362
55 474
35 313
76 244
20 231
100 442
44 340
11 311
19 212
54 454
95 207
43 282
34 351
35 259
28 216
33 445
51 462
84 401
80 348
33 352
32 252
81 474
46 366
91 300
14 341
11 442
17 337
74 239
85 414
93 393
54 307
22 257
93 402
87 292
35 351
79 377
95 436
40 494
41 333
11 379
81 296
61 271
27 241
83 370
51 256
68 334
17 297
15 381
57 247
89 247
64 314
93 250
26 421
15 500
69 287
72 477
90 447
53 214
38 256
73 392
28 395
90 424
91 314
52 439
49 475
83 259
98 256
77 487
23 302
50 230
15 363
47 471
62 453
65 245
79 266
31 269
85 411
49 350
14 496
76 386
85 222
18 458
86 453
22 203
84 378
97 393
38 440
46 247
86 245
42 299
92 479
78 470
73 259
14 312
34 356
83 424
37 341
54 405
92 273
37 297
46 391
26 440
29 500
80 421
27 477
32 253
74 285
48 242
80 290
39 247
85 301
76 272
28 300
50 434
12 333
11 272
26 418
38 252
43 396
12 359
82 339
86 225
89 434
54 468
38 319
89 418
20 434
50 261
46 415
65 355
46 475
67 471
100 285
23 207
29 343
19 250
50 278
19 355
81 240
23 434
63 234
47 229
65 341
65 450
56 233
29 252
11 429
16 298
45 444
61 443
99 471
28 267
65 467
94 459
18 494
71 367
17 492
98 445
58 435
52 286
99 397
59 374
58 310
28 288
11 225
73 339
11 423
64 392
46 277
65 345
26 440
78 498
96 305
75 462
92 234
74 406
89 334
70 206
13 500
18 446
29 274
67 418
35 389
50 284
41 408
78 435
93 288
98 477
31 221
21 382
90 434
82 436
70 315
94 410
39 486
95 236
82 338
43 455
46 212
95 441
51 365
88 415
82 455
11 295
75 277
41 430
98 462
58 226
27 256
21 339
52 240
69 499
67 277
20 353
10 389
97 357
95 367
11 405
86 411
95 496
25 425
77 447
64 239
61 411
92 307
38 234
77 322
47 474
24 435
63 387
79 368
29 326
97 263
11 204
86 230
96 410
47 374
41 239
77 278
83 457
26 398
65 481
87 472
90 369
21 478
41 479
65 447
80 278
43 335
97 382
94 231
47 469
43 448
96 266
86 356
41 308
14 411
57 473
60 491
54 487
16 294
78 261
99 268
86 500
93 320
77 417
90 421
80 204
71 290
96 291
69 491
20 450
85 487
26 482
68 211
85 342
18 381
98 244
37 442
27 250
81 322
31 311
34 300
19 360
93 335
14 286
57 350
88 425
46 355
92 461
91 271
94 369
55 455
31 349
91 354
27 407
60 315
21 218
13 281
42 255
51 328
20 389
79 274
92 462
29 417
44 243
75 223
72 388
44 274
82 323
58 385
22 353
48 445
55 314
16 498
63 289
50 408
54 201
89 239
96 410
44 333
80 341
29 262
55 283
61 464
51 213
90 283
80 246
49 486
95 453
37 427
11 205
84 219
59 264
16 367
42 362
47 324
22 254
26 430
47 472
20 442
49 439
14 248
90 202
69 243
99 414
41 496
36 253
72 375
50 421
57 240
28 440
94 233
77 200
23 280
50 304
65 406
33 496
33 427
75 437
97 350
14 389
90 218
15 258
42 209
92 385
90 209
46 312
66 267
94 455
90 284
13 317
86 200
76 443
12 458
27 345
77 479
90 352
78 324
80 339
66 287
99 280
98 246
39 288
74 204
96 409
82 251
33 226
89 486
93 427
65 246
53 200
57 203
60 471
54 210
44 409
81 231
29 343
94 331
94 288
97 474
46 322
88 420
62 224
30 215
30 298
80 472
80 485
32 399
77 200
86 463
50 456
71 347
97 469
80 427
85 211
43 201
70 374
53 379
23 275
92 298
21 406
32 420
77 443
85 294
31 426
28 300
53 448
56 377
15 323
93 370
27 453
37 365
19 240
89 424
15 388
82 438
68 439
72 432
21 374
88 272
96 230
29 429
57 467
14 291
26 358
69 322
86 331
47 335
38 430
97 386
68 479
24 359
44 328
33 246
21 265
14 250
43 337
72 222
25 483
15 343
35 274
38 349
70 299
31 424
26 492
96 294
58 331
73 284
75 442
65 410
87 295
18 250
73 338
72 485
72 284
47 359
52 491
71 461
67 440
36 267
36 392
67 247
57 462
94 431
15 359
33 358
97 499
74 335
38 328
75 355
23 396
61 218
49 470
93 373
94 261
89 238
67 500
31 425
11 417
62 261
52 394
62 479
81 224
34 427
35 381
35 212
73 243
29 360
34 408
27 370
57 371
10 371
78 494
92 228
99 400
12 383
92 406
15 435
17 423
98 481
92 391
97 227
35 422
76 446
53 319
39 247
79 473
78 258
24 463
52 273
75 274
80 405
35 215
92 359
24 398
91 440
75 282
32 221
65 304
21 231
72 430
72 310
43 394
97 265
71 353
34 469
55 492
65 355
52 360
39 394
99 303
88 346
70 499
89 286
71 482
23 423
13 293
46 261
50 299
94 293
43 413
72 327
48 332
85 360
84 446
72 499
98 284
72 331
31 409
72 334
23 484
51 499
32 489
62 212
45 283
45 489
53 315
83 298
98 246
97 388
98 409
79 489
43 479
42 224
64 486
74 425
52 314
56 443
28 381
63 338
43 260
95 358
68 340
77 323
60 311
99 276
58 346
15 462
44 282
19 461
14 293
91 434
60 258
100 458
34 280
95 301
23 320
53 216
28 262
100 295
20 247
89 342
55 384
59 467
95 238
13 482
13 261
71 488
57 490
58 457
32 439
48 410
94 415
43 218
74 463
53 300
56 484
15 301
89 495
54 282
86 393
45 261
14 377
15 472
40 392
42 385
69 383
24 338
34 470
37 275
52 419
45 340
75 265
25 469
30 407
46 439
80 212
58 202
51 447
99 454
43 299
96 418
37 382
28 279
29 361
76 481
89 427
49 432
77 461
79 399
50 399
66 416
60 287
29 500
93 289
44 372
76 240
92 318
12 293
81 221
81 450
73 484
29 271
48 267
38 263
55 348
59 303
60 322
87 430
35 373
61 473
69 355
24 231
55 332
86 319
65 477
81 303
15 395
11 323
21 304
50 376
71 297
40 464
33 267
26 439
60 360
43 433
29 321
95 437
37 237
100 254
25 273
45 423
60 430
91 276
39 381
92 384
39 330
46 345
28 439
74 286
56 443
22 211
27 432
67 465
49 453
26 380
63 325
48 341
24 297
48 487
69 318
69 353
40 468
76 294
48 480
90 454
73 296
86 384
18 362
61 394
35 316
76 238
56 325
27 393
15 295
40 246
20 500
88 259
84 346
100 321
29 431
79 496
91 490
98 203
87 477
74 415
53 421
25 482
79 331
31 366
61 202
37 487
77 260
39 366
95 348
45 480
80 211
31 255
94 252
87 300
94 354
54 269
25 416
61 218
66 373
58 371
60 494
14 275
63 352
87 408
34 378
87 228
98 209
92 338
52 489
88 238
54 402
99 264
27 306
42 313
96 364
26 252
75 238
82 360
27 218
10 340
15 302
72 233
20 298
19 321
57 308
61 327
55 415
49 276
73 423
18 398
71 270
76 343
17 226
52 448
95 418
93 338
55 353
28 280
44 241
81 487
51 209
72 257
17 403
31 343
55 221
10 311
26 389
41 349
50 354
75 358
89 282
98 241
47 367
62 335
17 472
52 456
37 281
71 304
87 346
78 259
47 386
75 357
71 272
12 387
89 251
73 498
97 490
75 216
12 309
41 212
32 319
85 210
59 431
93 334
63 460
41 342
65 262
25 317
74 454
63 208
58 498
94 286
76 494
14 291
20 301
14 383
28 470
54 270
60 406
77 426
33 245
38 408
39 215
77 390
87 426
28 423
45 353
52 307
59 210
51 449
55 400
65 481
60 423
68 468
19 403
48 442
68 358
84 203
82 271
25 241
15 490
66 318
72 422
23 438
27 221
54 493
73 365
62 488
81 473
59 415
26 245
86 272
36 454
97 425
45 367
94 420
19 429
54 396
30 360
65 481
85 368
35 500
44 344
98 320
70 340
68 440
70 289
50 437
38 236
31 466
76 326
76 457
36 371
82 252
13 435
56 412
72 404
62 284
32 296
30 261
32 336
58 220
57 462
14 366
62 317
20 349
66 465
75 344
32 407
65 365
56 379
76 393
56 386
33 478
13 329
49 367
57 489
44 288
59 292
14 397
54 483
47 249
64 300
28 230
84 239
74 246
58 370
21 398
94 364
98 486
14 363
49 304
97 489
82 301
85 243
28 388
10 494
10 421
93 280
66 448
66 295
70 486
58 381
80 418
78 457
66 384
39 454
97 419
51 329
98 422
63 468
80 347
61 496
97 401
25 468
84 292
71 341
57 374
87 308
88 464
29 443
46 332
74 284
11 237
73 219
29 483
41 216
15 345
96 346
100 486
81 343
55 222
52 304
87 404
92 487
55 425
43 413
32 223
49 205
48 256
49 468
64 410
83 368
35 497
87 499
89 474
33 208
72 224
61 391
66 423
86 443
80 204
28 302
89 250
89 237
42 281
21 346
70 489
27 443
35 375
46 365
34 232
73 344
98 333
17 433
39 310
38 302
37 481
73 239
77 461
70 235
14 230
68 430
91 242
87 351
16 262
55 213
18 286
53 350
14 290
33 425
69 357
68 361
70 328
75 214
18 426
19 227
41 329
13 321
42 227
64 236
39 385
42 384
90 356
16 289
98 464
53 243
53 438
61 355
68 253
77 303
33 369
14 281
79 435
13 318
24 323
22 250
39 353
54 377
38 366
76 353
53 428
54 399
56 249
35 380
95 372
15 479
13 210
45 488
99 411
20 406
69 408
83 439
40 288
80 219
49 480
20 482
92 217
68 471
32 382
78 267
21 230
44 243
73 254
23 435
44 233
47 396
73 496
63 401
18 349
87 385
15 490
66 434
61 245
97 223
79 453
63 430
74 285
31 474
92 402
71 253
85 498
91 275
90 233
22 424
13 293
71 408
59 474
68 238
76 496
18 343
55 301
61 380
30 496
81 475
43 210
64 281
75 427
37 399
25 280
78 489
64 379
90 405
92 436
85 217
37 454
76 277
64 382
80 338
72 259
23 223
28 239
85 225
85 359
37 272
40 444
81 261
71 354
70 321
43 357
29 419
10 448
69 262
85 402
66 456
63 412
77 428
72 430
91 314
89 275
19 477
87 293
75 489
77 401
72 486
52 397
98 317
49 298
70 422
68 228
96 358
30 253
82 288
49 437
49 220
53 486
18 428
65 381
12 475
44 475
69 237
29 262
92 464
48 482
18 258
50 211
53 348
93 400
62 497
60 287
32 296
39 361
59 249
40 338
52 221
89 433
23 432
93 361
39 202
29 280
10 251
67 376
55 304
95 233
54 310
34 216
73 292
32 328
74 317
100 365
91 278
90 397
96 439
35 405
76 299
34 452
39 224
83 447
67 300
17 379
84 250
12 265
21 470
41 483
87 359
10 426
81 342
98 397
88 329
63 222
93 485
39 226
58 499
31 337
51 403
88 208
34 308
81 294
77 466
30 314
68 322
57 211
36 259
78 494
93 458
40 214
44 387
69 400
44 413
69 484
83 451
19 216
62 213
14 285
27 284
55 201
34 336
87 319
73 369
37 233
57 277
50 467
90 237
99 298
63 301
73 213
93 471
68 258
89 237
46 360
23 441
17 426
19 272
61 473
20 306
11 467
17 201
75 295
77 447
85 438
57 423
91 247
92 379
57 325
30 296
12 386
100 245
43 263
29 305
18 207
44 439
59 293
23 254
66 377
60 230
46 497
23 465
18 346
85 496
11 407
74 405
64 329
39 353
100 216
17 325
87 368
80 396
20 452
69 246
100 348
42 393
88 229
36 336
22 347
78 294
42 372
80 295
41 347
19 341
29 405
10 336
32 478
51 380
90 379
71 207
91 452
51 319
74 455
90 253
51 484
26 304
35 245
41 356
68 347
60 204
85 361
56 472
57 269
11 217
32 227
51 372
91 322
16 358
32 394
12 326
80 457
72 232
78 279
87 292
71 233
48 325
23 385
24 431
53 449
69 299
50 370
13 403
28 410
57 216
32 421
40 429
95 472
32 328
32 248
33 374
72 465
10 322
82 296
54 200
93 399
63 469
48 218
35 459
39 432
71 480
57 216
25 478
29 267
39 487
72 423
97 294
50 359
27 383
74 368
18 448
100 380
61 233
91 236
31 274
47 315
43 217
18 360
62 267
75 249
42 492
16 362
43 257
89 400
77 425
48 272
45 283
19 237
11 299
62 456
45 439
77 325
20 350
15 451
77 360
26 368
80 318
64 335
79 450
72 264
32 251
58 496
20 486
43 348
84 454
98 305
21 323
23 348
22 312
93 288
62 445
24 221
96 385
53 387
84 339
100 457
51 434
53 422
78 384
89 402
44 272
42 479
23 334
39 266
37 323
41 367
58 209
29 280
86 493
43 227
49 265
92 471
53 334
13 367
84 360
81 253
41 474
90 276
31 307
43 253
13 395
100 397
82 256
30 246
53 290
53 380
60 456
99 354
42 440
87 256
21 488
97 481
43 289
23 269
67 246
76 225
83 492
85 243
20 245
47 245
86 261
73 491
89 422
10 203
90 262
46 410
17 317
70 461
81 294
31 252
92 300
71 230
90 346
17 237
41 311
26 475
98 405
24 286
23 206
70 436
28 298
84 217
64 435
38 271
89 456
98 369
20 247
33 495
41 421
62 482
47 262
51 302
30 319
84 241
42 427
26 292
21 271
48 339
15 235
89 433
53 380
90 445
18 449
79 217
15 419
37 298
35 403
50 294
96 288
15 245
40 260
14 387
84 345
97 485
45 384
99 269
35 467
13 439
26 401
99 482
76 403
37 447
29 480
19 475
27 324
31 430
63 255
26 414
41 342
89 478
61 264
27 488
38 458
82 344
66 229
93 375
31 355
58 436
23 259
81 300
100 328
51 216
91 294
62 430
43 226
24 309
55 352
43 271
78 369
54 417
58 240
91 279
29 260
46 428
70 323
73 202
28 455
84 232
98 398
94 383
13 319
50 464
65 486
57 229
61 450
39 201
48 437
13 283
69 243
63 316
66 487
97 216
65 286
19 387
42 210
18 306
37 459
56 249
95 304
89 497
14 474
80 441
47 226
35 356
86 233
97 334
76 239
52 358
90 399
56 207
81 263
30 386
40 332
27 364
42 411
97 387
32 255
14 243
76 351
38 249
81 320
29 302
44 483
51 434
49 454
55 488
41 203
54 489
13 205
59 219
39 360
99 250
47 483
85 446
60 442
92 364
64 377
50 420
99 324
31 489
68 244
83 243
67 247
33 332
61 231
33 419
90 456
15 305
88 210
66 418
28 244
41 462
85 446
44 229
89 434
83 295
21 342
17 423
92 268
11 391
75 304
60 490
19 476
17 395
71 294
98 387
47 291
88 459
72 480
13 254
13 353
32 339
50 438
55 333
33 265
65 254
44 231
79 326
42 486
67 442
76 230
54 317
55 427
60 358
26 410
94 267
11 210
60 257
18 365
63 352
25 363
20 497
95 347
29 298
92 240
38 311
12 318
59 341
78 401
90 348
34 359
94 322
62 218
93 215
58 468
82 211
36 221
86 422
44 228
20 400
90 209
72 288
48 387
11 269
38 325
35 295
74 280
87 251
35 496
21 379
88 434
56 242
48 296
99 222
99 433
33 341
20 432
42 467
24 255
90 303
87 452
67 313
60 264
11 278
49 380
68 472
70 245
67 218
71 375
53 414
37 411
73 397
34 382
22 358
10 348
54 215
80 256
10 280
27 391
78 278
78 214
55 333
75 461
18 350
94 289
30 291
53 267
48 290
60 300
42 285
24 306
10 498
22 276
51 382
65 334
58 435
64 408
43 306
96 317
91 351
82 468
73 355
67 328
28 434
33 291
94 376
62 466
58 459
57 349
67 457
27 447
71 479
99 409
35 370
72 438
82 381
53 361
96 389
81 431
52 416
37 238
68 368
92 363
26 495
78 313
77 393
62 241
92 363
68 404
16 424
22 452
10 495
59 290
91 300
18 404
97 491
41 205
88 345
42 332
88 329
50 489
67 455
27 341
24 428
92 248
79 283
72 406
31 311
74 360
59 414
16 375
44 404
72 410
87 499
51 337
77 437
54 247
56 253
18 457
56 331
54 281
29 453
29 390
45 380
24 423
92 262
66 345
85 428
73 464
59 296
98 451
14 323
32 372
76 335
85 306
57 282
36 277
54 323
80 497
11 466
100 444
42 416
81 494
57 342
51 467
66 205
94 369
16 364
48 403
74 319
83 362
60 344
23 334
64 355
19 317
14 500
20 348
37 348
25 456
97 496
15 326
31 287
49 477
42 435
35 347
18 336
52 352
80 397
89 345
76 266
24 321
70 221
79 378
78 208
61 256
23 453
89 403
82 225
88 389
78 206
45 462
46 443
72 220
70 248
75 339
75 326
78 277
76 379
57 414
12 236
80 289
91 500
76 427
97 269
49 433
92 299
77 316
34 457
70 329
25 450
92 319
87 378
87 320
41 300
32 392
68 402
76 223
34 423
83 324
31 213
57 466
15 400
68 252
35 367
50 360
35 247
39 341
27 273
92 430
39 444
55 407
42 252
17 394
90 277
49 364
75 222
50 250
84 310
35 277
99 381
22 242
33 314
99 302
47 345
61 208
84 252
35 281
17 243
45 426
85 441
70 309
43 317
55 334
44 410
52 404
18 246
29 469
85 278
98 446
88 200
60 410
82 268
49 254
80 363
48 279
31 218
40 464
44 497
61 211
29 407
74 396
83 309
86 211
91 332
52 259
95 310
11 334
50 306
81 336
51 266
10 470
53 253
15 369
43 480
82 354
31 243
15 237
65 362
88 489
91 455
86 327
94 364
41 340
91 497
80 337
94 341
83 347
37 439
86 341
54 344
48 202
77 494
96 438
61 287
50 350
75 372
16 204
76 335
28 405
58 219
23 344
40 297
50 452
46 405
91 352
94 236
82 334
46 393
64 386
59 446
65 369
56 461
54 303
17 417
50 325
69 498
33 244
75 409
30 228
99 236
27 259
12 483
78 303
75 413
99 202
62 473
19 426
50 494
92 426
89 434
38 294
20 469
73 424
88 231
22 388
67 281
95 341
91 238
17 337
30 381
14 259
48 210
53 234
39 411
61 312
39 460
92 473
67 443
51 254
20 298
56 491
55 288
45 392
39 473
63 226
37 317
95 404
43 468
25 280
46 296
16 420
28 496
78 433
25 238
55 310
82 328
65 464
31 381
35 491
32 283
35 405
55 200
88 477
85 496
78 244
42 346
95 295
45 255
61 478
55 465
11 378
32 387
26 457
82 395
83 268
94 362
26 327
55 229
53 280
69 257
59 213
68 487
23 493
42 286
79 283
96 205
40 240
25 251
51 307
24 341
27 322
42 347
73 366
46 200
79 299
100 218
69 358
97 320
32 496
73 269
42 354
97 489
12 416
82 288
71 384
78 347
67 432
84 403
22 320
17 441
51 358
81 430
73 363
54 314
32 404
58 335
48 407
53 349
28 261
57 243
47 315
40 399
60 334
96 242
60 402
62 270
73 340
19 223
36 499
94 259
43 470
39 358
59 416
85 448
33 393
29 320
29 330
36 402
37 269
14 366
14 324
51 480
62 386
38 416
40 290
62 485
90 318
71 436
37 299
41 460
13 220
84 347
37 248
64 263
21 441
67 237
88 264
55 228
31 419
53 231
68 419
51 267
59 359
21 219
30 232
63 347
66 258
18 404
72 491
73 373
57 294
98 496
10 325
100 256
89 417
46 200
20 253
66 270
62 469
18 267
82 217
69 203
33 306
57 280
67 271
41 227
60 260
75 422
44 495
45 327
80 465
41 395
84 294
21 378
36 453
28 462
16 205
72 443
81 320
88 408
49 424
78 456
19 406
75 268
79 304
92 459
16 421
10 234
45 267
36 476
58 254
42 438
57 351
20 320
86 352
92 260
79 411
49 208
37 342
58 415
50 421
81 413
89 476
64 305
20 308
58 210
60 466
49 320
20 276
61 236
20 417
47 453
38 210
41 393
80 487
89 445
55 379
94 446
67 253
85 345
100 330
99 421
49 450
82 361
60 380
71 352
86 392
23 373
74 213
42 452
59 271
36 253
16 253
65 252
93 249
13 365
81 399
67 374
65 224
95 323
82 381
12 450
90 227
97 423
86 337
16 388
76 218
65 307
79 389
18 275
68 455
80 216
39 225
85 201
48 373
89 403
62 247
49 223
32 423
68 213
92 268
69 367
32 290
66 307
53 282
89 418
11 322
22 391
67 272
50 295
40 415
34 397
83 247
96 486
36 366
39 428
90 348
10 419
85 217
39 417
39 358
64 336
48 466
33 225
37 317
20 432
66 465
75 442
34 497
16 379
87 374
94 495
97 299
14 460
60 388
88 365
78 460
46 424
82 426
31 412
60 416
92 222
92 369
63 289
52 391
39 426
32 422
31 235
81 230
26 286
86 319
46 362
18 401
43 453
69 483
61 266
21 456
43 226
88 251
82 438
45 482
31 405
61 481
49 373
95 383
88 379
85 410
97 280
33 326
46 334
56 345
73 405
66 437
33 322
27 496
47 328
42 321
83 277
37 472
87 312
12 410
64 305
25 481
44 277
16 315
93 312
94 209
46 458
33 397
67 383
91 287
29 215
88 243
79 209
87 242
99 267
56 210
40 419
40 455
72 444
70 355
62 478
28 471
23 259
84 463
18 457
63 402
60 407
56 212
28 359
73 436
86 354
96 497
16 283
15 267
35 220
96 230
38 485
11 331
82 316
10 435
76 292
44 391
67 230
43 364
86 357
27 213
89 392
12 232
11 460
36 450
100 420
40 376
100 379
96 397
43 299
88 466
76 417
61 340
74 209
97 285
64 201
47 274
53 256
100 317
74 355
98 394
58 445
64 479
32 224
54 268
34 456
91 413
25 339
58 268
63 455
12 412
31 349
68 246
52 241
45 369
56 277
52 471
33 229
77 294
81 222
91 275
25 345
68 299
86 490
84 230
33 469
27 246
88 326
45 471
15 354
73 212
39 249
82 401
47 330
34 332
96 306
49 228
59 344
15 333
87 393
100 424
91 452
81 377
65 261
34 395
75 335
47 294
75 288
30 463
40 491
55 468
32 400
100 446
65 222
78 274
19 288
77 225
57 416
78 266
52 449
44 290
62 266
31 416
63 380
10 220
58 372
44 364
49 382
60 213
11 285
71 268
31 484
20 413
58 394
52 325
16 338
81 323
84 249
20 257
15 367
18 497
28 463
43 207
49 419
34 498
47 206
25 326
97 257
100 286
94 466
71 492
54 225
84 456
15 302
53 401
67 488
37 405
67 205
15 295
79 331
19 326
52 307
48 474
77 439
18 263
69 370
49 457
47 267
30 367
42 374
80 236
34 464
46 311
39 302
60 240
62 397
88 469
57 266
68 265
52 452
19 357
72 281
51 465
43 475
79 415
44 398
36 458
28 341
76 477
40 373
28 274
58 331
58 420
57 384
54 299
55 262
74 405
37 468
89 389
48 398
61 488
79 203
68 354
75 413
16 485
32 296
60 202
57 200
10 222
87 407
67 468
33 476
21 459
71 439
83 283
30 348
91 329
46 415
58 444
55 210
25 310
52 386
19 432
47 484
30 468
26 473
28 256
43 204
62 341
38 259
21 227
40 393
19 258
23 287
49 383
85 328
98 302
57 203
52 246
79 436
43 325
21 346
97 356
53 293
57 241
55 319
56 259
34 322
77 268
86 466
32 405
44 342
23 205
53 489
10 281
54 464
43 331
58 435
73 409
51 382
45 329
14 417
61 462
74 352
93 346
16 480
46 361
97 455
57 417
40 316
34 366
54 251
66 339
22 383
65 214
74 447
39 464
18 430
70 301
80 454
94 348
39 396
53 453
51 273
38 242
20 214
82 418
99 303
28 251
38 253
91 449
47 307
44 261
72 285
90 215
83 207
92 420
76 321
64 451
44 389
24 283
71 350
72 469
97 456
44 337
37 484
91 406
17 395
45 224
54 227
30 217
70 352
11 386
56 457
79 316
74 278
98 498
15 298
68 279
77 384
37 460
35 399
94 355
68 281
21 221
25 316
11 292
16 373
47 340
84 315
68 374
34 304
56 270
52 286
42 353
24 463
85 285
66 426
99 352
15 216
44 214
67 360
68 499
64 284
88 260
46 243
22 491
75 254
10 447
81 256
98 258
81 360
60 277
22 481
69 241
30 250
64 277
28 362
23 340
90 312
46 493
20 232
59 451
79 441
27 375
17 445
16 464
22 423
87 339
41 469
68 348
38 385
12 326
15 400
91 339
43 264
84 316
11 262
54 281
55 362
93 448
11 236
67 360
83 451
10 362
25 276
75 335
52 334
62 405
19 325
52 494
96 375
22 384
31 274
78 389
54 320
54 491
32 497
32 315
27 496
82 213
54 386
48 482
50 258
53 451
14 380
27 221
10 401
61 390
59 268
23 359
24 314
57 494
95 347
68 456
28 484
16 414
22 267
30 235
70 231
37 458
49 328
92 363
47 281
34 452
97 230
98 487
31 306
74 403
50 237
91 244
98 328
93 237
31 251
34 469
66 457
29 391
69 251
17 210
25 205
64 432
95 470
48 328
31 347
59 478
71 287
55 251
63 377
41 258
77 259
39 409
80 300
64 498
31 201
70 434
28 418
20 440
47 231
18 360
33 496
56 460
70 256
25 396
48 248
87 260
74 380
73 271
36 467
17 280
23 224
56 372
100 327
34 226
78 276
31 435
63 422
58 253
77 304
34 361
82 352
18 358
90 287
99 410
34 396
90 420
46 453
59 311
28 352
99 336
79 473
23 450
59 364
80 322
60 400
13 217
78 301
86 482
19 202
47 391
16 381
45 266
89 352
13 361
40 464
29 381
47 467
12 279
29 230
31 445
48 281
73 432
62 286
47 270
59 304
69 384
36 470
33 215
23 327
86 325
92 271
24 475
27 285
34 214
24 353
42 495
59 421
42 316
26 237
100 442
79 245
94 473
88 274
83 285
17 312
17 440
90 364
91 319
11 316
69 213
50 292
41 403
69 281
91 366
68 252
77 306
74 432
51 210
14 214
24 356
55 204
73 459
16 358
67 266
59 310
86 391
53 434
78 313
16 211
59 230
74 286
74 310
60 363
61 422
65 415
38 453
23 272
70 485
44 387
90 301
78 477
18 348
19 484
95 374
17 388
53 207
97 439
82 390
58 335
36 377
34 338
85 315
81 439
84 237
43 248
34 220
29 279
58 435
82 277
70 206
77 361
86 337
57 228
45 248
26 337
27 310
88 203
14 334
19 473
100 466
79 408
80 245
29 302
89 499
61 436
15 491
88 416
100 294
75 353
49 204
68 267
58 466
30 488
39 411
67 369
45 430
80 310
59 212
32 352
26 438
22 413
19 282
39 255
44 220
69 218
58 348
65 287
98 203
85 310
78 484
83 290
13 205
53 336
23 210
26 427
58 474
24 326
37 468
93 381
74 238
70 462
51 383
91 448
73 272
93 249
43 436
25 417
90 439
61 356
97 438
96 295
68 371
76 417
79 251
83 223
83 446
38 374
94 483
90 412
20 277
69 258
19 250
52 351
15 476
27 335
80 488
19 273
11 300
96 343
70 236
87 288
48 249
39 457
59 231
61 484
63 329
75 219
13 465
87 265
29 276
36 251
43 280
62 269
47 212
79 379
53 477
22 428
96 377
85 456
87 251
77 466
28 379
75 458
31 254
56 482
28 373
65 291
44 306
23 230
91 221
68 315
36 324
50 422
48 375
38 307
87 215
36 454
73 456
89 436
79 333
97 288
43 348
75 356
40 489
38 220
59 494
27 406
39 275
69 216
56 454
27 223
82 344
10 312
71 286
10 258
50 414
100 322
57 476
76 465
42 313
72 321
64 218
76 321
19 302
87 442
21 409
61 474
74 340
47 200
12 333
47 294
98 354
88 206
37 343
96 441
85 406
22 460
18 236
20 416
49 316
46 292
27 271
53 425
74 300
52 286
55 433
45 378
89 494
60 314
13 304
10 439
38 213
52 332
64 377
28 285
76 405
26 364
78 393
100 336
76 463
44 375
95 500
36 431
66 385
25 477
58 497
19 397
38 262
86 207
93 276
58 329
85 419
77 355
97 231
66 253
82 260
19 389
43 378
21 452
84 261
30 450
15 343
81 465
16 324
89 242
33 462
30 228
74 212
32 390
36 272
59 486
14 268
100 342
66 391
99 407
10 419
98 407
20 350
12 366
97 291
42 272
54 427
53 383
75 433
68 431
80 465
35 235
10 489
85 428
100 368
32 280
65 337
32 247
97 307
18 411
95 218
93 401
65 232
84 333
37 355
57 367
85 430
53 301
71 478
14 246
37 209
86 331
55 212
29 282
58 239
60 416
77 374
18 452
51 348
88 268
96 247
47 220
80 235
28 292
44 247
36 257
21 415
25 301
46 214
33 444
35 325
64 208
52 425
60 353
26 444
33 475
81 202
18 365
76 265
64 450
21 244
43 216
29 241
14 283
56 500
76 206
73 285
45 220
64 424
70 430
95 492
18 255
25 348
53 482
15 275
10 372
23 284
65 477
18 204
61 329
96 434
61 226
29 298
46 376
17 369
43 338
62 209
41 304
30 211
31 468
16 363
31 304
83 227
62 220
17 288
72 434
66 382
87 439
82 457
84 451
92 420
55 384
30 381
83 484
86 420
92 428
90 289
21 427
61 260
79 297
12 494
87 268
36 440
15 304
22 270
60 369
32 292
73 265
16 439
56 314
77 499
47 390
40 221
54 302
48 212
76 327
36 379
35 330
90 301
32 362
47 437
32 208
13 231
75 201
13 322
65 226
49 305
99 306
23 430
33 254
38 256
82 346
25 476
42 452
11 358
69 294
63 292
70 272
49 376
40 242
29 338
86 465
23 433
100 468
53 378
13 202
32 353
61 318
56 272
14 302
73 280
21 422
81 499
56 444
42 268
34 218
97 452
45 298
20 202
99 445
68 288
97 314
51 294
90 217
29 348
33 494
29 464
81 498
95 409
28 483
38 325
14 332
79 484
98 308
48 496
14 315
62 448
21 422
37 207
79 305
94 456
11 481
99 462
76 228
35 367
83 296
26 461
14 416
54 307
47 328
99 275
23 284
69 269
79 462
34 343
15 329
21 313
19 416
52 235
28 394
96 405
56 292
15 316
70 258
26 480
13 424
22 226
91 475
50 411
40 320
42 451
71 250
52 257
79 235
28 359
87 392
61 318
88 378
57 389
24 255
28 219
13 371
43 384
74 340
79 229
73 496
13 357
26 441
77 460
66 353
54 355
71 331
11 478
71 253
69 393
47 234
66 485
80 457
97 500
99 361
75 403
11 407
31 350
49 320
38 272
18 377
74 217
51 246
54 466
50 309
60 357
26 219
54 447
79 459
29 420
42 372
65 424
88 280
78 375
10 281
58 322
51 272
51 415
77 282
67 367
34 438
29 433
42 366
62 331
40 222
14 342
38 323
85 371
18 237
16 252
31 391
82 224
66 463
81 229
81 218
21 284
26 370
71 361
30 345
86 257
13 493
48 460
22 414
21 467
48 325
93 467
98 292
20 376
60 379
58 498
54 251
61 301
63 247
46 354
53 404
59 207
38 259
52 210
82 247
33 321
97 343
14 286
90 226
74 388
32 316
42 200
54 365
47 486
23 463
15 252
67 500
40 261
23 425
98 480
61 395
41 242
47 336
67 422
77 238
39 216
25 444
76 420
27 217
38 469
21 494
77 345
60 427
90 500
14 375
84 221
17 477
38 256
77 340
98 424
52 236
15 483
23 355
35 486
19 256
51 300
59 423
25 441
88 248
98 400
91 266
74 391
59 434
69 355
23 323
42 401
72 417
86 237
82 234
42 342
91 477
75 488
27 336
75 397
57 267
59 256
17 216
62 376
88 291
92 422
13 457
29 223
33 455
24 394
43 232
59 426
56 426
36 256
39 291
40 395
91 248
86 389
38 295
63 413
32 495
42 249
94 405
27 222
84 231
85 495
14 349
49 420
83 283
49 336
94 377
23 430
30 379
81 337
10 332
36 308
68 332
37 476
84 328
41 243
12 362
83 270
76 407
46 233
60 415
50 261
63 297
90 415
26 258
58 449
67 249
28 415
16 364
48 315
26 285
73 499
22 294
52 406
39 206
63 389
36 257
22 411
30 390
90 279
72 376
79 286
85 233
79 203
14 288
43 236
23 324
67 268
23 251
39 418
60 311
22 428
22 205
93 420
36 463
41 342
82 476
16 410
69 327
20 304
66 429
20 237
22 323
30 470
49 427
59 431
14 392
11 303
58 445
21 240
38 471
100 443
78 208
40 352
54 213
36 448
20 244
51 444
77 489
76 240
84 500
40 350
58 227
31 237
52 373
53 328
11 409
17 487
21 372
42 200
13 493
38 277
30 382
10 353
13 383
38 432
63 212
91 222
27 483
79 211
17 285
66 397
37 411
13 359
90 420
67 417
66 205
34 348
36 464
100 404
26 292
79 478
23 416
52 293
44 207
25 400
15 444
22 235
34 378
44 335
24 452
71 408
58 444
84 241
45 205
77 201
91 279
93 351
42 376
60 239
81 497
81 425
37 485
46 493
72 251
38 408
98 277
84 357
19 371
39 325
29 342
68 423
25 203
77 313
20 415
86 211
83 240
41 249
22 293
33 386
73 267
33 245
23 358
25 262
90 249
40 354
77 412
83 210
75 497
11 492
12 374
77 220
16 387
57 387
10 260
66 222
96 263
43 370
59 418
58 400
28 217
20 256
13 279
50 241
15 338
63 436
56 485
19 374
26 474
44 249
100 480
53 260
51 236
67 414
23 260
65 319
66 315
90 405
31 390
10 368
62 429
60 489
73 457
86 483
89 270
32 413
45 451
100 242
77 352
12 340
43 217
84 439
96 232
85 374
84 489
15 399
28 242
69 477
88 398
96 326
54 390
80 217
55 410
92 276
98 464
37 423
78 273
57 461
65 352
15 476
43 273
46 455
93 461
14 211
75 340
72 274
44 274
71 267
47 249
37 495
36 458
38 392
55 426
94 233
80 384
20 367
73 231
90 470
23 451
98 247
19 466
33 467
37 362
96 473
73 327
71 374
66 231
29 213
47 316
84 484
76 403
18 355
13 369
30 323
54 453
32 257
13 441
70 406
12 258
67 463
13 494
90 367
90 300
44 431
49 274
33 313
75 212
42 309
39 491
76 399
43 251
64 258
69 430
39 242
15 490
62 270
86 290
95 457
41 215
83 305
19 499
74 464
10 335
42 289
31 403
40 466
68 343
26 394
43 386
24 208
67 441
74 307
45 464
98 370
60 348
72 466
49 292
32 305
13 400
42 451
35 280
14 204
82 338
47 444
92 283
80 398
91 479
27 453
21 216
81 319
58 247
56 459
50 413
99 464
42 305
41 364
29 279
24 206
83 465
43 389
75 300
86 219
66 240
71 419
81 244
64 319
94 221
88 328
87 239
14 444
80 455
13 478
98 323
27 348
95 383
18 334
35 271
51 459
60 274
84 317
27 314
31 307
19 411
71 416
20 476
42 242
37 365
53 361
25 453
31 223
83 494
95 215
33 459
62 325
75 301
76 249
46 275
65 397
31 490
14 385
27 420
85 292
44 447
96 220
23 359
85 433
56 349
67 366
42 372
78 239
26 381
61 285
12 343
71 339
68 242
27 496
75 451
93 496
93 388
85 495
68 458
65 399
11 325
18 312
12 203
66 367
92 338
44 237
59 382
80 211
43 349
65 334
25 443
42 344
62 243
78 377
49 464
96 204
64 289
10 483
89 366
48 375
83 249
36 434
50 488
20 252
83 299
70 334
13 414
15 321
82 213
48 355
79 472
34 464
10 426
24 252
90 494
86 244
99 288
29 372
44 320
11 361
32 209
23 359
73 421
53 329
28 427
38 309
88 343
55 357
49 418
39 309
86 285
27 403
90 279
11 398
40 398
12 216
74 201
13 227
61 304
17 253
10 340
39 276
61 334
75 399
71 240
93 411
82 258
56 447
19 287
20 434
77 300
81 289
91 224
66 421
94 473
85 257
73 235
81 442
24 214
50 369
75 245
57 328
69 342
43 389
77 266
44 362
28 472
19 366
62 216
24 272
11 460
11 448
92 360
24 312
16 428
17 378
77 458
54 276
30 429
39 478
57 236
66 310
14 438
47 452
13 212
37 340
39 251
96 415
36 375
91 286
90 405
39 223
79 317
27 411
50 463
22 240
83 427
34 456
70 326
15 267
12 380
95 258
87 393
26 343
62 448
71 318
30 239
34 464
100 339
62 402
61 211
99 248
69 241
84 200
75 360
82 404
48 372
72 369
28 435
10 229
57 338
11 484
89 387
77 484
39 269
54 275
28 225
88 366
55 276
97 280
40 331
60 373
17 395
67 466
19 202
86 409
55 291
97 417
75 287
11 401
27 483
57 336
23 299
50 421
86 266
88 208
23 383
94 298
32 372
73 304
44 208
23 414
98 354
12 476
46 479
38 497
21 301
26 316
46 231
93 473
11 487
10 444
44 310
62 345
71 254
23 306
99 412
19 311
10 298
30 405
78 360
80 486
97 482
77 258
24 287
81 208
66 460
57 341
92 443
83 451
59 385
83 259
87 224
69 310
67 303
12 347
63 365
50 322
78 332
19 258
48 360
71 390
88 468
31 236
52 416
94 406
63 492
37 294
30 482
15 235
10 368
48 446
91 464
77 278
67 396
77 463
92 300
35 222
45 281
20 426
23 495
14 245
79 495
42 400
91 493
49 209
18 317
18 240
91 420
47 273
50 352
25 218
78 285
37 469
23 498
64 363
14 476
28 426
100 446
45 395
24 209
99 497
51 257
48 304
17 253
89 492
61 310
14 306
34 500
69 210
42 419
90 437
53 481
82 312
85 437
23 313
82 310
84 470
81 243
27 242
69 348
98 400
36 493
76 250
97 479
23 386
83 333
37 489
74 433
58 437
15 456
19 212
82 256
73 330
41 453
12 294
59 304
83 456
28 449
25 486
55 466
15 222
95 442
80 258
67 209
79 493
62 494
22 479
61 385
22 247
38 380
91 387
41 233
52 229
85 298
36 256
60 284
84 208
90 487
39 400
54 260
82 359
22 296
11 201
42 345
27 267
55 237
37 207
44 297
98 451
100 399
76 305
81 233
84 207
76 328
42 415
83 448
51 340
72 360
84 422
83 287
91 228
72 444
76 294
59 420
51 333
22 450
88 249
93 449
79 401
83 363
13 413
88 389
77 251
22 291
26 202
24 411
85 402
87 414
72 292
86 438
57 350
56 260
53 268
69 406
69 233
96 284
71 276
79 397
96 419
61 498
49 265
44 299
41 461
84 360
28 244
42 427
30 383
37 243
89 445
21 419
10 415
82 374
15 373
72 465
13 457
38 360
24 268
39 437
55 421
21 282
44 292
12 257
94 394
91 425
88 396
55 215
71 244
22 499
12 357
40 407
70 323
75 284
94 475
56 420
25 215
38 258
74 409
77 230
32 263
66 390
68 446
62 468
64 492
68 304
21 327
36 412
82 227
81 340
14 466
40 346
58 210
96 487
62 366
69 471
93 370
74 286
63 214
69 253
63 468
83 303
50 318
71 243
73 460
23 295
95 342
22 304
38 492
91 220
98 257
90 235
47 299
67 441
52 323
80 268
25 300
58 385
34 233
51 461
50 210
90 315
34 395
50 453
36 460
68 494
15 412
77 392
37 248
69 273
86 275
64 462
64 360
84 492
57 423
10 334
14 406
41 483
54 317
16 437
37 306
67 292
85 356
11 427
94 265
17 275
72 239
60 465
47 281
76 240
84 305
91 385
28 221
43 261
28 200
53 415
77 376
13 272
16 389
90 436
39 449
58 243
31 445
90 285
14 412
25 428
58 398
40 478
53 378
48 205
39 485
42 484
64 325
84 289
13 204
86 366
87 433
60 338
14 366
93 302
67 447
61 494
76 240
54 461
43 407
52 296
46 284
42 449
45 234
32 269
15 461
98 338
67 345
62 219
59 297
44 487
24 249
57 234
65 399
71 207
56 358
70 394
59 282
54 248
44 278
97 252
100 253
94 380
68 263
37 306
26 419
96 301
82 272
84 257
16 278
98 475
30 266
53 327
86 358
90 362
89 443
68 372
97 201
54 291
32 401
80 374
69 490
42 236
45 259
13 381
86 255
13 473
30 422
48 419
70 373
34 414
40 444
100 259
69 338
53 460
87 497
56 255
24 308
22 446
66 333
64 404
25 431
20 460
39 424
51 330
12 357
74 361
84 330
31 445
25 219
23 404
59 486
74 400
20 500
86 360
10 421
82 470
69 388
23 350
67 205
23 357
56 474
64 361
22 388
61 469
21 407
56 321
98 279
60 436
14 263
84 360
48 307
46 232
74 457
32 254
40 312
25 221
86 379
41 337
80 386
89 371
83 426
77 435
26 410
88 232
90 414
14 406
16 470
61 413
25 270
36 336
82 327
57 416
83 439
27 220
97 306
69 315
66 281
22 485
89 368
82 465
87 357
32 500
89 206
35 201
83 328
76 356
11 394
84 461
74 272
62 354
33 321
66 358
83 417
88 343
40 308
29 315
18 375
73 491
50 425
27 407
22 278
86 207
26 283
24 201
87 397
40 483
60 223
61 319
90 433
83 474
34 217
62 353
69 302
92 222
49 335
95 279
12 391
37 283
66 202
88 227
27 389
24 315
76 300
89 250
40 395
47 420
90 261
96 253
50 416
30 339
60 454
49 362
59 453
60 267
81 228
30 251
65 253
91 227
36 249
59 232
67 250
30 305
21 475
67 424
84 383
13 339
66 378
21 430
46 445
92 483
71 489
78 237
19 349
83 242
64 291
65 292
16 477
93 351
82 454
97 289
26 234
61 472
69 377
59 491
59 295
85 442
79 455
72 224
83 243
87 452
65 290
83 323
53 338
52 466
14 446
52 427
11 381
66 391
91 498
38 277
28 302
32 275
37 498
48 310
27 314
73 222
56 202
15 420
47 268
87 381
59 288
34 443
58 353
84 476
68 413
51 342
87 470
100 471
83 414
86 406
89 239
98 381
67 472
97 279
23 334
71 453
37 466
86 390
48 427
87 418
97 266
17 304
26 425
22 452
18 252
24 315
73 432
95 281
23 444
59 342
90 218
63 448
78 438
82 250
88 402
10 454
58 477
84 452
78 229
35 438
74 458
100 321
77 396
56 242
10 210
43 366
88 376
86 461
61 400
60 376
88 378
85 467
31 284
72 403
44 469
11 292
25 291
71 214
94 212
82 224
86 338
100 450
74 401
18 275
52 320
35 249
82 229
38 249
95 333
27 274
77 242
99 477
28 478
84 218
50 496
85 463
96 330
61 295
69 271
19 229
54 271
66 337
71 244
54 261
20 339
56 427
16 452
78 412
23 292
63 419
79 370
51 370
85 242
60 480
88 234
80 204
67 236
83 303
56 227
55 457
24 450
69 445
55 486
17 227
24 235
48 314
34 276
84 354
71 348
24 381
13 291
53 436
18 475
24 357
79 352
46 266
33 395
22 400
14 317
62 407
16 323
74 456
69 454
11 416
55 341
51 381
35 430
44 458
47 304
61 304
27 376
18 456
65 331
81 400
67 481
13 447
59 327
67 401
89 411
19 280
47 310
54 433
18 226
33 341
46 453
33 484
44 265
29 348
79 493
85 491
58 303
35 475
29 288
50 409
24 389
13 250
74 347
13 436
98 270
53 401
74 420
22 299
34 221
70 278
57 445
64 385
43 455
92 427
45 483
32 440
18 221
36 267
45 370
26 440
29 426
93 411
61 423
10 279
63 457
50 356
78 375
95 398
57 348
89 270
82 408
13 348
62 448
34 495
32 315
56 455
35 473
98 336
15 374
34 237
85 221
95 430
95 383
53 424
92 451
96 259
15 452
25 485
92 220
81 414
15 311
28 275
74 482
80 377
77 274
64 334
94 256
40 442
63 340
56 420
77 308
81 347
50 284
66 306
99 208
72 390
72 337
98 301
69 324
40 372
97 290
77 494
14 218
96 234
52 249
39 346
93 331
27 314
69 273
54 469
28 389
89 299
69 271
51 241
26 276
90 293
75 317
66 411
36 471
64 340
66 297
61 325
65 428
17 240
61 257
18 231
40 316
49 369
99 429
36 231
34 221
91 269
99 309
96 321
34 323
67 247
68 397
64 245
58 458
73 274
87 493
14 409
94 333
79 446
96 437
70 216
46 500
83 495
33 214
33 336
16 476
63 455
16 402
22 496
51 483
90 374
29 323
71 284
100 309
69 218
16 353
78 452
52 268
13 409
17 410
48 317
79 274
13 256
80 219
12 335
65 270
21 478
48 489
23 298
47 438
58 291
74 248
22 392
66 439
53 297
15 243
50 482
54 435
32 242
33 237
17 355
42 283
88 399
27 240
43 318
100 262
71 216
97 401
14 376
25 407
90 385
64 337
30 465
100 352
95 373
56 332
90 395
47 257
84 436
96 239
83 473
34 360
85 360
53 346
46 349
100 459
68 349
82 400
34 264
94 269
30 391
46 414
91 265
50 328
65 467
17 401
57 417
16 378
24 322
83 261
97 424
12 454
99 212
52 335
82 304
67 464
47 255
37 228
12 246
28 469
39 472
30 351
29 379
43 465
12 399
20 370
61 444
63 344
23 375
44 482
66 383
22 422
30 271
20 457
81 255
16 228
26 242
22 415
26 305
42 371
34 303
82 275
45 262
98 400
66 347
16 314
59 275
14 366
69 435
82 362
16 496
75 467
77 468
68 408
59 408
76 225
32 217
31 455
17 418
25 364
78 485
75 493
14 462
86 304
94 480
38 234
17 305
33 461
53 279
94 293
71 397
47 446
96 267
22 392
14 203
93 499
77 482
34 446
46 297
70 487
93 465
93 449
63 470
10 290
87 226
70 485
43 350
66 485
39 228
95 401
32 329
41 418
17 287
96 451
92 362
100 409
25 407
10 294
34 465
47 324
20 467
84 312
78 488
45 232
80 421
66 446
26 480
27 308
24 476
40 400
95 394
53 362
85 364
52 376
16 290
99 216
59 256
87 321
84 322
22 459
60 433
82 240
37 216
27 428
39 254
74 226
50 384
97 396
86 243
22 273
37 219
35 287
55 367
39 218
42 408
17 430
83 329
85 201
15 216
78 285
22 255
30 366
85 348
66 385
28 282
25 422
51 497
95 275
61 263
50 251
74 218
11 259
63 400
29 493
51 489
65 334
65 237
41 381
66 210
37 224
37 421
93 291
56 301
90 429
36 358
26 283
12 409
19 224
66 403
87 373
14 442
86 333
37 405
36 312
39 227
39 405
68 429
60 263
71 311
47 393
41 420
60 295
43 267
26 285
77 483
32 258
54 362
67 352
14 404
36 430
18 499
26 277
50 279
16 406
79 230
34 257
69 473
33 477
69 369
64 407
52 417
80 276
19 356
40 243
93 290
20 338
48 205
94 415
65 454
26 373
70 266
70 331
34 481
40 227
96 318
92 200
42 349
42 462
70 352
28 463
55 376
80 429
81 465
44 415
90 362
96 299
10 416
52 365
21 488
43 244
39 276
16 238
21 469
39 327
37 403
60 211
12 391
37 460
29 232
83 421
85 360
85 219
60 399
35 471
72 226
40 441
56 408
88 374
10 377
12 446
92 290
72 357
55 345
94 484
88 390
99 418
71 423
74 274
73 220
54 457
67 407
61 496
46 325
44 440
83 369
37 229
61 290
84 287
24 401
42 210
70 474
37 238
78 314
60 417
62 203
11 278
13 219
96 224
64 442
49 243
75 297
36 469
91 407
95 271
14 275
70 296
30 208
68 292
23 293
65 355
48 280
58 457
44 206
54 341
82 343
61 458
31 405
98 276
24 379
26 317
82 428
55 401
100 395
26 457
94 400
52 234
26 245
45 227
52 369
21 398
81 200
96 401
40 479
77 465
48 272
35 260
59 394
84 333
56 403
35 225
60 351
43 230
39 448
90 345
67 374
84 226
90 347
66 227
34 352
36 433
14 472
91 321
95 352
76 403
91 443
89 305
94 386
80 387
62 290
29 399
87 223
46 286
44 301
59 395
23 202
40 224
100 217
81 288
21 249
43 372
19 368
70 233
69 209
88 335
35 400
29 211
35 358
50 493
83 308
91 259
10 412
22 484
67 379
56 247
12 211
61 368
90 294
41 330
86 218
58 301
52 397
85 239
95 308
63 463
87 316
72 425
36 254
12 457
41 429
52 309
26 371
35 466
49 275
26 467
49 208
62 461
14 328
48 409
34 430
76 250
54 342
24 273
86 332
54 278
92 431
39 347
78 313
77 465
85 356
67 380
31 396
94 468
82 237
88 358
43 247
43 462
28 331
47 484
92 411
46 370
66 397
54 340
56 226
22 347
78 433
26 445
61 315
13 250
15 288
11 268
72 264
14 372
18 462
56 256
59 365
100 462
83 341
21 271
37 355
69 448
67 342
29 365
22 201
77 258
78 271
82 324
75 202
92 428
91 300
100 284
55 359
28 226
15 346
29 264
63 414
10 487
54 301
64 462
69 464
100 342
71 493
11 318
83 359
45 458
93 479
40 424
97 235
92 484
50 446
98 280
25 208
49 365
43 315
88 361
96 244
11 261
47 417
28 231
59 323
20 484
61 429
15 336
24 204
22 243
34 366
84 258
70 288
72 382
52 448
15 380
63 245
67 477
36 218
46 385
11 344
54 391
76 474
36 485
73 294
17 377
75 250
99 232
77 256
48 491
83 406
30 444
39 261
24 310
89 326
14 370
33 313
31 491
87 486
89 213
23 401
72 438
50 222
32 238
94 333
62 230
93 348
91 438
49 292
51 387
29 493
43 285
83 214
14 289
75 448
82 478
15 390
76 248
40 334
52 440
48 264
80 455
12 342
25 219
39 339
41 249
37 360
100 283
91 307
42 272
24 424
16 302
83 464
92 475
97 386
64 464
46 283
37 310
67 208
15 257
72 433
53 376
36 339
72 416
74 280
46 399
43 486
70 464
51 300
56 496
94 251
44 384
15 326
58 457
23 471
31 380
63 269
48 445
98 413
70 251
77 245
75 343
74 298
89 479
59 443
24 281
70 331
62 276
83 357
65 490
37 496
44 428
77 322
42 370
55 481
98 374
87 219
57 255
70 272
92 465
97 356
50 458
27 460
96 342
76 465
59 341
99 347
55 423
75 390
66 402
15 413
67 345
89 241
16 498
76 281
93 225
67 207
93 322
62 364
10 481
10 493
93 487
15 287
54 256
14 452
25 245
74 432
66 494
21 488
37 484
86 453
23 455
79 339
17 324
56 489
30 228
30 272
34 217
40 323
68 234
89 430
17 336
27 418
40 282
24 319
25 423
13 422
70 429
97 403
39 211
84 254
24 219
89 203
92 435
27 209
25 298
41 247
30 249
22 262
50 318
44 295
54 351
20 368
45 225
53 281
76 360
50 224
57 462
92 417
73 252
98 313
77 313
37 233
13 222
74 443
94 376
34 331
71 202
23 255
68 268
43 212
18 422
86 257
37 463
67 478
49 297
87 315
18 298
39 221
27 393
27 410
36 348
74 494
49 238
66 326
69 283
12 434
61 272
59 286
29 362
87 500
96 200
64 317
13 411
79 317
22 449
57 321
10 216
62 395
70 261
19 208
96 205
32 247
64 330
43 313
22 243
30 399
19 324
37 240
41 252
60 287
65 332
18 246
54 421
68 301
14 309
69 275
53 200
19 393
34 353
15 271
35 215
16 337
73 435
74 322
66 483
20 438
56 267
11 412
69 374
77 470
10 271
37 247
89 213
76 299
52 343
21 460
15 238
38 446
77 423
45 409
51 477
79 418
54 279
23 481
13 240
86 334
51 341
73 280
76 269
68 469
28 448
58 218
22 473
28 408
68 481
48 448
35 412
33 399
61 444
55 290
53 226
30 494
70 254
50 220
40 403
62 235
50 365
61 285
23 467
31 380
60 257
53 251
13 441
81 306
39 226
27 267
28 270
92 419
93 334
86 448
12 325
97 285
75 487
30 224
53 311
85 247
38 230
14 485
30 497
95 254
19 436
57 274
21 381
79 279
43 329
89 450
65 459
50 392
58 353
43 245
39 269
30 230
73 390
61 469
18 253
69 357
29 343
18 444
81 270
97 438
50 499
76 301
86 371
61 249
13 357
61 437
39 335
25 475
15 481
20 308
84 466
95 421
21 242
59 230
89 336
32 460
56 304
24 490
41 252
91 447
32 281
93 284
33 298
79 389
46 450
69 210
31 359
48 422
66 295
51 411
68 369
64 464
88 430
17 345
15 440
79 288
12 373
15 436
41 328
81 499
74 218
59 391
66 388
54 425
19 213
57 313
30 204
53 252
51 479
16 262
21 335
10 388
19 421
66 428
17 346
81 276
11 332
92 389
53 228
16 452
39 398
56 321
90 290
48 234
22 468
12 384
39 396
64 259
36 293
16 366
82 310
77 450
43 357
13 461
13 401
29 375
89 426
72 398
74 317
71 482
64 478
36 285
40 386
21 490
72 228
99 315
68 495
90 228
96 352
67 435
29 350
21 248
61 254
49 490
93 327
37 354
100 286
28 478
16 481
58 349
20 470
48 244
47 427
96 213
47 210
58 229
11 207
36 385
15 474
66 382
65 295
70 354
20 373
94 250
81 496
21 311
61 261
32 327
50 377
57 215
97 487
52 497
37 272
39 204
33 204
93 243
51 320
15 327
67 426
41 245
12 475
92 284
11 461
41 473
58 200
38 474
56 482
68 430
39 300
42 497
55 467
13 251
13 335
57 479
33 204
17 381
93 328
69 413
39 325
63 325
87 271
95 209
51 217
97 204
22 270
96 319
26 439
26 273
33 498
53 284
77 223
98 430
76 327
80 389
65 477
92 475
13 261
65 499
12 321
88 293
89 401
99 327
61 231
52 312
50 349
56 479
72 258
48 222
19 200
14 286
77 374
42 474
63 494
88 462
20 372
96 354
74 416
31 361
17 278
34 373
84 266
36 298
32 208
18 209
56 481
32 435
90 304
29 238
78 277
70 311
98 453
50 470
22 394
58 462
60 252
94 398
24 435
15 392
57 213
95 401
17 445
52 298
60 390
11 296
40 234
79 364
52 269
61 202
16 413
64 332
16 247
26 233
93 423
29 374
26 275
69 379
56 256
46 217
44 211
97 412
71 367
27 431
20 357
94 245
12 347
99 485
67 355
92 325
27 340
62 412
14 471
29 333
95 466
84 472
65 311
29 471
72 356
64 312
41 335
61 231
67 234
15 324
91 431
100 314
35 396
13 384
45 213
16 290
13 265
86 455
33 342
19 251
68 276
39 460
47 220
97 341
65 456
54 290
25 363
80 355
14 378
97 323
69 204
42 319
19 424
94 292
49 449
90 462
40 456
69 384
88 309
44 428
84 387
78 349
41 371
29 206
41 492
11 390
44 491
89 413
78 481
48 378
49 298
49 402
72 407
18 479
90 457
28 229
95 373
52 342
16 330
88 492
49 426
64 216
85 287
36 228
88 383
95 446
65 392
31 234
15 280
12 314
46 418
85 330
42 419
28 233
97 218
49 268
57 354
81 258
18 463
57 407
44 340
49 326
86 399
14 330
63 321
48 465
53 485
92 227
21 465
88 299
42 233
69 324
93 350
31 226
19 368
59 406
46 234
31 239
31 289
38 310
42 211
83 398
25 267
88 297
10 435
24 412
10 212
32 253
87 316
56 423
10 410
66 492
66 258
31 275
76 298
71 257
90 409
20 255
43 328
58 456
35 498
94 480
19 300
45 320
85 459
17 400
59 268
85 261
77 269
65 423
29 221
23 426
58 332
93 354
47 231
52 421
40 374
24 436
77 330
98 340
12 496
99 405
95 278
94 288
53 303
76 463
64 337
60 453
93 267
66 326
56 314
65 275
69 395
88 360
37 214
59 210
16 438
18 472
95 382
34 311
76 417
35 456
69 411
14 471
90 413
92 475
95 292
85 412
89 209
25 359
74 220
72 432
85 284
43 422
98 360
79 297
47 306
66 278
14 359
67 342
57 243
94 246
31 367
30 469
67 230
51 298
19 446
37 458
19 382
36 394
54 361
44 216
35 442
97 330
87 241
50 372
75 289
47 266
38 326
68 229
12 311
52 355
85 307
31 235
13 390
65 429
79 317
11 364
24 439
59 309
23 415
97 213
96 297
63 357
64 263
45 227
93 464
57 380
29 342
88 457
89 241
43 480
13 229
87 316
58 286
45 396
98 303
76 454
92 387
43 471
22 446
91 273
45 279
98 377
79 317
13 402
91 367
50 467
43 423
39 261
71 456
24 458
32 264
79 306
45 471
86 349
70 224
78 274
23 274
31 473
23 483
75 448
33 204
25 494
50 394
73 384
44 461
97 306
94 201
98 424
12 387
65 336
59 393
39 463
71 310
81 256
11 258
14 391
33 316
54 387
36 439
48 308
68 310
91 372
35 473
70 430
33 367
26 469
30 425
35 476
32 265
91 275
78 434
22 284
41 299
38 207
46 440
92 334
36 376
45 207
86 300
51 407
38 451
17 425
76 204
65 358
11 279
85 342
68 297
43 210
26 345
29 331
100 481
46 481
18 419
49 404
85 373
29 384
74 434
88 448
86 356
64 457
24 387
28 397
62 223
44 329
86 324
56 351
37 374
74 359
72 268
19 260
84 321
49 464
44 450
23 392
95 415
69 440
41 396
54 234
66 493
33 486
68 220
90 268
34 367
56 385
57 439
69 274
19 286
50 212
23 347
36 239
93 201
81 312
100 264
43 264
93 458
69 271
63 285
17 219
39 214
46 335
45 297
79 462
93 396
24 265
45 276
78 304
63 232
41 372
62 210
80 251
95 384
13 292
23 359
97 420
37 464
54 275
65 414
42 341
14 408
26 352
61 461
56 459
14 269
38 488
25 215
20 394
72 258
29 317
51 246
54 488
58 240
66 219
84 497
87 212
18 215
53 286
60 467
99 316
50 324
84 462
60 290
37 437
35 289
33 463
71 488
17 294
39 462
58 380
34 422
64 260
10 454
81 260
32 341
77 353
31 428
53 452
72 418
29 263
89 390
89 240
46 425
96 354
86 396
14 241
14 375
32 403
91 398
81 447
45 288
11 350
34 312
10 483
88 489
18 436
88 470
90 454
19 259
62 478
91 290
85 221
87 269
25 442
72 336
17 454
70 386
90 388
80 354
53 427
72 314
98 419
75 235
46 324
34 378
96 448
27 268
36 331
12 342
62 253
64 410
98 350
94 209
26 242
39 306
95 404
47 478
77 401
41 393
59 205
37 274
59 488
51 371
76 378
53 391
82 337
22 337
56 344
29 422
79 407
58 253
76 396
27 383
15 443
81 218
39 295
36 299
26 333
90 400
84 329
45 391
65 339
98 401
62 322
46 319
54 299
67 289
51 301
88 490
59 496
91 441
77 249
94 321
57 407
10 392
79 209
59 200
92 259
71 230
52 222
47 360
26 419
79 265
15 369
39 212
88 210
69 302
100 441
73 390
62 342
13 382
17 263
90 348
88 231
15 453
29 425
88 324
36 459
65 261
49 341
22 339
41 476
71 360
60 312
13 462
70 230
68 255
31 475
56 415
71 229
10 209
29 378
89 444
71 421
50 311
64 228
25 362
60 390
52 318
83 221
47 406
24 373
99 344
24 261
70 251
68 324
38 391
74 241
97 237
86 288
70 472
79 247
98 218
34 305
64 337
94 365
38 326
68 401
69 283
44 426
30 450
24 293
53 400
37 475
86 244
65 233
25 328
58 247
34 416
25 431
69 376
51 494
43 231
87 318
17 305
57 347
33 493
48 395
60 222
41 277
13 380
17 230
93 238
96 353
64 328
14 404
46 278
28 404
81 291
45 373
90 215
78 399
26 357
14 348
16 411
38 394
57 382
55 298
64 400
66 322
78 434
49 482
95 423
56 269
89 356
25 307
100 359
53 276
71 248
18 343
18 496
13 250
44 410
68 297
25 447
78 235
73 395
15 340
64 300
96 229
69 249
30 225
67 342
47 373
47 424
68 299
17 201
74 245
46 395
12 419
82 461
53 471
77 420
22 421
36 419
45 373
82 286
26 325
55 449
40 216
34 464
63 489
86 413
46 325
86 326
82 348
98 446
75 390
99 327
67 282
21 260
84 412
30 302
95 472
80 433
29 320
49 252
99 259
73 292
72 472
45 325
78 453
94 335
70 283
56 401
80 457
92 269
77 204
26 303
50 371
22 363
62 330
15 249
65 227
57 471
89 457
42 266
51 263
72 449
26 313
63 461
11 259
22 336
30 401
66 387
87 372
39 212
55 363
25 339
75 300
45 338
44 302
83 363
65 203
21 410
89 409
94 284
46 349
85 430
98 256
35 219
27 315
13 379
25 491
44 265
17 225
16 295
72 205
53 340
60 268
34 274
56 369
55 343
33 226
20 216
43 338
86 459
26 466
49 328
70 202
49 496
42 296
83 252
98 498
94 258
16 392
75 441
45 490
16 477
23 305
15 496
25 426
33 344
42 490
36 347
73 314
43 468
84 330
18 409
67 311
54 291
46 299
89 461
65 264
66 202
21 378
51 210
79 401
31 495
100 224
76 280
86 381
77 446
87 467
66 338
13 270
44 228
54 359
84 355
81 426
50 491
37 253
45 356
28 254
79 242
40 441
90 315
63 320
10 333
13 364
20 261
92 298
20 200
39 226
71 277
97 411
29 454
28 468
38 366
84 460
27 498
24 430
92 472
35 373
44 233
20 473
99 368
24 332
26 425
12 472
80 208
25 219
85 345
26 219
43 406
45 318
22 278
29 215
91 495
58 251
82 322
41 270
49 493
52 306
24 407
69 368
69 460
56 274
27 271
82 213
71 472
73 329
77 327
12 247
45 430
54 297
44 270
77 490
19 467
65 429
90 321
27 237
17 382
65 334
45 355
10 328
27 428
15 375
27 499
77 376
31 418
95 428
85 289
65 500
54 410
26 378
16 422
55 260
34 477
64 404
20 439
92 406
53 386
47 370
69 400
85 311
60 467
35 253
67 353
91 209
36 327
17 241
67 302
72 250
89 393
23 307
15 434
52 447
28 491
44 202
65 310
94 456
24 499
21 230
35 409
18 362
72 427
57 234
94 352
83 205
17 488
98 326
26 274
88 490
55 338
48 404
13 203
88 474
77 215
25 302
27 243
26 410
65 214
44 397
56 477
57 412
38 412
56 334
21 207
15 500
29 263
39 293
11 409
67 467
97 219
43 298
31 430
66 380
49 400
60 311
79 376
75 289
79 407
77 472
64 495
72 259
90 271
32 472
45 316
32 405
87 404
17 246
40 459
56 226
89 452
37 483
39 206
90 313
32 443
23 327
49 204
49 393
13 436
82 205
22 250
96 336
31 310
69 235
56 257
58 375
83 297
28 233
50 378
46 466
37 330
37 257
99 376
30 308
100 262
29 363
69 421
19 214
43 279
69 497
55 209
33 242
64 478
67 360
21 320
92 424
25 316
78 483
58 379
95 303
64 353
32 451
91 362
39 202
36 413
22 225
77 319
90 478
12 292
24 400
21 310
26 260
52 253
30 366
18 281
20 271
92 281
21 406
92 385
16 282
11 406
25 468
44 273
35 218
23 430
77 476
73 491
79 414
13 277
77 322
77 447
10 241
47 313
14 421
61 303
72 243
18 208
57 432
92 354
52 396
48 317
94 323
75 406
88 498
87 266
69 290
69 462
49 490
43 476
60 271
80 311
73 485
72 222
94 401
65 315
32 359
80 417
77 437
13 417
48 254
82 252
70 394
39 373
72 236
24 492
84 324
70 319
45 370
93 224
21 366
90 317
22 219
75 455
77 305
16 338
31 303
48 402
92 302
63 329
67 321
11 344
34 371
76 254
65 453
23 209
24 316
73 291
34 309
42 439
42 366
96 222
53 314
71 415
37 449
23 454
63 261
23 464
48 459
18 371
57 495
97 478
50 456
25 343
33 263
92 427
76 256
82 347
84 272
79 235
75 453
85 238
33 235
78 344
87 469
54 303
88 344
32 471
73 298
66 312
20 293
61 238
61 386
30 469
48 295
34 427
71 442
14 460
16 366
44 368
85 267
53 496
38 200
64 209
75 478
60 357
56 309
51 369
70 428
67 402
87 341
48 469
63 492
67 207
50 231
79 390
90 244
24 459
60 299
99 240
23 238
36 297
85 490
39 240
12 201
80 389
13 417
100 322
32 285
89 464
30 402
60 313
52 487
17 439
14 439
89 261
26 273
50 222
56 471
72 379
91 351
63 262
68 374
24 425
45 462
25 473
87 491
92 258
12 256
93 462
67 323
88 369
59 278
100 358
32 351
79 220
22 303
70 218
57 416
87 384
13 280
74 439
40 341
81 498
80 342
65 340
16 430
45 310
96 298
33 255
15 203
94 349
44 307
79 482
64 258
100 297
30 472
73 359
54 381
18 458
42 314
32 436
42 453
67 500
64 463
18 449
56 279
68 472
81 413
97 306
64 318
27 258
85 286
60 299
59 221
24 438
21 251
56 327
66 369
43 203
66 330
16 246
32 498
64 243
73 420
10 279
19 450
74 225
71 402
86 452
18 330
91 207
100 212
35 334
22 359
12 410
90 238
16 346
99 372
24 293
47 436
97 278
97 357
68 370
20 376
13 481
16 461
64 285
94 470
89 200
73 455
10 265
79 264
37 428
56 498
47 477
83 291
67 266
30 204
63 455
40 207
75 284
60 270
70 338
43 237
22 367
65 497
85 434
99 240
19 447
42 280
11 419
69 325
20 216
55 370
45 459
39 303
85 242
64 361
59 412
65 217
29 339
10 357
25 224
41 332
17 383
60 291
14 481
39 485
71 495
88 365
68 430
79 445
86 290
23 352
93 402
69 428
24 281
78 211
32 431
81 423
99 402
64 313
23 328
27 276
76 400
53 224
11 357
66 250
28 473
31 347
75 469
86 313
76 307
82 202
89 314
53 300
20 338
52 346
62 459
70 237
92 260
88 437
99 428
97 262
49 286
90 224
33 381
66 452
55 360
60 475
26 329
46 439
36 436
22 381
74 405
79 201
22 428
75 331
36 271
90 205
51 200
52 309
71 264
36 319
17 465
38 347
16 266
23 458
78 267
30 345
35 256
70 437
82 431
74 288
68 410
100 307
58 220
46 241
21 426
23 407
75 351
15 381
41 236
23 317
18 426
61 224
59 205
97 414
82 427
11 386
49 295
75 445
14 306
42 350
99 243
98 320
23 208
54 209
31 237
63 297
27 236
35 393
61 231
16 375
54 258
44 493
72 451
53 367
82 372
55 238
19 472
17 207
55 257
40 223
82 343
15 456
33 392
37 319
25 405
42 330
69 203
25 264
11 258
70 461
69 397
80 243
67 254
64 296
11 216
51 305
49 390
98 489
12 358
35 453
85 301
50 474
60 404
47 458
86 368
23 239
85 263
85 382
43 282
80 378
95 246
97 407
93 442
32 415
45 452
76 260
41 450
36 255
97 470
68 214
96 328
89 300
38 234
49 458
38 357
86 363
66 216
84 237
39 414
70 455
80 269
19 367
41 498
65 270
71 333
73 202
14 236
10 250
15 482
29 335
47 240
29 440
50 466
78 412
72 379
32 494
100 330
25 364
77 481
32 243
67 468
67 472
73 245
29 222
32 427
75 313
70 253
35 422
23 480
68 347
67 399
52 203
30 450
23 356
11 250
61 492
57 342
92 420
48 434
24 413
75 498
93 277
99 227
70 218
47 281
59 262
80 455
87 458
86 331
23 283
62 410
54 297
18 488
54 387
72 358
79 480
73 222
44 304
53 204
46 455
41 334
57 214
23 481
37 443
96 233
48 442
41 499
28 392
53 204
58 254
57 326
60 416
62 290
55 296
61 489
20 328
66 217
28 360
26 211
94 258
23 476
86 385
49 237
57 358
94 303
69 302
95 394
33 476
39 384
40 476
49 322
44 393
34 344
10 286
35 253
80 298
89 343
55 451
32 458
83 269
70 418
29 388
33 287
91 443
47 435
15 241
34 472
53 294
29 436
26 369
10 473
18 466
23 298
42 393
28 423
78 214
66 283
31 299
66 214
14 239
42 410
14 455
23 464
41 394
64 377
12 336
69 378
69 362
90 467
99 429
79 415
21 427
90 295
49 266
17 217
20 207
27 386
32 256
34 459
52 498
37 360
68 382
81 384
95 462
54 246
41 386
32 283
83 408
11 288
29 436
92 228
21 430
16 353
65 462
60 333
45 344
77 492
99 480
56 217
81 424
49 281
11 475
43 371
99 491
68 254
71 411
73 318
85 445
42 325
73 231
73 315
95 401
36 350
23 430
86 270
98 431
31 412
76 464
45 486
26 440
55 278
80 270
31 440
60 315
30 421
71 472
19 221
60 290
58 201
44 487
30 322
85 372
94 220
69 214
52 437
22 443
34 201
41 308
72 477
72 455
94 269
49 331
98 497
12 359
71 390
15 467
41 461
96 495
67 321
81 385
66 411
32 470
10 238
45 302
17 500
27 310
67 432
14 256
27 310
36 374
52 459
96 462
47 428
72 349
72 363
39 254
61 311
26 384
24 300
86 313
49 242
32 266
32 261
69 350
59 436
55 269
89 262
11 261
95 385
57 487
41 394
56 269
10 462
69 302
13 389
99 258
20 235
57 303
74 345
46 417
37 375
51 372
94 466
69 375
78 292
16 346
27 299
26 439
51 266
41 219
92 354
60 335
78 300
99 486
86 339
91 372
51 337
56 399
83 374
86 401
56 332
85 350
71 410
91 389
48 279
82 380
78 384
96 322
11 350
60 326
91 408
26 401
82 490
38 295
12 322
41 227
69 241
85 334
26 467
67 326
22 329
57 427
43 470
99 445
99 255
84 206
99 216
83 457
89 457
60 267
34 247
12 482
70 472
85 387
78 288
66 381
53 218
44 379
28 204
46 454
54 343
69 420
46 317
11 263
26 428
80 300
69 373
97 410
86 347
40 430
49 309
16 249
35 266
94 462
100 200
88 278
21 325
21 400
61 374
46 464
36 491
81 423
23 243
86 407
74 429
25 472
92 345
67 263
35 398
87 481
52 441
40 439
30 205
75 456
80 250
21 378
52 329
27 303
31 381
27 461
45 243
17 246
63 352
15 248
51 283
75 295
29 486
56 237
35 321
47 267
94 309
37 311
49 494
64 209
19 372
27 383
22 300
43 201
25 487
80 349
58 478
21 242
76 426
43 403
14 471
32 368
37 364
60 417
12 341
62 379
57 344
29 325
30 439
61 294
27 275
27 496
10 335
15 464
22 215
94 257
81 285
96 215
74 352
63 453
86 306
50 352
19 393
28 292
48 201
37 206
72 227
94 328
100 437
11 322
63 407
55 388
73 252
30 338
22 283
92 243
23 372
93 236
27 320
25 294
52 465
83 347
60 500
49 252
37 466
33 287
61 201
49 211
45 326
49 355
68 338
54 496
34 241
30 223
57 309
69 382
50 316
76 464
81 351
75 450
81 390
24 336
94 460
81 343
49 445
49 443
22 345
14 241
93 368
14 446
86 280
66 500
42 254
52 460
73 478
84 420
79 395
11 406
79 351
26 440
65 245
51 276
21 468
40 475
97 280
16 261
35 497
72 204
30 472
96 353
94 374
62 464
95 225
60 372
99 417
53 370
95 342
56 250
13 212
73 394
48 393
99 351
68 464
56 337
47 269
97 332
47 461
66 409
21 413
13 311
18 342
35 490
14 376
35 241
84 212
87 328
94 389
57 493
18 284
65 235
71 217
49 244
18 361
49 414
46 483
92 352
25 404
75 256
78 329
16 365
24 482
46 394
96 473
31 421
22 413
22 358
100 273
53 307
28 303
54 457
61 443
35 359
79 348
76 374
63 412
70 466
92 482
47 462
25 443
17 459
70 288
36 485
43 467
56 493
34 459
41 304
99 457
77 446
66 328
49 480
51 307
21 381
95 253
46 491
42 424
63 250
72 213
50 270
30 223
82 448
59 410
55 331
79 464
87 369
37 345
43 279
24 492
74 490
29 201
81 440
62 378
80 385
48 473
54 218
43 466
39 426
64 415
49 491
69 282
95 419
41 406
37 276
45 357
26 340
73 444
80 231
56 217
74 359
96 319
24 383
69 240
84 409
54 314
29 283
37 457
72 470
13 398
76 407
26 209
67 310
51 224
77 222
58 455
90 430
31 207
62 307
37 370
40 452
84 313
57 226
89 435
79 279
44 240
57 285
100 431
13 451
22 486
47 394
84 252
41 213
58 385
76 255
92 233
66 436
27 440
86 315
57 457
60 456
36 329
69 445
84 384
39 463
68 266
30 309
67 429
37 326
70 289
62 265
17 286
90 418
19 462
93 298
19 376
75 312
22 242
34 462
31 350
93 244
56 228
57 483
90 322
53 468
49 387
74 483
49 232
43 398
54 331
79 309
41 499
62 409
12 325
12 365
66 242
38 339
33 461
51 477
86 378
89 494
62 426
44 488
41 325
77 350
29 329
65 411
24 278
67 215
29 438
66 327
44 238
23 499
59 486
97 231
20 317
87 378
26 450
91 449
24 448
58 479
92 206
57 302
20 457
48 386
63 446
41 271
23 378
26 382
34 443
88 476
77 386
33 500
20 416
12 358
60 496
86 389
54 423
19 433
36 205
56 471
23 230
85 282
57 260
80 219
94 325
42 460
94 496
26 295
59 355
18 223
59 488
60 499
53 300
29 238
80 500
30 455
79 500
46 335
31 450
33 460
45 247
11 484
10 275
59 404
25 431
67 479
78 237
40 277
49 358
25 290
52 223
74 284
12 479
19 481
52 221
28 401
24 257
79 210
26 361
73 211
75 238
69 459
73 417
89 260
76 300
56 329
11 343
47 295
57 229
53 448
53 464
86 217
16 430
45 302
72 390
64 382
10 201
51 402
48 325
11 339
59 311
94 248
41 278
26 474
14 367
49 307
57 217
40 300
70 301
12 237
46 413
41 368
15 458
36 230
75 481
30 457
49 286
47 444
71 296
84 370
49 286
85 241
37 250
40 500
53 390
92 239
62 354
15 416
67 376
73 343
32 264
82 346
70 252
30 414
98 405
69 259
53 209
60 243
85 289
94 257
85 228
43 231
33 453
66 392
43 341
48 383
85 232
53 455
64 466
48 382
40 349
61 260
76 390
79 315
63 244
89 407
73 418
10 352
33 384
49 397
59 228
84 380
86 205
51 294
26 400
100 291
21 265
55 356
34 403
10 382
22 241
52 468
37 226
44 226
72 313
79 334
86 400
27 299
69 296
73 326
36 268
57 493
86 466
50 486
51 217
24 213
93 405
65 415
34 499
42 240
44 364
43 299
90 336
16 418
44 241
96 325
50 307
33 340
70 364
100 390
78 441
91 337
96 281
53 476
16 492
79 289
22 287
86 317
35 236
22 252
33 426
56 284
22 443
25 305
16 447
55 436
54 244
70 380
53 323
32 303
61 268
25 368
22 480
37 226
18 418
34 491
19 404
31 375
22 345
66 402
78 321
28 376
73 359
34 440
64 360
92 246
19 333
50 232
34 348
87 225
79 286
91 357
53 488
72 286
74 410
10 372
28 274
90 345
71 253
69 365
32 224
12 290
84 273
26 317
46 331
29 384
76 256
12 305
47 471
48 325
82 328
42 308
