10000 500 200 500 10 100
84 425
22 472
10 237
31 415
89 317
17 446
98 361
87 331
66 400
56 488
84 232
91 461
96 347
81 327
50 489
28 446
50 291
40 494
72 282
20 368
100 402
100 467
94 215
86 415
65 415
59 334
34 446
39 323
70 311
79 221
53 454
96 462
54 281
96 321
67 262
92 211
50 200
26 475
94 224
18 381
59 239
23 334
70 308
66 226
79 255
65 417
95 464
41 201
11 231
26 357
22 209
88 205
79 295
22 476
31 267
47 457
14 319
25 241
28 395
29 244
26 264
45 407
97 287
22 222
82 378
29 310
63 446
20 295
36 495
29 257
70 324
90 317
42 202
11 268
50 375
74 296
31 221
39 416
64 309
80 274
97 215
40 322
86 450
16 399
89 386
69 204
18 368
33 351
80 429
27 215
72 429
48 492
26 263
75 457
82 243
80 256
32 364
53 417
76 494
83 256
48 219
22 339
25 230
59 205
87 307
24 461
31 281
68 435
94 307
81 363
66 319
70 306
32 496
59 245
35 337
25 266
45 261
45 493
36 293
56 499
50 469
87 435
86 359
72 292
13 458
71 214
66 323
21 209
15 292
49 204
65 305
83 485
54 374
60 355
92 373
18 315
93 210
66 340
67 317
20 234
42 386
93 250
74 216
49 224
37 211
36 437
14 499
91 381
16 295
55 288
36 237
92 309
21 351
97 315
10 329
65 493
87 245
57 422
24 500
55 370
100 374
42 276
16 425
79 493
53 392
36 489
86 382
98 425
92 496
55 450
63 338
88 237
30 433
25 445
94 304
85 443
68 268
23 349
65 374
12 212
24 320
88 494
73 247
78 483
96 408
18 264
42 323
24 327
58 210
59 437
26 232
61 240
22 296
21 293
29 428
48 485
69 255
61 447
37 294
58 242
60 311
97 446
26 357
70 439
67 241
41 379
61 453
30 374
30 205
13 468
73 470
83 430
94 378
36 224
34 255
69 372
50 322
93 248
39 338
19 244
44 312
95 402
43 291
48 262
74 491
11 479
56 430
40 434
44 433
32 478
13 474
70 302
18 416
90 222
41 235
59 331
49 439
51 361
86 256
98 223
94 401
21 456
64 258
14 386
34 244
83 478
80 213
43 312
68 276
52 381
85 350
91 408
71 244
32 266
30 440
31 245
99 241
25 419
10 287
23 238
18 469
24 298
11 493
92 308
97 495
47 329
61 451
67 382
32 254
58 494
35 436
82 283
38 489
86 474
42 256
25 357
20 476
54 404
12 314
60 486
59 450
42 351
35 300
58 344
14 378
26 247
47 325
26 239
58 230
66 339
26 224
94 208
73 399
28 417
100 322
37 219
75 466
31 370
86 351
74 267
47 299
46 292
50 343
22 488
80 293
51 409
22 270
11 267
98 227
24 380
98 335
73 318
74 218
52 212
90 450
66 297
31 343
37 423
43 469
86 308
45 485
34 329
87 280
96 421
18 379
98 405
24 399
57 211
27 460
10 485
40 253
59 408
47 368
49 331
53 438
55 348
77 353
61 323
30 321
63 490
29 242
97 412
84 315
85 307
15 345
33 434
67 271
60 243
86 369
100 224
12 261
42 426
49 246
58 295
66 490
98 316
35 428
45 473
10 348
36 266
30 269
15 340
95 289
16 477
44 205
34 462
76 271
79 429
39 333
84 434
64 257
97 355
37 475
61 426
78 305
98 214
99 441
11 412
30 487
36 437
94 338
64 207
97 484
84 426
85 358
84 439
10 358
91 298
75 319
29 353
91 465
31 496
82 420
46 383
57 493
83 295
49 416
74 439
41 437
34 464
24 472
81 459
51 394
15 360
76 479
85 334
67 278
19 296
92 434
67 301
43 446
15 456
48 397
45 458
36 456
20 427
40 273
81 205
26 341
59 429
91 275
21 211
12 290
59 498
38 485
22 348
27 393
71 490
60 395
97 422
37 267
15 226
25 432
47 204
89 294
86 392
94 445
91 370
44 459
70 456
28 466
61 272
62 305
64 396
36 356
23 248
47 414
30 211
68 203
56 367
26 398
52 365
56 410
86 274
45 350
25 210
90 232
61 371
97 241
26 235
92 332
49 269
21 256
91 341
15 246
51 306
41 215
58 235
89 403
40 492
51 237
86 266
31 482
82 305
24 453
67 370
53 373
44 280
54 469
59 439
87 326
44 408
20 363
31 465
89 450
86 216
70 356
70 205
71 470
71 309
65 400
17 456
59 367
89 400
55 405
62 299
65 281
77 321
51 347
90 407
22 440
70 482
46 405
35 432
98 246
72 244
50 469
33 366
47 485
65 420
77 302
88 319
75 474
86 224
24 424
19 314
50 303
71 407
34 232
72 279
55 277
84 372
40 222
56 330
99 251
86 294
90 466
86 485
53 302
98 457
46 440
57 337
11 316
51 449
23 330
20 324
19 300
25 403
26 482
43 227
82 481
16 335
18 484
16 283
63 328
82 208
36 259
64 208
20 337
79 421
27 382
18 272
45 490
93 202
95 406
40 454
70 300
28 229
38 408
93 266
91 301
70 201
66 368
70 434
38 364
26 369
91 348
99 427
20 365
50 258
96 408
99 303
43 248
97 489
50 394
79 391
62 277
73 253
73 300
20 398
97 289
73 408
23 457
39 224
78 462
39 290
22 242
91 325
16 425
79 445
75 316
49 211
23 477
72 286
33 500
12 489
18 448
33 475
99 480
18 476
94 229
11 258
37 357
77 311
79 394
52 349
30 340
61 300
28 373
82 341
67 267
88 307
22 424
23 369
35 229
13 242
69 307
51 330
60 382
56 245
90 395
63 484
52 452
69 248
45 419
38 394
51 467
94 451
52 232
36 493
37 412
21 320
98 284
18 432
97 238
12 441
24 269
59 416
78 457
53 294
31 301
41 311
76 388
88 357
40 329
20 379
16 332
80 207
47 348
77 332
68 366
82 319
98 445
65 405
21 448
14 226
14 386
67 214
69 347
60 391
30 469
83 414
54 217
19 467
29 309
87 200
29 268
85 257
62 200
55 363
73 359
68 395
58 475
19 215
95 229
42 495
92 425
68 247
56 278
90 205
27 209
78 209
62 472
79 489
28 227
50 369
10 490
85 380
22 421
92 285
26 500
31 448
65 437
71 264
84 407
86 299
90 422
63 392
43 374
28 313
45 480
69 487
55 494
57 433
11 460
74 313
35 495
52 332
10 204
65 394
36 363
10 224
30 250
30 426
21 244
41 474
86 470
55 493
16 223
98 276
66 340
52 392
82 399
99 464
33 369
83 211
66 249
37 316
100 452
66 371
21 229
30 469
60 252
37 412
93 284
37 208
21 325
12 458
89 372
92 324
26 477
70 221
21 320
86 223
71 327
11 465
48 238
42 305
59 344
26 264
19 402
62 500
85 421
94 449
82 276
48 282
22 357
98 227
32 389
24 497
33 444
38 271
100 343
85 420
56 290
62 313
17 205
66 365
95 218
83 417
44 386
92 295
55 251
60 468
71 321
87 355
52 373
82 445
11 500
62 452
67 297
40 428
53 326
47 426
55 355
41 387
66 291
61 481
20 253
51 481
10 360
91 388
15 459
56 248
92 395
27 394
10 463
49 441
16 312
18 330
68 459
66 405
34 448
99 340
54 281
95 323
40 405
60 422
20 492
68 469
40 369
76 276
96 382
10 369
64 332
79 409
74 465
73 339
78 447
21 259
73 249
38 366
91 291
64 465
20 457
28 418
71 245
97 354
72 408
85 370
32 420
75 279
61 341
74 494
34 347
22 213
91 383
80 247
55 416
61 205
28 395
31 395
73 263
72 315
41 220
33 461
35 462
40 272
61 407
40 287
89 266
99 347
56 429
40 373
74 305
28 415
33 449
98 337
66 307
94 432
95 335
78 216
41 330
86 347
20 252
94 489
31 484
59 217
86 428
40 403
97 466
68 430
97 325
25 324
14 468
77 208
89 346
46 398
24 212
74 410
47 376
13 332
75 483
99 469
68 488
73 341
87 387
84 265
59 286
63 444
71 394
26 355
46 324
95 413
83 495
10 299
52 470
15 428
29 229
40 259
96 466
51 419
97 369
83 364
87 322
72 207
37 458
33 453
12 312
86 316
50 386
32 374
53 294
35 255
94 396
59 289
85 362
89 213
34 390
90 485
15 434
31 375
12 302
68 371
36 391
16 418
92 350
84 431
28 291
17 216
92 448
28 347
66 210
57 339
77 488
63 311
23 263
40 210
93 262
47 477
13 316
57 229
45 332
93 256
12 293
92 358
29 326
33 349
79 315
54 436
42 259
53 421
17 481
51 385
43 260
44 446
94 453
95 489
48 282
18 457
13 317
98 416
73 269
87 428
26 451
60 384
100 409
29 230
49 235
33 330
57 475
82 370
21 449
96 411
79 403
63 406
67 431
30 311
97 285
43 281
100 401
33 444
96 218
70 396
22 288
79 297
23 250
90 388
52 274
84 479
52 415
29 395
22 353
64 294
73 243
30 372
90 289
89 201
59 238
45 309
67 373
56 338
91 271
15 320
85 273
81 270
52 380
62 332
66 471
36 369
22 250
28 356
63 356
13 395
27 454
45 419
80 358
64 447
90 230
29 222
75 262
27 290
63 207
97 374
94 246
20 390
42 283
72 333
44 353
32 480
40 480
99 381
37 454
43 215
11 343
17 287
25 229
18 245
12 499
96 463
91 462
66 239
98 297
43 330
28 400
19 204
11 207
31 466
87 410
18 394
80 418
26 356
50 206
35 483
92 269
12 498
53 445
30 473
21 409
46 440
98 360
51 385
26 226
91 277
90 230
53 387
78 299
80 343
56 342
88 309
89 417
46 390
74 292
99 352
46 413
40 206
53 485
42 440
17 390
34 346
47 385
29 265
99 474
97 289
67 431
17 475
90 404
12 458
36 225
10 446
99 402
68 209
75 491
36 295
48 363
42 248
53 423
10 482
22 470
21 460
97 367
87 497
52 246
11 215
54 462
66 458
58 310
20 448
87 314
68 481
60 484
74 423
23 291
71 500
50 373
68 410
81 341
48 208
61 207
27 407
67 484
73 281
17 228
10 343
83 219
45 467
31 251
61 306
45 492
88 352
84 212
84 301
63 315
13 438
33 332
81 291
68 406
68 307
90 349
85 475
90 472
67 269
38 279
73 314
66 430
21 332
68 426
30 494
43 492
61 363
17 474
19 337
49 223
12 461
99 291
64 388
71 325
79 234
65 331
89 372
27 212
87 452
22 386
33 479
94 273
75 398
79 443
93 273
78 376
19 486
99 418
44 480
56 329
31 345
27 260
96 419
19 470
46 459
52 212
94 481
70 478
62 230
15 362
83 335
12 286
76 455
81 494
33 496
86 294
64 482
63 307
63 324
58 219
20 330
85 470
61 266
35 438
73 315
84 298
40 236
63 470
12 337
79 322
86 484
79 422
29 219
25 365
31 453
99 375
35 364
99 341
54 290
25 375
80 277
88 254
47 357
43 252
100 435
38 274
39 238
51 332
11 372
57 299
39 227
81 406
55 267
67 220
65 224
41 461
80 316
71 414
85 487
83 364
79 237
85 238
80 333
82 231
19 214
30 278
47 252
29 382
42 378
16 375
68 245
58 202
28 299
81 232
32 228
12 405
36 284
71 290
40 211
14 268
44 400
50 266
35 228
90 470
56 248
81 257
60 428
78 354
56 323
98 261
38 231
95 417
51 358
88 379
34 327
83 394
79 242
66 376
55 306
88 426
32 387
41 398
96 440
23 290
84 386
46 414
21 266
94 482
22 285
59 241
89 257
67 336
26 292
34 370
96 255
89 253
42 476
99 205
92 451
41 427
87 396
67 202
34 419
39 283
57 243
82 313
82 207
66 399
34 358
32 448
64 210
63 253
94 298
86 350
91 252
40 333
74 365
91 308
20 218
43 485
16 465
29 310
79 444
11 471
37 425
49 413
99 265
12 370
27 371
57 360
84 494
47 270
46 226
54 339
19 468
40 254
81 318
29 303
97 271
26 311
17 389
94 430
30 336
78 265
100 216
17 329
74 315
40 265
44 475
29 335
88 425
31 324
34 452
81 252
34 449
33 467
25 285
64 489
75 394
100 378
65 376
56 318
24 354
10 281
87 486
65 469
95 255
58 402
53 468
28 479
52 267
71 451
67 290
29 222
28 390
68 293
88 355
37 205
80 493
23 235
20 452
56 287
80 245
13 412
23 341
99 327
36 283
49 209
20 415
51 256
12 381
92 370
50 208
18 443
20 359
49 429
25 379
52 215
25 453
27 386
41 214
57 451
65 488
23 370
26 390
85 206
37 223
34 203
58 449
96 232
26 321
52 316
93 425
90 373
66 457
100 421
11 469
64 468
14 479
59 307
58 211
65 387
72 387
24 265
85 234
88 392
17 457
59 304
50 288
88 208
34 485
66 466
96 498
55 308
22 218
46 292
63 478
18 212
52 267
55 398
97 273
54 405
52 245
30 361
67 385
23 277
57 496
79 220
61 373
31 418
17 493
61 369
30 387
96 231
92 407
25 203
62 467
55 460
88 264
21 494
45 438
61 267
13 210
23 374
43 365
18 472
64 500
21 224
37 419
72 288
36 434
70 254
35 397
55 310
15 231
83 359
54 322
58 350
90 463
93 413
68 213
36 382
69 473
68 398
70 410
41 466
43 475
47 493
42 432
98 231
74 355
14 432
77 265
93 258
50 254
15 303
85 355
93 229
42 339
65 468
54 311
61 341
78 401
72 356
15 333
74 295
13 225
23 465
58 205
63 266
53 442
69 277
25 302
60 322
76 483
76 388
92 471
32 329
50 259
41 453
27 320
13 380
47 472
63 385
49 264
55 486
63 269
46 450
39 318
52 210
38 258
87 343
70 324
88 297
66 354
44 223
87 495
66 217
28 445
44 392
61 250
22 413
30 389
56 389
18 331
80 204
79 444
28 366
91 217
75 450
87 462
56 243
56 325
77 371
58 360
95 477
64 388
49 479
28 449
96 481
56 464
35 417
57 231
35 423
75 494
20 318
72 243
15 360
96 320
18 335
93 292
78 391
72 398
93 455
75 435
80 374
42 318
54 203
75 270
53 296
96 497
28 468
46 474
11 356
14 357
47 223
75 251
70 327
96 481
90 295
67 414
54 211
38 458
51 330
94 389
69 240
74 238
56 373
73 335
14 254
29 219
38 288
83 338
94 468
23 394
11 432
15 430
43 238
15 406
26 363
95 493
89 378
89 361
40 491
18 279
92 386
12 470
48 266
44 287
26 376
40 245
54 488
35 250
96 310
51 291
93 449
60 326
29 262
96 378
62 431
20 446
57 454
36 240
60 472
52 202
44 257
19 455
82 222
92 218
92 358
52 204
40 342
45 332
66 214
71 356
97 364
34 460
56 465
65 235
47 225
62 232
52 234
32 225
32 389
27 288
18 302
24 252
87 371
97 298
52 291
32 278
11 453
17 420
34 436
26 302
96 441
32 493
13 270
88 482
84 209
29 456
36 310
93 205
55 289
27 314
18 404
61 482
22 277
30 272
57 304
88 423
41 408
15 419
26 330
87 437
60 367
54 401
11 297
61 355
88 356
69 464
81 207
32 415
50 295
56 298
14 208
65 343
15 334
43 394
26 359
84 252
51 421
25 451
73 205
24 251
17 222
18 369
28 409
98 263
45 418
82 353
12 280
49 342
71 205
55 326
82 263
26 338
28 229
92 349
35 342
67 294
15 363
47 291
32 496
18 225
67 465
33 288
37 271
56 458
71 363
10 389
55 361
37 308
76 263
80 323
51 254
59 467
74 330
42 438
19 361
80 437
95 488
61 370
38 403
45 232
33 310
13 389
25 345
50 258
22 351
54 210
28 498
72 271
79 484
14 299
17 370
27 470
50 458
49 365
11 366
39 323
29 267
66 293
35 458
89 269
89 431
26 412
62 205
26 453
18 441
83 281
31 486
44 416
95 238
11 252
67 376
48 277
89 388
83 252
73 470
41 352
67 299
86 226
99 496
22 241
48 430
85 495
58 271
56 358
11 338
65 462
67 235
16 405
70 357
86 466
23 477
57 375
36 331
24 379
60 278
57 211
48 492
84 321
23 314
65 321
50 338
62 364
49 270
25 244
20 425
50 401
43 277
29 426
93 426
20 233
87 474
14 410
26 449
84 374
81 208
71 413
31 226
55 418
54 295
78 370
51 371
67 369
41 295
16 304
82 348
94 474
11 229
57 433
11 413
19 489
79 250
84 415
29 428
86 219
78 443
16 491
97 358
66 459
21 403
79 372
15 246
78 269
32 477
50 252
65 256
32 458
19 392
22 280
60 403
27 239
23 438
19 356
96 286
10 447
10 325
26 437
50 413
93 396
28 456
22 426
18 439
96 267
67 454
73 347
68 396
71 400
23 313
53 327
18 319
42 286
86 341
41 213
52 427
24 342
82 307
32 343
88 349
35 273
88 207
87 407
51 203
89 435
92 260
91 413
48 232
35 220
44 420
23 326
52 393
72 477
44 433
77 494
74 480
92 383
63 384
15 287
52 294
31 401
88 231
60 482
61 210
23 387
13 486
97 224
43 378
41 377
24 218
61 341
73 334
48 382
84 461
93 353
63 440
86 358
15 315
93 235
83 240
77 203
21 332
94 403
94 376
85 217
96 347
58 290
14 280
57 396
28 339
40 244
43 250
47 250
23 390
30 389
25 354
98 455
32 318
99 393
78 334
86 285
45 467
96 308
55 296
91 235
18 200
16 463
62 330
15 313
100 496
87 398
85 292
15 232
74 407
48 301
12 233
79 419
29 210
51 495
79 479
100 439
79 457
54 478
21 363
69 254
10 440
53 406
39 252
17 339
24 312
71 448
41 223
27 293
76 290
50 237
63 215
58 246
17 327
34 207
78 462
20 246
11 213
26 330
74 340
59 474
42 306
67 246
49 236
87 210
15 325
87 344
93 473
79 260
63 261
46 488
22 278
73 372
72 486
70 305
39 368
86 476
66 449
99 200
53 309
46 259
92 207
43 222
30 492
48 478
42 299
40 223
93 447
31 417
18 294
62 456
73 249
35 384
52 401
60 431
89 293
17 342
82 291
64 427
79 346
10 283
11 266
65 322
60 450
74 344
39 209
32 204
35 480
57 205
98 471
36 288
29 325
65 261
100 494
65 448
47 290
89 232
22 286
59 318
55 291
94 228
21 261
13 257
36 319
41 318
84 398
18 250
63 235
66 387
18 497
40 316
11 314
75 392
89 452
50 384
73 472
82 240
59 343
48 471
98 310
71 500
99 444
100 479
14 258
22 456
11 449
49 290
89 369
44 360
100 440
37 260
80 354
20 341
56 296
39 407
90 349
51 311
78 404
11 470
32 404
76 414
83 446
17 312
91 434
28 332
88 362
25 483
64 339
22 461
63 384
26 239
14 221
93 473
35 389
44 284
71 366
98 342
87 451
95 323
18 323
30 457
67 494
80 450
51 211
57 217
22 476
19 275
57 356
25 320
59 489
93 235
32 301
89 313
58 229
49 334
58 289
79 236
84 479
25 365
29 243
55 283
62 336
58 415
28 355
54 436
48 286
22 346
52 246
42 388
10 344
83 276
66 261
54 466
35 496
91 427
95 461
85 207
62 267
27 237
85 303
74 413
33 342
56 276
50 217
38 311
85 435
26 243
88 448
16 484
92 338
29 432
58 318
95 293
26 258
52 205
100 201
88 250
65 426
62 378
48 489
72 201
27 325
90 418
20 202
81 466
18 209
51 337
30 284
38 411
21 459
11 401
22 231
97 200
48 477
98 297
65 316
35 337
20 293
49 464
36 354
87 385
100 274
26 388
73 350
83 347
50 412
58 216
89 448
92 298
29 344
39 287
59 393
28 401
41 376
16 479
67 241
27 290
84 284
11 371
13 475
57 492
31 265
69 279
38 474
64 335
13 471
94 276
20 243
47 246
96 290
35 347
100 287
81 345
12 313
19 202
29 233
22 424
87 400
78 209
96 277
35 439
87 464
23 309
94 390
65 425
67 279
50 210
95 458
29 486
65 371
66 256
57 380
89 401
22 329
21 401
23 452
15 353
27 302
23 421
42 266
99 422
30 315
45 460
85 235
75 241
93 331
88 459
71 476
100 238
58 218
91 460
73 226
87 334
78 223
27 269
40 349
35 333
81 269
92 435
34 436
32 410
22 222
84 475
48 476
29 301
57 349
29 362
33 322
36 401
69 499
37 384
87 308
76 210
31 206
49 432
86 370
53 457
43 407
43 338
72 341
39 223
53 449
65 211
81 329
93 365
98 281
64 373
44 463
14 215
59 226
38 411
78 435
95 236
70 497
55 422
71 210
23 475
59 227
52 429
68 348
41 381
27 240
12 215
88 335
43 421
77 376
44 205
14 347
27 401
46 313
69 379
36 465
83 482
59 238
40 245
32 452
62 212
28 328
26 393
88 406
15 222
30 343
34 342
57 468
25 282
40 212
63 302
28 212
67 367
87 391
20 385
30 236
20 232
53 272
71 276
50 488
21 208
95 274
21 320
51 291
62 220
74 311
64 478
77 304
32 374
81 205
35 286
31 303
66 304
90 493
31 353
66 376
62 310
79 410
29 390
64 280
26 201
58 430
29 464
27 323
89 478
10 295
61 267
76 331
22 273
17 500
94 303
39 485
50 274
29 291
90 343
49 271
73 211
12 323
86 484
61 261
80 472
13 473
63 203
21 410
44 377
71 349
17 284
47 291
71 477
43 219
65 202
84 362
97 290
46 437
69 328
18 432
75 252
42 337
91 458
65 479
88 405
80 211
89 410
33 244
45 383
20 403
11 353
90 296
96 447
42 415
49 429
12 322
25 500
13 435
14 455
20 489
57 240
13 245
15 200
95 233
56 301
66 216
24 399
72 295
45 294
37 369
71 253
61 402
91 400
71 357
86 500
12 412
34 244
40 388
96 445
97 377
56 255
62 449
72 455
98 249
53 400
16 469
27 409
62 353
48 457
28 361
68 356
28 444
90 427
48 393
100 451
90 417
61 412
43 409
91 255
55 363
64 325
57 305
45 451
68 291
59 469
69 311
70 473
34 422
61 284
98 219
34 384
33 439
92 448
33 410
96 203
26 406
55 352
20 310
62 469
35 408
27 250
16 459
43 422
62 320
30 495
18 439
10 473
55 371
60 371
37 422
72 301
30 451
97 286
70 454
72 309
86 339
52 228
92 331
49 478
42 404
66 488
39 497
98 366
75 379
24 345
65 411
72 325
66 297
79 321
42 314
46 259
55 238
73 250
36 486
16 468
98 347
35 430
92 415
20 409
43 333
30 343
74 398
100 252
76 278
27 393
45 201
35 293
68 489
16 307
36 270
78 261
48 230
59 459
52 236
58 488
20 371
99 259
87 498
76 212
94 434
70 365
72 254
45 424
19 500
86 415
27 254
85 385
83 365
20 428
29 210
35 468
63 444
39 399
86 288
10 414
23 213
70 406
83 486
78 259
74 308
17 203
98 398
73 345
89 480
68 413
14 437
27 269
80 306
15 219
61 276
97 364
56 461
23 306
89 347
47 328
34 236
69 466
99 417
11 446
41 332
76 285
24 438
11 346
49 271
59 386
92 247
92 335
39 217
39 300
21 203
96 467
46 458
30 371
22 492
12 219
16 425
51 289
33 408
79 303
75 499
90 274
100 436
30 451
11 298
18 465
15 478
75 238
31 312
13 258
43 476
49 324
46 280
88 210
95 245
58 466
56 250
14 237
44 398
10 286
11 487
21 496
76 430
21 297
44 392
93 242
83 331
81 215
47 477
51 347
87 236
80 464
100 300
68 471
36 387
79 392
41 255
97 236
38 318
67 374
86 438
13 275
17 231
50 377
68 214
12 428
53 284
66 286
29 291
48 280
93 210
45 300
32 307
93 398
67 419
87 333
72 436
74 322
36 449
49 373
68 471
64 213
87 441
25 336
16 203
78 408
43 336
48 478
71 242
26 266
90 395
43 265
55 256
56 246
47 283
91 468
100 469
42 256
90 428
18 339
21 257
75 395
61 452
73 234
17 395
22 403
17 397
75 369
79 252
59 458
79 283
47 286
19 253
81 410
91 484
76 361
37 493
72 331
63 326
37 387
50 414
30 258
21 456
36 213
41 343
31 241
88 243
15 427
11 419
77 276
38 282
56 340
92 442
33 467
79 285
41 486
80 443
40 207
35 421
43 303
14 390
40 387
32 421
16 478
47 347
78 490
88 440
57 452
68 498
13 296
20 271
28 480
22 224
80 309
41 406
68 406
39 256
54 477
96 355
11 264
96 456
71 380
29 280
79 425
77 249
33 258
26 200
76 232
26 423
40 418
84 254
55 372
58 365
92 486
22 500
11 470
89 201
54 498
69 430
58 257
14 290
86 248
49 302
39 264
87 372
38 301
29 203
10 434
45 468
100 336
10 316
83 269
53 404
24 296
22 387
21 260
70 368
26 215
38 339
90 393
78 460
49 385
63 314
54 279
57 385
73 447
72 469
26 266
44 480
90 454
29 363
89 291
24 272
23 399
24 284
30 319
46 483
15 404
34 219
23 327
67 397
55 353
94 487
15 436
65 429
10 230
96 302
35 271
21 326
79 483
13 260
43 352
31 202
64 288
62 238
90 324
26 386
19 449
68 243
65 235
19 472
69 262
17 336
41 396
95 251
70 321
72 377
63 252
52 479
10 350
58 203
85 299
13 348
47 408
71 330
20 311
30 458
66 375
36 456
73 203
70 347
82 267
45 497
87 352
79 408
16 338
57 373
63 447
10 383
85 310
28 246
32 263
38 243
93 495
84 406
48 456
60 220
10 225
45 291
99 338
54 276
12 308
22 312
23 367
28 409
11 406
20 347
11 356
20 355
28 338
75 296
64 262
67 265
10 282
68 362
24 252
30 295
75 335
44 415
19 299
12 377
80 476
97 371
77 362
92 430
63 235
79 492
17 342
44 282
100 310
33 493
76 330
56 222
49 443
91 364
69 407
31 394
32 462
83 462
87 239
75 222
93 366
29 320
14 219
34 279
81 294
80 492
64 307
22 286
78 298
78 439
23 389
48 387
80 345
61 423
94 387
69 407
41 408
13 459
68 326
11 204
48 258
75 241
32 409
30 313
54 226
64 211
60 332
28 264
86 395
21 361
68 330
82 283
86 493
98 413
39 227
72 437
43 363
95 349
88 254
83 226
76 411
24 495
10 335
81 218
75 444
28 259
89 345
96 260
11 332
44 353
55 340
33 394
15 466
71 222
58 402
87 299
89 235
75 303
97 249
38 348
64 450
13 216
72 499
43 329
55 499
29 491
45 470
14 340
86 274
60 454
81 360
30 487
64 243
75 265
13 411
85 286
75 269
36 353
13 276
90 399
99 465
20 362
24 420
10 318
16 262
43 419
24 222
19 266
22 443
92 358
49 493
100 413
26 444
77 279
57 247
40 494
37 264
14 344
83 255
14 478
29 482
39 438
27 448
74 218
32 283
35 493
40 218
11 287
76 420
39 380
43 292
40 428
37 427
75 288
66 482
61 498
97 359
44 365
93 388
70 446
36 207
12 446
82 241
40 386
45 296
42 376
55 337
66 442
32 272
54 494
36 244
36 415
59 376
99 408
79 360
28 433
25 489
88 291
35 308
53 490
13 440
65 240
19 367
40 339
24 211
84 442
52 273
89 356
43 333
51 410
18 314
43 309
54 419
30 332
11 274
65 380
75 386
25 290
50 351
79 441
93 210
30 264
35 437
99 430
59 382
97 461
72 381
53 299
22 418
20 275
26 400
81 455
96 274
37 236
68 422
80 435
85 257
58 414
35 368
95 412
21 433
67 496
83 391
62 361
63 474
72 249
11 290
32 408
28 497
58 487
82 319
100 498
54 318
93 217
29 255
25 485
94 301
78 249
17 222
88 248
28 295
11 268
81 499
79 447
46 318
86 260
81 252
47 261
96 418
66 305
43 457
18 409
42 218
29 498
96 317
73 486
82 241
97 496
98 428
62 382
28 324
24 431
48 449
50 496
54 219
21 288
13 339
41 483
86 353
49 346
30 425
94 279
49 283
27 455
82 466
97 204
42 227
62 364
35 376
77 291
35 409
29 269
88 375
37 404
74 431
53 446
14 331
75 320
90 248
70 374
88 310
33 201
40 262
64 211
14 423
44 230
45 481
30 328
40 250
95 281
13 481
77 335
46 450
78 423
43 377
22 410
30 424
14 472
48 475
25 270
61 233
44 478
93 298
81 266
38 236
89 277
38 323
12 276
15 265
26 219
98 244
87 327
38 238
78 300
75 229
44 359
32 419
48 275
95 289
100 314
20 438
82 290
69 201
39 230
81 263
94 407
48 378
58 473
87 229
68 378
100 391
12 320
42 219
63 275
86 434
76 383
67 480
60 329
58 288
63 497
99 359
32 356
89 334
75 452
32 298
89 421
97 263
70 497
95 333
81 341
47 359
92 336
30 497
93 268
58 324
69 334
28 365
55 218
34 267
99 259
78 498
41 303
95 418
65 242
86 320
49 214
55 355
90 215
100 315
53 284
53 245
29 371
66 357
58 306
56 257
63 239
59 242
60 214
57 391
60 408
22 286
27 387
93 221
60 491
14 434
65 473
41 442
99 337
20 482
13 421
65 256
52 242
22 200
31 206
42 210
64 299
42 285
93 487
68 286
43 340
17 200
47 448
99 405
63 438
55 426
38 424
86 216
33 479
99 421
30 356
88 348
66 477
82 288
35 437
63 338
76 291
83 286
35 427
74 272
54 376
17 421
38 377
25 465
90 403
32 289
35 265
57 361
19 267
11 352
95 220
66 478
87 225
99 299
46 203
63 214
54 266
35 377
79 270
60 247
81 476
41 431
71 471
96 430
43 439
24 439
23 220
61 219
99 429
39 345
48 337
51 259
79 493
37 245
79 226
79 485
48 327
28 441
24 405
90 233
37 350
11 250
64 388
68 315
37 236
22 497
51 217
31 225
92 492
40 220
62 261
84 418
82 318
72 332
42 376
70 263
82 337
74 345
86 282
23 488
91 318
89 440
52 238
24 293
30 434
30 396
79 466
99 229
32 370
20 204
85 226
87 219
14 331
27 234
17 273
12 480
82 454
93 475
26 333
84 421
77 228
99 460
34 327
32 476
30 351
73 440
39 447
50 388
36 324
32 388
23 393
58 237
96 234
45 287
36 427
76 384
48 221
75 397
34 281
44 294
93 200
75 207
30 494
27 473
44 265
70 463
91 476
68 202
48 410
62 377
47 496
94 239
27 302
74 314
28 456
21 264
79 341
95 351
63 364
34 349
23 432
70 285
39 209
17 366
94 274
14 203
22 201
43 485
29 325
98 486
78 354
74 236
58 218
71 277
96 460
88 209
90 487
40 497
11 279
58 363
69 354
53 321
78 255
36 458
55 250
61 461
96 340
96 399
19 283
43 439
62 351
40 332
95 491
86 230
70 440
54 371
22 457
35 397
45 495
13 392
48 496
40 450
51 497
12 442
92 472
28 220
83 276
20 358
45 379
73 335
56 230
60 361
40 396
75 448
63 361
82 436
95 339
61 440
64 380
22 364
26 210
62 424
14 485
39 302
85 419
71 432
44 342
61 386
85 299
66 377
29 371
12 214
76 395
22 293
97 285
47 376
81 238
38 280
88 380
88 285
68 269
11 498
58 206
93 397
14 414
80 465
58 284
10 242
25 433
25 203
63 491
88 461
78 478
81 201
82 372
90 354
96 251
30 300
33 432
86 261
70 470
77 379
27 204
14 482
15 456
16 302
100 312
27 373
35 251
59 294
83 358
72 364
56 498
85 365
68 360
69 223
52 452
19 331
39 273
64 239
60 246
29 372
81 352
53 346
61 317
76 327
12 337
39 333
56 353
90 211
10 424
15 239
20 387
74 228
91 433
100 386
23 358
26 286
82 200
100 362
33 321
93 293
75 429
47 240
62 424
99 442
11 236
30 420
81 300
40 382
47 413
92 461
75 222
54 229
40 428
15 341
27 329
16 456
46 308
39 486
97 498
22 276
94 357
90 456
89 341
62 388
23 302
85 222
24 292
98 296
44 341
35 468
63 319
70 425
10 317
96 357
53 286
22 296
66 327
74 348
85 235
96 421
78 281
86 360
35 393
64 343
85 393
47 202
46 482
46 337
32 285
97 362
29 377
74 262
74 408
93 370
72 395
56 229
31 483
22 299
77 294
80 357
27 200
24 396
50 484
62 479
72 477
100 389
30 498
75 305
74 310
69 297
72 464
65 380
72 414
66 218
52 369
79 443
79 432
85 498
70 321
16 433
59 266
31 399
95 220
90 417
43 377
67 484
89 239
23 485
62 290
78 359
41 327
90 225
11 389
54 474
74 448
65 255
82 425
65 225
62 356
98 475
28 304
25 322
12 269
83 494
71 259
84 215
69 403
38 445
10 461
58 250
59 222
97 371
79 208
34 291
31 487
51 345
12 421
18 382
57 223
48 246
13 477
84 417
58 449
21 419
20 479
85 215
62 223
27 346
58 482
87 344
89 451
27 206
56 405
75 309
79 461
84 408
44 263
33 213
96 385
66 319
67 350
55 261
48 470
21 302
39 242
38 265
88 384
35 313
98 357
100 466
22 425
75 453
67 447
64 449
42 399
84 392
87 351
44 320
64 259
83 470
16 317
38 243
83 255
17 288
26 478
72 479
53 376
11 339
98 347
88 352
11 304
18 492
63 446
75 474
62 432
37 255
85 426
79 498
44 404
63 291
56 237
53 232
34 399
34 433
73 408
78 239
46 277
25 416
92 240
79 477
11 229
75 469
87 227
16 334
93 200
82 210
94 342
64 348
41 363
66 235
63 314
96 231
46 203
61 362
64 234
81 465
62 267
68 469
61 399
32 425
96 375
19 334
54 376
34 205
78 211
16 308
50 264
56 465
38 486
22 311
100 414
74 232
64 459
62 474
68 451
86 455
14 231
70 341
30 270
98 445
46 336
56 355
31 290
71 467
72 445
68 244
93 252
48 237
90 226
35 316
10 358
38 250
68 359
27 295
54 486
66 408
44 490
39 470
77 330
40 253
100 413
72 331
57 374
12 424
35 327
57 325
10 259
95 373
45 214
35 244
52 405
42 219
66 463
30 373
33 323
43 264
21 473
79 398
40 461
14 444
34 310
18 221
63 341
18 235
94 209
50 252
51 429
47 207
69 408
12 381
80 254
41 465
30 238
22 270
16 382
43 235
58 230
27 309
33 299
34 475
49 321
24 222
18 497
23 389
44 358
32 384
79 463
31 286
90 408
22 449
40 370
36 229
22 439
61 220
96 431
24 346
22 472
87 249
52 296
24 270
80 206
63 213
26 449
19 419
44 457
10 395
57 300
25 476
97 211
68 475
79 441
52 392
74 386
38 277
92 328
65 334
15 448
45 201
28 396
90 201
57 287
90 428
43 217
36 324
45 348
84 369
40 367
67 449
27 348
83 433
11 220
97 208
82 311
38 364
49 430
25 308
71 209
63 302
19 337
97 454
46 473
30 472
32 280
97 290
46 344
21 353
43 237
53 333
11 320
78 304
25 260
63 465
98 346
53 495
14 493
78 366
84 219
80 202
11 205
18 427
17 263
47 464
90 339
29 398
51 440
58 406
90 312
52 468
53 387
19 390
44 308
61 242
48 341
87 326
32 337
50 446
77 479
97 450
57 352
73 474
76 247
64 240
59 449
68 266
64 367
76 463
64 461
42 252
83 500
67 398
39 328
23 435
20 450
34 322
89 430
28 341
44 322
45 285
14 337
21 354
43 256
46 480
76 271
78 217
22 358
42 304
14 206
19 490
28 373
98 205
56 305
34 228
79 477
100 447
89 413
68 215
60 366
98 385
44 475
63 405
19 265
23 465
13 498
54 425
28 214
92 421
47 474
27 445
12 460
62 462
91 440
39 240
86 421
56 441
28 224
55 375
30 304
67 258
90 242
72 369
78 310
98 223
96 488
40 432
96 358
52 217
74 267
16 353
87 380
58 281
89 337
95 391
70 243
59 440
34 380
83 241
46 398
81 222
59 482
93 229
29 244
56 386
95 253
32 498
25 230
86 235
83 432
75 257
41 375
28 459
70 254
85 494
44 463
65 234
92 367
100 231
72 259
30 421
18 354
10 445
31 445
53 200
30 406
19 299
31 452
43 234
91 456
60 355
99 391
44 361
35 351
64 367
53 259
25 421
89 454
10 496
66 294
77 472
50 451
63 428
39 226
25 306
40 388
72 349
53 299
29 233
49 301
37 257
84 385
69 471
85 241
45 434
38 359
89 483
24 323
12 410
11 270
91 280
56 476
33 434
67 338
39 422
52 316
24 247
34 407
60 288
15 382
22 482
34 274
39 299
16 322
18 245
22 422
65 247
60 454
29 370
94 448
50 479
77 219
33 462
10 492
36 323
42 470
67 363
67 466
67 440
90 368
97 378
74 208
32 384
49 355
68 451
99 294
95 263
34 403
56 489
28 223
58 466
47 262
79 485
73 238
39 212
74 357
27 393
50 264
89 225
91 228
48 470
26 354
81 385
41 455
92 401
71 382
72 419
80 444
75 420
65 326
68 286
56 220
94 247
33 454
48 452
54 498
29 253
99 300
36 358
52 208
51 232
84 322
47 231
79 303
69 497
43 281
90 310
74 459
48 334
44 328
37 344
88 404
20 426
72 284
79 206
27 290
90 381
96 388
28 427
65 312
35 317
40 454
13 494
60 483
64 274
53 310
44 385
27 263
43 466
16 343
66 338
42 460
52 243
99 430
65 286
73 342
41 383
67 279
16 407
11 452
36 321
41 347
64 223
94 214
11 456
73 359
51 488
39 260
95 414
79 451
16 430
66 351
17 286
98 438
29 442
63 371
69 349
42 467
16 326
84 259
53 235
37 323
23 485
66 452
56 219
84 295
11 393
63 210
53 376
48 370
76 234
81 278
59 207
85 204
29 423
35 363
77 430
82 378
28 266
60 209
44 481
90 484
10 499
17 500
67 390
78 390
19 358
40 205
89 410
86 345
45 471
96 488
36 391
27 211
77 445
44 492
38 273
18 497
40 366
98 395
51 313
55 377
87 201
45 484
26 340
99 493
95 285
90 459
33 295
91 382
48 388
73 413
21 245
67 482
23 302
64 364
92 308
41 284
21 372
70 420
96 344
15 271
79 341
36 354
29 398
11 424
68 306
96 445
19 393
47 460
42 500
13 359
36 312
28 367
19 459
92 496
74 447
75 481
18 494
17 422
44 267
57 375
10 381
97 422
84 494
21 268
98 453
12 499
75 319
88 498
35 400
15 381
92 457
14 282
97 394
54 489
47 298
58 283
70 431
36 201
14 284
32 315
25 395
52 250
72 428
37 292
71 439
59 321
38 231
25 244
91 356
82 335
88 345
55 382
11 371
27 398
29 350
34 441
54 274
51 259
14 437
39 477
37 272
90 220
67 450
17 427
92 245
65 258
45 479
52 313
55 220
69 253
36 472
34 416
31 382
59 446
71 274
63 444
92 468
80 347
20 477
85 221
39 283
43 259
77 418
37 360
18 382
21 258
51 304
23 347
37 346
97 253
76 463
59 464
27 409
41 296
79 282
56 305
83 296
44 427
38 235
43 350
29 346
43 468
52 330
41 384
99 305
77 344
66 383
58 447
81 316
75 426
31 310
83 262
73 343
62 368
14 422
63 243
11 426
57 216
69 223
33 430
96 236
94 344
52 279
44 409
94 283
98 241
93 263
28 247
22 491
46 233
92 433
13 429
58 486
46 262
64 244
46 285
86 214
20 397
44 470
76 438
80 339
51 394
69 232
16 257
29 304
61 333
51 266
66 294
94 406
41 209
34 245
70 428
69 473
63 303
13 328
39 494
27 418
71 318
29 276
30 422
83 364
58 367
24 214
48 431
80 214
27 318
18 432
40 268
46 217
43 346
85 259
49 261
33 425
51 427
51 452
91 280
31 300
20 495
79 305
15 484
54 262
79 276
90 495
56 297
64 414
38 357
79 481
67 399
51 495
53 305
95 371
41 210
99 229
23 484
26 379
89 351
67 468
48 283
92 470
45 474
47 271
20 254
67 446
80 407
47 226
25 334
83 243
19 317
61 299
20 304
67 216
63 266
82 279
43 446
59 228
82 331
13 447
74 301
31 287
95 229
38 417
79 210
30 406
91 481
36 376
75 381
26 437
25 325
38 296
34 213
35 438
45 373
60 479
80 474
24 430
28 327
47 264
63 203
47 362
11 424
35 466
65 329
12 500
12 367
92 474
44 318
96 474
36 443
51 363
53 415
42 368
72 337
31 277
46 299
58 222
95 375
76 224
88 339
57 407
90 217
26 334
82 438
29 224
85 457
76 296
90 479
25 311
51 242
65 354
32 275
51 262
59 312
56 403
75 208
36 405
68 387
51 310
44 244
74 454
57 470
19 321
74 360
23 462
34 319
28 493
55 440
53 243
11 238
50 401
65 454
57 222
98 243
34 414
85 365
60 237
64 315
41 231
57 239
15 377
86 206
54 452
18 321
44 448
95 440
12 356
39 352
98 432
20 408
31 432
46 411
36 305
13 276
54 201
74 227
58 424
99 395
16 481
61 318
79 324
50 474
31 349
41 255
69 470
13 374
46 434
34 268
12 260
55 324
14 358
68 337
95 334
26 354
72 446
14 440
49 428
86 448
87 239
51 356
30 364
99 257
21 212
54 234
77 367
33 282
81 459
60 454
74 349
76 356
70 228
12 313
89 458
95 481
67 461
84 404
17 264
16 321
30 484
95 298
22 412
59 273
35 248
68 411
11 233
97 441
77 260
97 416
87 262
94 413
54 482
95 246
21 475
79 270
24 420
92 256
54 498
83 450
22 255
40 392
64 274
65 247
35 335
59 301
70 308
29 319
82 227
74 232
40 430
33 459
78 420
99 430
82 492
26 360
11 438
34 232
83 283
58 244
13 242
46 213
21 256
86 388
95 395
85 284
64 421
80 423
13 405
80 455
75 429
42 341
15 315
40 277
17 453
59 265
58 365
84 243
23 309
25 454
82 249
42 277
35 479
95 258
69 249
22 227
87 276
19 242
36 491
43 238
55 339
55 336
13 279
35 373
78 209
87 290
14 262
22 427
20 264
30 372
60 396
23 489
13 466
56 311
52 299
73 347
61 350
63 390
36 261
43 465
55 236
80 476
65 319
51 287
24 336
18 394
67 256
92 452
70 363
62 426
52 310
72 349
32 454
66 287
39 449
79 483
45 204
43 283
67 360
38 405
18 227
72 425
30 431
61 253
63 286
66 203
27 450
17 253
79 289
24 367
89 291
54 421
68 307
87 368
88 273
68 310
24 270
50 333
56 309
51 242
39 263
78 239
24 296
60 364
75 332
63 269
84 329
13 416
57 444
75 301
68 255
93 265
89 396
96 274
96 233
71 298
33 208
98 257
49 328
39 336
48 401
58 280
62 345
89 363
14 229
15 202
21 274
33 307
93 415
62 372
28 395
92 493
87 205
52 406
63 419
29 242
90 396
48 246
38 267
22 226
52 272
30 278
41 245
81 264
34 265
37 407
27 304
21 261
72 397
55 391
61 406
89 384
14 204
18 240
26 237
91 317
65 244
85 455
26 280
83 248
60 353
20 453
56 302
97 214
47 378
14 263
80 287
66 283
83 274
80 362
21 289
66 421
44 323
36 372
32 292
64 395
45 273
22 299
58 309
71 272
24 468
57 469
68 429
40 294
12 324
11 263
97 333
54 445
35 207
16 205
14 434
56 443
98 497
57 280
41 253
14 491
94 334
65 473
90 459
28 213
85 420
69 394
13 409
37 406
18 403
12 464
67 260
80 241
80 295
74 310
17 320
82 266
18 457
79 465
21 253
52 397
42 403
93 475
50 327
37 226
25 240
89 264
51 294
10 305
57 325
58 486
31 465
82 297
93 488
90 234
73 439
25 411
32 420
14 401
90 464
48 474
88 314
50 252
20 242
21 245
94 220
48 210
62 429
16 304
43 319
74 354
54 218
38 347
22 399
11 433
53 423
32 365
92 342
68 394
93 222
86 200
11 317
27 426
53 267
70 411
46 317
19 392
11 329
29 221
59 234
41 339
33 257
42 392
53 319
80 232
96 422
48 283
88 442
23 233
16 488
44 293
43 207
96 388
16 473
21 263
44 260
29 362
33 304
99 216
78 287
37 464
96 480
33 446
58 453
40 328
84 422
69 493
97 354
24 464
78 487
84 231
96 378
96 364
27 344
57 354
34 327
31 337
22 261
66 426
54 260
87 403
50 423
71 258
73 474
12 352
37 498
43 456
52 474
50 254
49 398
81 497
44 424
56 479
73 365
80 398
33 356
17 254
38 445
73 254
25 283
32 277
77 488
38 353
19 301
69 227
38 213
85 421
14 204
82 270
68 202
56 494
97 216
27 335
94 258
53 278
81 494
25 319
56 387
93 339
48 276
77 384
10 237
65 426
17 454
98 360
23 412
28 262
33 299
62 338
51 235
52 498
96 270
42 458
91 486
15 343
49 361
68 249
59 230
70 440
32 368
40 388
90 402
73 207
20 296
56 306
55 210
46 258
45 317
91 385
66 211
63 312
95 454
70 219
17 234
73 467
22 206
92 482
24 201
78 357
14 232
50 277
47 214
62 220
27 300
70 382
65 383
13 382
71 254
28 319
65 308
33 491
57 286
41 472
96 308
22 283
58 240
76 280
11 496
40 284
43 456
27 254
50 307
73 423
56 285
14 399
99 474
13 206
15 208
43 295
70 255
82 355
71 488
39 497
11 486
53 426
87 445
59 477
53 364
63 362
40 287
35 341
57 296
10 268
89 223
44 371
14 491
93 271
35 410
100 359
17 297
35 233
38 212
46 491
69 306
42 273
82 259
54 402
21 460
18 461
50 282
75 459
67 305
46 500
15 245
45 410
14 392
33 281
17 351
23 229
85 322
92 299
39 415
58 487
89 420
67 305
17 226
99 274
25 241
83 346
43 330
60 327
51 398
42 376
31 379
50 404
27 457
89 280
76 454
22 495
66 462
18 375
21 261
27 268
68 420
74 288
43 368
10 221
32 272
58 212
51 250
22 401
39 368
40 277
100 497
86 495
32 218
18 395
28 266
86 281
51 325
50 485
99 232
31 406
100 351
37 255
40 283
35 307
66 386
92 221
72 302
47 288
34 333
53 350
43 394
55 282
14 498
30 360
61 272
87 283
84 433
65 274
79 442
100 364
18 463
25 407
68 298
73 385
70 427
24 227
71 312
12 488
80 377
77 237
37 361
17 321
93 306
51 456
25 224
31 324
41 403
67 251
62 476
16 381
72 318
14 421
15 468
70 438
94 203
42 241
26 493
95 356
38 206
60 296
48 381
93 467
81 400
94 233
15 301
45 277
47 272
35 246
56 355
91 383
57 407
33 472
52 485
99 397
79 338
49 421
92 412
59 250
17 303
86 436
69 448
15 220
69 409
59 258
88 500
81 370
52 262
71 203
84 368
36 488
43 341
42 473
32 243
77 314
59 255
68 448
45 461
88 471
29 433
46 432
11 367
14 235
47 341
100 375
23 388
100 412
80 468
97 481
48 305
58 255
52 292
41 312
15 318
18 421
27 260
95 431
87 301
89 254
90 454
17 349
40 489
21 269
10 343
76 416
99 292
24 256
66 371
54 335
91 400
23 238
69 306
54 233
70 384
42 246
30 466
62 377
18 354
34 359
98 444
73 444
49 244
63 369
60 317
94 353
32 457
21 374
77 309
100 367
98 444
22 279
98 257
95 262
63 402
41 407
81 496
19 330
55 248
89 353
42 400
54 279
51 296
17 368
84 257
81 347
66 397
62 309
83 330
32 314
92 240
59 275
31 269
55 474
57 301
43 380
78 230
52 254
15 258
63 430
30 355
33 266
52 400
11 455
58 495
86 460
51 239
74 219
84 337
10 324
25 216
83 336
46 310
38 271
10 261
58 433
13 225
32 416
83 271
96 404
75 440
42 249
97 397
50 485
88 408
36 420
63 460
77 369
97 394
67 335
76 390
44 319
59 465
88 289
16 406
34 250
44 355
59 471
88 214
36 483
28 411
59 295
34 355
80 337
56 302
44 402
24 438
10 357
60 205
30 388
50 439
47 403
36 436
78 294
21 276
15 321
30 377
20 254
52 328
38 229
53 261
29 372
66 402
56 350
87 474
82 266
83 374
21 455
42 290
48 207
19 222
83 251
17 243
47 431
100 446
21 200
63 340
72 403
40 400
43 397
19 489
16 234
61 329
26 420
33 435
99 234
72 204
35 305
92 288
55 267
63 393
97 438
60 439
97 473
12 292
69 460
71 281
67 392
56 380
40 278
64 386
75 220
37 244
31 337
88 258
72 315
96 420
82 433
53 343
98 394
70 224
29 464
58 245
79 414
49 314
100 438
65 202
92 339
90 231
36 329
51 328
97 489
29 446
54 303
55 225
80 421
88 248
73 252
11 438
12 416
23 357
15 200
93 259
49 355
35 264
39 277
90 377
76 338
67 437
97 309
51 336
54 460
91 312
37 426
30 427
58 500
58 393
92 392
77 288
50 441
69 230
42 442
31 232
83 478
17 419
64 430
17 214
50 387
50 350
16 223
33 351
30 360
45 472
48 343
16 246
77 360
84 249
13 381
97 330
93 500
28 343
25 251
80 216
50 331
59 499
53 443
75 377
26 291
48 251
84 357
69 466
100 272
32 319
19 496
51 260
86 447
75 322
58 408
83 385
37 454
71 342
40 431
16 396
17 316
37 354
79 443
15 440
47 233
43 365
73 405
21 370
70 227
75 298
95 229
41 423
16 263
11 328
10 481
56 415
78 318
26 469
78 337
87 473
21 415
87 245
84 211
95 420
11 306
33 372
81 398
80 266
83 256
86 353
14 316
55 231
23 285
92 392
55 356
31 491
78 450
67 339
33 349
13 398
84 224
83 238
71 210
67 229
60 397
36 201
84 399
63 395
68 482
14 355
13 399
96 357
61 278
42 208
76 253
71 331
89 374
40 346
31 424
11 400
50 257
62 282
89 382
47 389
86 462
49 450
95 286
70 407
22 250
92 292
100 270
65 278
31 241
63 327
92 247
50 484
73 376
45 460
79 389
88 370
50 290
16 409
34 323
15 490
40 480
52 425
75 403
98 493
64 375
65 307
79 244
13 426
69 304
28 427
84 482
65 241
43 263
85 346
10 213
30 259
50 315
88 241
41 436
91 359
45 251
14 483
22 204
81 464
73 241
44 500
15 335
96 493
34 439
31 233
33 371
28 445
77 226
67 401
91 367
67 471
11 475
29 462
58 309
74 486
99 463
93 271
71 474
68 445
85 299
82 364
95 219
60 354
15 441
96 406
74 263
11 474
12 278
69 416
29 258
98 436
14 335
11 267
96 468
69 470
22 387
14 485
13 288
57 401
44 342
31 285
31 432
10 341
52 392
48 294
65 407
16 368
89 434
43 298
40 344
27 416
69 247
38 387
48 437
44 262
92 292
54 331
51 303
46 431
39 478
82 393
83 453
63 425
58 394
18 236
78 438
20 218
73 500
35 218
34 390
19 413
51 376
37 454
33 465
49 423
74 358
57 325
71 274
81 445
86 419
87 405
77 280
26 239
100 225
22 465
74 286
11 397
48 319
70 338
82 484
88 474
92 274
65 400
33 495
98 464
87 223
90 468
44 489
65 331
57 212
29 429
63 372
98 407
76 373
89 223
39 254
66 497
36 494
100 324
83 439
32 350
98 456
86 463
80 273
38 407
45 338
73 231
95 358
61 399
55 484
80 387
79 316
68 264
30 427
28 445
27 475
35 224
78 361
19 272
79 478
47 368
20 262
74 223
43 286
37 348
37 241
89 205
70 316
38 365
77 355
18 356
22 353
35 458
72 264
100 295
61 406
80 306
56 260
93 285
40 200
94 365
54 417
54 349
91 388
29 473
54 221
42 269
34 457
72 234
28 454
99 261
71 491
67 275
30 447
31 397
43 242
99 438
59 380
26 389
87 448
34 207
72 489
22 240
49 252
92 363
71 353
63 314
31 490
20 394
42 499
83 281
19 300
78 397
32 203
35 445
38 446
11 317
41 228
60 225
23 431
64 484
58 260
79 326
62 436
11 384
30 208
32 372
27 382
25 487
94 302
20 233
62 332
49 328
51 206
35 338
66 490
64 419
68 368
20 498
85 463
78 435
58 295
98 227
63 272
23 310
62 343
96 319
61 442
69 232
59 248
45 283
46 389
92 485
95 496
51 257
22 262
46 377
44 246
44 232
19 316
17 441
97 435
11 382
63 455
38 273
82 482
89 438
35 306
48 376
82 252
61 207
33 374
81 369
57 237
28 437
89 243
55 209
54 386
22 251
43 253
44 241
77 429
59 353
66 299
84 285
66 411
59 414
58 426
19 453
17 484
34 463
79 215
99 351
52 311
18 439
78 476
26 296
92 357
19 440
88 427
21 256
54 215
96 421
63 451
70 251
59 211
83 359
90 486
23 325
18 413
79 359
91 493
40 292
32 405
92 203
97 404
26 418
36 427
69 309
80 410
76 261
48 324
28 346
93 430
31 355
80 235
49 429
21 470
14 275
46 400
71 403
25 286
99 221
62 459
57 339
21 390
86 488
81 269
13 271
25 305
36 239
89 390
27 214
71 386
60 431
80 316
65 388
71 454
10 364
47 439
80 478
80 352
35 239
85 248
86 317
26 435
57 391
12 272
31 381
58 444
97 243
11 394
50 411
42 239
57 406
60 225
17 203
17 297
15 496
88 301
72 447
82 469
35 309
19 492
75 449
90 250
21 443
86 321
79 438
27 376
77 286
41 476
33 477
80 280
57 367
100 285
33 316
100 349
29 493
67 313
39 473
27 280
27 455
28 467
47 210
48 235
39 493
98 284
81 482
18 391
97 393
18 359
52 427
41 332
43 245
27 258
34 206
39 331
65 438
48 303
55 439
25 442
28 247
10 350
15 339
90 325
42 465
47 490
87 441
72 259
56 464
92 453
51 354
31 330
40 380
16 488
72 469
86 499
23 404
52 442
20 286
100 223
57 500
54 391
41 282
25 374
31 415
84 414
53 358
40 258
54 476
31 305
48 425
31 358
19 350
97 269
32 366
89 385
97 253
38 202
75 423
41 278
23 452
85 305
82 235
12 296
41 358
13 354
56 403
95 258
25 311
48 386
87 419
42 240
32 294
74 204
76 369
72 253
82 223
18 328
88 419
15 418
60 223
61 257
60 231
34 376
100 391
21 218
61 332
32 229
76 250
59 342
63 214
94 438
40 400
23 495
75 439
63 344
91 432
57 337
86 415
25 255
69 275
33 364
43 331
29 481
67 325
23 499
62 364
80 326
72 451
36 382
21 431
88 249
29 376
15 274
41 400
52 346
19 402
83 228
47 352
41 313
42 229
50 265
24 446
50 457
22 359
50 483
28 313
52 451
89 368
68 478
40 303
29 440
10 231
72 437
29 375
68 258
57 258
18 298
90 413
74 297
88 291
53 360
14 210
69 341
15 234
75 343
62 289
11 240
21 448
26 453
76 475
55 477
54 283
74 384
38 226
62 216
24 460
47 470
63 335
37 245
58 277
29 404
59 419
71 487
58 421
64 438
33 398
73 327
34 335
37 376
46 441
40 377
94 467
95 267
45 356
40 368
33 449
65 298
43 216
14 483
39 421
78 230
39 232
56 499
49 266
42 427
72 413
99 254
66 400
37 379
78 332
20 437
42 319
45 448
28 217
29 419
34 247
73 455
100 204
43 345
11 474
50 425
65 324
54 266
94 248
85 227
64 441
88 461
34 397
35 292
35 235
99 249
14 359
75 311
54 355
69 332
10 476
82 215
19 234
48 272
33 424
91 412
82 212
63 373
64 427
74 271
96 375
64 442
60 274
29 345
63 406
59 257
96 232
81 431
82 302
34 497
15 251
72 340
92 478
72 371
76 376
60 263
70 462
87 283
15 206
87 413
20 354
48 242
92 441
37 300
64 374
58 468
75 453
72 336
17 268
38 231
41 348
70 444
65 248
48 293
41 405
54 364
33 374
20 394
74 277
14 307
98 290
23 274
45 330
17 422
45 366
51 291
87 446
94 271
46 211
37 446
83 217
82 423
90 415
83 455
55 209
16 341
13 233
40 240
68 222
17 210
46 314
41 351
49 234
53 202
46 434
79 410
78 456
33 342
69 348
83 260
20 256
29 405
18 463
78 453
61 357
41 322
60 411
100 479
23 294
100 389
32 327
78 479
93 330
29 402
88 314
75 334
53 260
74 460
17 382
90 456
53 221
81 407
56 200
27 326
32 264
82 321
95 263
70 423
78 368
11 319
16 234
25 301
33 389
74 214
56 370
24 258
10 247
64 272
38 300
41 290
61 311
84 255
36 460
59 465
58 250
85 208
89 434
77 225
14 268
15 343
83 458
76 227
79 315
92 451
37 344
84 228
63 402
59 227
37 459
18 387
30 224
66 491
18 454
85 230
62 203
89 357
19 472
27 415
20 381
21 451
21 356
88 481
78 460
25 367
71 398
16 375
42 398
26 330
84 380
25 270
54 431
79 293
85 260
14 438
85 271
95 467
73 265
33 382
45 352
18 392
35 252
76 422
66 432
71 449
56 309
47 393
70 395
26 339
38 392
49 295
62 364
34 288
42 406
37 352
96 468
99 205
39 260
13 368
84 325
97 451
77 283
93 422
22 278
54 332
55 287
79 382
54 386
57 277
23 388
26 496
46 423
18 324
15 326
87 372
49 256
45 334
43 416
24 267
62 215
21 413
25 274
39 201
18 462
17 449
86 457
19 454
65 394
23 259
39 218
76 421
99 203
19 364
10 259
12 361
18 278
48 325
29 214
18 209
79 303
39 223
12 401
49 337
66 453
91 264
41 276
89 445
39 488
34 447
48 437
71 219
13 279
97 264
11 318
77 468
47 480
97 430
55 366
70 373
77 411
32 488
79 319
10 266
72 438
100 201
77 270
45 286
41 263
29 341
63 321
38 251
65 248
12 379
87 445
47 431
86 336
34 292
42 248
35 210
75 320
93 258
21 431
31 438
32 444
11 324
100 336
11 314
28 203
54 497
39 391
85 253
76 243
43 482
97 452
38 424
19 402
23 309
21 275
54 274
11 274
99 231
48 422
81 493
67 235
88 271
41 314
74 402
44 367
24 346
38 222
29 289
89 200
48 204
93 394
24 492
47 324
20 275
22 266
68 420
42 456
37 427
80 264
80 376
71 410
18 499
62 240
63 304
32 435
68 214
56 233
35 494
57 428
94 403
90 285
64 244
69 262
59 259
56 498
26 256
86 405
79 236
24 291
68 334
58 346
77 251
33 252
59 486
10 313
66 474
67 460
38 337
38 336
38 347
79 279
63 489
41 357
81 327
89 313
71 372
37 258
50 235
66 468
95 239
15 410
72 325
97 428
24 340
50 306
34 345
22 288
99 318
45 255
24 291
28 406
34 224
49 334
69 222
36 281
33 279
40 222
84 257
58 366
78 412
67 282
80 306
52 339
49 463
21 318
38 461
65 465
10 385
89 245
71 400
86 367
36 464
14 332
15 237
71 316
24 420
47 456
32 415
89 399
94 387
88 430
55 438
83 282
72 442
79 478
12 351
52 217
97 432
48 232
72 348
47 367
25 444
43 491
36 315
72 235
85 303
50 247
27 257
85 311
20 405
84 237
44 331
51 267
82 405
41 481
78 397
93 217
78 317
95 398
19 244
87 331
42 296
50 337
39 207
48 250
14 435
25 417
20 343
78 226
35 233
98 248
66 252
60 418
41 471
10 249
90 498
61 311
95 207
44 396
52 293
36 326
29 484
94 493
33 425
84 322
59 424
25 235
88 333
20 293
45 268
33 267
25 420
19 307
48 223
96 290
51 399
99 242
35 356
63 406
79 452
71 437
44 295
14 248
60 425
51 480
89 381
45 206
74 322
76 375
23 265
27 360
56 329
51 243
70 335
94 215
66 425
55 359
49 424
86 396
37 497
73 238
26 269
83 375
79 306
28 435
83 464
73 284
24 446
74 227
43 225
49 213
84 443
62 368
16 227
10 361
90 287
75 298
43 392
22 497
32 421
67 370
38 225
97 376
15 480
90 449
90 343
100 303
48 282
75 350
62 433
13 230
10 359
37 325
89 449
72 498
42 201
79 401
30 469
76 396
99 377
36 351
19 255
41 254
51 323
65 294
98 312
71 474
10 351
58 420
64 368
26 316
75 432
84 346
86 293
47 296
41 335
52 439
100 350
24 427
51 294
69 478
65 294
100 326
55 498
33 392
94 411
68 484
60 224
27 491
27 320
83 485
91 484
24 294
70 313
56 255
35 440
76 313
18 432
34 326
49 484
34 492
60 475
27 435
60 202
55 213
62 211
88 226
79 319
96 277
58 489
77 288
29 313
52 359
44 288
53 371
86 453
41 364
87 235
55 375
56 222
77 309
17 284
23 478
83 303
52 234
76 335
39 468
87 473
49 390
19 311
66 281
87 321
40 491
19 492
72 343
65 451
36 446
66 486
21 286
37 427
42 379
98 340
24 357
69 422
14 322
73 205
73 245
85 296
48 432
68 298
21 249
75 425
95 482
12 368
95 499
32 285
96 203
24 422
67 487
90 357
23 274
59 460
37 387
16 252
53 291
65 290
60 296
65 285
86 426
22 243
60 394
33 449
81 453
44 207
46 412
72 446
12 424
99 253
80 410
31 377
96 404
50 290
78 483
62 477
34 475
60 479
35 246
55 215
46 247
15 336
77 335
40 394
24 435
35 318
23 201
80 294
59 360
80 303
87 407
16 448
69 498
58 499
65 303
25 441
56 235
45 206
61 255
27 378
31 495
33 334
63 337
70 298
86 209
65 288
81 430
46 297
91 412
22 369
61 258
19 262
20 232
55 413
84 316
64 276
78 433
65 254
15 235
69 266
37 253
26 461
58 340
73 308
19 251
21 464
75 484
39 351
92 492
19 251
19 200
96 366
76 436
44 452
11 272
35 216
89 270
99 456
67 433
12 359
18 439
63 241
60 245
31 336
93 354
43 242
30 465
14 486
16 328
40 320
67 352
100 373
33 211
56 281
32 341
83 325
34 410
40 401
53 456
89 391
54 424
63 362
24 290
87 237
32 232
54 466
99 392
45 306
14 416
38 244
65 476
83 285
72 433
35 238
36 222
23 345
63 311
71 232
98 302
23 217
91 324
72 467
74 321
74 367
23 308
30 242
39 478
29 417
42 262
43 446
86 333
65 428
86 245
78 294
100 376
66 379
20 294
42 465
98 316
24 401
71 390
52 456
64 219
82 476
42 277
80 263
33 460
82 303
51 298
18 249
12 457
94 423
28 421
60 365
94 418
52 410
35 407
45 373
82 487
64 405
40 218
58 372
96 356
89 381
15 269
49 428
34 205
47 475
84 487
30 412
89 303
96 359
83 435
29 384
56 329
95 434
80 204
65 275
98 228
37 263
14 284
37 272
89 289
98 215
34 284
50 327
16 497
53 345
38 217
16 302
71 265
49 443
32 239
42 327
74 372
49 314
26 329
87 245
50 330
77 393
27 437
13 300
24 455
77 365
81 422
15 215
10 451
55 403
75 374
69 206
37 369
97 201
84 404
57 315
29 256
78 448
13 425
33 376
90 391
50 248
46 405
37 498
26 472
85 243
50 328
56 391
62 267
29 394
51 387
49 203
63 414
69 284
23 397
11 416
55 398
89 297
60 477
53 304
24 393
30 242
45 345
40 467
44 222
21 331
52 266
71 500
93 484
34 216
86 492
71 365
40 242
48 338
92 455
29 365
82 289
33 317
42 237
76 244
39 342
78 418
64 460
48 337
42 450
62 221
61 483
20 228
99 246
44 493
12 308
59 246
66 463
10 230
61 345
92 208
80 399
33 343
17 241
91 500
44 230
29 380
55 304
49 487
14 223
97 301
99 234
54 427
90 409
26 396
46 379
94 438
39 228
23 334
52 459
12 208
35 302
97 451
79 495
34 256
81 313
16 246
39 403
98 243
67 328
86 211
47 291
45 233
23 427
39 337
78 500
13 323
27 432
47 206
99 459
58 392
17 267
21 317
23 360
45 479
11 247
100 393
26 336
78 407
19 241
20 346
11 338
16 290
77 491
40 444
94 207
70 419
52 222
64 494
70 345
25 268
83 360
19 429
76 336
55 207
57 329
51 367
42 220
40 435
27 402
63 358
58 463
76 432
30 261
83 264
92 295
62 246
39 243
89 450
21 260
15 205
62 459
79 253
67 478
28 439
79 315
22 236
66 322
53 460
80 291
40 237
50 254
98 289
25 458
46 324
46 343
20 304
60 400
54 280
61 243
82 204
69 264
83 333
44 407
75 218
78 463
11 281
59 238
96 462
11 306
64 411
99 364
45 500
26 269
92 390
78 247
70 368
29 333
35 396
41 440
94 435
30 369
89 318
19 283
15 351
41 365
59 236
60 474
50 240
63 264
70 253
68 222
95 270
99 320
67 343
45 278
10 411
71 491
97 251
35 257
92 411
88 361
95 399
60 433
39 326
40 267
71 206
93 498
48 444
47 491
84 275
28 312
63 414
73 413
70 324
77 265
27 340
27 380
64 209
19 426
16 207
56 463
10 281
95 238
92 476
53 208
39 496
59 486
24 371
30 324
45 316
98 377
78 264
91 443
71 267
89 409
12 310
17 486
45 230
50 263
60 450
11 205
82 341
61 304
61 286
79 405
96 265
21 306
70 235
68 404
64 314
71 274
53 331
31 463
98 481
24 316
45 296
63 325
92 209
21 347
59 305
10 446
45 230
80 398
39 498
98 266
94 312
76 434
64 298
88 253
86 370
71 458
43 337
100 250
11 460
93 390
80 346
30 333
31 284
82 339
47 230
17 290
10 495
58 483
43 266
78 319
10 251
65 300
90 308
85 483
54 496
67 281
33 405
10 415
49 343
69 468
24 408
98 413
58 429
96 392
53 329
36 380
38 236
13 217
72 278
34 362
27 321
12 363
94 255
59 413
48 280
46 469
93 336
94 287
51 224
58 209
24 438
10 483
93 318
87 467
54 499
43 419
28 219
75 243
49 308
72 370
50 284
12 324
67 468
100 384
84 338
27 345
58 230
67 397
47 275
14 494
82 440
79 291
46 442
38 432
40 238
35 386
87 338
39 442
86 318
77 298
48 467
83 430
92 469
46 294
20 388
46 266
68 448
71 485
31 441
52 388
25 417
57 251
30 482
18 360
77 317
91 204
60 248
75 228
39 407
97 208
41 307
57 422
20 331
65 393
81 271
72 500
100 200
24 492
68 441
51 230
35 457
77 238
14 315
52 470
41 287
100 316
45 451
33 449
37 341
67 251
58 268
30 298
20 500
40 500
30 288
40 447
76 411
56 498
74 450
40 497
64 393
40 432
48 247
70 323
14 420
100 499
65 323
74 205
64 335
16 210
48 433
56 416
69 340
20 318
26 328
64 275
79 375
41 263
19 285
19 208
37 459
77 390
38 252
84 352
16 350
92 208
53 467
86 426
12 286
71 293
46 307
25 385
81 324
58 302
20 231
67 362
76 266
93 219
46 397
21 404
83 381
24 328
13 337
63 402
58 247
50 286
20 261
35 234
21 265
44 243
67 396
32 485
98 407
62 479
17 273
12 298
75 294
78 249
42 378
46 252
27 344
47 478
14 207
82 239
72 297
10 318
43 438
33 353
64 256
90 345
20 463
78 232
35 266
80 386
87 482
58 318
28 224
95 479
84 307
11 253
18 250
46 346
14 423
98 229
70 228
56 206
97 214
27 497
43 268
52 224
76 268
86 323
21 387
80 472
74 269
66 347
63 293
87 255
87 390
89 393
34 356
89 409
31 386
69 399
29 485
46 453
37 465
14 493
29 327
59 345
83 437
37 464
42 382
66 444
61 251
54 440
51 434
32 225
64 452
90 274
64 245
40 336
75 251
55 361
83 291
49 222
98 344
26 455
90 402
74 496
35 485
51 257
76 232
12 487
26 405
76 266
44 486
51 409
14 229
11 313
26 422
31 245
80 219
70 489
29 399
72 323
78 419
84 448
49 412
47 281
95 393
25 464
82 249
47 313
26 288
52 348
15 209
73 473
20 394
16 399
94 395
100 322
16 350
78 463
32 453
37 326
91 340
18 422
72 360
75 469
19 460
84 356
90 459
62 447
15 239
55 291
25 366
33 496
91 432
94 226
42 400
56 428
90 341
57 429
72 384
49 347
48 412
59 262
58 281
53 421
96 303
25 202
14 323
97 383
29 405
35 336
74 461
46 292
45 414
77 449
78 316
51 339
64 248
69 296
38 308
93 449
35 426
44 277
73 397
88 200
84 268
15 303
94 401
73 477
60 366
61 309
28 220
15 459
29 298
74 346
11 469
43 214
37 443
66 392
34 451
54 339
29 478
27 394
26 287
30 390
56 294
67 332
100 346
35 281
63 293
92 248
65 471
54 405
83 303
54 452
79 437
78 470
19 482
36 241
65 482
65 419
54 329
10 340
19 341
89 316
34 297
90 394
85 427
44 380
15 292
37 482
49 421
99 342
79 212
10 369
98 212
16 269
49 339
57 213
42 228
84 261
42 494
18 291
69 202
84 348
95 250
21 273
41 478
55 272
97 496
53 484
74 228
98 247
29 309
89 245
16 340
80 360
99 210
28 452
95 320
41 206
38 377
85 240
78 392
78 293
49 201
31 395
97 476
52 244
90 453
39 319
66 294
44 374
23 329
84 215
80 373
22 268
83 249
76 302
91 369
88 328
37 369
14 248
53 363
11 378
13 331
93 305
66 476
86 427
15 253
67 202
10 464
93 374
39 328
60 403
75 268
58 214
72 452
52 281
36 304
75 328
10 404
62 257
56 310
62 433
33 426
100 489
60 404
34 301
76 287
18 426
48 484
33 241
46 452
51 447
82 479
10 439
82 406
11 210
63 429
52 328
98 276
73 442
59 428
64 460
61 496
93 267
55 275
34 362
53 379
25 231
54 281
17 438
41 364
81 201
35 289
97 395
91 395
97 243
46 328
91 285
86 287
95 250
61 410
85 337
57 470
39 344
42 486
54 486
71 479
84 441
73 214
45 331
66 370
83 231
55 327
98 270
19 368
87 224
36 482
91 366
88 377
11 399
82 240
56 210
42 320
11 235
36 433
85 493
95 240
56 250
93 239
42 229
61 390
89 484
53 313
34 220
62 258
22 351
43 252
12 215
25 209
42 405
67 365
60 494
100 370
63 471
22 262
57 213
40 452
23 221
78 495
39 452
89 411
89 248
36 361
59 233
59 211
19 210
34 283
94 481
37 497
80 260
68 349
76 408
35 470
97 263
53 370
95 414
39 266
26 441
37 424
70 496
29 360
28 311
64 459
95 295
30 492
94 411
63 327
48 390
38 446
90 458
69 367
75 293
30 282
64 258
29 406
97 389
29 208
18 408
89 490
74 319
93 306
97 270
16 246
43 479
42 260
41 256
33 256
62 360
60 332
27 241
66 421
44 253
54 380
67 345
35 463
50 299
25 392
73 451
98 226
83 379
19 264
93 213
83 232
12 306
87 490
38 352
96 277
36 288
95 314
44 275
51 296
100 293
10 492
67 375
96 372
90 253
26 386
100 403
53 287
58 481
30 356
45 436
38 486
81 339
82 355
14 324
79 236
14 337
40 360
39 443
74 463
39 365
26 462
14 214
40 225
63 274
66 276
93 211
32 431
80 310
14 462
89 435
51 301
24 423
64 481
69 390
34 260
43 239
90 219
73 468
63 448
59 323
33 449
22 484
41 434
22 415
38 478
44 291
57 319
60 437
10 329
64 492
80 278
37 308
43 432
68 291
35 266
24 301
31 498
30 343
44 327
77 225
96 305
52 280
31 228
25 472
47 240
72 444
38 341
12 416
63 276
31 350
51 318
63 254
89 484
14 446
41 404
58 313
55 485
42 381
28 308
61 217
53 213
45 416
48 411
15 376
35 235
52 226
35 425
27 419
67 428
62 417
66 232
87 238
73 322
86 377
93 470
19 227
86 305
79 235
18 473
88 401
20 385
89 311
23 457
38 416
37 291
40 414
10 311
12 487
62 319
64 312
14 207
15 471
43 481
40 225
68 366
65 411
36 302
94 258
60 449
82 341
76 305
43 260
54 455
11 247
13 359
76 260
54 346
24 376
65 236
56 228
51 276
81 350
64 358
25 284
60 381
64 243
34 428
64 301
58 248
47 353
84 406
33 472
57 444
78 326
72 498
61 279
98 492
90 299
32 286
38 405
28 256
33 352
51 200
84 263
15 499
23 354
98 279
79 404
10 370
66 350
97 283
47 340
74 256
18 322
58 271
95 208
91 425
44 260
68 210
93 372
49 438
24 311
15 299
53 387
67 392
94 234
51 414
20 448
84 262
38 211
27 495
33 409
67 226
11 242
49 491
61 443
26 388
50 343
32 416
17 353
65 214
68 481
96 210
47 296
59 395
74 354
78 474
100 257
81 430
32 485
75 462
33 246
22 379
39 284
29 367
86 300
11 274
15 206
85 406
38 306
44 308
90 388
25 421
19 230
16 494
42 469
78 341
71 304
92 301
33 212
10 474
57 297
42 341
61 229
31 305
76 244
54 494
40 444
17 327
81 412
44 388
94 275
41 293
65 497
44 416
59 311
23 218
99 385
84 411
88 303
65 499
34 428
82 229
94 252
30 494
65 425
50 294
92 358
92 278
66 281
98 261
33 382
46 250
82 388
98 429
34 476
85 287
33 367
76 422
71 370
54 333
76 244
63 494
37 313
77 455
44 463
33 236
10 493
15 308
88 496
13 320
82 413
87 271
71 371
48 448
74 357
84 233
48 456
70 201
54 445
47 362
73 318
72 398
92 382
17 440
97 492
72 245
61 365
10 381
74 457
26 474
57 307
87 414
62 432
87 230
55 269
20 482
57 238
53 447
22 334
98 495
33 395
13 427
27 202
32 243
69 335
91 222
64 474
73 454
49 248
48 429
100 324
37 403
40 239
20 480
93 485
78 397
40 360
26 388
65 329
64 271
66 347
11 355
48 427
61 423
50 241
98 241
58 211
58 477
68 241
57 270
93 328
39 355
31 489
97 299
73 372
35 480
32 361
20 287
27 391
37 262
34 311
32 246
23 445
86 219
27 376
95 461
83 455
97 390
96 307
16 407
70 308
60 498
85 219
79 205
96 243
85 240
40 268
64 323
66 206
51 447
99 330
57 233
86 472
11 374
62 412
13 206
67 467
77 386
87 486
16 294
61 356
64 230
24 370
24 334
84 394
26 458
63 438
79 205
42 363
47 488
15 409
80 492
66 395
22 258
65 416
88 307
36 437
32 394
86 441
46 432
64 257
67 358
52 278
83 404
80 492
42 464
32 282
56 223
47 479
57 305
13 383
43 415
13 250
42 324
65 284
75 324
94 343
26 285
40 493
84 310
81 328
94 332
16 426
53 335
34 334
18 298
99 302
29 234
70 269
16 291
55 363
34 444
39 244
11 324
48 217
42 469
26 456
84 454
55 353
38 483
90 479
69 453
51 241
15 381
28 294
99 413
19 284
75 360
35 385
71 313
77 366
17 396
54 381
41 400
81 387
40 470
69 412
38 343
66 307
84 462
72 393
57 256
31 480
46 254
24 400
83 414
35 398
10 336
44 408
95 210
10 368
10 358
50 300
96 380
89 423
90 206
24 465
58 241
48 429
54 206
27 362
69 343
80 229
49 287
10 465
91 429
31 226
87 258
46 486
78 483
24 229
10 472
84 200
36 387
70 207
100 206
33 312
93 377
37 277
42 476
38 262
54 271
40 389
30 364
77 217
63 230
45 482
46 489
38 414
12 309
69 216
48 488
69 414
21 368
89 277
49 482
39 396
38 326
88 280
98 408
36 483
71 241
40 338
52 395
42 405
29 370
18 319
19 500
77 420
90 473
38 358
98 285
86 404
90 287
11 298
90 429
64 381
62 243
30 200
24 469
21 392
25 224
80 394
60 442
19 238
38 259
42 265
67 399
79 203
53 351
97 429
33 330
55 500
70 226
52 209
36 302
44 232
45 310
40 248
87 438
62 414
49 381
68 289
37 345
25 213
42 291
75 475
88 500
13 492
58 422
94 420
17 300
52 248
14 326
10 410
47 281
69 208
72 500
92 490
89 338
41 239
44 393
12 247
89 487
41 317
60 388
46 329
62 437
35 347
87 373
73 224
14 329
73 314
85 330
38 371
87 255
20 295
38 372
14 289
81 228
79 464
33 340
77 353
30 420
30 237
92 204
57 444
88 242
89 360
10 361
100 238
50 390
71 312
49 322
21 369
37 205
77 266
68 374
61 320
55 367
21 334
37 367
59 454
51 284
50 480
27 242
93 258
76 248
62 442
55 471
60 471
79 341
59 219
43 354
51 257
17 395
51 341
47 367
22 421
63 306
93 294
65 367
27 478
11 473
34 484
68 428
92 316
74 389
10 232
41 374
57 211
30 327
46 279
77 397
17 344
73 298
91 249
85 239
47 277
13 395
96 352
18 413
34 289
54 202
51 292
93 308
50 393
22 457
42 379
60 370
82 253
49 409
77 330
97 278
73 409
48 367
33 494
72 428
91 330
99 353
27 203
38 225
66 397
69 266
93 232
47 246
13 353
26 337
36 352
20 289
21 337
84 220
67 484
18 413
88 275
88 485
61 477
34 423
83 390
78 346
74 375
28 457
81 295
74 409
56 407
32 407
95 402
28 323
78 272
17 448
60 500
32 374
36 391
55 246
11 234
63 451
64 482
15 335
79 451
13 423
62 440
18 350
22 204
70 476
80 406
55 321
88 304
67 279
87 290
49 223
61 467
26 432
46 331
21 424
63 208
13 387
30 373
87 288
11 407
32 351
86 437
36 468
70 466
49 485
31 321
61 227
53 431
22 435
61 475
13 342
65 351
54 379
45 464
81 349
49 481
43 382
59 369
60 355
79 293
92 287
67 296
99 452
82 223
61 288
44 391
72 379
88 357
10 264
18 474
31 390
100 259
98 217
50 318
39 210
72 211
82 325
35 310
10 334
92 309
65 229
43 300
14 490
68 465
16 477
48 313
49 239
18 335
58 299
56 430
76 312
71 356
73 498
55 361
29 248
52 451
88 419
37 485
68 406
22 360
88 234
28 395
23 345
36 280
47 380
58 202
26 399
87 328
40 273
26 425
94 408
60 347
69 375
90 485
98 427
27 412
25 266
38 485
88 234
63 254
45 273
63 355
55 313
14 266
98 472
61 456
68 366
36 455
23 331
25 320
81 232
22 468
94 236
52 408
13 465
31 433
42 468
27 408
88 270
35 415
68 464
39 268
60 421
24 318
44 411
48 257
89 368
37 439
10 375
80 372
10 257
32 326
48 342
45 253
33 405
37 301
74 286
42 396
31 391
60 456
49 402
42 442
21 437
35 321
28 426
41 400
69 246
23 457
66 407
59 249
83 376
60 430
51 218
42 367
11 288
53 409
53 483
94 407
72 429
38 429
33 469
72 286
50 252
25 301
60 450
58 220
22 398
14 486
64 223
15 223
93 372
32 500
97 480
63 222
98 382
21 211
77 478
39 264
84 237
32 438
44 465
39 261
14 356
36 227
44 347
50 441
52 329
34 323
13 295
70 415
95 495
86 276
80 422
88 200
86 455
24 396
15 345
39 229
50 453
95 330
59 454
36 267
32 408
12 340
64 434
91 429
33 430
29 399
53 243
84 311
42 235
58 365
13 412
74 331
68 298
17 362
83 480
43 283
58 268
95 339
35 477
33 378
23 470
78 207
21 373
21 459
75 222
53 488
72 416
49 446
12 278
18 463
90 485
53 393
13 417
76 452
48 247
13 499
13 354
98 479
59 471
84 334
40 209
65 324
16 439
94 336
23 325
57 472
69 242
67 260
64 345
27 251
57 290
80 358
28 453
91 421
48 223
63 313
100 324
42 407
85 456
95 477
90 239
27 288
68 260
10 491
42 361
86 496
65 489
11 344
58 439
39 261
65 216
36 444
74 259
50 300
56 239
73 494
49 422
20 259
36 379
91 336
55 489
19 440
21 434
19 315
65 496
28 232
95 499
100 250
76 473
42 420
11 376
30 239
57 443
20 228
68 245
13 310
57 394
86 408
32 481
55 347
98 347
69 487
81 252
76 250
35 336
96 485
39 331
39 257
73 220
69 293
30 298
69 248
48 351
99 217
13 428
20 306
80 492
72 267
64 227
33 466
71 235
78 272
61 423
49 338
73 314
26 408
96 283
33 352
93 310
67 464
92 431
76 211
18 210
47 363
47 345
78 350
15 227
34 496
80 200
52 291
43 212
62 424
70 404
35 429
32 343
75 450
31 360
47 394
51 438
29 357
72 334
22 411
69 377
60 209
19 238
54 390
87 248
99 296
53 288
71 363
25 314
52 403
86 472
93 293
90 303
77 491
72 354
55 497
36 256
42 307
32 254
14 295
17 208
64 452
90 262
88 477
70 377
67 248
45 425
98 206
34 490
49 363
27 347
53 324
24 262
14 448
50 376
55 368
92 331
33 430
97 383
11 217
67 234
92 306
45 306
35 385
27 257
45 439
84 304
50 206
52 442
98 431
80 394
11 401
77 367
15 315
98 486
20 457
93 296
65 376
91 323
76 447
81 256
14 432
24 346
62 475
62 340
57 303
27 453
29 456
45 334
85 216
59 352
60 236
96 484
58 299
69 422
20 384
98 379
67 236
69 202
41 261
95 365
42 325
26 317
70 335
12 300
57 468
48 272
28 298
86 364
46 259
63 340
19 462
35 458
88 442
59 457
41 251
87 264
65 338
87 356
26 229
41 273
13 306
81 449
39 299
61 249
73 347
48 500
36 356
58 305
84 366
59 248
23 282
13 492
64 443
29 341
96 201
54 418
93 458
85 210
53 429
76 312
22 346
23 333
50 217
79 248
41 398
10 499
90 256
49 348
20 286
34 370
27 352
68 394
65 403
20 263
51 310
49 305
64 386
10 406
87 273
91 235
34 398
89 349
21 472
30 402
95 487
90 293
85 308
11 346
100 237
73 240
62 483
66 302
37 481
82 271
100 360
58 423
80 237
100 461
74 218
75 465
37 383
98 240
75 392
78 450
74 494
41 225
25 232
50 344
27 233
83 465
57 368
66 349
77 408
80 311
48 421
90 277
35 231
14 242
48 402
91 300
86 329
10 320
29 402
33 323
90 276
79 226
46 423
90 297
62 434
80 404
40 382
39 406
18 248
27 233
78 287
86 243
94 357
45 225
16 275
75 391
74 333
22 243
50 293
85 285
87 446
65 330
50 419
44 387
53 382
69 264
87 452
48 333
19 368
55 315
50 405
38 492
72 372
49 492
14 272
39 441
15 464
71 243
51 203
13 497
84 248
79 302
96 265
12 256
25 492
85 324
76 274
96 280
26 298
38 360
31 297
21 285
61 268
82 341
14 207
23 406
37 346
74 203
34 290
54 343
86 379
30 324
68 480
24 348
23 477
13 345
72 206
71 283
24 258
52 296
16 209
32 218
73 357
83 265
34 229
62 478
28 272
33 258
98 206
69 277
15 364
17 204
67 351
63 343
46 409
25 321
86 339
12 221
96 309
71 443
75 443
92 495
14 472
41 214
78 409
38 358
51 462
23 340
77 297
15 369
98 371
45 373
85 278
58 455
86 430
63 225
14 465
15 336
32 472
36 311
62 340
46 401
62 229
38 312
89 422
68 331
81 421
85 251
13 347
100 386
24 250
66 397
33 330
90 400
34 281
56 430
96 429
16 420
14 268
49 283
40 463
95 232
35 316
40 381
75 488
82 488
17 377
16 200
35 315
87 256
37 411
63 265
50 264
42 245
12 466
63 271
50 491
16 259
90 336
68 467
38 406
15 258
12 236
77 237
87 459
51 496
75 227
99 406
72 443
49 321
75 227
32 234
76 394
16 222
38 484
45 250
39 341
12 471
78 316
70 477
21 499
40 341
77 379
80 214
31 446
38 428
84 426
74 388
15 256
40 247
17 297
64 377
78 304
41 212
61 252
72 443
37 358
74 474
93 278
68 306
35 220
19 445
36 446
30 215
79 441
38 439
88 309
49 373
20 360
73 282
98 322
22 360
45 257
55 465
93 269
13 308
89 203
89 434
21 284
18 297
85 461
56 461
92 248
36 381
92 468
90 268
96 438
39 468
51 459
84 279
23 401
23 214
63 390
79 500
36 346
81 396
87 280
45 274
48 388
44 485
32 367
44 342
89 327
74 299
74 440
36 261
44 214
51 392
68 224
33 224
70 437
31 426
58 475
88 243
91 403
52 466
18 428
57 323
76 264
90 340
78 499
36 242
83 426
71 315
23 273
24 269
79 208
56 374
66 392
48 345
28 342
49 313
93 266
49 273
81 307
17 283
72 262
87 267
92 207
74 336
68 419
14 489
88 297
89 360
19 227
79 232
97 213
80 337
24 230
20 308
75 271
15 341
41 465
16 219
12 488
91 450
31 209
87 283
71 248
78 244
28 396
71 343
38 320
67 336
86 338
100 386
21 334
59 440
23 333
38 218
62 213
11 477
39 355
18 278
26 400
42 428
59 246
22 403
70 499
55 466
19 483
69 494
76 276
73 313
100 342
67 480
82 249
60 326
73 413
73 256
34 375
49 356
34 203
87 236
95 247
65 287
49 301
34 244
14 214
66 287
60 439
44 409
70 420
51 289
42 286
47 393
44 228
11 331
65 256
41 432
29 368
25 231
83 300
45 295
99 331
70 368
49 346
89 455
61 208
14 346
32 288
21 204
54 236
51 296
64 201
30 294
42 497
13 236
48 298
28 308
11 361
58 397
92 399
21 221
56 345
61 451
84 304
99 498
10 239
63 330
85 219
46 308
82 396
95 209
50 323
84 322
63 491
17 439
95 319
22 245
61 276
83 345
61 400
89 418
29 385
79 430
87 370
47 369
27 229
15 208
70 445
89 284
46 349
40 273
79 432
99 381
96 262
91 285
61 266
35 402
83 499
64 252
82 266
54 383
59 498
47 396
64 471
15 274
31 452
95 485
68 414
56 339
73 289
74 439
78 375
29 203
65 369
82 440
48 426
63 429
48 462
79 262
34 202
12 398
46 433
72 285
52 497
30 322
63 296
27 338
18 349
53 241
46 397
74 351
61 251
98 443
89 352
10 343
23 289
31 256
25 373
79 368
74 213
61 353
19 449
84 478
41 281
55 213
62 449
24 447
71 392
37 463
50 291
34 347
57 244
92 351
12 494
93 485
33 355
29 214
48 225
23 350
40 409
19 431
66 476
84 256
61 464
48 308
48 221
81 333
82 256
31 381
96 349
76 204
84 400
24 307
62 409
64 379
22 217
100 424
22 385
68 308
56 396
37 301
41 269
16 382
79 315
22 374
67 377
56 468
47 295
90 349
24 429
53 320
80 287
30 387
51 422
65 269
20 308
54 485
62 253
81 201
50 326
68 281
98 452
21 478
10 220
96 249
16 303
67 343
16 311
41 311
92 422
54 249
13 500
70 356
75 297
58 371
59 431
31 375
20 450
54 377
59 427
52 317
88 494
14 369
22 439
14 485
57 258
32 339
73 465
41 259
58 251
61 383
32 331
27 313
95 307
15 499
20 314
73 212
29 224
19 309
39 208
62 220
35 276
63 273
93 253
98 200
100 262
21 484
20 338
80 422
25 485
22 428
96 485
51 303
24 219
73 369
36 404
93 243
35 396
21 420
11 449
32 451
84 451
49 301
51 480
62 233
68 340
55 460
21 349
95 230
18 373
79 346
17 436
22 455
42 205
24 229
59 442
62 362
96 414
90 480
29 383
11 204
79 422
67 296
15 425
79 389
44 373
76 323
99 372
10 439
75 350
38 228
23 448
29 483
90 250
17 402
40 424
22 405
29 269
24 365
56 474
65 240
68 236
21 454
28 389
60 484
90 309
43 278
40 300
75 265
51 472
56 482
54 271
52 438
64 233
24 334
23 305
80 353
73 486
63 449
65 398
100 311
10 342
57 212
22 399
24 492
29 442
44 463
54 257
63 353
52 452
44 246
19 309
62 297
67 405
35 418
38 375
39 308
30 366
86 409
33 295
59 281
32 270
79 500
41 342
47 316
18 288
65 248
20 210
99 441
96 288
62 466
21 284
78 379
39 292
37 413
80 334
67 374
41 487
96 481
41 423
18 370
40 407
30 306
54 212
81 230
69 302
35 412
49 219
37 284
83 275
93 448
66 491
82 261
21 392
32 253
72 235
55 223
67 290
69 207
19 273
59 251
98 483
74 209
67 201
77 313
82 239
65 383
98 280
44 404
22 384
24 485
60 329
66 259
97 286
37 420
36 253
10 484
50 382
86 487
93 486
55 357
47 257
75 453
19 382
54 258
38 262
87 433
91 500
68 207
77 457
19 395
60 347
53 495
11 269
69 361
54 478
30 478
51 456
89 321
68 234
62 300
27 319
64 334
54 424
57 303
42 218
12 339
94 273
18 343
47 313
51 295
17 370
98 273
83 451
35 361
82 471
63 429
52 443
69 307
10 405
42 496
100 356
13 486
53 416
50 470
52 481
97 216
78 235
71 424
80 382
64 319
99 495
77 340
96 310
99 201
25 305
17 335
38 228
70 288
86 348
33 370
63 220
50 478
76 424
17 390
32 384
34 407
14 204
34 212
63 443
76 227
26 408
55 407
95 433
88 277
33 450
71 357
93 281
43 425
47 382
40 310
75 271
15 392
82 212
60 339
79 367
76 400
18 479
65 409
99 249
100 389
25 331
34 419
97 226
92 367
70 406
82 474
12 443
95 200
43 468
82 307
79 456
69 308
94 262
16 293
38 401
40 310
38 425
77 394
84 320
47 307
53 486
68 400
15 344
93 229
69 490
22 395
47 292
52 276
30 418
49 465
27 248
64 248
96 201
97 321
98 451
