10000 500 200 500 10 100
32 494
48 455
44 417
29 339
43 253
83 441
73 361
18 493
40 296
73 210
49 213
74 242
38 211
35 205
93 458
63 413
78 270
71 289
50 358
81 385
99 322
67 314
11 359
97 399
98 392
68 216
87 355
70 215
29 466
43 397
47 496
89 272
60 324
89 451
12 239
99 341
12 359
34 242
95 210
99 473
17 247
92 205
24 445
72 468
18 492
17 232
63 320
87 200
72 364
92 375
24 235
92 463
56 370
83 412
10 343
58 481
10 219
64 491
63 207
20 323
93 219
43 434
39 358
85 233
20 283
93 323
67 322
50 461
26 238
79 270
67 403
50 469
39 486
98 386
39 366
26 389
88 313
41 424
41 404
45 390
92 262
76 304
37 246
50 325
65 335
33 363
72 395
15 460
78 291
55 322
74 302
55 490
46 481
96 283
65 267
28 370
30 384
85 464
89 436
10 413
16 382
56 308
98 408
41 405
27 361
98 302
74 436
70 276
92 403
50 248
95 230
83 249
41 340
71 243
91 499
90 295
59 481
37 354
60 419
47 284
34 433
85 491
13 377
33 482
18 375
31 249
94 447
80 217
70 208
71 260
39 216
74 285
59 206
60 283
86 397
11 453
20 452
33 396
40 459
36 408
29 407
14 436
61 204
64 338
52 463
98 469
48 201
31 374
36 392
68 432
94 272
48 264
18 224
81 352
27 337
51 463
27 466
40 294
93 301
24 431
82 227
24 441
47 301
42 485
42 270
47 428
85 498
39 366
56 452
42 403
43 226
36 229
91 213
17 410
23 454
81 326
97 388
40 459
57 329
69 430
34 257
78 491
54 297
65 225
43 323
90 285
96 243
52 290
99 387
87 319
43 239
32 269
79 410
90 364
87 420
42 387
82 348
45 480
43 482
15 494
23 383
68 353
36 342
59 431
85 392
99 317
28 392
74 204
45 363
50 238
93 359
21 207
71 250
25 401
20 441
96 234
78 370
96 447
52 279
55 438
15 324
17 249
91 441
85 215
61 371
74 334
86 376
80 435
96 225
23 356
79 427
55 488
89 476
78 206
58 209
67 423
93 499
51 299
17 225
36 491
76 215
75 374
11 363
16 215
67 392
28 303
92 459
18 313
78 424
19 386
35 211
52 266
12 229
64 346
81 327
96 399
53 358
16 482
41 279
14 409
96 265
97 437
59 200
66 407
17 317
25 357
14 351
22 236
23 436
98 384
83 417
13 353
79 202
97 244
86 229
34 401
49 363
31 267
52 387
88 236
26 466
91 230
33 463
17 445
59 297
56 358
60 309
30 487
69 493
66 291
43 382
52 264
37 329
44 306
24 255
91 366
51 433
77 285
100 362
36 492
52 256
91 370
95 258
95 425
17 286
33 220
66 457
86 462
49 365
34 499
14 358
56 338
21 210
82 332
33 351
33 478
52 371
41 220
50 453
62 428
11 359
61 456
24 481
23 299
29 433
42 214
79 412
41 278
36 224
64 441
46 432
89 480
63 213
51 429
17 343
23 403
14 201
75 215
74 223
98 276
52 311
79 495
80 393
36 342
48 381
66 491
77 449
88 312
36 419
97 326
95 345
51 410
10 336
44 276
30 388
29 315
34 393
72 470
70 280
19 400
51 291
54 221
45 309
21 399
33 322
30 436
97 453
42 261
13 418
87 448
71 389
75 303
66 220
61 264
97 281
42 210
25 252
29 309
81 314
48 235
64 483
84 301
93 213
74 472
18 347
45 236
29 330
90 214
18 310
20 450
37 441
16 212
55 390
67 251
82 279
55 337
36 205
21 394
70 499
78 399
62 233
19 330
49 474
65 462
12 372
80 424
98 269
45 253
37 457
57 411
70 390
16 495
93 384
78 362
29 201
94 477
32 446
24 347
28 399
45 400
34 470
76 382
63 459
90 447
76 488
61 348
47 303
95 220
65 479
17 318
81 393
27 464
84 298
91 455
36 369
48 267
13 376
44 274
51 333
19 447
69 327
79 447
17 385
61 366
62 248
18 292
86 477
99 477
29 315
33 221
77 432
69 469
11 436
100 391
36 212
49 339
58 381
81 468
17 451
36 378
63 266
65 337
32 475
71 216
68 442
23 472
82 274
95 431
47 432
52 228
28 408
48 482
35 299
95 253
22 282
65 498
82 350
41 238
99 397
35 362
22 240
81 411
46 222
40 223
31 411
73 347
90 265
41 306
92 277
20 414
73 238
42 355
21 496
20 410
38 397
56 480
46 303
98 399
64 480
82 228
36 371
50 209
81 402
57 249
33 423
75 236
59 272
49 247
43 233
98 409
21 427
75 213
97 477
56 304
63 283
62 346
44 355
31 339
100 368
49 485
99 249
82 450
48 310
81 338
61 402
32 420
48 332
46 308
31 346
57 213
83 392
91 332
37 362
58 251
53 308
76 468
38 456
24 428
96 362
73 307
90 260
81 341
54 409
34 348
36 208
40 433
16 367
52 344
58 485
87 457
24 380
68 348
36 289
44 299
95 289
94 213
65 330
21 389
18 451
10 492
43 346
15 256
77 387
46 491
75 295
52 362
11 319
57 208
19 234
76 358
60 462
87 371
60 373
50 279
23 244
11 231
98 393
96 352
82 437
62 400
27 237
61 405
41 470
19 212
24 469
16 226
16 388
15 470
71 355
34 385
21 218
39 238
23 402
100 491
30 481
67 319
82 349
66 271
51 385
79 272
22 351
55 231
95 393
48 299
68 449
11 345
79 247
14 326
82 471
49 287
28 404
49 366
86 379
39 321
96 469
17 417
56 338
89 357
76 399
31 477
26 287
39 262
79 453
49 232
10 403
25 271
93 475
45 308
48 373
67 367
44 469
67 460
89 481
19 337
100 420
24 424
79 383
73 290
13 323
35 456
99 442
49 280
85 463
31 218
20 465
83 425
24 418
24 239
58 347
84 476
27 387
35 274
13 334
34 302
72 487
75 380
79 232
23 241
61 246
49 227
85 394
42 394
33 233
65 408
44 258
92 448
99 480
74 413
78 283
35 218
73 471
73 395
77 256
14 396
84 395
61 262
91 273
30 247
13 338
22 385
49 235
24 238
84 251
66 277
12 313
28 302
54 392
27 484
40 332
57 499
55 450
46 212
27 466
76 277
68 463
84 397
55 493
54 462
13 284
16 328
63 282
44 378
79 325
36 370
46 439
86 432
17 379
89 359
14 453
72 346
15 297
78 362
70 376
52 282
57 310
96 255
46 238
26 264
91 494
86 320
89 252
43 269
19 445
47 422
12 262
48 262
80 208
31 347
64 497
93 242
85 288
31 397
27 430
44 489
53 345
23 303
54 309
54 225
94 499
40 349
25 413
68 267
21 284
25 202
25 342
86 284
96 241
29 204
17 443
46 393
45 250
55 382
68 266
16 260
16 251
20 222
78 269
44 231
30 202
64 331
29 478
98 223
73 345
53 489
42 471
56 272
47 223
29 278
27 309
66 302
35 496
18 222
71 363
55 366
81 237
52 409
74 361
41 232
28 409
96 492
73 248
53 298
16 217
78 361
61 412
56 436
36 486
52 421
87 462
50 413
68 482
31 212
94 201
58 495
100 463
34 488
95 499
46 230
12 410
87 239
20 252
12 478
24 332
96 335
50 331
85 291
90 317
29 301
85 245
94 428
29 230
73 467
20 450
41 243
86 337
94 379
24 207
21 375
13 401
55 381
14 206
78 242
62 473
39 392
73 439
47 474
66 483
86 447
82 334
69 490
99 472
42 308
21 422
13 215
59 443
84 302
14 316
19 272
20 488
66 203
33 481
92 293
22 263
81 293
57 429
77 317
65 348
30 327
61 357
16 340
62 237
35 498
14 235
86 288
99 432
61 296
71 466
73 324
46 327
93 374
19 449
65 455
77 314
13 315
89 423
100 469
10 296
69 460
48 484
83 252
23 236
67 276
12 435
30 479
63 215
58 266
45 241
100 210
77 251
66 474
77 479
14 281
16 356
98 355
82 237
54 453
78 453
41 474
30 326
45 398
91 203
17 255
31 435
63 247
37 288
26 358
47 462
97 239
57 430
23 354
37 499
86 439
41 482
11 287
41 314
97 348
92 347
19 259
74 366
73 466
91 326
67 419
73 211
97 302
20 301
75 357
40 461
15 500
94 457
31 500
52 470
19 285
85 499
18 296
55 400
76 465
87 282
90 211
96 291
95 484
22 219
15 390
100 334
23 320
80 374
81 310
79 415
81 358
73 489
38 424
87 413
79 364
99 221
85 237
71 387
25 351
65 259
35 284
95 380
19 433
64 473
76 295
44 335
22 499
99 304
87 462
70 310
20 409
87 398
25 341
37 366
39 440
24 483
72 267
84 326
10 313
71 440
42 434
86 309
74 347
20 303
32 276
42 331
65 443
91 279
38 263
73 474
35 318
11 374
23 266
78 282
31 246
15 236
70 245
34 310
39 457
20 450
41 223
57 417
33 258
38 448
28 389
98 472
69 326
67 290
84 293
21 470
100 343
86 216
17 301
65 279
71 488
61 489
26 258
61 375
55 349
26 285
71 493
98 494
77 299
20 408
62 353
82 480
10 384
83 383
40 271
17 440
22 389
66 468
39 282
95 411
33 414
74 418
51 200
32 371
89 341
95 440
80 406
27 490
97 312
51 472
100 233
90 340
80 288
67 267
36 348
56 200
51 422
69 315
17 227
36 470
49 214
62 311
97 225
61 458
41 423
82 419
24 237
52 275
80 263
66 395
86 217
44 372
94 261
82 258
56 422
22 355
38 334
76 355
15 215
43 395
39 439
77 291
49 269
100 251
53 356
14 493
39 289
27 210
51 249
50 337
71 495
55 356
53 406
50 437
20 221
95 308
61 342
18 385
69 465
81 243
36 279
66 443
87 247
15 468
100 421
50 215
34 244
85 243
79 331
90 371
71 459
55 209
72 277
84 211
34 228
69 310
12 438
43 476
71 354
42 229
19 496
56 489
77 365
38 490
28 411
60 495
27 237
73 470
31 347
46 253
74 383
32 484
92 264
81 253
29 351
49 492
94 276
53 335
90 461
95 283
24 382
60 439
76 229
47 432
79 287
15 201
13 247
44 239
19 341
20 228
90 324
84 236
18 397
70 238
33 393
14 427
35 347
96 392
50 222
98 202
95 258
87 228
57 386
55 416
98 310
20 417
79 361
32 283
47 221
47 364
73 392
34 386
32 405
62 364
41 351
16 486
42 267
32 463
76 480
71 378
97 219
22 473
93 445
78 386
16 325
26 277
82 239
93 204
87 490
92 320
31 484
53 498
53 267
15 453
70 286
17 285
74 373
20 434
44 312
22 481
65 268
82 403
42 418
13 500
45 224
10 446
56 373
83 206
99 352
44 437
80 487
13 493
88 279
73 374
10 445
71 226
77 309
28 268
96 234
54 282
79 336
60 214
78 369
50 398
100 378
61 358
88 305
87 422
78 475
96 422
61 399
23 380
88 276
99 434
25 414
78 318
23 492
45 456
50 251
84 280
31 386
82 493
98 236
47 272
44 459
70 379
25 290
85 315
77 354
49 425
15 462
11 214
71 273
36 262
47 273
59 202
16 228
40 399
62 358
96 475
72 312
16 372
64 310
16 267
91 433
85 481
89 433
41 296
12 415
32 279
77 450
71 395
38 475
51 492
94 463
49 346
28 268
32 477
100 454
76 240
10 383
12 229
63 466
64 219
64 382
69 367
83 278
41 206
57 253
11 333
44 413
86 238
22 446
98 206
63 406
82 235
86 267
14 251
81 237
68 361
16 267
92 499
28 488
64 397
67 452
96 204
31 458
80 493
15 456
36 251
66 245
85 347
55 249
54 294
20 419
86 454
64 432
33 280
63 354
74 408
68 456
11 369
29 403
49 213
75 309
94 468
46 300
45 364
30 412
42 333
26 362
38 264
21 487
79 410
64 270
75 345
37 228
73 285
73 323
44 238
13 363
78 234
69 218
93 210
28 305
100 208
69 430
78 407
68 366
34 456
24 331
69 308
91 262
60 489
71 492
64 215
85 481
77 215
71 346
22 378
20 370
86 265
29 409
75 363
35 487
72 358
24 316
53 426
35 308
86 462
61 389
87 351
98 373
15 267
85 342
19 369
55 229
36 208
75 355
24 411
64 388
12 358
42 483
100 280
21 396
80 338
88 416
71 403
82 254
52 257
19 313
61 356
18 308
55 229
52 434
46 203
17 406
100 224
93 393
70 428
10 244
39 322
32 402
35 498
55 393
71 300
54 378
45 347
72 468
99 399
21 213
45 421
45 461
84 205
61 499
59 391
20 396
66 451
14 435
46 202
85 401
40 281
55 457
17 265
27 452
57 274
30 263
19 282
90 389
57 325
100 469
28 378
19 426
15 412
91 225
90 386
75 466
84 205
57 294
62 244
77 432
11 460
10 211
63 217
66 278
20 235
41 256
38 361
38 240
27 490
11 435
20 493
89 292
75 221
47 466
18 380
99 333
75 340
46 280
14 493
100 397
30 354
15 389
43 333
18 485
25 444
29 396
11 468
82 331
15 271
66 202
59 442
49 240
79 377
23 387
87 427
61 294
69 435
82 443
63 361
79 288
63 245
29 490
32 421
57 450
99 417
68 392
39 435
98 389
92 200
54 328
50 308
65 356
87 354
38 208
36 225
43 318
68 229
71 481
42 428
82 441
57 229
15 400
19 213
57 473
40 313
96 289
31 472
16 362
97 242
20 339
50 416
92 486
32 264
62 343
43 294
21 483
45 315
38 235
46 420
19 490
65 257
73 300
28 472
57 302
76 282
26 430
36 347
51 341
33 330
39 249
62 466
18 247
84 413
14 256
48 240
21 262
82 222
52 224
80 274
94 406
82 216
89 251
81 500
83 472
58 274
33 202
79 251
15 468
96 231
44 495
50 217
63 266
93 368
47 483
84 417
82 445
67 473
91 244
25 286
14 499
11 235
45 247
87 450
95 448
77 487
41 200
46 448
11 493
26 306
65 456
42 311
28 353
32 294
100 402
99 361
36 439
58 351
96 380
74 500
79 229
44 218
31 439
31 494
72 479
34 354
63 219
89 283
82 396
16 467
74 206
11 498
30 421
87 431
57 346
31 326
28 314
25 302
62 258
88 381
100 293
23 420
59 398
61 383
76 277
38 390
35 426
29 479
14 383
88 345
83 487
13 353
91 212
66 251
82 200
75 256
83 416
60 304
53 427
88 406
41 286
47 486
71 331
37 256
35 271
53 242
87 270
35 307
92 300
82 302
98 240
70 342
61 282
37 269
94 383
48 411
94 418
16 378
68 309
20 211
75 234
63 335
90 398
54 285
42 250
70 246
99 444
36 495
59 284
79 484
41 437
94 333
27 489
70 352
61 394
40 375
59 365
50 380
98 350
82 459
83 250
32 388
81 292
93 470
37 395
99 240
50 495
20 486
56 332
69 228
22 449
58 352
55 310
73 223
18 395
45 258
96 386
34 388
95 329
68 200
50 208
17 304
22 362
36 434
60 375
54 418
57 211
59 334
26 250
71 480
76 238
78 339
90 434
63 299
81 282
70 484
13 288
90 491
57 325
63 341
74 232
58 470
35 227
85 262
92 360
75 421
25 479
54 270
16 484
52 372
53 366
87 253
51 392
89 301
54 314
84 415
75 399
10 287
11 437
50 402
95 290
76 443
83 279
23 429
52 279
92 277
40 353
68 296
16 221
96 210
25 237
41 431
20 257
16 209
81 265
67 239
88 482
47 372
24 393
22 271
79 298
78 315
45 326
17 445
55 206
65 431
99 328
40 378
92 277
47 278
55 246
63 498
100 498
66 486
22 317
97 261
44 252
81 264
19 486
30 423
16 413
14 485
44 464
41 325
80 447
77 331
45 418
30 418
92 396
76 204
80 307
76 325
46 339
56 435
97 348
35 215
77 459
71 500
36 260
63 411
43 476
20 398
32 268
76 258
42 417
45 374
77 225
34 280
66 338
30 387
72 320
81 495
11 351
23 450
70 267
23 264
69 300
44 335
26 226
69 230
24 353
69 313
77 302
66 491
90 356
20 323
57 279
63 202
59 260
66 238
15 210
85 218
65 213
82 428
92 444
92 329
70 261
59 423
69 283
95 200
63 290
73 363
76 389
48 498
65 215
70 476
45 288
60 336
36 295
97 239
99 420
86 283
64 259
68 491
75 367
44 230
47 262
64 225
95 457
64 299
14 457
45 447
78 216
65 244
91 244
85 349
11 349
57 343
85 386
13 500
58 222
50 459
70 269
34 434
14 456
40 397
20 255
74 406
71 426
56 382
52 431
12 382
81 360
34 488
92 256
79 298
92 414
97 260
32 490
43 458
17 476
25 305
11 498
70 251
81 358
49 290
35 311
93 368
65 395
35 466
71 239
58 376
85 218
78 333
38 379
23 350
46 394
80 284
26 364
36 461
81 467
46 259
81 472
76 499
71 429
17 464
30 477
95 318
72 223
92 400
45 491
25 456
42 402
45 423
61 323
35 486
10 383
64 266
25 318
42 367
56 227
81 463
67 418
61 396
63 480
55 242
19 293
96 202
81 435
79 209
11 257
90 245
37 437
99 243
46 324
55 249
42 490
48 253
64 240
91 247
13 494
41 338
31 434
80 282
29 213
60 374
25 485
49 211
92 429
21 425
95 414
100 354
54 435
89 209
99 254
51 393
40 493
40 335
71 319
80 293
30 355
37 404
78 284
14 209
41 418
77 465
98 356
79 434
76 423
22 214
63 346
92 225
98 387
71 263
94 424
74 338
42 220
22 367
95 405
96 466
58 258
40 302
10 497
59 454
94 376
66 345
87 272
66 359
41 428
68 414
94 476
10 379
97 492
99 448
55 370
42 366
82 291
20 239
44 202
74 405
94 358
10 348
49 369
27 338
19 326
67 346
81 252
93 445
97 468
84 337
48 254
71 213
13 420
28 382
68 495
92 499
85 284
58 231
75 251
67 397
78 421
50 326
17 465
51 414
87 412
73 467
29 453
70 259
95 481
87 243
80 425
40 225
87 338
50 360
80 375
99 465
57 247
68 217
44 310
31 290
59 381
71 436
17 485
64 454
82 334
81 338
45 438
78 217
24 369
46 362
51 383
14 288
100 316
61 340
44 385
80 397
56 436
34 296
43 475
82 334
92 445
38 266
35 233
21 406
50 358
97 344
72 344
51 369
37 436
30 283
64 336
81 283
49 210
90 492
56 327
60 492
86 445
37 454
20 238
23 278
22 376
13 335
20 303
18 326
73 461
72 257
92 338
100 317
74 469
40 231
23 281
84 315
41 479
19 203
22 326
65 362
42 453
35 369
39 450
16 442
90 404
92 406
46 236
75 288
43 280
57 498
95 240
56 335
51 279
40 234
51 370
67 305
81 292
14 276
90 417
38 350
51 465
22 261
19 227
24 404
92 367
63 366
10 463
38 425
36 339
30 396
80 202
76 229
80 423
87 285
54 271
64 410
97 440
100 434
26 217
75 472
84 488
20 290
45 337
89 390
33 372
65 383
59 235
43 418
38 415
23 247
97 335
40 419
70 325
24 439
52 388
57 476
26 496
36 223
69 229
13 207
86 448
21 223
25 200
90 391
36 341
89 299
97 241
41 449
21 319
52 406
44 496
15 331
29 396
93 273
18 466
97 223
26 368
92 345
78 386
85 431
11 371
52 452
55 246
27 476
38 487
82 271
84 262
49 422
81 455
55 280
36 223
46 281
76 299
85 407
35 411
20 460
96 366
88 392
45 261
69 477
90 249
98 478
91 347
39 468
41 343
77 470
89 300
74 406
66 427
70 281
43 399
81 317
96 401
95 375
89 326
29 407
67 296
51 333
26 483
98 494
27 297
79 390
49 413
49 494
26 357
23 425
15 263
14 268
79 200
57 324
25 243
99 399
18 263
55 232
82 230
100 319
26 336
84 422
83 253
87 285
95 387
20 414
20 451
63 312
77 375
18 475
48 315
90 456
18 302
44 423
49 412
69 408
74 449
10 444
38 391
17 361
13 488
85 426
59 206
65 286
19 321
43 247
97 280
67 313
29 440
75 464
61 476
50 246
13 348
98 324
91 217
27 265
49 459
16 341
12 427
50 294
23 386
32 484
69 242
41 298
69 230
20 231
66 331
17 327
64 266
64 468
35 335
47 488
45 223
90 206
94 454
22 446
22 339
80 255
49 475
33 313
42 312
91 408
56 371
84 321
28 333
26 419
81 320
81 209
86 433
26 491
100 213
49 373
89 314
19 433
55 479
99 491
38 338
65 433
49 280
20 344
86 290
73 381
16 367
100 452
40 304
71 383
71 276
31 368
54 382
87 377
36 294
66 401
36 464
11 339
69 335
95 457
12 495
38 283
91 374
64 409
15 324
77 244
61 245
89 489
92 462
30 237
22 483
44 386
70 469
76 439
21 457
63 426
16 379
48 260
81 442
45 230
54 408
79 414
73 435
36 278
95 217
44 401
96 400
17 394
77 260
20 369
69 374
27 417
27 201
90 305
31 293
10 406
45 307
42 352
100 471
51 336
79 444
27 436
26 220
56 461
34 309
98 247
55 373
49 235
43 288
87 214
62 322
55 331
83 488
31 369
19 362
94 395
20 388
78 397
62 308
45 438
69 436
60 349
74 347
12 380
36 423
88 265
39 262
10 372
83 328
20 207
57 392
96 243
41 381
19 437
77 246
96 354
13 257
23 488
70 337
46 236
68 459
100 452
29 448
34 270
85 262
74 214
11 327
24 432
59 498
52 445
95 441
89 475
19 251
37 299
80 227
38 345
23 284
60 456
91 370
23 205
29 201
33 284
19 225
80 336
88 333
20 466
68 328
42 219
63 300
19 215
22 301
97 263
91 407
84 366
41 244
74 406
47 339
97 322
98 456
40 336
97 437
30 260
12 491
58 342
48 296
79 367
30 416
48 230
85 449
56 296
82 465
92 436
79 391
37 468
27 414
62 332
34 354
42 363
98 421
19 383
74 311
22 362
25 429
31 298
99 487
79 216
59 345
24 203
22 408
68 330
35 222
16 420
27 303
12 418
55 486
78 489
62 351
38 271
30 441
95 355
90 462
25 275
60 272
94 291
98 498
28 300
97 332
99 294
36 500
92 408
39 262
25 229
39 496
85 390
12 368
41 311
69 416
95 385
13 414
54 416
11 396
50 330
59 433
74 362
65 385
82 366
51 466
48 257
13 445
93 346
28 492
61 391
97 242
14 292
59 500
64 316
46 472
74 322
14 319
97 336
30 201
26 400
92 345
14 378
12 353
64 250
46 379
70 450
87 415
42 326
49 249
59 258
62 337
98 425
33 261
52 408
52 460
78 230
48 463
55 242
95 329
88 460
50 482
73 429
85 401
34 259
64 446
36 420
69 396
99 487
97 252
62 219
71 400
46 465
37 355
22 477
63 298
24 493
19 244
92 374
19 374
99 292
62 499
15 299
74 204
92 351
17 428
72 467
45 318
87 438
62 386
19 457
61 249
80 462
38 217
82 436
49 216
36 459
67 438
84 358
100 291
26 448
82 276
85 244
59 243
15 367
33 294
88 311
66 420
72 334
91 305
40 276
86 496
40 284
61 240
62 324
16 348
30 247
66 332
31 267
39 472
89 253
32 405
64 307
97 334
81 260
41 409
81 208
93 319
48 285
14 433
67 388
40 378
25 403
55 425
38 283
90 302
63 461
56 449
62 279
14 458
57 470
69 373
41 218
64 469
69 248
41 411
42 379
76 269
31 497
20 451
67 389
38 416
75 458
100 315
17 345
32 274
12 336
17 491
15 388
76 406
56 257
100 270
79 354
62 417
21 281
75 430
35 317
61 466
13 358
52 209
28 250
91 215
28 479
27 489
49 363
98 200
10 460
100 306
88 358
58 413
87 338
39 306
88 386
74 377
68 301
82 496
53 367
69 436
87 415
95 410
43 267
84 448
14 378
92 238
98 224
16 372
34 492
59 464
52 498
29 319
12 424
58 348
37 222
43 334
67 456
66 414
45 351
59 449
85 363
57 212
52 336
30 498
24 259
87 402
65 500
93 253
71 283
39 463
85 433
37 493
25 288
67 360
95 215
62 467
28 494
25 213
88 260
45 354
23 369
31 324
54 276
62 291
28 226
38 363
25 298
70 296
75 209
53 324
14 463
12 300
39 467
55 483
25 272
28 294
74 340
70 258
26 244
59 423
39 351
63 479
70 390
48 283
21 428
30 322
22 395
10 243
12 235
31 285
98 208
19 498
52 246
70 463
27 354
83 309
69 471
65 403
31 310
90 207
74 342
75 326
59 200
92 347
47 293
96 240
25 260
86 400
100 243
51 294
37 446
91 300
32 440
51 474
37 439
11 487
66 208
51 215
31 431
39 391
17 244
28 224
92 367
52 258
22 433
88 205
80 454
62 492
86 257
17 342
59 344
41 475
48 389
93 258
40 301
90 492
72 328
33 297
39 286
70 354
85 456
17 346
89 414
29 252
34 200
14 416
100 420
60 445
80 328
70 275
90 349
19 422
47 480
40 370
88 271
98 284
21 332
90 335
90 465
37 466
100 479
59 257
39 219
99 353
78 453
81 424
98 444
45 477
49 262
74 489
38 268
62 310
38 400
12 344
77 280
94 227
88 439
37 354
77 286
89 203
20 384
75 488
22 221
15 251
47 208
51 367
12 210
78 426
71 319
74 422
36 328
40 355
72 234
93 423
19 413
56 257
13 302
54 374
93 458
94 305
91 311
31 492
64 295
49 430
42 385
35 210
42 249
44 428
48 271
15 302
71 276
95 230
44 353
70 348
24 476
82 475
78 323
24 357
66 281
29 230
93 386
83 326
35 406
55 468
70 404
85 411
74 378
31 255
80 242
97 489
71 254
62 252
44 327
43 495
55 444
61 272
33 265
35 464
22 452
32 347
93 399
77 283
48 396
36 454
15 439
38 353
26 355
40 320
45 314
23 339
53 287
91 285
70 308
34 472
58 378
28 363
79 273
32 500
18 431
24 304
43 344
15 312
58 310
73 430
90 444
45 380
23 428
71 281
13 412
29 494
68 319
27 263
58 200
80 309
60 214
97 499
99 318
69 306
64 440
65 250
44 451
48 312
35 344
58 312
31 395
16 293
40 410
15 355
90 367
70 239
96 275
96 438
31 297
67 219
59 478
55 369
86 449
67 255
28 271
66 347
17 421
55 429
77 244
51 439
99 445
69 491
77 215
52 311
82 421
46 297
57 298
50 225
46 344
70 339
85 346
67 330
24 324
93 295
35 489
20 478
54 461
81 351
60 345
82 486
58 491
35 362
34 447
10 335
82 366
89 456
58 359
20 425
30 492
80 300
46 453
41 362
86 495
37 287
61 424
77 354
16 355
40 452
40 301
65 342
63 209
94 325
24 229
63 300
70 218
15 450
86 478
22 384
22 273
70 260
75 492
99 360
28 328
22 347
31 296
50 344
83 433
20 423
11 467
58 432
70 371
94 456
63 390
43 219
17 207
65 410
28 392
64 295
91 279
59 448
15 328
21 429
96 458
10 471
21 271
85 409
75 481
90 240
46 402
66 283
51 236
35 409
46 210
69 447
27 343
64 413
80 383
73 230
22 391
89 213
48 301
68 354
13 485
13 401
96 351
55 245
52 374
32 264
32 355
77 372
72 303
72 417
68 325
79 275
89 396
67 376
93 408
12 477
45 321
98 478
37 259
40 257
87 374
29 215
16 229
58 424
52 422
82 267
82 286
52 460
81 379
59 326
98 263
32 326
83 377
36 254
35 223
51 318
45 330
84 323
28 470
45 441
24 335
42 335
40 298
28 301
74 329
83 462
18 478
66 225
88 289
64 239
39 289
88 408
38 388
42 478
65 476
43 447
57 375
38 481
40 275
60 399
14 406
74 244
64 345
13 486
11 248
26 445
36 228
31 404
91 331
74 223
56 498
35 366
100 200
15 293
90 376
42 428
24 249
70 413
24 492
82 226
57 321
73 223
28 322
10 464
73 257
64 458
98 406
11 375
32 469
89 380
89 358
15 374
52 228
43 251
10 383
46 457
39 248
94 250
66 408
28 221
85 450
37 469
88 251
42 460
100 209
31 262
14 395
17 224
27 421
76 392
82 250
92 204
84 329
30 316
96 468
94 399
84 214
25 221
23 409
44 485
40 217
26 484
71 330
17 284
91 430
32 252
58 325
45 477
25 210
43 388
12 379
91 343
74 403
21 408
25 242
25 376
37 286
16 370
82 265
12 416
60 430
97 476
64 424
11 406
96 494
91 309
87 329
48 213
13 265
10 240
30 211
91 214
75 224
35 463
74 337
82 234
24 494
94 469
73 359
57 248
55 417
83 473
99 309
56 225
96 306
83 379
35 431
53 313
34 225
73 443
68 300
48 277
48 384
23 460
53 420
42 293
34 314
56 382
62 451
87 495
21 422
90 322
96 465
63 455
37 357
44 251
96 272
40 200
39 373
54 397
77 417
60 379
26 205
49 352
17 366
89 461
20 470
81 287
37 416
89 373
31 388
60 479
30 251
23 364
97 388
21 416
69 200
90 233
77 252
80 410
26 232
65 354
62 401
96 333
79 483
54 287
33 379
43 278
19 494
30 253
76 350
41 434
12 211
45 253
75 353
25 380
99 230
81 284
78 475
13 446
77 321
73 224
77 247
71 329
24 442
18 370
85 299
50 391
87 219
82 322
26 356
69 455
39 235
38 216
41 354
26 364
51 444
89 424
20 439
30 480
66 383
40 422
94 401
54 291
82 205
58 491
86 365
75 447
28 331
85 308
44 424
84 409
16 309
29 255
84 385
68 428
40 281
53 499
41 411
30 301
85 401
19 226
57 435
48 364
51 384
88 500
50 392
87 373
43 490
91 498
72 361
29 339
56 223
53 374
68 376
63 298
14 464
39 291
74 496
90 363
25 375
25 386
47 219
93 466
35 436
77 280
94 336
62 489
67 205
91 440
41 285
93 355
79 261
22 396
61 298
29 334
78 370
22 387
27 227
75 295
50 212
11 458
100 492
46 406
85 256
16 275
43 332
40 288
47 223
81 348
17 441
92 442
24 451
27 448
71 378
46 287
60 315
53 488
28 389
79 252
79 487
99 485
10 405
13 410
44 455
100 449
100 438
91 454
20 417
55 263
25 341
54 485
93 293
34 210
49 313
93 377
50 288
56 316
83 332
89 319
42 482
68 481
95 407
19 255
28 232
48 366
55 367
72 226
88 270
74 391
98 498
72 432
20 378
89 476
77 472
73 244
81 311
67 321
52 356
42 238
40 342
30 459
71 203
49 367
88 470
11 406
96 274
50 200
54 232
62 359
85 470
55 406
28 325
93 497
14 251
19 266
13 337
100 300
86 458
48 364
77 473
75 343
39 254
96 345
32 217
66 238
99 304
71 216
13 319
12 307
50 394
69 461
14 346
97 321
69 476
26 480
11 401
34 342
32 363
77 490
94 389
24 265
33 422
71 371
65 441
61 359
10 300
75 366
50 329
21 499
69 369
16 451
45 447
27 474
77 229
74 338
15 491
24 360
90 383
82 350
37 209
75 407
24 226
60 454
37 457
35 408
62 277
83 344
90 350
26 232
19 228
90 495
95 221
16 329
15 335
54 426
30 386
33 351
31 303
62 215
17 206
16 334
83 481
28 256
14 493
37 407
50 458
92 438
84 255
44 281
86 496
30 432
16 288
68 242
53 388
48 399
70 430
45 375
60 408
40 239
60 219
41 319
10 296
61 355
29 323
35 440
83 392
38 398
26 454
79 319
41 446
46 382
88 500
70 285
98 489
64 205
85 469
74 383
26 380
32 314
84 423
68 219
66 373
72 293
17 305
68 366
84 378
66 427
47 254
17 483
53 234
18 448
29 311
21 466
33 317
98 443
54 332
36 353
23 277
72 281
10 255
32 383
96 393
17 208
40 468
94 387
12 427
19 404
46 466
29 478
81 449
39 271
45 229
61 484
25 268
96 439
24 410
26 404
69 277
68 448
65 301
45 496
62 418
88 214
92 268
31 415
51 310
23 495
79 358
24 446
59 492
90 448
54 403
45 402
94 462
38 474
27 381
79 291
80 317
95 380
90 297
98 299
38 228
97 495
48 220
27 210
84 273
33 311
76 207
13 354
51 208
44 231
67 245
65 387
41 377
72 445
37 310
41 278
96 484
89 423
11 462
57 415
75 238
39 410
64 386
36 464
37 289
37 482
45 465
95 394
13 384
78 212
51 228
21 229
100 311
97 465
14 284
11 257
32 303
47 266
37 428
54 382
97 422
21 299
35 481
88 476
88 228
31 255
37 226
92 217
96 436
90 411
94 310
97 239
31 332
27 401
69 283
76 225
15 344
77 289
73 215
86 387
83 451
15 249
67 426
99 264
10 497
25 278
41 340
35 468
71 372
74 480
77 349
21 307
16 278
40 215
15 360
92 285
86 243
60 236
73 298
68 227
99 473
29 299
21 320
55 482
60 384
75 345
85 415
35 424
37 246
32 484
98 239
83 415
37 250
52 449
90 450
36 342
55 229
81 433
63 457
65 239
17 324
12 220
42 234
46 430
19 281
65 334
100 381
52 301
43 448
53 228
66 424
37 268
52 209
94 200
43 414
81 204
14 373
96 476
73 418
69 335
27 216
51 467
89 466
32 277
50 214
17 259
18 374
44 340
52 276
81 297
12 329
52 426
43 276
15 256
59 255
51 340
25 308
18 367
49 322
88 385
16 447
58 223
94 219
54 401
83 452
47 483
86 499
54 482
52 258
51 415
50 327
40 283
48 309
85 407
80 291
75 466
31 484
80 256
41 249
22 445
20 302
61 429
64 335
41 272
81 346
17 405
37 491
66 305
49 335
61 378
39 251
84 413
39 479
37 384
12 323
47 427
79 255
72 475
29 464
49 482
48 484
100 230
19 272
50 421
32 296
57 282
53 340
38 280
57 412
52 295
85 292
73 410
12 275
97 435
64 380
10 296
71 201
76 485
82 359
55 430
43 453
45 251
97 456
31 310
54 243
12 352
78 325
56 431
90 394
82 387
67 481
54 284
99 206
70 203
25 423
64 269
44 395
60 366
34 349
46 467
16 330
34 477
40 328
44 303
11 420
35 444
23 370
95 330
79 245
73 490
59 466
14 240
89 276
86 408
45 280
17 215
34 442
15 313
91 296
10 440
81 303
22 365
68 359
32 246
88 278
93 320
85 243
93 301
60 466
48 443
100 332
26 405
67 398
51 492
87 281
66 409
39 313
77 255
48 217
96 325
57 286
89 236
47 203
67 348
58 244
72 413
41 498
44 297
35 232
72 287
89 218
41 396
70 468
78 451
71 200
60 479
78 418
22 315
28 500
39 288
10 201
50 317
15 266
93 343
86 202
15 310
55 375
73 500
71 303
49 275
40 474
76 289
46 416
50 262
83 315
56 407
96 300
41 264
61 438
95 363
51 234
91 360
62 326
37 449
67 258
81 483
74 476
68 372
60 424
90 254
12 483
43 303
58 485
62 397
61 222
18 260
18 381
23 364
25 478
57 436
79 286
78 465
47 438
78 402
33 469
56 348
29 366
88 482
26 216
12 470
96 286
95 495
35 348
37 422
21 471
31 309
75 474
96 318
62 309
71 221
94 373
74 427
69 219
52 286
64 485
78 223
27 485
79 486
43 376
93 458
53 214
60 352
77 238
92 348
45 387
39 323
43 438
13 446
81 355
87 390
63 486
56 308
90 380
49 251
58 451
93 300
73 473
82 452
24 370
57 205
89 368
87 213
52 326
87 460
61 440
30 219
53 211
20 293
28 421
27 345
17 301
39 284
25 345
45 432
10 285
51 219
41 265
74 206
80 390
69 271
86 263
71 453
83 366
34 416
56 338
39 407
78 455
60 410
96 477
48 263
50 279
47 412
79 213
81 383
87 281
14 482
55 442
27 419
18 479
91 395
18 344
45 203
68 241
41 346
16 204
58 477
30 441
54 325
32 254
73 357
37 411
44 429
52 272
73 461
65 431
42 265
63 354
22 321
88 381
83 311
49 376
14 417
14 425
85 269
46 499
99 212
34 214
17 461
19 237
54 485
60 474
100 491
79 217
96 421
82 277
60 231
88 269
15 268
76 387
28 371
47 463
47 494
75 273
64 461
51 323
20 226
19 394
39 270
48 327
17 308
28 422
12 306
85 485
97 382
61 360
34 205
57 335
85 247
78 401
31 468
73 351
82 467
68 460
87 404
61 427
51 389
24 248
84 236
23 217
75 353
21 369
34 448
86 306
70 361
75 400
45 378
49 270
100 494
54 330
38 214
43 358
47 302
85 296
18 337
27 455
89 439
98 297
78 225
49 329
100 307
92 463
40 428
77 278
64 461
80 267
52 414
88 275
33 480
35 303
51 434
41 306
99 278
15 207
75 203
76 438
47 264
71 244
25 331
71 361
48 479
88 464
25 201
95 306
28 308
43 296
35 364
98 313
65 202
99 495
74 355
12 265
96 281
52 359
91 329
52 401
25 296
44 398
32 300
42 277
57 310
18 298
65 224
69 364
35 429
22 431
96 290
74 401
14 202
27 481
37 479
49 336
62 494
45 371
20 384
87 400
68 269
66 467
64 306
52 218
19 438
51 217
95 342
21 347
93 478
19 373
23 457
34 479
94 390
76 442
100 245
88 267
20 237
90 255
95 262
80 327
21 420
71 477
62 262
68 405
36 349
37 394
89 485
79 454
30 420
49 447
70 435
51 427
97 446
71 263
52 204
95 406
51 433
86 435
64 354
19 382
48 315
39 206
61 345
72 473
62 304
27 428
64 331
65 459
79 285
51 483
56 260
100 464
26 469
62 386
19 436
33 274
34 240
46 350
70 490
83 297
46 492
69 281
85 276
60 348
40 461
100 401
25 416
46 462
64 460
38 405
49 312
83 447
76 458
75 436
91 368
83 490
74 455
89 380
93 260
37 392
65 255
71 490
51 354
38 253
31 497
41 459
80 335
60 410
97 399
54 239
45 275
39 324
95 299
83 259
29 480
72 328
62 442
27 455
29 467
35 257
74 364
37 270
43 369
61 291
21 222
42 232
95 308
82 275
52 258
39 465
37 485
17 471
23 308
19 369
96 331
46 486
63 390
38 494
23 434
89 224
57 313
98 452
92 311
94 226
98 310
67 306
86 481
40 419
25 451
96 260
83 463
43 224
68 250
96 360
61 451
31 337
68 338
22 434
25 264
56 268
91 450
63 316
51 399
38 417
42 219
40 328
28 472
78 334
99 218
83 403
19 275
83 481
49 226
91 311
63 373
39 311
76 201
83 451
86 410
100 397
98 292
59 411
66 276
81 233
62 385
39 211
83 374
12 322
33 355
86 388
55 261
56 299
17 375
10 361
12 365
36 213
93 232
95 470
38 316
39 300
91 337
25 410
97 200
95 308
73 414
33 383
59 392
48 486
71 480
21 300
65 303
89 249
49 385
32 341
20 471
31 452
99 200
36 215
26 291
42 305
65 216
69 428
97 367
42 373
73 458
56 388
16 484
11 344
43 405
50 319
64 425
16 380
70 329
20 324
27 416
37 424
70 263
58 487
29 213
13 474
22 280
46 481
57 246
91 382
50 258
60 223
64 469
65 306
63 445
72 467
44 205
78 490
21 440
88 447
95 284
49 321
13 479
88 378
11 375
68 374
72 458
54 313
47 448
76 472
10 246
59 201
63 277
66 268
78 416
31 418
60 332
78 314
34 289
41 284
98 449
76 294
42 252
58 280
54 275
59 341
89 439
16 271
98 332
42 430
78 252
10 447
49 283
54 444
98 200
98 233
100 383
26 303
18 484
38 333
25 383
87 277
58 315
17 484
27 386
85 342
28 458
49 219
26 348
93 311
41 337
71 495
42 319
89 353
79 378
29 258
67 408
23 280
25 331
33 367
33 426
54 352
19 246
35 323
11 232
12 441
34 426
90 338
40 431
70 296
58 425
28 319
20 338
55 252
25 463
31 435
12 327
15 221
47 407
10 216
21 476
44 207
92 291
64 396
27 234
94 279
38 494
15 490
70 246
37 249
56 359
49 295
12 218
33 308
48 358
88 263
52 429
57 485
71 364
82 440
61 269
80 306
14 315
38 394
62 285
22 318
40 375
29 328
69 428
82 268
92 408
83 369
16 401
39 305
68 482
81 463
13 211
17 313
99 312
44 436
27 348
31 239
71 366
89 366
18 451
63 379
92 213
42 495
39 349
91 427
99 292
41 330
85 355
72 328
10 348
60 262
25 266
74 418
84 316
42 475
86 415
91 425
94 350
55 290
73 416
45 278
34 304
36 260
42 299
18 273
31 400
60 291
11 334
49 347
12 490
39 467
38 424
46 280
31 208
17 470
90 284
28 381
46 353
86 495
70 226
19 247
78 351
90 341
73 346
80 333
18 258
80 488
54 440
32 402
70 335
31 320
45 317
36 205
58 390
58 321
31 215
71 291
53 205
40 299
52 369
54 384
81 481
60 256
66 336
62 265
75 330
47 287
86 335
54 366
10 490
77 339
86 303
46 370
61 362
17 306
48 300
25 356
48 258
69 348
74 320
92 211
67 497
21 345
82 289
12 204
83 396
30 232
43 273
61 256
96 270
59 312
46 301
42 348
66 279
13 452
85 307
41 348
49 211
73 333
70 402
66 328
71 430
75 297
14 462
97 335
19 414
23 299
82 364
92 273
18 341
41 341
52 386
23 500
78 380
21 396
24 368
16 328
79 282
88 299
32 477
100 223
55 330
87 303
30 218
92 386
36 299
48 255
57 414
33 280
48 285
89 323
38 448
10 250
39 325
53 222
35 482
93 390
28 317
33 254
38 267
41 443
63 364
59 248
94 252
98 319
43 201
20 239
44 343
94 378
98 389
87 417
16 395
29 380
39 497
36 296
84 271
84 276
63 236
19 212
41 351
14 324
19 472
61 200
34 402
42 481
18 226
71 359
62 452
11 383
21 421
20 410
21 467
95 375
90 208
84 490
74 417
21 411
65 426
53 452
81 237
73 367
14 277
66 434
12 212
73 374
58 494
72 322
39 468
60 361
70 231
67 483
47 413
43 233
13 201
90 466
35 314
89 251
22 255
21 368
38 500
93 398
83 274
72 401
84 363
20 416
82 362
49 239
18 240
30 362
32 456
59 280
90 357
12 410
18 264
43 428
23 269
48 204
53 242
33 334
59 366
42 248
74 447
59 500
80 258
94 228
53 437
75 233
15 337
97 204
53 470
76 363
28 205
78 382
88 420
23 453
99 264
39 210
90 486
54 447
31 320
88 207
69 430
32 350
93 381
14 314
75 485
28 338
20 242
81 237
60 433
60 446
12 337
84 406
41 364
78 316
54 474
52 241
80 210
12 367
18 393
34 491
13 356
94 368
10 246
38 257
68 242
89 374
94 357
79 400
79 329
49 204
74 236
98 454
44 335
42 387
33 500
53 354
71 455
30 201
19 274
12 430
62 210
65 393
26 281
80 387
90 257
81 462
90 335
70 238
95 434
40 447
31 251
71 287
28 470
81 456
11 295
85 308
36 387
73 421
46 242
10 275
51 398
14 292
21 350
65 452
40 204
51 465
94 396
70 260
66 237
65 357
86 248
47 387
52 364
27 300
25 313
76 404
24 310
60 243
18 224
59 492
89 341
79 283
74 405
56 351
52 206
23 274
24 422
67 439
33 466
17 440
82 313
30 488
26 237
85 383
21 474
52 238
96 228
82 249
33 363
79 375
12 305
83 373
15 256
99 209
13 249
93 499
15 492
43 233
56 466
73 239
24 489
68 401
99 348
60 398
94 247
23 277
84 419
38 277
62 461
80 395
96 486
12 269
84 277
86 403
26 468
61 330
89 418
31 421
30 430
35 474
72 289
73 278
61 399
43 381
55 392
40 266
47 366
14 251
40 387
78 334
64 294
14 207
19 443
56 225
69 444
70 349
46 447
49 240
61 481
35 403
21 394
18 498
23 304
96 350
28 452
27 242
10 396
51 205
73 426
12 210
41 427
34 402
68 434
91 417
18 260
87 286
98 238
94 412
71 281
82 231
62 495
88 226
46 272
35 478
52 460
49 316
26 245
23 457
63 358
66 342
47 443
16 219
10 409
18 220
89 442
78 420
51 325
67 274
20 375
95 343
46 490
98 469
87 427
99 412
42 498
19 350
33 430
76 318
78 249
21 226
37 390
71 375
71 290
28 309
45 451
96 498
73 360
59 372
30 340
98 269
38 285
57 225
48 237
48 251
71 431
46 226
65 421
39 283
60 351
69 374
34 292
93 490
36 285
73 437
62 394
35 461
57 323
14 392
69 227
37 396
28 367
90 226
96 273
17 497
40 399
13 474
19 490
40 342
100 221
55 347
90 483
15 292
26 493
20 363
25 324
77 427
37 380
25 226
11 461
78 325
78 341
75 248
39 459
31 252
34 418
54 293
20 456
39 403
68 317
74 366
51 222
79 329
86 443
10 303
42 276
99 211
76 424
59 395
96 399
98 311
74 294
23 414
63 237
36 396
55 330
30 442
29 251
74 203
19 323
18 346
32 484
78 214
44 366
30 238
87 304
38 278
85 201
60 295
20 307
84 290
48 451
24 238
29 250
35 395
78 247
59 471
13 347
62 387
80 342
93 475
62 473
80 492
89 243
46 411
79 226
27 485
87 431
10 378
82 413
60 253
31 261
76 439
99 407
35 267
72 450
97 342
66 242
86 294
69 368
70 333
14 405
26 270
81 489
22 265
14 418
37 309
43 240
61 285
57 322
72 393
30 343
69 341
61 367
94 420
39 338
66 379
12 217
50 327
25 294
61 355
50 409
19 388
17 461
41 344
72 325
47 201
89 220
41 301
23 225
69 371
50 472
12 355
33 396
88 444
85 323
32 399
90 461
35 378
64 259
24 452
32 456
27 249
84 294
23 312
46 320
29 382
32 431
92 479
92 468
58 464
81 418
27 270
74 398
84 247
72 367
62 489
76 401
31 247
92 338
72 213
79 239
40 499
77 380
73 495
28 347
23 386
26 268
86 341
100 301
26 322
29 387
28 290
75 297
70 482
46 445
19 342
50 338
41 352
35 214
64 365
88 201
14 323
71 456
94 434
21 352
95 474
15 315
52 224
78 298
99 296
71 449
54 424
20 476
53 304
53 319
88 248
83 417
61 339
45 284
41 378
82 226
51 321
28 312
66 451
68 300
73 350
34 382
11 284
28 298
43 244
60 254
65 487
77 413
67 292
33 244
31 330
49 218
54 360
28 495
26 438
90 255
24 293
31 361
22 243
70 464
20 273
39 329
79 438
54 282
81 487
96 398
99 346
91 466
65 445
25 215
94 453
32 470
82 457
87 321
94 487
12 237
55 250
96 217
10 357
32 468
42 376
99 307
26 480
46 426
97 430
25 256
82 461
24 377
91 203
74 366
36 281
51 448
17 468
69 269
11 214
51 365
72 350
91 258
92 493
86 203
67 374
95 254
10 483
65 251
73 429
38 425
68 269
44 239
41 286
45 258
93 293
93 337
52 344
32 222
89 329
47 457
34 483
93 337
51 442
80 400
13 253
39 277
13 394
100 256
38 323
94 428
47 487
12 309
85 410
48 313
59 305
81 240
80 229
71 450
47 463
61 238
75 371
38 236
80 331
75 444
88 305
92 319
70 334
39 268
45 207
43 230
79 452
39 297
50 346
42 401
67 345
54 274
62 453
72 230
72 301
49 487
31 492
10 447
88 233
62 369
33 346
42 251
18 369
22 476
88 344
62 272
63 264
12 455
13 355
56 249
38 305
50 311
52 289
67 422
43 472
78 261
78 389
30 363
43 409
61 470
50 464
56 492
81 235
81 442
12 328
75 295
48 475
16 228
28 413
45 284
92 440
80 450
85 406
18 283
95 349
66 266
44 442
64 237
86 401
24 367
88 419
82 410
66 317
79 355
24 337
98 312
90 483
38 302
39 272
19 402
31 285
85 482
12 423
96 203
46 446
39 249
24 230
22 405
25 396
27 275
69 346
62 207
55 295
49 217
52 393
34 486
32 284
91 454
20 383
39 477
21 225
43 391
96 484
68 301
100 202
67 310
63 461
80 477
71 326
54 372
40 259
11 395
51 222
13 247
94 202
71 484
63 498
93 483
58 317
87 258
45 409
79 416
89 384
68 323
94 284
35 427
54 251
48 436
82 418
18 479
46 354
43 346
82 234
21 281
86 361
14 419
67 457
45 285
58 476
68 299
42 353
37 302
45 295
97 375
43 368
18 330
47 213
78 374
39 253
75 347
12 493
26 381
79 349
78 487
81 324
40 282
54 259
24 278
58 371
69 264
79 204
70 209
44 320
97 214
53 236
15 435
67 376
95 375
45 480
71 298
34 396
55 478
84 213
31 258
97 407
32 320
84 466
16 378
56 462
54 306
92 203
33 424
80 253
57 302
54 460
58 285
45 478
19 258
35 216
23 272
47 388
23 283
54 472
47 388
50 302
78 329
13 483
52 383
83 351
62 217
43 282
67 363
75 315
22 449
70 487
86 254
89 311
90 476
45 246
59 414
45 254
25 352
91 294
85 221
83 417
99 402
72 290
19 457
59 384
10 486
21 272
52 442
10 274
95 364
31 229
30 367
43 268
31 269
84 202
97 205
69 226
99 367
40 370
77 221
93 426
71 321
79 495
83 331
16 480
79 287
47 471
20 490
24 473
67 299
64 246
27 344
74 411
62 390
86 232
56 283
86 316
62 354
92 416
98 277
76 378
53 301
91 317
56 335
21 247
12 464
38 489
97 315
98 465
32 428
67 314
42 302
21 313
71 438
92 390
28 321
97 276
97 415
50 410
92 382
27 433
89 250
40 299
36 217
23 319
38 459
91 303
86 260
26 465
31 342
77 360
92 421
73 333
23 278
93 283
37 449
62 452
44 284
27 262
84 212
83 496
74 211
44 429
91 464
32 416
85 247
24 217
89 211
64 451
27 292
15 448
83 396
87 438
23 399
88 281
44 278
71 279
59 324
84 258
81 349
78 343
30 249
42 262
97 409
73 298
69 444
30 491
63 445
32 319
75 376
89 202
96 374
43 492
80 237
19 235
11 222
79 481
43 436
57 229
33 453
52 345
61 322
97 484
96 211
15 307
91 400
42 340
15 288
93 221
71 380
99 410
53 332
56 321
14 381
24 412
86 479
82 478
17 341
77 316
23 462
36 489
76 482
16 384
59 409
83 344
28 359
54 390
74 443
19 457
66 310
14 354
15 323
14 338
45 490
79 215
62 325
79 261
36 281
35 325
11 498
31 228
51 420
16 245
39 326
93 383
11 318
63 474
63 316
45 355
47 463
56 205
83 322
53 292
36 409
20 394
48 283
19 211
17 237
66 313
94 206
20 498
72 430
27 214
93 231
86 300
94 488
55 481
82 320
10 463
38 439
99 435
53 476
27 423
50 451
76 273
58 430
92 479
59 492
16 354
52 260
98 364
49 207
74 256
49 417
93 355
48 323
52 223
25 484
67 208
14 431
63 288
28 250
44 417
43 209
44 463
59 422
83 266
83 420
46 204
84 289
61 389
82 347
76 459
88 307
80 463
75 498
71 295
12 318
86 238
36 481
30 345
24 224
63 280
22 432
45 478
90 342
81 382
79 477
86 218
88 205
38 269
60 481
17 500
31 273
98 323
76 385
58 405
48 278
12 302
73 467
19 230
60 344
88 497
99 452
57 352
91 393
65 409
48 233
65 421
82 292
42 309
98 462
63 334
27 396
95 248
66 414
53 369
19 390
16 326
29 277
20 246
11 347
76 293
100 209
34 384
56 206
54 277
73 404
88 206
35 245
43 411
12 232
69 414
42 343
46 461
91 466
87 288
30 309
58 390
56 344
27 420
11 215
18 267
95 306
27 468
95 226
73 208
100 356
36 378
15 411
19 316
82 243
15 438
75 234
11 470
99 351
48 478
17 284
37 484
15 215
85 440
68 477
23 499
89 320
61 279
38 464
16 356
46 300
37 307
38 320
57 411
21 415
90 234
68 330
83 287
34 368
35 285
24 373
58 426
14 410
22 473
59 400
14 329
57 320
68 232
71 462
38 359
36 279
100 273
98 310
29 202
12 285
23 270
73 321
82 400
61 450
19 352
39 398
68 298
19 366
51 356
30 221
61 402
60 307
66 458
58 233
42 343
55 446
39 475
44 358
59 245
31 444
30 405
45 276
26 257
40 480
87 468
100 327
69 249
23 242
70 350
72 365
85 241
74 354
61 326
88 338
28 216
41 416
86 372
90 271
47 383
69 240
42 251
88 418
81 249
34 256
35 434
69 340
93 481
51 440
67 404
26 324
64 308
87 240
49 482
13 307
22 311
73 464
58 413
55 362
23 289
96 310
92 237
39 448
22 342
91 221
34 414
81 416
26 283
53 451
60 465
14 429
46 354
27 337
90 471
48 477
68 263
68 231
77 486
60 266
39 315
85 322
19 331
14 500
86 391
54 428
31 457
71 381
88 446
23 325
77 363
96 424
21 337
20 476
23 332
94 399
37 227
33 374
43 207
89 220
11 272
81 202
16 201
52 288
19 247
87 311
43 414
46 285
63 389
58 322
98 250
45 417
30 439
88 333
59 412
99 293
89 500
46 463
100 377
52 397
16 362
20 283
92 442
19 275
30 326
46 299
72 315
68 403
66 254
72 449
49 338
92 349
65 234
32 288
78 310
36 284
84 391
49 446
56 433
82 360
25 315
56 383
79 424
42 382
33 270
22 343
36 269
62 495
57 251
71 413
76 216
35 231
97 261
50 489
86 396
82 450
65 256
51 288
68 367
42 306
12 498
25 242
38 338
45 268
25 268
36 499
66 426
29 390
53 355
67 378
53 424
93 460
93 408
68 359
42 416
68 409
71 311
35 378
23 387
46 286
38 324
45 438
51 212
72 485
86 403
31 367
94 387
63 255
19 323
63 267
47 225
48 402
66 326
15 233
59 424
34 416
77 353
98 246
87 378
20 482
25 291
64 356
72 423
75 221
64 473
49 484
20 464
71 283
77 362
72 250
80 436
40 231
29 217
37 402
60 205
41 425
97 480
10 473
38 389
66 347
28 231
18 308
19 464
30 232
71 206
75 309
52 498
24 428
96 366
39 358
15 411
10 315
83 311
50 492
92 229
83 310
37 468
10 454
87 257
86 255
76 217
24 353
82 453
14 478
60 309
48 337
31 316
47 308
11 238
40 326
55 437
11 226
30 252
82 334
86 365
80 220
44 452
59 346
12 404
55 421
60 357
81 430
41 208
47 299
67 337
35 462
53 309
57 427
92 366
96 369
22 349
54 362
87 211
34 454
66 279
14 325
72 381
23 308
28 242
98 334
91 280
59 402
76 232
87 449
62 390
97 378
21 404
30 287
16 496
12 228
87 365
67 409
17 358
77 333
94 372
73 278
23 461
98 290
55 258
18 289
30 253
43 384
71 455
92 321
34 461
28 422
64 453
85 269
28 296
60 209
88 267
22 369
71 466
89 368
57 395
48 369
27 372
71 405
61 223
82 474
73 273
21 207
49 476
23 335
56 376
42 438
96 330
98 319
80 464
99 268
100 444
67 306
81 490
69 289
70 435
43 394
13 356
85 483
50 375
73 352
34 411
57 342
75 294
12 284
57 447
44 417
46 289
74 353
19 432
76 489
45 402
38 271
63 232
54 287
74 320
26 305
47 478
81 219
43 407
29 278
46 456
10 391
44 467
26 220
32 383
86 212
100 339
32 241
89 286
83 477
56 216
78 385
51 478
31 463
58 456
37 436
30 235
93 353
27 268
17 348
63 330
70 435
32 342
42 289
31 252
90 282
39 245
51 409
42 268
26 304
76 413
46 333
98 265
59 348
10 257
27 233
38 254
80 254
96 341
34 272
52 307
20 309
98 269
77 272
87 390
82 309
63 315
57 397
73 377
39 462
52 439
91 218
97 310
94 337
44 366
71 243
57 211
83 473
59 370
46 417
14 319
97 259
62 417
45 262
39 399
61 425
83 418
23 227
74 414
87 428
50 471
19 451
56 272
14 261
13 365
50 451
31 402
56 418
16 364
71 309
27 403
79 298
36 374
42 245
25 388
71 316
39 393
79 289
35 387
53 356
88 226
26 486
92 213
18 444
62 281
42 339
63 234
42 201
29 461
89 446
55 220
25 207
55 226
32 327
41 396
35 363
30 237
16 248
77 450
73 326
56 443
71 413
42 300
98 284
39 461
58 409
98 489
31 241
85 411
86 326
45 299
60 376
79 235
41 284
44 315
46 362
89 273
99 484
35 438
45 434
45 245
65 226
84 457
49 498
19 384
46 371
99 210
74 466
78 370
85 377
88 307
65 491
54 211
61 202
22 491
23 494
15 477
54 219
80 235
73 498
43 238
44 248
84 364
34 492
92 462
36 467
93 304
55 398
71 381
95 212
65 285
57 305
48 475
39 443
19 239
17 276
91 206
10 274
75 236
89 302
43 382
98 465
32 475
51 250
21 211
56 374
16 467
26 307
30 252
73 350
73 388
99 317
47 449
91 213
34 405
40 381
57 332
19 470
97 457
89 360
22 481
10 463
10 462
91 235
88 218
76 253
59 209
77 249
37 209
70 341
46 377
44 449
53 316
89 213
30 387
21 490
38 356
78 461
55 471
75 279
84 330
93 344
42 400
91 246
90 455
83 271
22 358
82 487
87 387
32 496
27 374
65 287
71 335
10 245
27 493
21 243
97 304
60 411
90 228
60 311
10 242
68 461
75 351
96 272
36 447
30 208
77 451
25 498
45 342
26 340
18 315
26 407
20 468
96 372
27 473
43 376
13 313
20 312
13 231
56 399
49 402
99 497
24 201
26 387
57 485
75 377
86 358
86 468
30 349
59 269
52 270
45 483
56 280
49 245
24 429
68 488
71 300
42 380
97 427
24 344
16 292
34 461
96 252
13 223
53 466
80 421
71 236
12 317
33 447
92 275
100 256
26 403
79 496
35 407
32 298
82 232
37 270
83 289
79 369
11 422
66 303
43 319
76 443
53 303
13 497
62 463
20 441
36 358
16 347
80 307
100 264
30 284
84 280
76 355
16 385
100 482
38 367
98 225
41 435
29 448
65 206
10 433
77 475
26 281
14 252
75 214
74 477
57 349
25 422
72 353
26 228
56 492
13 333
75 453
20 295
41 397
39 209
12 447
86 317
51 253
40 364
57 333
75 315
23 244
53 434
74 490
19 481
40 254
35 448
73 279
62 305
73 292
25 253
59 496
93 214
54 387
43 214
53 366
31 450
23 264
14 307
60 242
69 484
15 299
21 200
93 371
62 303
27 318
40 400
41 425
93 311
72 492
48 330
59 404
82 216
61 360
58 470
80 308
27 447
74 231
80 235
64 452
30 264
71 444
74 383
100 276
12 429
18 268
86 374
37 236
39 388
33 411
98 247
30 459
13 375
15 340
22 341
40 447
30 258
19 318
29 207
77 334
79 411
36 394
51 323
11 372
50 275
84 266
53 249
79 266
60 464
56 482
70 344
30 459
51 267
47 292
47 419
55 409
61 277
98 362
97 431
99 359
87 213
10 277
11 348
49 386
79 447
86 314
82 295
93 442
99 297
18 283
16 460
79 294
61 493
86 385
37 388
57 378
83 367
16 413
52 247
99 474
13 466
33 483
17 308
87 269
71 457
14 370
76 344
61 350
21 317
84 208
84 477
25 355
14 290
14 205
94 366
41 228
13 215
99 238
96 383
43 478
43 459
97 454
84 208
45 338
56 236
97 279
76 482
60 203
23 451
54 357
46 437
67 345
11 294
77 225
12 439
25 265
20 248
71 449
31 471
14 331
51 331
71 418
40 242
23 281
10 327
23 257
14 220
12 466
98 483
28 291
52 442
62 318
18 222
72 496
92 251
71 449
41 435
76 392
24 485
77 419
19 359
77 273
32 276
83 494
22 478
46 429
98 287
43 358
84 211
63 302
44 327
71 342
64 314
99 437
89 205
18 308
28 281
74 492
27 318
70 314
74 416
20 464
67 238
94 262
20 373
79 209
42 364
83 210
12 333
90 475
57 251
14 400
46 412
25 388
88 274
56 274
17 494
49 443
35 257
78 230
15 317
16 328
76 340
60 357
71 234
86 260
47 362
55 316
32 301
99 252
36 403
88 263
36 261
71 429
85 459
23 448
57 448
91 205
18 363
65 261
52 442
22 329
57 230
34 326
18 346
52 405
40 402
40 395
82 423
44 480
11 480
19 406
94 452
45 414
66 472
98 358
66 494
97 466
94 381
55 253
16 418
99 224
52 375
30 481
93 440
90 427
92 285
16 245
24 443
12 248
67 382
87 225
36 290
99 348
30 282
85 396
67 308
90 217
75 237
42 228
91 356
25 345
100 487
29 375
35 297
93 240
48 226
77 303
79 257
56 236
100 301
52 237
77 249
75 341
68 400
72 212
18 274
56 445
71 446
31 438
22 440
87 471
20 243
87 231
19 473
14 338
73 397
37 433
67 328
17 431
36 392
99 232
29 498
15 424
45 495
49 435
31 288
71 349
69 427
46 330
54 294
49 371
22 291
83 335
96 275
30 448
31 207
82 331
36 406
57 346
41 365
46 284
47 434
56 232
81 262
47 457
96 329
14 296
43 380
13 289
39 445
22 320
16 465
81 354
44 454
30 220
86 228
90 219
90 486
55 219
54 414
58 302
59 202
36 362
28 226
29 235
81 436
33 371
88 254
45 469
40 474
60 275
48 241
28 413
65 346
61 473
28 255
74 451
50 421
68 389
94 461
24 366
81 227
77 494
14 460
54 288
40 400
40 383
33 458
69 367
30 375
23 210
54 363
79 488
51 221
61 480
50 498
34 326
39 331
16 305
75 231
94 472
43 455
10 321
44 297
72 413
52 276
67 350
89 333
53 471
99 411
90 285
59 295
33 381
77 481
84 215
15 226
74 391
27 238
68 341
96 398
25 255
41 375
23 361
44 492
22 312
86 281
44 208
79 206
85 250
59 273
23 396
62 450
66 228
23 248
93 221
80 270
73 369
16 432
93 402
14 259
46 274
16 258
51 466
10 422
93 450
57 429
40 493
56 381
13 265
82 237
96 273
68 312
88 200
71 318
41 467
48 263
82 218
19 221
55 284
22 347
86 285
71 327
58 353
74 445
12 335
20 453
87 237
83 497
69 257
17 339
44 493
39 412
26 473
29 341
75 274
36 238
26 213
92 334
39 271
89 232
90 260
93 212
94 448
50 284
98 273
61 427
29 223
38 474
54 220
34 450
51 251
95 402
73 250
95 379
30 313
97 427
44 294
49 369
44 346
89 496
63 274
37 433
55 459
44 491
75 470
44 221
44 376
45 234
95 458
72 446
75 222
89 342
20 459
100 255
80 413
50 473
17 372
77 232
95 209
79 258
96 411
10 448
31 202
100 410
38 293
95 429
93 426
38 329
19 230
20 438
43 384
84 327
90 462
29 284
89 279
32 398
91 421
23 474
68 225
91 332
47 438
24 331
67 229
96 446
44 293
82 401
29 491
43 431
80 285
19 372
77 305
14 252
64 313
42 449
95 359
43 355
17 488
34 408
63 395
30 226
34 434
36 363
31 353
25 274
86 205
85 201
28 413
83 335
70 228
29 263
46 210
22 432
36 353
98 215
28 391
86 434
83 366
22 498
81 287
30 458
78 466
82 300
20 461
41 303
78 417
61 325
39 232
84 375
72 346
16 383
61 329
58 310
13 311
10 463
60 328
67 389
52 276
33 371
11 322
42 476
94 339
18 365
82 255
13 205
35 327
96 336
11 352
84 348
23 202
69 258
68 480
64 323
73 334
35 492
30 467
15 444
76 465
63 374
69 296
63 319
39 466
97 276
65 299
62 228
27 434
67 381
55 483
21 367
33 446
54 272
30 222
67 415
36 273
53 406
11 418
51 491
81 378
35 399
81 389
39 226
34 412
63 434
80 309
23 409
74 357
56 416
43 446
54 315
58 420
26 285
29 444
54 367
31 291
45 297
82 340
26 200
34 429
48 395
70 432
70 242
44 233
91 417
18 288
99 344
58 201
80 492
99 204
77 214
28 322
48 224
67 332
69 463
60 407
20 498
84 359
26 376
23 446
58 218
68 221
51 440
88 241
55 365
70 239
85 290
24 388
51 221
14 236
34 480
42 238
10 479
78 465
59 489
49 344
22 393
43 318
48 286
10 463
32 354
42 330
75 260
56 405
90 488
51 213
41 281
74 341
24 399
20 312
96 464
60 291
29 219
88 388
76 467
23 257
20 300
30 411
27 303
63 442
53 204
46 455
49 456
78 294
25 349
16 439
10 259
82 368
21 287
49 334
73 303
10 272
34 425
85 211
23 298
21 466
68 306
13 337
31 465
87 314
32 285
19 274
21 481
68 321
39 395
35 270
87 243
48 349
35 273
25 395
86 211
15 423
48 229
23 276
53 439
31 206
55 392
61 214
48 471
68 287
90 239
42 260
98 397
49 200
65 467
71 290
55 203
57 243
11 470
41 477
32 459
46 329
55 461
22 370
43 428
87 494
35 262
24 449
98 411
54 377
44 292
28 304
71 377
98 277
98 365
43 452
53 485
22 372
93 322
71 273
13 498
20 415
75 268
77 467
14 260
50 254
26 259
91 397
23 403
76 430
43 477
94 290
13 309
10 253
94 203
85 430
28 342
52 459
46 457
82 338
67 217
52 318
71 448
69 412
46 386
58 316
69 421
82 221
21 368
32 461
16 349
28 218
28 433
45 350
16 351
31 354
65 277
55 394
85 435
19 323
75 345
26 432
72 345
69 295
43 425
14 281
24 293
91 264
19 225
23 363
69 299
88 494
34 438
22 400
73 391
94 443
51 412
43 300
71 225
22 468
56 350
69 223
12 246
66 367
11 400
91 346
23 496
20 324
74 476
20 306
70 446
46 350
76 371
87 311
81 243
12 295
42 225
60 234
85 253
73 292
58 379
36 351
40 226
72 257
31 397
66 214
48 309
64 397
81 212
23 274
30 235
68 347
14 385
60 230
97 480
91 290
48 459
42 431
79 364
99 334
12 498
53 301
29 212
27 485
38 456
40 229
37 325
73 450
80 455
83 346
71 250
47 240
16 376
13 444
45 408
48 500
82 375
51 461
78 298
26 361
79 401
26 443
55 464
46 434
38 320
26 300
18 465
71 379
95 261
62 278
38 298
94 323
71 378
74 309
83 427
17 428
47 207
30 251
76 210
42 338
65 412
67 500
75 228
50 465
65 348
25 206
28 269
66 368
70 363
90 321
84 345
30 315
84 367
38 273
32 499
80 456
81 247
22 234
91 231
41 313
81 441
10 223
82 399
13 355
60 317
20 248
53 422
26 263
97 378
11 363
23 497
32 235
44 471
66 319
23 217
79 280
15 450
18 417
100 444
19 307
31 445
55 471
23 418
63 352
78 319
55 420
62 230
10 359
76 224
30 452
25 256
100 449
96 233
35 303
46 334
16 486
26 215
94 291
48 388
29 477
36 355
32 271
14 300
85 334
52 254
86 314
84 465
14 266
18 325
36 423
90 279
74 384
73 211
62 425
76 315
89 355
18 496
91 252
97 203
19 368
59 320
31 318
96 392
38 282
28 252
21 374
23 362
78 324
15 380
60 220
37 348
46 363
76 450
74 336
27 500
36 460
57 384
36 353
47 410
19 240
82 388
36 493
68 319
99 320
23 263
17 442
23 364
11 453
97 469
24 214
38 241
16 486
99 450
37 398
60 471
63 220
29 250
16 306
73 226
77 316
80 414
52 400
90 311
45 339
99 339
63 446
10 226
20 453
28 217
60 284
100 238
89 294
82 265
32 356
63 474
57 331
45 428
35 414
69 229
37 216
83 355
56 397
75 341
61 306
67 449
50 243
13 444
11 474
34 436
56 300
85 249
83 245
66 308
71 415
94 460
18 405
13 393
76 394
84 399
88 290
64 288
34 232
29 369
52 239
22 283
57 463
64 418
43 208
100 364
71 364
64 353
32 337
59 318
61 478
89 378
10 313
93 298
19 446
76 300
82 221
75 472
11 466
30 390
75 416
10 345
75 275
40 245
47 442
59 341
49 328
63 384
52 433
90 236
83 398
38 311
70 469
55 301
96 422
14 356
57 391
32 365
31 397
83 327
68 221
82 404
95 486
18 239
15 467
61 244
80 361
69 431
55 337
19 212
15 420
37 344
44 216
11 226
37 316
49 449
41 321
65 486
82 337
71 423
51 249
92 366
37 220
32 489
92 277
12 364
17 266
76 206
14 414
32 393
60 385
90 366
55 442
79 460
99 275
76 280
88 246
33 433
82 492
23 322
50 319
32 215
17 392
25 366
38 202
69 335
18 349
42 291
30 251
52 216
78 330
30 399
85 491
97 290
62 450
55 200
88 297
75 301
93 486
86 294
91 423
18 272
12 329
78 260
42 311
67 205
100 321
37 465
57 434
67 293
96 416
36 401
53 257
57 201
54 417
65 428
87 372
59 360
95 312
92 380
18 394
99 262
99 488
56 274
22 230
81 303
88 359
71 408
72 403
92 306
23 402
77 357
10 484
68 223
25 334
84 417
71 237
95 440
70 404
41 394
26 228
16 380
83 399
61 202
20 445
49 319
62 342
49 318
68 441
19 268
83 495
32 500
37 362
76 455
67 300
96 500
82 243
13 465
95 364
88 443
15 275
92 302
32 487
83 390
65 210
89 400
11 391
91 435
38 236
53 268
89 486
95 413
13 294
14 421
61 293
66 465
46 373
13 234
52 384
21 235
42 330
16 297
20 282
35 222
79 369
60 352
80 307
55 384
51 341
97 256
14 416
47 251
37 485
72 346
91 407
11 462
45 213
82 256
31 489
20 312
48 267
84 211
77 376
80 473
88 397
99 400
93 499
42 299
50 434
24 250
12 223
25 376
86 468
19 280
67 409
70 262
53 203
12 299
45 316
64 294
59 250
23 274
62 393
87 481
38 215
95 466
79 440
78 223
69 471
34 312
70 394
58 305
100 295
60 474
42 374
29 372
93 209
21 422
14 466
18 426
24 331
36 417
75 430
57 376
17 493
33 479
37 260
16 430
57 385
88 464
60 369
97 381
12 480
60 479
32 403
13 375
88 494
93 451
60 481
22 272
46 264
97 205
96 282
80 378
32 236
96 425
73 375
88 231
26 357
46 249
85 363
12 440
95 414
14 227
24 216
20 214
79 248
50 354
74 404
80 497
49 270
95 293
30 225
50 249
45 283
11 339
88 420
72 250
25 418
53 427
55 276
15 464
34 410
24 404
91 496
19 452
32 320
14 460
11 319
51 426
40 255
83 297
73 292
26 207
46 374
43 393
87 323
41 223
20 320
34 245
11 327
94 329
64 440
38 491
15 297
28 359
49 431
79 277
71 251
80 482
28 416
60 273
78 377
41 470
99 223
53 260
78 410
87 444
61 427
60 306
58 249
10 275
41 369
88 451
37 334
71 243
43 453
76 486
75 413
62 274
51 368
36 433
68 422
23 274
92 260
84 219
13 293
62 237
25 344
62 330
70 318
24 425
16 440
76 349
77 264
16 436
59 456
10 408
19 244
98 423
50 310
66 362
27 486
14 313
83 336
66 205
52 464
71 422
87 290
38 454
38 392
99 234
40 205
30 422
75 321
29 252
62 485
85 231
28 262
38 249
71 486
70 249
91 434
33 301
41 440
57 326
22 341
72 427
16 450
72 345
73 391
22 400
39 210
66 243
11 224
38 369
51 296
11 357
93 236
35 202
12 410
72 307
91 387
84 345
89 229
95 357
99 286
48 494
67 437
11 266
61 278
58 369
91 200
60 352
10 432
32 212
30 432
44 340
91 201
33 404
89 323
56 400
89 215
24 403
97 378
77 362
18 302
77 329
47 205
45 287
38 284
67 227
78 318
85 334
45 200
63 247
89 497
21 481
65 288
86 412
68 249
35 371
50 203
37 402
55 431
87 344
56 238
94 480
72 438
17 373
48 248
40 260
41 316
30 204
94 321
19 268
31 389
53 471
63 338
20 298
15 310
53 481
67 263
10 402
40 221
99 387
94 393
32 212
97 385
83 310
75 383
67 273
53 216
66 412
52 365
40 371
35 401
34 272
46 260
47 362
58 498
18 249
37 444
38 347
62 228
39 481
29 233
31 431
31 246
95 352
25 249
84 335
35 323
23 312
96 380
10 362
96 222
58 465
28 474
72 442
23 467
70 361
22 477
30 499
95 331
69 383
67 271
78 228
23 373
25 225
13 213
78 328
88 247
84 400
75 302
50 420
18 213
46 216
64 269
26 410
44 263
32 428
91 207
92 477
16 495
38 382
87 286
72 493
95 500
97 252
64 432
73 318
19 400
19 383
75 247
85 267
74 334
73 393
32 400
48 420
88 268
11 351
46 208
65 387
81 433
63 258
24 309
33 258
98 410
22 428
30 484
97 216
30 388
76 357
87 227
61 430
53 327
11 348
51 321
83 242
80 423
83 317
87 375
80 490
10 265
72 491
16 310
42 315
91 364
59 233
47 498
14 385
35 442
42 308
34 267
25 214
76 348
61 470
67 456
100 256
49 325
14 269
94 201
99 432
16 253
24 455
84 326
98 223
50 321
49 227
71 481
94 275
24 271
99 300
11 453
65 497
87 352
22 462
69 296
26 469
84 256
45 298
75 461
40 398
89 401
14 367
96 417
58 408
52 384
54 413
72 313
57 313
40 372
54 217
42 315
91 265
27 306
46 202
85 434
33 245
54 275
48 465
35 251
76 377
15 329
47 471
91 447
51 305
25 204
46 234
82 205
36 492
78 413
16 276
48 343
51 481
30 483
21 307
48 266
86 368
69 222
47 286
80 319
42 486
100 412
15 392
30 269
96 376
67 275
60 327
95 223
76 285
53 452
69 438
36 274
98 362
95 341
53 465
48 486
86 232
80 419
81 212
86 256
99 418
41 289
73 498
76 302
12 216
52 322
73 469
96 458
73 442
67 476
81 258
28 254
15 256
57 463
61 359
79 406
11 247
34 270
98 256
94 225
45 323
88 424
23 243
41 371
36 480
66 289
67 206
35 225
44 213
75 229
42 354
71 398
26 378
88 395
21 289
40 404
80 216
81 453
27 458
42 443
74 369
22 372
44 221
28 284
46 283
91 305
47 247
38 286
19 419
94 206
23 351
93 369
31 437
85 325
12 343
91 229
78 446
32 284
67 497
17 450
43 482
44 414
58 205
23 302
13 430
13 330
57 468
72 397
87 269
26 497
91 487
81 373
90 375
97 398
15 223
76 399
10 300
45 382
98 261
42 428
82 240
44 220
22 256
70 259
79 336
13 436
74 280
91 253
86 463
36 326
54 246
56 390
74 235
29 401
66 203
51 236
24 335
76 399
17 371
51 415
48 213
18 328
91 407
38 499
48 229
83 254
28 497
63 320
84 464
79 328
97 246
87 408
31 369
63 222
23 214
77 495
20 236
36 219
46 401
93 210
81 240
93 455
14 457
53 217
91 243
36 233
68 408
24 471
37 447
26 265
98 379
29 386
41 331
35 357
36 372
24 462
93 330
32 347
25 490
84 405
60 408
56 271
86 278
69 342
63 484
81 434
94 416
85 276
17 474
65 279
90 499
13 456
12 406
42 365
63 365
33 326
53 406
56 337
65 387
31 457
25 386
41 481
64 459
60 297
51 388
68 277
20 315
23 413
22 233
40 313
88 495
14 420
59 284
49 333
92 485
59 239
35 429
43 420
32 475
23 318
71 291
13 396
69 327
93 375
89 284
74 207
13 376
87 478
55 432
93 330
95 349
17 234
95 338
72 464
42 370
89 322
83 375
46 316
35 275
50 362
79 428
70 437
54 244
97 463
81 423
46 341
94 410
21 297
56 278
67 259
30 290
17 307
65 348
72 416
99 362
84 281
34 344
21 292
99 380
77 313
24 295
70 322
82 277
59 201
26 428
96 451
88 391
13 382
72 429
22 410
49 273
10 279
48 207
13 254
84 374
41 388
19 218
68 473
82 378
45 349
96 433
98 221
22 306
52 310
92 450
18 275
22 459
29 388
84 474
22 251
67 206
27 264
53 397
84 218
65 460
49 329
76 416
23 465
27 202
36 206
82 493
29 372
69 333
16 315
71 451
36 351
71 253
30 431
56 400
28 224
86 264
51 451
83 453
13 401
82 337
89 304
90 335
73 480
55 484
81 472
60 410
70 289
41 435
23 362
57 417
23 392
24 489
20 308
44 405
23 344
69 313
95 320
72 372
87 313
99 343
60 437
91 253
95 413
36 443
34 271
12 462
78 238
28 203
78 340
28 253
41 398
19 381
25 212
56 215
61 255
86 308
66 308
94 467
24 298
32 296
65 217
49 229
14 405
47 300
30 389
53 478
33 468
50 203
96 308
13 203
14 275
30 356
81 421
84 302
59 481
97 336
57 302
73 452
12 347
23 200
55 353
10 221
81 233
26 499
46 441
86 455
34 261
74 246
100 330
63 399
80 445
89 207
94 350
67 202
88 460
99 431
99 379
20 331
49 374
18 203
72 331
89 478
26 216
100 273
72 321
38 355
74 456
94 209
41 270
44 251
94 414
23 239
95 332
34 454
76 450
81 468
53 363
96 371
84 418
48 424
74 365
60 201
56 441
32 375
31 422
31 438
61 305
70 325
31 245
51 290
16 434
44 474
54 401
45 425
51 487
84 306
76 376
26 420
67 268
88 224
67 418
66 222
52 336
36 307
100 375
70 274
99 353
28 355
59 341
81 321
63 326
25 427
77 485
76 215
42 339
85 491
71 399
79 427
56 308
49 365
82 329
24 241
38 436
49 434
22 424
87 301
63 482
66 500
59 272
37 467
20 202
15 365
79 367
20 385
15 224
79 408
84 438
84 233
53 344
98 348
69 220
94 266
66 375
61 366
17 479
86 255
26 488
25 280
93 411
28 279
10 463
48 236
70 435
95 473
16 485
41 294
56 468
97 406
46 273
54 238
62 353
88 430
47 464
35 445
54 474
37 257
66 209
91 235
22 261
11 420
56 225
57 398
29 272
78 234
26 324
89 345
77 315
18 215
95 233
16 401
49 483
55 392
34 399
58 282
46 383
28 352
18 465
58 300
81 353
19 330
73 355
92 352
37 447
80 498
97 276
87 436
46 254
30 398
94 203
33 310
91 482
86 493
79 212
89 380
31 324
73 490
60 382
59 399
80 457
89 206
42 243
38 490
71 268
65 449
90 366
57 356
39 471
41 491
75 339
84 245
44 328
52 391
36 324
61 236
94 486
45 211
24 484
66 275
48 336
12 471
73 232
33 298
55 423
36 485
100 408
25 224
29 213
54 495
31 454
25 316
54 471
66 416
50 277
70 353
70 465
41 365
47 449
97 499
81 450
21 433
97 359
77 343
19 269
88 408
89 266
72 410
80 300
81 389
23 266
33 240
75 364
24 476
44 316
13 432
60 303
20 373
67 218
89 283
35 250
70 259
42 463
73 251
33 244
57 390
56 481
82 289
23 232
58 354
32 436
88 312
92 399
92 449
48 449
51 403
19 471
13 264
69 330
79 446
45 254
91 433
85 463
37 225
84 484
54 240
100 465
52 406
92 286
66 478
77 284
83 234
43 241
53 437
78 363
57 443
73 415
66 299
36 345
17 218
41 203
80 445
18 361
47 228
27 402
56 482
72 284
42 439
78 462
71 394
69 456
31 439
82 460
51 395
97 311
45 330
35 472
30 480
99 373
43 228
33 411
73 209
81 424
81 218
53 221
14 458
85 498
16 244
39 332
92 210
32 352
26 205
13 364
54 354
31 390
80 261
92 340
29 494
20 417
31 346
13 323
74 363
77 398
18 226
17 295
96 421
52 276
12 468
75 308
19 477
96 202
13 496
95 257
23 355
32 400
67 360
32 253
77 291
37 378
31 378
10 304
36 368
55 422
23 268
48 457
79 425
75 231
47 251
67 257
36 460
94 305
41 428
49 290
95 207
56 336
73 339
59 433
25 217
54 292
86 333
24 280
51 406
62 326
74 298
11 261
71 288
18 326
91 423
73 233
87 282
64 316
91 457
75 378
42 352
98 209
90 467
99 391
80 298
45 278
42 297
69 454
59 404
31 400
87 393
34 256
75 450
49 346
26 319
34 330
21 493
38 303
22 326
94 280
50 408
98 269
93 396
11 389
96 500
90 426
80 369
35 316
27 252
74 474
13 434
54 489
46 340
78 334
35 484
13 288
27 221
74 345
30 328
23 216
61 220
78 468
43 322
49 406
40 495
20 392
36 330
21 303
63 421
47 334
78 300
80 245
67 227
30 488
82 373
83 380
99 344
36 481
26 329
55 237
50 413
17 451
82 258
65 461
34 389
33 332
68 465
22 258
19 267
75 295
75 449
86 231
71 271
68 457
50 296
60 422
40 321
84 250
49 324
57 306
67 305
92 450
45 315
22 210
100 452
61 220
61 479
64 391
22 212
35 348
98 488
69 317
52 340
50 436
17 328
80 476
39 430
24 401
38 381
99 325
41 416
64 431
59 345
40 393
13 366
50 416
49 207
38 360
78 349
61 259
37 287
38 308
11 408
20 459
42 318
29 320
30 326
28 377
28 270
13 227
22 207
85 488
25 424
32 311
17 393
57 448
77 303
27 394
36 213
34 498
62 334
95 314
54 266
62 329
33 458
56 220
72 247
77 377
16 254
96 443
44 256
22 375
90 344
53 318
47 369
47 386
84 331
81 412
71 388
62 482
24 346
56 457
65 409
35 262
47 219
48 409
35 293
56 332
70 249
93 441
92 465
68 319
52 224
66 391
98 219
33 405
52 323
97 207
28 444
41 443
14 473
10 386
19 332
70 349
71 367
48 447
19 364
91 324
71 494
36 499
38 336
80 327
93 212
50 440
24 301
39 318
76 483
38 236
48 471
26 343
78 423
34 366
33 303
64 424
34 403
25 257
66 273
96 447
89 416
32 492
42 466
48 438
54 312
56 461
92 308
27 318
36 392
72 267
82 373
15 239
78 311
31 263
80 430
55 419
78 242
87 209
55 468
81 405
28 371
70 210
61 417
95 459
54 261
62 200
91 415
42 459
15 284
28 358
43 378
32 257
67 385
84 376
60 463
36 280
16 343
13 210
46 367
71 316
26 393
80 311
70 253
92 281
37 489
76 249
100 363
98 484
70 271
41 248
61 338
61 265
64 367
50 490
79 442
53 411
60 320
28 390
97 240
58 461
45 257
20 293
85 214
11 417
51 335
73 216
63 241
85 403
68 305
43 391
62 346
57 330
35 272
95 237
47 389
18 240
38 406
27 315
90 308
29 454
77 446
22 365
96 200
36 293
49 358
25 250
35 233
39 368
47 299
44 368
92 352
30 383
89 490
22 426
82 427
35 490
50 246
14 257
62 320
62 250
26 333
27 380
50 430
64 370
59 401
88 415
14 394
87 207
17 493
33 380
93 209
10 240
23 422
42 251
62 396
92 417
34 351
46 292
28 241
78 207
62 449
81 444
36 417
21 374
82 282
86 225
73 320
70 297
16 311
77 481
59 348
27 433
77 392
20 477
26 437
88 325
69 252
97 426
51 418
92 275
69 250
60 491
25 315
81 259
48 282
16 331
25 336
79 377
50 238
12 410
56 235
98 308
21 201
73 205
82 481
11 317
94 331
44 300
97 241
57 219
35 297
40 253
50 364
58 410
78 483
18 376
12 252
49 203
80 365
93 370
93 489
10 326
17 493
21 463
76 483
48 307
84 282
67 462
67 438
76 347
37 389
32 336
16 353
70 443
99 297
100 313
18 498
77 353
61 262
82 423
18 247
90 273
78 287
42 223
33 304
42 394
18 290
15 331
88 318
64 410
16 284
77 450
26 410
93 220
57 265
29 466
74 421
74 390
27 472
49 483
93 231
80 467
45 355
80 463
77 269
72 336
23 344
61 384
18 235
33 424
99 296
47 362
24 325
77 474
42 363
62 271
96 230
90 414
81 284
80 306
82 497
57 456
16 375
52 292
79 243
44 459
44 302
48 304
18 219
17 473
93 483
92 224
10 480
45 346
66 262
55 366
83 292
60 348
73 410
67 376
93 353
27 240
99 353
49 331
97 372
73 202
78 245
41 316
62 414
39 236
71 414
83 484
49 423
58 421
97 470
63 234
96 328
79 226
25 368
26 301
90 308
65 292
71 279
63 326
51 369
13 366
39 463
27 486
27 380
89 217
17 451
66 421
11 223
60 458
25 452
55 329
28 260
35 361
85 328
75 229
43 247
47 478
64 444
12 344
57 318
21 370
59 310
66 246
20 437
93 474
92 211
40 397
74 473
62 360
16 494
85 497
67 433
74 499
66 386
28 448
83 401
39 472
69 306
17 293
74 470
31 380
65 318
92 202
79 282
50 290
96 399
50 264
36 259
100 456
15 252
68 348
73 419
83 362
55 336
36 216
17 471
47 485
17 421
26 226
98 247
51 227
17 402
18 226
31 252
52 254
51 283
25 207
32 220
17 475
14 273
60 359
91 386
46 229
15 279
64 258
46 321
59 420
60 325
13 332
91 376
71 483
81 236
17 409
10 307
43 310
74 323
26 372
70 210
42 264
95 356
77 263
27 356
10 398
18 428
21 308
21 364
56 410
85 478
57 405
94 401
89 414
100 382
48 482
47 385
43 380
93 266
35 467
62 426
50 302
92 343
86 356
59 398
57 407
58 282
27 306
57 275
90 206
37 203
79 297
34 432
69 378
49 370
35 319
82 457
88 398
89 228
38 306
15 217
81 448
14 272
85 231
68 222
35 201
65 474
32 413
79 475
14 302
47 383
45 388
31 239
54 388
59 237
20 391
83 455
98 252
16 340
11 272
56 269
31 387
94 322
62 346
60 288
16 389
21 266
78 260
53 260
15 270
66 391
83 250
70 497
89 219
25 334
66 448
80 315
98 395
57 333
98 431
78 438
67 341
34 293
85 207
29 247
43 350
68 386
50 430
22 452
30 417
82 491
24 438
37 398
87 491
33 372
54 400
14 438
52 211
19 289
69 231
79 494
40 472
44 230
38 460
18 300
100 465
44 439
13 395
88 483
72 315
37 203
74 362
90 404
86 318
69 289
91 278
73 230
47 360
10 400
79 389
87 445
25 289
91 204
72 469
35 266
14 240
21 497
56 408
20 474
63 342
13 325
79 243
74 469
100 263
17 472
63 317
56 254
95 498
24 339
41 445
99 447
65 424
77 335
20 292
69 256
28 269
80 302
65 383
93 465
98 338
41 347
57 250
55 361
50 409
70 411
35 355
79 286
41 301
26 308
95 479
78 276
74 392
90 309
27 347
92 419
45 408
38 440
73 365
60 404
69 499
56 325
88 473
46 330
43 281
33 364
10 450
67 205
38 216
12 365
92 337
87 348
81 247
82 452
61 285
29 435
62 420
76 335
100 419
31 414
36 352
88 459
34 416
65 391
64 477
72 243
24 238
44 255
36 376
11 447
21 261
32 444
95 389
75 372
72 493
91 256
29 260
88 394
85 377
16 305
73 488
19 415
89 438
45 209
33 375
64 474
29 234
70 416
46 444
71 428
57 270
69 228
55 448
83 204
99 354
95 426
29 408
20 265
21 208
86 357
54 428
41 268
89 445
50 282
61 419
59 222
52 494
47 217
37 320
53 464
72 281
59 264
69 377
25 231
78 352
40 467
14 417
58 490
88 365
44 398
34 280
19 221
74 420
36 414
38 459
89 463
43 465
17 426
70 304
98 425
33 244
31 484
24 323
47 470
93 243
13 220
37 287
56 296
31 479
65 445
78 284
22 426
91 383
39 289
51 206
60 443
81 354
28 410
77 348
60 414
63 496
50 414
38 476
54 487
95 417
17 340
26 339
99 448
11 365
84 458
27 500
44 371
95 225
92 329
81 358
58 463
30 478
86 435
19 283
16 305
29 301
38 450
60 459
68 360
27 434
31 393
65 416
95 234
80 242
47 212
54 304
56 201
55 300
32 433
52 255
31 332
70 380
69 495
50 427
98 308
95 369
65 491
83 464
34 424
62 337
76 304
66 360
44 472
44 491
39 240
21 288
19 299
19 402
27 203
30 345
43 438
43 261
90 498
19 402
41 480
86 255
41 429
19 337
25 221
57 201
92 321
14 434
66 205
95 463
53 413
61 268
56 220
46 228
35 354
22 285
43 418
91 314
66 402
65 444
52 227
89 485
44 483
60 218
86 451
46 445
85 487
77 413
53 342
39 371
85 268
98 227
12 245
55 229
87 293
11 370
85 366
88 418
62 470
82 284
17 264
93 483
23 241
86 456
45 284
97 277
66 231
10 236
82 396
52 474
81 488
77 206
60 396
47 400
28 258
76 484
45 462
45 322
92 360
77 283
45 301
73 495
68 466
85 359
98 244
88 247
42 373
97 283
46 427
84 332
62 364
16 256
81 281
18 276
72 302
25 232
22 470
70 486
40 205
45 494
97 374
68 480
14 242
47 213
62 443
67 353
42 409
74 381
78 486
11 278
85 265
72 389
30 336
93 418
65 416
13 288
77 349
90 234
90 278
30 259
19 290
27 276
78 269
27 336
91 362
75 240
99 223
34 411
95 252
59 398
70 438
20 456
88 202
81 428
15 435
81 250
15 347
28 370
15 231
54 318
82 368
33 218
28 485
79 448
90 406
88 403
91 229
60 328
23 296
17 209
95 440
96 402
11 283
45 401
40 277
66 406
71 223
17 285
26 200
27 443
78 225
29 448
29 452
62 484
72 280
78 476
73 201
29 255
14 397
44 297
17 372
72 317
70 324
84 402
28 332
18 429
32 438
80 309
32 452
48 334
63 285
24 250
52 384
63 268
61 209
16 203
23 265
100 275
20 420
32 413
100 219
51 307
31 467
74 295
79 458
64 398
90 488
84 226
75 202
14 453
96 307
20 342
52 424
55 461
55 292
17 293
34 412
39 218
95 215
24 244
