10000 500 200 500 10 100
32 469
86 429
69 416
31 496
52 320
45 462
78 279
61 322
71 264
13 381
40 322
82 416
36 246
61 372
40 372
22 443
60 425
80 429
50 329
21 261
81 451
16 232
44 435
64 223
37 370
42 390
50 349
30 227
25 461
56 207
55 343
70 371
67 219
51 356
66 472
62 245
71 388
20 350
90 279
36 269
95 424
47 391
44 463
37 417
29 464
68 204
15 271
42 323
57 423
41 336
98 294
39 464
79 357
36 253
77 333
10 334
83 231
85 329
32 340
93 315
22 367
78 360
13 392
52 376
56 360
53 406
93 291
76 335
84 380
92 332
81 409
10 269
94 491
97 332
61 290
83 384
11 214
53 292
33 475
82 418
40 429
13 488
32 391
57 416
43 408
83 232
95 463
94 455
31 346
29 483
78 482
17 341
24 409
46 299
54 299
98 467
31 238
71 445
79 474
22 448
29 356
52 397
40 479
27 221
88 336
97 208
10 318
97 211
27 481
26 358
77 225
73 255
77 477
14 441
23 308
83 230
74 317
19 481
86 476
65 318
36 403
91 327
29 323
15 445
83 346
88 331
61 326
19 383
19 283
45 400
56 461
29 201
69 254
87 270
28 433
81 239
29 362
99 254
58 453
11 287
51 251
52 368
66 201
92 326
92 272
98 322
70 405
67 258
18 305
46 388
20 364
98 221
50 293
41 209
62 223
54 293
48 361
30 349
20 462
78 344
10 201
11 215
18 289
62 314
74 300
70 279
40 378
78 439
26 325
58 465
68 392
98 321
61 469
72 364
93 343
35 412
41 372
80 500
58 450
29 253
56 213
87 412
56 331
47 310
35 498
66 201
60 281
24 391
98 440
99 479
89 411
99 427
24 266
32 493
74 386
74 464
94 275
32 488
77 475
37 259
27 321
58 310
36 230
14 401
21 403
39 252
91 218
46 396
16 251
56 249
36 331
62 484
43 337
86 210
16 467
39 232
87 228
27 387
76 240
100 478
88 467
13 256
29 406
99 468
88 237
31 343
38 428
60 223
85 245
98 376
22 251
41 247
40 499
74 288
96 471
93 380
65 244
78 320
62 337
36 356
48 253
26 492
94 222
63 495
75 247
32 228
13 226
11 328
37 408
49 411
65 430
32 264
17 226
67 373
57 421
72 437
12 425
33 353
81 392
74 463
26 467
59 487
75 414
26 416
52 479
51 449
77 417
90 331
53 295
16 454
65 430
94 337
83 216
27 249
29 286
35 244
13 401
82 496
23 294
97 385
43 487
36 431
90 244
57 493
52 464
42 202
58 234
37 497
32 278
20 356
99 456
13 366
99 381
96 471
100 471
41 497
55 387
15 257
99 387
41 418
42 394
20 492
79 208
47 377
55 432
15 400
73 383
71 493
20 325
84 487
75 216
52 200
44 308
81 232
36 454
46 344
11 370
21 225
56 221
81 414
86 333
16 289
21 277
84 477
97 494
95 395
98 345
53 311
20 350
90 397
99 293
68 400
44 274
43 239
17 225
54 248
26 465
14 272
37 368
22 341
17 461
57 269
16 379
99 457
51 223
26 230
77 342
66 478
80 202
28 212
75 368
80 283
86 296
83 272
89 353
100 222
11 398
64 317
20 422
87 453
67 375
26 460
14 311
72 433
43 351
71 238
24 353
26 301
50 375
77 310
56 235
88 488
86 322
81 358
29 326
36 438
88 242
84 467
88 282
75 364
98 492
56 401
65 421
75 491
33 324
97 220
81 381
90 440
51 261
42 496
54 408
20 286
74 329
86 200
11 299
100 242
76 464
73 383
43 343
46 378
52 422
61 223
43 304
15 203
37 209
71 452
31 432
76 264
37 489
74 370
38 326
36 275
44 253
45 372
10 279
59 311
93 345
92 200
77 496
36 264
23 203
47 371
41 451
93 394
37 398
97 424
92 374
32 262
48 405
28 271
64 432
17 433
13 415
45 476
21 387
46 415
31 203
31 273
59 420
29 291
43 430
13 341
65 463
77 429
93 235
68 249
89 331
67 494
90 364
88 404
36 457
51 389
70 303
18 311
49 379
67 339
16 315
71 309
96 231
90 342
96 487
62 483
11 322
56 260
29 393
17 435
84 231
65 206
84 234
34 305
64 418
14 419
24 272
57 207
76 265
24 318
20 490
35 266
94 225
66 496
79 239
85 415
85 201
32 303
22 438
53 398
64 301
62 337
49 345
50 425
18 443
12 360
94 293
56 493
72 451
27 435
48 315
29 208
51 220
70 353
60 469
56 261
87 367
54 341
26 492
13 269
76 257
32 366
97 252
19 367
53 494
35 441
92 349
93 426
58 209
22 224
38 277
85 497
77 382
50 303
49 351
98 256
76 499
47 457
61 479
57 202
100 323
58 230
89 342
12 290
66 381
16 278
47 298
18 300
100 309
32 353
65 474
80 266
66 280
66 223
89 244
84 378
57 367
58 288
46 261
98 258
76 390
96 349
75 359
52 418
24 250
76 325
20 429
37 497
34 364
55 414
32 392
27 474
34 449
41 216
35 337
34 401
59 359
39 413
49 448
61 383
18 350
23 471
44 400
57 434
59 333
98 318
94 388
40 284
89 250
13 296
25 324
41 312
74 496
62 450
14 304
40 287
66 289
94 481
56 423
31 450
69 209
66 281
96 308
97 433
29 363
24 444
91 423
72 419
43 479
78 258
100 398
23 485
77 353
27 374
20 276
53 229
83 290
94 381
67 373
25 455
53 290
30 472
65 352
98 380
79 456
99 361
62 483
59 239
81 207
77 308
78 435
69 318
92 397
92 372
15 261
98 204
62 423
92 364
73 264
41 354
44 330
45 271
13 258
88 396
32 422
38 247
47 239
77 330
23 262
14 405
37 225
40 474
83 333
32 473
36 229
22 366
56 239
29 471
13 446
98 262
70 267
89 421
86 373
63 442
86 450
81 206
31 203
27 322
95 215
38 233
13 318
54 352
60 233
72 354
79 335
52 243
58 474
72 459
75 413
59 229
17 495
35 236
12 465
59 333
55 350
80 423
54 463
34 223
96 295
84 424
82 241
39 281
82 381
52 310
52 337
69 354
39 375
51 226
63 497
91 268
14 424
83 212
94 213
25 332
28 362
80 437
88 421
55 367
36 405
42 344
98 266
90 220
21 337
85 229
58 355
45 378
46 236
36 364
33 374
99 205
68 449
68 388
50 306
41 471
73 481
70 451
92 210
78 437
17 466
40 378
37 262
43 349
92 394
83 245
74 457
82 201
22 441
50 223
79 342
55 206
34 206
38 318
92 325
45 261
31 219
63 361
12 393
11 328
27 471
88 253
27 373
86 229
35 342
56 258
87 497
17 254
42 369
53 367
68 426
85 234
79 265
10 424
96 353
91 495
48 323
31 448
63 500
58 456
59 479
17 222
31 478
72 376
78 398
50 289
28 368
34 467
89 217
94 341
52 442
23 442
78 280
17 458
14 315
82 319
86 377
78 467
68 367
33 398
81 333
43 338
23 259
22 332
17 495
49 345
53 256
11 399
60 374
61 263
38 469
43 231
49 421
84 448
22 288
68 302
59 281
18 319
85 493
37 367
89 373
14 271
54 497
62 464
41 224
30 308
72 306
100 286
36 285
97 315
15 328
21 492
28 254
35 499
12 461
57 432
54 224
86 461
30 422
65 391
23 349
84 337
65 287
22 432
28 406
20 444
90 361
50 340
14 445
73 410
54 351
24 385
98 293
22 396
47 418
95 359
80 234
62 420
77 367
89 444
62 397
81 254
84 220
21 421
22 432
57 267
30 422
80 407
35 497
98 479
33 337
12 429
33 230
100 443
54 500
58 419
50 471
57 352
76 265
74 354
69 353
70 478
19 272
15 288
95 435
32 431
20 250
83 341
14 457
97 376
34 367
27 200
99 465
24 227
58 374
41 425
35 251
14 249
13 234
95 340
92 251
42 439
68 328
45 331
23 312
84 439
11 249
38 214
37 240
54 443
56 372
65 339
49 468
79 496
59 424
13 369
54 304
53 226
76 335
47 465
100 364
53 375
85 291
27 376
49 329
24 444
20 384
40 372
28 368
65 250
45 401
82 466
29 424
27 334
38 297
10 205
48 400
92 272
88 468
99 220
97 465
32 296
17 444
66 397
33 233
13 302
14 315
74 387
72 258
81 246
55 267
54 265
89 330
79 408
33 483
12 342
15 290
36 243
12 304
49 294
38 336
21 270
90 412
28 387
76 375
40 274
98 435
39 307
99 374
61 311
11 341
52 252
68 340
30 413
50 485
60 229
37 352
74 219
55 454
94 483
71 288
67 417
34 293
16 236
31 437
71 221
48 248
93 457
17 317
39 280
98 275
88 319
76 357
13 389
33 443
68 285
47 326
25 253
48 476
19 233
15 385
17 439
56 276
22 270
39 412
36 393
57 358
78 312
38 299
16 473
58 321
18 221
26 208
82 265
17 261
86 294
35 302
83 276
56 325
24 220
63 344
39 422
64 375
58 414
14 484
70 465
93 393
20 450
64 208
35 283
47 211
65 413
12 358
32 440
59 233
61 418
87 323
47 378
22 373
59 369
59 427
43 359
60 267
76 418
99 471
66 492
74 275
33 493
30 342
52 314
55 290
90 251
55 371
45 308
85 418
47 247
76 310
11 310
87 413
30 300
95 427
47 262
69 496
61 384
42 384
68 410
31 479
45 336
10 287
97 240
91 422
81 497
40 443
18 256
76 284
27 436
77 449
91 462
51 200
88 429
71 292
87 308
28 248
31 318
28 337
66 488
78 446
38 489
45 240
50 493
92 350
43 283
48 375
30 390
93 391
88 459
25 405
18 452
23 357
25 487
74 427
50 451
44 407
75 210
40 382
90 270
45 380
70 228
74 348
88 329
60 485
99 419
12 200
34 291
10 388
20 351
47 500
42 437
54 439
60 353
85 398
86 301
90 476
28 231
98 496
99 310
43 345
85 266
67 297
78 201
21 332
58 248
64 302
92 238
59 380
18 361
55 462
79 254
11 239
23 208
28 394
18 412
71 245
24 281
27 284
58 275
43 282
12 247
58 257
31 425
46 324
67 465
49 496
51 472
59 252
65 217
92 497
56 382
82 406
53 281
24 443
91 355
70 378
71 409
50 386
52 373
47 367
93 243
17 253
52 345
23 444
61 449
96 239
67 430
39 491
75 333
74 264
64 407
75 339
25 378
79 347
64 381
38 285
64 274
53 388
29 392
38 480
71 219
12 419
100 414
63 357
84 290
19 484
88 312
34 211
61 494
86 438
44 270
34 297
22 258
29 463
96 264
37 238
43 359
19 430
33 314
87 268
26 207
71 249
42 322
32 258
24 316
71 438
84 417
19 430
34 418
54 374
12 231
12 214
37 318
58 463
10 230
31 484
56 480
46 254
50 241
98 314
75 206
77 494
79 235
18 346
78 263
48 383
60 381
43 485
25 290
65 328
52 325
59 204
94 344
49 355
63 269
62 493
30 470
49 396
77 408
64 406
90 460
52 213
69 435
53 287
92 344
62 242
56 476
95 273
15 254
47 455
59 347
21 245
53 381
40 270
88 380
91 457
21 463
80 377
43 417
26 320
94 328
85 428
52 307
15 372
92 378
95 382
67 471
28 290
84 265
93 337
68 233
48 483
79 212
22 292
12 272
26 388
34 473
62 402
60 264
50 390
73 298
92 365
67 346
12 369
48 212
75 255
40 248
49 441
56 346
10 438
16 393
71 466
44 389
33 395
52 390
100 345
33 254
71 454
27 414
94 261
84 226
35 319
97 302
12 283
51 240
27 265
82 295
14 248
36 347
74 386
26 476
73 473
26 240
94 329
32 498
26 226
72 455
45 246
41 405
37 454
12 298
19 328
58 448
27 275
68 216
41 279
80 492
88 369
63 375
19 332
84 336
16 293
93 453
77 347
52 417
86 201
74 467
56 306
35 403
31 207
80 291
41 308
29 235
17 461
25 424
84 231
69 399
71 350
95 413
11 459
67 445
18 242
45 237
24 324
90 377
26 256
60 315
81 448
55 239
78 458
31 449
86 223
13 211
52 398
73 268
62 451
94 264
32 372
87 240
24 388
44 224
98 334
68 205
90 336
82 388
46 458
81 231
94 331
94 251
99 415
14 333
58 229
29 307
15 396
42 294
44 463
41 425
87 355
35 275
21 425
59 233
74 498
96 311
39 255
82 357
18 431
51 283
10 285
100 259
93 385
52 463
71 421
85 392
82 317
49 215
44 379
30 372
90 261
54 454
69 294
74 484
20 498
97 382
11 355
43 462
92 243
85 387
31 259
73 488
59 496
21 316
73 449
26 449
21 369
98 274
95 359
19 385
49 273
96 337
66 457
98 417
77 420
72 361
31 281
63 253
73 249
36 348
69 256
60 457
39 345
76 337
45 487
18 309
18 237
51 386
42 493
47 392
84 304
69 339
70 300
47 410
59 461
40 296
96 201
24 390
64 483
74 350
38 248
100 427
50 353
36 478
89 312
17 205
99 372
56 301
61 487
26 269
83 468
90 412
62 317
65 264
57 277
42 466
74 322
11 308
82 402
22 218
27 405
21 380
95 318
100 446
59 390
27 500
88 278
72 275
37 461
82 443
28 202
49 311
55 448
69 499
40 205
22 262
63 490
89 384
90 371
29 411
29 292
97 367
70 269
19 214
21 230
61 267
68 264
84 255
12 247
11 310
49 219
53 360
100 262
76 265
83 270
16 495
57 284
72 431
88 201
41 332
89 352
91 212
55 477
31 325
43 469
53 474
99 256
10 446
18 274
12 201
87 384
19 404
75 254
23 321
79 229
23 235
63 250
76 495
94 214
27 448
82 203
89 420
47 452
40 328
81 273
99 267
51 222
100 425
53 255
94 332
30 396
52 414
36 364
53 320
78 226
73 259
58 387
93 489
12 241
66 262
82 343
49 469
35 500
64 390
24 336
26 338
26 338
44 326
11 408
88 227
75 213
92 362
74 213
43 489
86 364
21 266
79 278
52 269
25 377
99 331
25 430
54 443
99 418
100 468
39 214
42 208
10 280
89 326
87 419
50 296
46 263
39 488
38 396
45 368
13 215
46 234
75 366
77 462
41 495
37 358
27 372
36 434
19 383
55 443
25 272
68 333
74 349
39 426
96 376
55 215
71 240
81 286
97 425
73 388
88 375
61 325
31 258
48 346
28 216
90 242
52 225
58 322
71 444
80 317
78 289
82 460
95 229
10 434
73 441
83 270
72 213
81 259
47 352
87 212
22 443
26 406
50 378
59 290
41 224
94 389
80 388
73 342
90 241
82 320
46 244
39 245
24 234
28 329
39 459
97 202
98 344
85 317
13 335
20 240
34 213
15 371
41 425
95 266
14 436
10 397
57 225
39 486
12 497
48 343
41 404
62 305
20 452
38 416
42 227
20 293
69 283
87 339
20 375
48 423
74 240
45 488
94 211
17 222
47 236
54 411
53 409
70 386
69 336
94 294
64 257
85 251
46 299
86 245
69 244
51 482
88 237
79 248
23 391
41 204
57 334
92 315
71 380
81 250
77 251
95 276
95 480
25 346
12 217
13 451
51 308
29 244
40 299
74 342
100 262
29 314
15 261
74 286
90 379
70 354
44 480
22 436
96 257
70 486
55 421
86 233
81 266
89 323
29 320
80 252
29 260
38 476
36 243
27 409
72 397
44 249
50 493
45 232
47 464
97 272
94 352
51 312
12 332
10 430
54 298
13 282
96 296
24 327
60 319
10 210
82 298
37 239
54 443
84 288
93 489
99 240
78 415
77 457
42 235
11 499
20 317
76 391
62 287
54 201
48 253
43 321
51 471
13 391
59 381
65 268
83 339
54 408
67 460
94 249
62 448
11 227
25 225
95 427
47 435
89 469
55 338
13 289
17 347
71 471
20 408
71 295
89 296
16 499
99 264
71 449
20 243
49 225
66 393
12 331
44 329
51 265
92 235
64 224
79 231
82 308
60 431
99 436
83 355
20 231
31 431
95 432
69 456
67 492
39 358
92 425
39 268
78 351
50 241
46 435
29 216
34 462
32 344
44 474
91 279
12 368
51 485
54 433
57 454
98 236
60 445
76 496
85 349
73 265
49 420
16 362
89 440
10 333
25 418
41 232
14 311
82 206
95 448
27 433
62 311
91 411
13 379
64 467
74 451
39 317
98 429
43 256
92 500
59 401
94 444
76 362
87 281
15 247
45 255
49 328
48 398
72 320
59 393
19 202
24 215
44 413
46 496
23 210
74 255
43 309
79 242
28 452
29 288
26 250
20 428
79 409
57 365
79 350
93 213
92 299
35 421
45 422
30 378
61 309
47 240
78 381
30 339
60 355
47 330
30 469
94 231
85 331
66 304
20 351
14 283
81 243
91 360
27 318
91 294
68 420
89 295
69 417
95 432
21 309
58 476
14 217
94 353
92 300
52 228
70 222
13 300
11 212
83 429
68 447
23 207
63 358
33 467
74 485
66 295
22 359
79 269
65 425
69 372
47 379
21 425
83 409
20 366
34 434
83 451
28 266
80 496
61 458
28 397
48 259
72 484
61 409
94 441
39 425
34 358
90 462
46 403
76 205
37 440
65 261
18 216
15 245
80 200
18 373
53 393
44 337
32 247
81 327
73 328
42 300
49 253
96 466
20 331
94 423
89 307
57 409
94 259
11 285
44 354
33 405
28 338
27 320
25 486
30 372
71 397
85 497
46 433
94 304
15 331
94 282
61 459
53 261
28 342
26 476
27 252
11 491
69 320
50 274
80 405
35 316
31 266
22 200
16 472
77 210
18 279
31 490
37 231
76 403
83 295
17 266
94 206
99 237
91 264
63 329
71 405
36 220
77 455
76 469
70 274
21 228
76 469
63 289
34 217
59 270
83 318
69 408
92 341
18 298
32 455
69 324
75 270
48 279
97 262
88 451
29 425
61 388
96 446
61 291
52 315
89 223
39 447
27 455
41 274
29 442
59 378
20 286
84 307
38 421
35 310
63 404
78 300
11 326
38 415
18 407
35 226
31 411
34 259
11 260
37 367
82 311
18 466
73 441
67 210
52 340
80 483
62 253
28 483
47 225
25 244
53 376
32 311
31 243
76 351
74 453
53 203
90 211
64 410
33 490
26 211
38 440
79 272
15 224
53 321
33 401
24 431
35 385
13 262
55 310
79 430
82 379
37 275
63 350
50 240
75 304
60 368
61 495
56 485
52 443
35 217
84 420
14 370
11 439
28 431
50 344
37 209
99 242
19 311
19 468
46 431
24 300
13 314
88 487
57 262
75 353
31 221
47 227
30 224
97 322
57 362
62 264
31 336
12 354
75 398
52 496
21 342
70 375
94 339
92 203
67 238
49 480
78 327
77 451
88 321
25 255
36 386
45 303
55 273
50 417
38 226
94 247
20 406
82 273
91 481
34 394
55 331
99 228
21 227
100 207
28 399
23 229
56 229
28 255
22 487
29 222
77 282
16 330
57 390
17 481
77 377
58 287
13 395
71 314
10 493
40 219
86 231
91 425
65 329
95 362
40 300
43 276
53 403
58 268
91 206
10 360
60 270
16 239
30 461
95 386
10 423
12 293
95 351
43 463
65 345
52 493
14 458
28 225
52 373
20 350
95 239
63 462
31 356
33 222
63 302
88 218
70 211
66 428
100 226
40 240
36 464
22 214
84 200
50 230
70 281
31 201
33 238
34 328
70 361
21 408
38 208
48 437
53 435
25 280
66 452
16 231
90 252
48 286
75 234
62 425
11 395
24 334
84 287
96 224
96 313
75 360
15 307
85 238
80 358
64 402
17 389
90 475
14 427
87 442
78 274
40 225
85 491
30 300
93 321
74 425
31 257
74 453
78 330
11 304
57 310
55 297
51 387
24 337
88 229
51 473
12 393
61 222
88 255
72 411
59 345
84 208
10 368
33 465
69 401
88 435
53 223
43 407
93 201
12 371
75 219
62 334
87 489
81 245
56 326
71 318
15 239
47 322
66 485
84 303
59 252
13 345
67 467
59 384
20 443
56 448
68 245
79 375
83 285
46 226
82 324
59 330
24 368
56 417
83 436
68 437
26 455
97 212
71 231
96 287
70 349
29 386
21 214
100 377
74 429
11 459
68 497
96 262
72 439
79 365
97 397
12 362
17 331
96 471
17 219
22 286
58 491
68 461
56 481
42 201
65 490
92 308
19 447
69 499
54 297
52 207
47 464
62 294
16 244
85 406
27 470
54 330
93 361
23 363
42 376
85 448
14 273
83 250
79 374
21 302
15 411
72 363
34 480
59 417
98 420
17 485
94 263
16 298
90 302
51 464
38 275
81 344
27 365
56 317
68 391
27 409
46 228
78 475
75 478
65 429
33 463
13 234
50 426
66 349
92 493
77 456
58 422
62 364
74 391
70 275
91 349
31 382
38 254
60 232
89 445
55 326
50 272
55 332
30 392
45 425
43 491
41 400
31 428
65 500
26 494
17 348
74 206
96 366
54 283
84 491
33 308
71 333
86 375
25 327
52 394
27 348
71 380
38 246
67 260
68 374
43 217
52 293
66 449
34 431
19 306
70 208
100 436
15 242
73 255
54 326
81 319
100 231
45 471
24 255
84 220
47 482
56 349
87 209
90 482
48 278
45 259
95 450
65 326
30 305
85 311
51 227
25 302
87 378
95 234
79 200
45 261
57 292
68 454
83 406
71 441
72 472
55 219
50 495
30 363
100 475
61 377
49 301
17 210
52 450
90 362
42 248
46 330
42 480
49 392
77 417
99 370
78 280
68 208
25 484
51 271
18 242
27 409
94 325
84 271
52 362
66 422
24 202
90 500
31 233
71 368
10 421
46 236
75 324
96 224
55 313
67 214
28 442
20 448
35 240
21 289
47 401
24 209
96 461
17 385
95 349
24 393
27 488
36 220
80 423
45 317
85 238
51 340
13 453
42 445
35 305
69 292
83 444
32 358
50 259
21 347
89 443
93 428
11 366
61 440
67 339
69 222
25 337
71 256
50 398
73 230
18 433
46 407
79 322
86 280
25 204
26 238
85 364
18 326
54 260
84 216
83 271
79 277
78 349
42 498
15 231
93 498
100 248
68 289
60 366
60 200
13 494
41 215
11 403
91 336
90 356
83 362
79 339
86 284
27 470
37 483
85 208
99 415
20 282
25 325
37 322
25 216
14 363
45 371
23 322
41 478
100 256
37 303
92 227
34 280
56 418
94 447
43 389
41 381
22 263
95 317
31 330
42 398
29 314
58 457
67 223
61 363
29 221
44 423
26 302
83 495
83 213
66 344
32 200
87 322
16 479
46 346
53 471
80 448
72 261
31 470
43 235
95 313
87 497
36 254
23 488
92 216
86 439
39 301
71 333
14 451
76 260
31 266
98 288
17 264
55 316
61 383
38 264
13 306
10 480
44 257
48 409
73 315
100 382
57 234
97 237
64 473
27 479
54 226
49 201
48 314
53 222
45 366
17 390
59 495
41 333
84 234
82 274
83 287
75 214
68 369
54 204
97 298
16 329
49 448
65 313
12 396
86 207
89 320
12 484
26 216
93 315
93 255
19 349
73 244
67 413
36 363
25 453
99 348
36 485
93 361
88 307
61 382
60 268
45 461
49 315
59 265
60 426
70 269
79 412
34 335
35 424
19 439
45 357
88 408
71 280
78 388
93 274
47 201
95 270
13 342
96 337
93 264
29 426
96 285
20 344
97 359
42 366
12 343
39 281
11 313
87 267
75 498
34 269
30 433
20 359
26 474
66 380
78 257
33 269
46 340
92 261
95 379
64 244
64 399
50 470
19 386
60 212
69 328
75 331
67 370
39 233
54 434
54 279
81 417
58 281
73 459
76 204
36 467
27 257
49 222
71 276
19 463
58 239
68 268
30 248
34 308
70 480
54 394
62 430
53 355
68 214
22 500
46 350
35 467
17 230
46 332
48 345
24 292
87 384
45 453
33 248
28 413
46 200
70 235
23 314
34 339
92 402
40 297
64 253
70 408
56 450
11 338
78 334
53 325
24 490
87 348
56 287
41 463
40 315
70 466
77 286
88 457
19 392
22 239
10 214
97 427
51 435
13 405
39 393
45 485
98 307
92 368
36 291
25 430
49 226
73 233
95 398
48 249
42 441
39 432
42 433
51 316
49 372
65 385
65 500
86 396
85 348
32 449
25 343
94 294
86 420
43 431
80 215
47 304
58 216
70 309
65 343
36 265
29 344
83 478
55 216
25 398
98 334
13 252
49 371
93 245
25 320
31 357
33 405
33 490
45 395
34 319
31 472
13 451
68 231
50 407
70 499
15 360
66 297
96 208
68 405
56 207
41 427
78 309
99 273
62 451
21 345
97 456
25 351
45 381
12 232
59 429
12 239
56 261
72 348
90 253
56 220
76 226
39 373
68 227
71 332
34 364
31 496
23 493
83 474
83 227
96 308
74 435
96 392
84 485
33 214
23 240
89 247
83 431
59 250
71 366
86 436
65 257
78 246
70 476
53 270
62 424
84 357
63 475
17 303
64 236
36 446
37 300
83 492
58 361
77 490
23 372
77 455
32 203
73 326
31 471
97 381
26 223
89 451
77 235
79 406
54 319
33 496
45 241
16 399
63 227
75 378
99 211
71 477
21 283
75 392
75 448
97 345
14 259
88 366
44 297
37 263
88 269
85 284
83 495
79 462
91 320
76 320
57 370
72 243
97 347
81 404
71 457
25 463
25 293
73 258
32 298
10 255
23 279
95 427
56 271
96 494
79 426
89 420
70 307
74 447
97 347
91 447
85 348
96 268
72 437
21 230
30 296
29 300
77 323
57 346
50 313
32 233
39 300
34 232
35 364
82 260
14 277
52 213
40 314
51 214
31 255
21 484
91 227
48 424
71 208
53 493
63 257
55 258
49 427
17 213
39 467
59 200
23 479
86 317
64 493
35 241
53 324
89 348
94 205
10 400
48 240
37 234
44 367
19 403
78 281
20 384
31 337
13 439
86 346
14 306
80 335
50 285
38 320
28 208
29 352
48 237
88 248
85 438
37 313
69 208
74 456
74 339
65 475
93 357
84 282
16 306
89 258
48 274
48 222
65 401
11 388
51 215
95 459
74 351
29 242
89 363
75 450
52 239
57 479
96 493
95 307
56 376
21 439
26 492
76 431
80 284
11 279
83 204
18 200
81 258
15 464
48 439
85 373
35 336
87 271
34 360
86 325
44 492
90 385
18 474
58 324
22 332
34 254
72 390
68 441
88 247
37 319
69 265
78 413
70 291
77 427
25 311
91 385
58 214
72 234
26 334
17 444
42 459
87 302
38 201
72 496
80 395
67 484
38 203
41 309
24 328
72 494
70 486
51 491
60 397
47 437
97 280
13 497
50 326
59 285
97 238
19 325
83 343
23 392
36 453
89 389
79 485
43 418
76 210
82 419
60 330
64 387
37 484
48 398
74 328
71 336
80 212
100 247
72 468
53 400
84 337
10 399
92 420
63 490
44 423
56 235
27 212
13 412
40 452
47 204
10 491
38 394
13 499
59 255
67 328
35 335
97 493
66 484
32 248
72 490
81 331
76 474
90 344
68 339
46 393
51 323
75 381
43 232
69 406
69 294
20 492
40 396
82 361
58 242
41 301
32 329
63 204
72 224
40 437
53 341
97 405
39 410
35 378
28 465
27 478
46 214
43 437
98 350
35 488
82 405
92 373
95 419
29 336
24 424
59 254
52 299
23 376
43 494
16 399
58 286
11 466
78 243
33 409
22 347
47 484
41 332
25 285
47 433
54 442
73 340
81 319
75 353
23 396
95 499
31 303
70 368
46 334
30 319
38 202
44 286
53 217
68 291
26 417
28 370
82 329
53 252
33 397
18 392
88 250
28 335
17 424
58 269
51 312
40 448
37 303
18 299
66 452
11 320
97 363
69 476
37 448
56 338
93 381
22 436
29 318
16 483
45 420
97 497
59 338
83 345
64 479
28 260
83 233
64 497
66 318
19 235
99 449
70 358
82 351
34 209
76 261
53 459
75 391
24 462
39 349
72 469
50 449
38 404
36 306
64 225
42 373
10 438
91 433
84 400
15 337
52 451
65 248
18 276
61 262
25 416
82 293
100 436
57 361
16 473
84 490
37 288
96 257
18 381
61 218
74 420
26 338
26 451
37 228
37 274
74 213
95 201
56 323
40 348
86 475
48 298
70 215
10 223
66 361
14 409
26 384
45 484
74 499
78 356
49 359
15 316
20 267
86 428
20 402
32 271
79 293
81 238
99 204
68 278
52 415
43 442
30 315
11 217
93 257
21 288
46 201
71 237
80 471
77 407
35 439
49 497
49 245
15 238
64 245
65 261
25 252
37 457
39 326
93 429
33 296
43 498
84 370
80 264
23 398
70 461
34 348
68 318
54 390
75 341
63 422
40 241
91 303
77 290
76 421
31 210
36 485
85 212
31 390
90 392
36 498
99 373
47 207
51 436
56 296
25 229
71 377
87 441
39 217
99 358
86 449
66 352
47 223
48 486
68 340
82 200
13 479
72 431
62 262
42 280
54 341
27 273
29 277
39 446
84 444
62 430
20 320
97 222
31 294
95 256
36 385
10 469
18 327
80 246
10 463
78 496
86 384
68 269
79 232
25 454
88 217
47 316
20 363
71 429
78 295
85 339
94 490
43 240
19 404
72 455
51 412
26 470
61 219
94 454
98 453
91 425
48 239
100 255
33 276
53 308
52 418
68 248
75 453
47 422
40 323
56 472
21 327
70 477
73 430
64 244
34 286
72 300
44 407
83 477
59 236
31 303
26 429
63 208
16 338
38 436
35 306
80 343
73 348
71 426
28 499
32 357
41 438
77 410
82 459
59 276
12 419
58 347
32 428
73 427
74 234
38 374
12 269
99 472
74 284
37 342
20 367
98 368
15 303
43 347
51 362
81 205
35 500
34 326
12 406
12 391
25 313
38 229
66 229
18 498
23 346
48 396
57 235
92 465
37 489
13 400
80 483
47 328
39 456
25 357
48 406
70 301
21 209
97 350
15 279
87 352
13 384
68 336
33 459
40 257
48 360
17 245
43 208
86 272
42 276
66 275
44 375
97 399
51 405
49 372
24 344
37 307
23 470
96 395
71 493
77 323
31 306
53 393
92 490
90 228
55 293
66 497
98 377
98 250
72 392
57 214
89 344
30 461
96 213
28 439
50 256
38 257
41 378
52 376
72 313
18 383
12 405
14 272
53 473
48 312
66 443
27 298
96 396
73 349
63 363
74 365
85 298
91 481
45 320
11 293
90 407
86 237
47 303
92 341
72 330
31 389
15 227
45 308
86 494
18 282
61 495
67 475
83 317
77 217
15 208
50 268
88 234
50 475
41 313
41 362
51 217
94 414
10 435
20 366
62 428
50 484
100 343
74 464
44 361
25 346
28 490
61 232
16 469
20 361
59 270
67 423
13 472
56 480
15 307
70 284
47 242
97 406
44 474
81 345
21 247
44 452
77 353
25 209
59 439
46 302
76 291
17 495
81 310
10 419
45 318
16 400
43 468
27 245
37 321
72 223
73 278
94 303
10 356
48 201
43 432
30 251
13 277
15 484
16 218
33 252
92 302
86 446
96 405
28 459
26 227
87 292
59 354
54 236
89 457
35 303
39 290
58 309
100 349
80 202
85 444
74 454
95 404
27 264
25 237
39 283
52 454
47 370
97 219
40 317
46 392
87 262
74 473
34 246
23 362
43 439
32 251
91 248
29 489
33 263
16 233
94 239
79 471
76 242
48 263
39 415
34 427
76 284
77 246
34 470
29 379
51 360
91 248
31 385
12 419
17 461
70 493
84 387
21 306
93 402
82 487
97 472
65 492
67 261
89 385
31 293
75 388
76 443
30 311
37 371
14 474
58 431
62 479
39 327
17 445
86 352
70 294
58 293
71 378
66 221
69 334
31 326
76 217
61 406
57 294
82 255
86 256
51 432
34 201
37 268
28 236
47 275
58 493
76 314
19 421
41 434
81 399
37 224
22 226
53 493
93 355
46 285
27 483
42 394
47 225
99 379
82 281
69 341
95 220
21 444
38 238
99 445
68 335
29 302
40 298
65 379
22 292
63 312
13 481
97 207
82 366
31 216
95 237
19 470
34 209
55 449
35 239
35 383
42 260
89 433
42 479
94 208
16 223
47 293
68 224
23 408
38 435
29 235
35 479
74 480
21 366
38 485
35 269
56 426
70 250
38 437
88 367
19 247
58 464
67 344
89 339
82 276
42 425
66 445
38 213
42 340
76 351
11 483
50 389
31 499
55 215
38 366
98 330
89 272
56 453
87 230
16 366
79 314
68 315
68 442
54 482
98 456
87 303
84 451
56 295
64 330
26 333
96 441
56 358
85 455
20 327
100 402
39 489
64 231
93 274
56 431
47 453
29 286
53 273
78 447
16 434
26 427
49 220
63 377
22 278
97 489
72 213
11 347
54 355
62 304
49 250
45 382
24 319
74 457
66 453
83 458
45 479
21 301
36 449
79 327
74 258
88 382
87 353
64 273
17 305
39 334
86 259
60 256
92 382
30 468
37 416
83 419
64 456
18 291
30 447
56 380
41 381
57 275
32 489
75 490
35 475
50 398
96 236
74 309
86 466
98 201
60 399
10 474
37 338
31 206
76 330
69 288
19 346
51 243
35 461
35 377
47 304
50 417
91 477
28 207
72 250
68 221
23 275
62 200
56 406
24 446
76 240
55 245
61 346
81 419
75 218
25 490
60 267
53 361
43 329
96 435
14 274
52 475
47 348
84 461
13 379
41 289
44 389
28 255
44 321
44 238
84 468
30 360
79 331
100 227
62 337
79 236
20 366
100 458
88 434
66 266
44 273
88 481
45 388
74 343
30 459
52 296
84 357
100 409
99 425
36 345
56 346
96 421
89 289
93 474
41 495
47 283
18 293
16 427
93 248
49 387
14 399
79 330
26 388
67 441
39 373
92 374
61 364
67 429
99 321
41 373
71 341
67 332
66 470
11 262
70 226
88 423
95 381
79 430
24 490
52 331
54 405
55 331
46 447
70 420
88 360
36 332
97 498
16 333
84 420
37 383
22 292
81 269
99 204
81 492
20 317
29 255
82 224
86 438
13 343
62 238
19 398
66 453
44 282
31 311
43 378
71 346
36 497
25 393
80 362
64 445
44 455
16 348
74 334
42 399
10 391
85 429
45 256
42 485
75 416
97 489
37 488
63 213
88 499
14 434
90 488
56 487
68 326
65 369
34 369
35 335
17 404
60 349
22 445
85 497
71 326
95 404
64 217
25 246
52 220
17 273
14 307
45 398
95 395
66 291
61 232
15 272
26 438
74 345
37 452
79 493
92 224
23 289
47 460
59 256
74 264
11 436
45 338
12 201
100 348
21 495
76 416
45 265
99 386
47 486
29 450
88 313
15 271
82 214
92 487
58 459
22 297
97 319
59 226
49 315
84 311
72 402
94 325
69 330
41 275
81 296
85 241
87 447
31 210
95 291
78 378
95 446
65 392
100 309
52 283
35 439
25 483
12 320
29 257
63 266
93 264
36 255
65 470
29 315
97 310
25 375
30 404
26 412
63 282
62 411
80 394
95 459
46 439
66 432
84 477
78 476
80 308
53 243
42 379
47 456
49 263
65 477
35 399
17 460
59 307
94 245
55 417
87 325
10 230
72 499
88 253
22 496
69 453
65 337
54 396
92 320
27 423
25 323
90 383
95 451
54 299
39 388
92 448
69 269
85 217
92 433
96 241
39 329
32 415
27 275
21 208
31 467
27 390
45 451
85 218
71 409
43 345
16 281
42 257
42 417
31 419
88 293
90 475
43 403
90 286
13 346
31 271
94 475
88 299
34 380
84 275
81 383
58 333
67 360
42 264
69 464
85 324
43 391
53 325
12 386
90 419
97 455
57 293
39 348
44 303
88 408
58 264
60 445
72 203
75 235
78 330
31 448
16 453
16 450
40 331
17 439
77 316
21 489
74 271
86 499
13 262
52 450
57 446
47 473
45 448
50 415
18 456
55 429
34 450
53 384
32 463
11 228
45 414
50 385
25 250
80 307
24 238
61 388
14 450
16 279
36 265
42 372
26 254
39 327
48 428
32 483
60 231
87 417
62 374
66 378
78 433
76 486
48 490
79 352
51 380
17 234
41 323
75 415
91 456
25 279
13 450
25 221
87 470
74 425
91 488
41 215
92 235
76 289
60 220
98 413
94 270
78 294
18 250
99 219
73 499
53 337
77 308
92 378
33 295
27 318
58 303
99 401
83 482
96 312
46 379
43 351
24 369
80 292
42 402
47 374
55 308
98 246
59 369
48 341
71 475
59 394
41 491
85 365
49 283
18 373
89 399
40 309
41 418
52 384
88 411
96 469
80 217
82 332
99 387
36 497
11 330
88 337
60 484
18 491
68 427
100 427
31 387
23 290
11 386
90 372
71 481
12 212
40 303
95 281
29 215
99 249
70 417
63 414
75 336
44 365
52 267
52 336
52 275
52 456
47 348
59 455
79 417
21 223
98 209
48 408
90 280
48 318
48 291
95 345
89 385
18 438
88 249
30 304
42 397
46 234
67 388
49 271
19 354
54 222
29 297
33 336
17 285
31 322
89 384
85 201
17 426
34 470
70 360
88 249
42 334
43 251
81 471
44 223
96 315
97 437
60 375
86 238
17 425
76 234
86 277
89 326
70 374
50 427
83 318
94 239
77 458
77 371
35 311
10 201
25 339
98 287
43 461
95 371
53 436
99 443
85 340
84 214
26 312
10 445
41 366
40 331
47 473
28 200
81 295
55 408
79 389
87 396
34 218
24 433
15 370
68 415
63 341
60 421
92 269
40 332
71 299
93 457
41 415
96 253
40 356
34 443
55 353
84 292
18 302
73 274
74 297
29 431
99 266
31 289
56 467
38 468
85 384
50 484
95 227
54 256
48 446
60 378
14 234
89 420
57 393
53 207
17 330
73 326
15 238
21 480
18 284
41 468
87 218
35 465
80 437
32 430
73 418
37 431
95 475
16 488
39 241
89 306
86 381
69 216
18 295
68 373
46 342
72 296
97 241
29 355
92 231
19 309
12 289
95 299
24 287
11 380
77 229
53 399
13 315
15 279
17 309
37 488
35 292
92 260
22 242
60 260
79 449
31 421
69 307
78 250
43 204
90 421
85 314
35 342
70 433
100 237
67 373
84 442
53 206
77 497
50 365
32 470
23 323
100 300
32 307
28 273
36 479
38 243
13 211
100 421
56 255
14 485
89 381
69 290
80 376
23 282
89 240
11 303
15 390
47 492
58 452
56 456
36 457
96 421
100 333
30 360
19 498
69 264
38 219
56 463
89 390
91 334
31 296
42 492
56 289
27 330
61 497
51 369
20 233
43 318
57 329
29 202
13 271
28 453
41 421
13 383
97 408
97 438
86 404
16 388
88 362
61 483
61 252
52 209
11 287
98 350
65 305
25 440
67 368
26 364
70 204
27 296
23 212
100 365
32 413
56 409
94 469
21 381
72 389
41 204
65 467
86 290
18 457
13 345
60 371
36 311
49 254
12 236
84 390
77 432
71 352
79 325
93 378
88 239
16 345
91 492
21 296
90 280
39 259
21 326
77 382
35 203
54 292
95 402
92 288
97 233
57 372
43 459
28 314
29 214
13 491
96 469
49 485
60 288
96 372
84 372
73 248
50 439
45 312
71 220
15 423
53 290
58 362
27 241
70 496
65 383
19 459
50 220
62 247
54 436
89 420
82 421
100 431
94 257
29 449
88 392
10 280
12 312
43 429
15 366
29 307
76 358
46 247
13 458
42 385
72 462
11 500
98 221
39 242
61 422
72 253
46 260
42 443
11 474
31 475
41 493
39 287
95 246
48 426
36 378
72 397
64 364
69 221
36 224
16 412
72 453
90 406
67 247
73 333
60 468
37 310
23 237
23 207
41 480
32 286
95 493
45 446
30 277
74 490
27 429
44 445
74 315
23 291
71 448
62 332
96 379
37 273
18 236
80 499
65 412
33 271
59 466
71 459
35 382
90 241
77 247
95 389
73 234
45 423
20 352
27 243
12 395
78 447
58 295
23 345
22 429
71 360
31 331
13 386
39 216
24 220
79 311
20 375
44 388
48 224
14 300
60 220
72 282
82 375
48 310
41 383
95 334
85 382
61 311
88 376
81 392
59 339
37 254
27 495
40 310
79 381
29 485
69 303
83 265
74 443
44 396
44 363
33 317
33 393
16 209
91 453
39 415
25 302
35 305
91 309
97 213
63 474
23 339
33 263
71 203
81 229
27 280
60 326
43 386
51 223
20 237
15 245
44 267
69 318
26 343
33 436
44 315
55 354
17 434
16 308
91 372
10 284
65 478
75 297
60 379
63 207
74 296
19 265
88 298
39 434
53 208
43 496
12 226
61 227
82 214
68 346
71 421
96 286
82 239
32 210
67 203
65 282
15 468
11 361
69 428
23 405
56 413
25 260
97 498
48 348
60 371
66 296
37 374
55 438
48 215
12 279
78 414
45 466
59 406
92 346
39 369
56 218
23 400
23 470
64 314
50 256
84 260
60 224
84 434
82 244
61 359
90 314
68 382
74 404
87 405
98 319
33 248
81 304
95 314
19 493
35 289
89 311
82 299
82 232
70 246
13 379
10 298
22 428
97 221
48 466
15 278
78 450
14 268
92 473
70 276
75 208
78 411
67 463
65 403
41 390
28 470
19 253
53 461
12 445
71 209
48 357
11 392
31 362
37 309
32 240
23 497
55 448
59 316
13 265
39 303
66 316
95 422
92 237
96 298
12 313
98 341
96 394
28 276
32 391
39 288
15 468
50 429
60 339
88 324
39 412
23 257
37 397
69 345
71 310
77 416
85 499
76 290
90 487
60 396
12 449
65 258
57 467
31 330
13 430
32 459
53 279
91 317
69 443
25 359
40 353
28 373
29 228
95 492
14 278
30 342
96 269
24 443
90 284
22 290
72 477
51 253
97 212
20 481
17 281
21 406
81 363
62 285
50 491
35 356
26 363
60 495
56 244
80 417
37 408
17 240
90 203
93 338
16 414
67 368
55 458
24 378
34 301
52 462
48 439
27 258
11 462
92 482
68 388
56 282
63 353
73 378
39 366
17 269
31 333
22 472
69 210
28 310
65 211
29 301
64 235
83 500
39 361
77 201
98 328
72 241
12 355
28 235
63 434
40 498
63 491
23 256
41 268
40 210
65 284
24 478
21 420
11 315
33 406
27 226
63 297
44 413
88 487
60 371
51 450
88 385
95 236
51 340
95 204
47 383
93 360
59 356
20 285
70 257
91 434
27 423
40 299
72 382
39 231
67 353
75 319
46 319
71 377
21 408
30 207
42 368
73 399
42 293
67 393
80 424
16 331
63 306
74 430
80 363
74 439
46 339
17 201
34 362
86 366
97 208
58 309
45 387
45 297
13 441
60 278
58 265
60 408
82 237
63 257
54 496
60 415
91 252
89 241
99 243
24 382
98 479
50 325
92 447
90 294
50 361
59 449
31 230
35 495
96 391
26 416
40 246
93 419
60 445
100 411
18 316
70 437
48 231
65 410
20 381
51 263
20 325
75 365
72 266
98 372
68 411
70 241
53 316
28 455
42 369
78 446
94 407
73 228
36 341
88 365
62 391
60 212
55 339
12 320
14 237
46 260
77 479
69 303
67 210
49 304
31 372
30 313
44 381
73 414
47 478
17 493
69 457
70 332
72 332
93 449
89 292
64 464
98 260
10 313
36 273
43 399
84 365
53 421
19 301
51 465
93 363
17 344
42 412
37 363
28 327
59 259
74 218
51 387
98 289
52 247
18 315
99 205
48 406
35 423
29 210
29 484
88 344
35 492
29 252
12 446
98 312
71 496
73 227
96 307
80 331
58 377
86 299
96 323
97 207
97 410
61 381
54 390
14 469
31 479
95 433
87 298
48 378
26 273
86 476
44 420
76 234
16 450
10 377
47 236
86 266
39 350
21 236
85 371
61 369
11 476
55 222
27 244
99 316
67 254
72 447
12 296
56 469
62 264
73 267
16 428
59 445
95 480
27 317
49 435
10 448
13 435
56 433
65 269
26 494
55 289
49 496
90 422
28 381
13 206
13 484
12 480
71 211
87 358
93 206
46 461
93 452
66 272
32 322
56 381
15 362
90 256
20 356
65 218
84 310
45 433
95 459
12 420
99 218
33 496
78 267
47 378
71 351
72 300
33 239
57 488
44 401
99 207
42 419
99 491
84 250
66 219
81 483
60 377
57 465
33 476
14 278
20 449
36 200
84 300
25 429
13 389
57 228
66 283
27 371
68 373
98 394
96 328
55 280
20 327
54 276
52 476
29 302
49 481
98 371
67 290
79 317
35 428
34 324
79 491
55 232
32 313
33 256
83 252
89 345
96 330
15 379
53 223
62 428
80 282
40 233
89 398
16 248
98 395
67 285
62 264
39 498
26 442
64 217
93 339
18 270
84 481
88 473
49 378
81 405
79 498
28 229
46 488
43 419
46 399
36 465
75 218
45 290
80 414
53 352
51 316
22 420
39 320
78 498
65 490
22 407
86 289
63 280
29 214
27 305
22 451
25 325
34 431
77 327
59 420
92 346
45 351
50 229
29 304
68 418
93 378
44 228
74 210
62 442
19 255
20 386
12 214
17 373
49 324
94 238
31 377
23 478
15 347
93 448
98 483
35 493
93 490
30 225
30 278
22 473
41 411
61 487
76 268
69 319
69 256
76 334
64 439
18 410
69 217
93 485
77 222
19 258
51 447
53 461
38 499
63 204
14 490
11 232
99 247
21 399
49 458
74 436
92 242
34 431
100 202
81 208
62 341
25 434
83 349
36 209
50 225
80 454
66 403
51 221
69 287
47 203
11 401
37 390
19 232
70 202
41 486
64 457
94 225
58 312
10 483
87 419
36 233
58 472
65 308
72 336
23 361
57 388
46 226
33 454
99 348
43 242
97 416
12 306
39 287
29 264
61 438
43 476
89 254
95 356
15 388
93 205
91 279
22 259
50 420
61 313
93 418
58 247
17 251
42 474
73 220
93 307
29 419
36 378
43 229
78 283
12 475
47 415
37 380
100 257
59 435
42 265
71 423
93 385
12 415
78 210
48 242
25 393
59 349
39 332
35 253
21 493
40 402
84 479
71 278
98 330
98 303
33 213
82 405
100 347
67 454
75 204
100 373
36 406
41 366
31 246
88 403
56 344
53 344
48 335
77 205
60 282
91 206
58 232
63 442
72 429
87 434
88 340
90 478
62 276
41 232
12 460
78 310
10 438
89 323
61 222
10 435
55 335
58 400
80 300
23 495
56 486
14 309
12 484
74 320
41 429
100 280
51 486
56 440
78 241
15 393
25 289
66 317
60 216
89 239
13 257
43 243
65 360
20 266
96 388
48 300
15 385
33 403
41 218
60 241
76 304
63 471
34 209
77 266
59 202
39 240
30 237
39 450
74 385
32 489
49 299
21 288
70 418
27 303
40 282
35 343
60 477
23 228
34 349
48 461
73 348
62 309
12 232
58 230
56 222
61 389
49 256
67 254
34 467
73 307
78 450
33 384
12 262
38 361
54 455
90 462
52 321
35 386
59 278
47 469
62 384
26 371
51 282
36 362
84 230
92 247
22 419
52 355
25 241
31 291
18 285
11 497
25 220
31 457
73 248
95 348
47 481
52 372
57 341
25 261
39 452
18 248
31 437
83 250
93 367
85 372
78 240
77 255
76 449
83 308
84 336
89 429
52 372
71 328
17 231
56 332
92 395
14 303
77 232
39 207
54 341
86 249
63 395
41 390
77 464
93 289
55 453
43 314
21 215
21 285
15 280
45 479
47 496
37 204
90 281
99 324
97 238
82 251
63 376
14 225
54 439
53 337
79 280
21 414
16 341
89 290
70 365
72 294
36 248
84 336
82 458
76 200
83 231
91 378
87 443
91 496
56 466
55 471
83 231
40 289
69 333
26 492
16 347
98 307
13 230
75 474
80 301
80 485
60 425
23 489
82 214
57 497
10 213
24 475
85 301
34 315
37 290
98 380
92 289
38 230
39 277
97 307
15 376
87 460
63 352
83 416
67 330
35 243
95 278
12 337
57 429
49 210
93 456
80 405
96 275
43 262
37 336
97 479
86 359
25 210
46 285
99 274
36 487
86 258
36 233
27 341
77 495
30 480
66 439
16 393
34 216
49 314
59 273
58 263
81 430
45 289
33 347
45 429
30 429
97 346
71 230
55 423
43 235
33 424
92 485
23 437
59 271
40 252
60 242
14 423
77 235
74 435
45 374
76 465
93 498
91 463
49 496
81 201
74 487
97 455
96 491
44 370
34 391
24 304
79 384
41 302
30 238
18 302
39 247
47 363
72 275
11 221
37 460
18 251
48 345
83 366
78 294
14 347
16 356
49 316
10 427
94 408
10 353
12 276
11 475
24 343
95 263
10 320
60 284
85 418
77 274
95 213
100 467
20 303
80 311
17 310
56 235
64 452
28 477
86 487
69 415
56 200
79 442
47 400
27 390
90 353
15 248
66 281
45 226
75 285
14 451
58 272
46 362
70 272
41 450
47 488
18 337
80 241
11 206
43 202
11 405
93 257
70 471
76 365
50 370
46 231
48 243
68 255
32 225
11 442
100 335
43 488
57 366
21 450
92 367
93 216
40 256
64 423
60 311
30 472
59 487
72 250
78 203
44 383
84 381
80 352
100 203
16 387
34 316
67 491
35 236
72 401
61 428
81 216
44 309
75 418
31 388
53 222
38 471
61 319
48 428
57 265
52 258
56 499
45 236
55 203
88 342
52 263
69 477
23 257
87 216
59 278
33 289
69 495
88 403
36 360
23 232
35 210
100 326
58 311
19 395
68 333
46 217
99 256
58 426
33 477
62 487
15 244
83 252
63 284
21 300
21 286
34 266
53 320
43 203
31 453
67 494
12 384
24 482
33 352
39 452
71 247
38 281
39 411
67 279
98 289
43 336
66 461
18 318
54 243
73 410
57 418
27 230
96 312
77 491
68 317
76 492
96 277
67 404
41 355
42 483
65 362
11 466
59 470
56 300
24 354
95 407
58 311
84 322
71 347
36 285
28 452
66 276
31 298
65 465
73 463
55 244
89 464
75 344
28 242
30 395
12 352
68 417
53 437
30 232
28 248
14 246
20 292
23 426
19 251
58 241
93 286
73 286
21 493
45 483
31 271
35 381
42 377
47 283
61 234
62 346
77 332
24 430
53 464
45 212
70 245
44 227
58 236
59 330
17 441
62 263
21 388
79 333
43 389
93 276
100 431
72 403
37 264
79 435
40 437
96 242
70 449
78 262
63 230
50 463
47 454
25 432
52 368
66 304
36 380
78 428
82 302
64 321
51 361
16 343
20 452
61 227
58 352
24 283
83 483
97 302
83 219
41 226
70 497
18 341
71 459
48 486
88 297
79 325
61 311
91 203
12 301
68 360
43 269
87 335
100 437
99 386
59 420
70 241
53 440
40 241
27 400
83 408
43 282
61 403
62 450
82 302
55 386
41 204
84 354
30 456
11 225
29 496
75 451
95 258
30 369
57 287
66 224
16 265
17 427
18 346
34 272
51 427
92 358
84 361
26 469
22 251
12 355
94 285
83 482
20 495
22 341
14 419
61 476
93 420
94 349
54 226
17 462
59 276
94 282
74 331
64 202
54 493
80 275
60 412
35 370
46 407
91 438
41 324
23 206
73 263
13 206
87 475
75 441
19 235
41 438
94 222
86 446
78 496
85 491
44 227
97 314
73 268
83 458
92 362
53 333
28 268
44 463
30 204
50 243
39 376
38 304
93 318
33 311
42 470
97 221
80 411
73 379
97 233
72 320
31 300
15 268
87 491
17 309
20 332
99 434
54 230
89 304
13 236
15 463
82 466
38 451
21 466
29 305
72 415
22 342
31 276
42 230
30 389
78 211
59 390
97 427
66 431
12 268
59 293
31 422
90 412
17 333
22 452
34 273
43 261
40 279
82 273
89 353
74 397
96 382
95 206
15 456
40 487
47 303
41 203
83 286
27 346
84 491
80 255
40 311
72 428
94 352
96 397
17 412
47 267
18 329
22 300
19 358
47 256
95 365
77 486
62 373
31 268
50 276
71 324
40 389
50 225
85 252
15 495
69 464
58 206
11 482
17 274
76 341
29 300
86 288
47 354
16 264
10 221
86 246
89 226
12 397
12 425
38 473
41 362
24 378
90 427
22 423
52 448
14 229
58 217
83 481
54 227
43 242
98 384
24 344
97 422
79 410
29 388
17 213
66 216
13 366
26 397
15 290
67 300
55 291
79 387
89 386
43 265
77 361
49 466
43 308
34 444
99 482
81 298
68 329
16 283
18 455
12 481
53 274
12 313
100 295
51 334
13 363
19 358
78 297
52 478
21 460
49 320
46 200
41 385
46 481
54 272
69 398
84 429
42 230
72 234
29 491
84 254
60 466
84 274
31 435
64 365
27 421
68 284
49 301
47 499
45 336
55 415
11 271
41 403
77 282
38 375
42 452
45 323
68 490
45 428
16 398
85 266
28 425
14 438
14 269
68 255
42 405
70 336
13 210
40 226
84 373
92 314
80 229
70 241
18 284
52 391
83 409
66 448
42 256
84 307
74 220
11 428
80 281
66 350
89 250
79 333
27 477
13 247
61 334
23 422
94 404
10 297
18 217
40 445
89 380
12 246
45 363
86 273
38 487
24 484
64 249
14 409
26 213
57 480
43 442
100 463
88 462
28 407
29 202
99 451
35 352
87 480
68 421
47 407
94 426
38 342
17 457
54 398
12 405
64 214
33 226
88 391
79 434
70 415
27 449
32 216
32 261
38 213
98 448
48 286
90 209
64 245
71 378
83 333
71 268
88 327
62 221
67 480
97 315
92 289
95 458
82 262
49 251
69 398
48 395
53 269
45 311
87 318
23 205
95 469
15 496
40 265
19 262
61 420
33 387
83 339
83 264
60 261
37 375
30 211
88 342
65 473
79 292
37 339
73 490
92 268
66 352
62 450
45 326
97 490
82 328
11 255
97 479
86 405
42 475
98 372
42 394
51 217
66 384
83 231
79 361
70 256
22 381
35 326
97 324
78 417
64 444
97 241
93 488
83 473
14 208
16 277
95 489
75 336
14 348
51 443
85 364
80 420
41 454
71 398
90 310
33 428
81 236
66 373
64 262
24 434
81 490
69 422
58 452
88 247
53 272
62 205
12 438
52 328
63 420
88 366
24 289
21 231
39 410
49 246
24 499
79 440
10 388
86 363
43 317
92 387
28 297
77 222
48 318
26 323
95 325
70 216
78 430
30 489
21 401
27 208
49 464
47 284
59 258
24 440
59 254
40 212
22 468
23 284
89 334
78 272
98 243
18 322
83 284
99 261
24 242
83 332
91 468
28 255
16 260
94 350
65 269
59 364
95 295
91 220
65 201
83 286
69 278
54 468
45 416
99 296
48 247
38 362
64 242
78 490
16 309
35 366
58 450
11 314
18 375
89 322
22 376
89 422
24 214
49 265
11 366
89 286
28 489
40 326
90 263
15 282
96 454
30 200
40 376
96 296
39 448
75 377
71 274
49 476
22 385
60 468
35 351
79 362
82 451
52 370
43 303
30 387
13 298
82 308
88 450
44 475
40 321
30 419
36 347
48 433
21 434
79 230
63 402
70 373
66 381
68 265
85 393
91 388
54 236
30 414
28 348
20 331
36 437
58 313
81 341
27 314
57 343
54 258
52 487
16 295
14 423
34 248
79 209
39 305
50 381
81 429
40 356
26 498
48 207
82 376
33 202
36 373
94 233
15 390
20 361
16 335
11 243
13 398
18 268
29 497
18 472
79 479
53 434
14 318
86 434
36 239
47 383
14 281
97 291
92 384
84 353
31 485
92 401
82 398
85 283
20 368
100 267
95 229
64 270
97 443
10 239
20 440
49 291
94 235
33 389
51 282
46 386
18 387
24 296
54 455
90 427
17 332
71 417
57 444
26 406
74 440
40 265
26 265
62 246
77 237
58 469
18 476
53 233
48 340
69 395
45 458
20 365
63 213
71 348
68 216
26 292
67 397
42 482
51 463
56 212
58 462
99 217
61 233
99 248
35 329
54 467
78 412
93 273
61 412
13 331
14 373
23 282
39 478
17 481
28 291
98 338
30 372
96 440
100 304
97 227
24 278
75 469
31 274
49 313
84 412
10 312
72 264
22 303
49 408
43 380
83 475
98 200
52 271
10 449
13 275
56 308
64 419
37 241
88 268
66 427
28 247
22 213
61 383
16 252
53 246
84 237
97 399
56 264
37 376
16 344
16 438
75 253
46 428
17 348
78 347
58 373
19 263
65 405
57 349
87 485
73 337
15 365
14 208
34 454
71 341
88 284
19 398
63 435
27 330
42 218
59 255
16 320
76 476
92 212
95 430
12 469
11 468
53 200
32 462
63 258
34 451
86 380
66 378
15 371
71 295
41 383
54 427
51 418
35 477
69 476
37 325
51 422
42 226
60 466
34 275
19 289
26 316
17 271
96 482
65 400
78 478
11 376
61 284
68 255
66 472
69 365
24 423
48 235
67 407
19 335
74 475
28 405
76 292
34 482
65 315
16 299
12 463
27 395
78 216
65 205
38 378
89 483
97 355
99 448
51 468
33 493
53 457
30 379
94 322
70 321
60 491
17 428
48 343
41 399
72 220
75 245
84 473
16 447
70 443
23 337
39 427
88 500
14 476
28 380
78 489
72 432
64 319
53 330
66 430
97 219
44 331
55 245
51 490
23 328
28 336
84 490
90 493
40 343
95 317
17 463
99 472
100 232
75 202
81 451
91 340
85 331
11 483
14 472
53 317
79 250
71 213
29 362
49 479
70 422
33 476
69 400
72 277
47 487
91 243
94 461
22 355
68 303
71 416
83 456
16 323
48 333
40 496
53 290
42 500
39 268
52 395
50 321
82 297
23 450
31 494
16 423
47 450
20 333
63 499
48 246
70 243
62 407
70 374
42 211
80 208
30 247
31 394
62 223
73 424
92 230
44 332
91 464
36 376
15 345
19 333
75 446
55 219
96 415
95 298
80 465
98 353
22 358
86 328
48 488
11 302
69 367
54 368
79 465
40 324
86 316
90 450
46 334
49 312
22 259
69 373
34 415
54 485
65 222
73 402
14 263
58 374
72 438
86 209
45 483
51 461
29 290
43 207
38 225
59 371
79 428
96 257
64 468
48 415
42 253
84 397
10 269
73 495
97 260
93 358
91 337
25 240
36 375
91 249
41 316
32 434
47 412
22 334
84 431
82 318
51 314
79 248
23 234
40 339
26 496
14 236
65 463
43 458
42 272
72 487
53 324
99 380
38 309
54 313
88 211
91 422
54 345
42 407
74 411
40 423
94 441
23 437
27 484
66 440
96 298
48 393
48 244
56 356
20 236
50 290
89 349
52 271
64 329
26 322
73 421
44 344
54 402
41 464
66 373
84 390
51 277
80 291
68 305
44 372
89 365
93 286
41 321
36 207
46 283
49 439
62 271
38 264
93 261
40 307
83 379
35 304
98 228
92 476
94 291
98 372
36 207
76 418
51 264
79 227
71 452
96 250
26 447
92 445
19 290
83 340
44 248
42 373
93 288
61 308
22 445
85 232
64 336
69 229
25 324
55 447
81 472
72 247
37 208
31 324
85 243
92 215
91 357
78 266
21 435
33 221
49 251
35 228
68 452
34 487
94 264
85 249
29 327
33 352
20 237
19 382
74 388
40 219
51 483
10 438
99 357
49 494
95 461
67 495
30 229
24 386
33 311
50 226
18 430
25 471
43 302
77 446
52 498
87 484
78 449
18 346
91 329
77 464
84 259
63 350
87 336
80 279
39 420
26 282
55 433
29 264
46 353
20 424
28 374
97 278
64 277
89 428
24 411
56 344
24 496
64 258
12 478
37 476
25 341
96 444
65 258
74 207
36 417
51 209
61 235
30 412
15 359
86 418
36 378
98 239
14 203
67 403
21 332
11 276
64 436
23 497
74 477
82 354
88 332
70 432
33 350
79 378
98 331
37 227
60 305
53 280
49 261
33 488
31 311
49 315
84 231
30 490
12 462
73 299
88 406
91 359
32 222
28 411
87 281
33 208
43 453
63 393
13 221
58 305
74 392
35 327
76 430
68 329
20 359
30 434
37 358
34 467
96 277
96 431
23 264
45 392
22 477
54 429
85 362
49 227
25 351
69 425
83 370
85 421
85 381
53 440
41 344
33 316
82 231
35 478
65 383
14 210
32 351
92 204
77 421
81 265
67 336
62 301
94 442
95 432
13 324
89 258
77 225
87 286
57 318
16 301
100 330
88 259
85 499
54 493
72 244
69 439
91 446
41 283
29 260
24 357
36 334
29 249
41 238
24 365
99 348
100 255
94 475
45 459
66 276
93 340
39 407
83 348
45 267
67 438
13 395
50 410
10 458
96 286
93 294
83 301
94 314
14 319
31 369
29 209
54 478
41 463
36 376
29 486
91 491
53 219
85 415
13 311
25 336
43 266
35 296
78 271
60 422
70 447
47 416
48 433
63 202
91 477
18 404
41 270
76 232
73 477
39 467
99 217
38 383
42 432
19 400
45 287
92 341
29 309
56 388
46 348
99 335
25 268
63 485
33 330
93 326
52 412
72 291
93 294
98 463
25 351
45 477
55 433
28 420
82 271
95 482
84 498
17 442
26 303
17 251
25 442
99 437
30 369
70 482
86 400
11 437
53 254
78 437
52 428
71 427
71 362
69 367
21 473
69 271
63 484
40 406
38 450
98 478
24 318
34 479
50 402
63 216
51 276
90 392
91 207
81 451
42 475
31 426
41 325
97 369
82 268
34 233
27 314
67 284
51 469
94 399
97 426
100 275
51 266
95 403
66 483
55 340
40 370
67 250
82 261
28 302
53 442
72 296
91 295
65 436
100 341
49 281
68 448
98 467
54 220
12 485
29 473
33 357
49 389
83 336
52 325
83 478
33 222
28 270
100 353
71 229
57 289
58 209
21 416
50 448
100 295
91 388
26 204
40 409
66 452
49 491
94 431
66 241
93 440
93 419
83 266
54 485
36 257
17 290
74 368
28 358
27 368
55 479
48 289
62 464
24 329
75 215
50 320
88 412
77 316
88 250
98 226
51 488
59 426
34 205
33 264
96 205
78 408
46 254
88 320
29 436
63 370
74 408
87 354
98 447
41 398
38 301
42 480
25 456
54 315
77 398
17 272
80 260
38 387
64 426
78 480
45 355
93 459
59 236
69 330
21 230
58 429
55 400
44 369
98 211
72 214
82 312
26 261
81 215
41 385
88 353
80 500
28 411
40 218
67 468
49 378
25 324
80 278
13 413
57 277
29 380
92 282
25 326
25 313
26 489
94 230
44 259
89 298
62 334
55 365
43 414
60 248
17 298
46 460
16 222
38 332
75 225
90 343
54 455
86 391
78 300
90 484
14 349
91 226
59 296
48 233
56 332
14 498
90 357
54 338
42 392
85 480
82 333
60 416
96 477
22 429
40 478
10 334
43 443
27 258
16 450
84 498
25 271
96 460
91 350
28 205
48 216
94 356
40 205
18 283
15 379
24 458
85 373
97 431
32 350
73 354
96 480
16 279
61 244
43 377
52 234
37 384
63 315
73 246
91 260
44 201
64 291
57 493
36 397
83 279
31 260
12 245
64 482
54 488
20 312
29 368
47 245
15 295
94 240
73 329
21 421
42 438
28 487
39 475
96 251
65 379
29 333
60 299
39 498
61 238
91 400
65 303
53 407
17 204
10 439
83 446
51 412
66 319
66 210
23 229
70 495
58 322
62 230
35 340
75 407
39 485
46 484
18 200
26 384
88 235
60 235
17 379
47 312
69 242
31 490
82 333
40 379
42 208
10 275
45 284
34 375
56 486
31 253
22 497
97 389
81 458
70 211
19 320
61 283
73 344
77 333
89 403
47 381
61 267
14 459
38 335
33 317
25 440
64 256
71 456
90 468
70 318
93 499
83 450
75 500
51 201
26 218
21 292
22 265
26 253
31 460
35 305
54 459
78 294
94 480
31 357
53 463
59 273
51 312
51 390
13 264
29 392
47 296
45 431
29 240
56 333
85 322
74 475
48 431
99 493
89 267
79 204
92 222
39 388
32 498
57 394
51 419
17 292
87 467
10 324
83 457
72 456
91 292
58 256
49 397
34 279
56 295
86 391
93 258
42 452
21 254
66 214
82 329
13 487
41 279
36 252
22 465
43 461
96 285
59 426
27 463
88 343
48 487
74 375
51 209
18 499
21 320
40 236
10 218
23 443
46 231
18 230
63 401
42 451
59 456
18 365
36 280
11 424
86 439
13 209
44 273
14 461
49 420
10 290
78 470
43 484
42 477
52 395
56 402
69 260
37 421
80 223
89 330
36 215
19 444
26 466
68 432
61 358
82 372
18 487
91 380
89 291
56 432
80 432
78 229
15 439
41 315
31 399
83 357
20 463
68 287
98 266
74 302
96 267
35 322
67 264
72 472
10 306
12 239
29 485
98 479
12 468
90 282
74 487
98 479
26 489
37 325
54 232
51 429
18 300
32 301
54 200
100 418
76 424
13 293
100 474
46 228
92 313
88 205
61 499
29 498
67 448
17 440
73 397
76 228
88 367
35 259
56 351
12 372
91 382
79 381
70 434
54 444
68 469
44 294
43 330
59 351
73 312
37 206
79 408
43 455
28 312
61 340
56 439
58 436
33 425
35 322
31 423
17 353
74 412
17 255
68 437
70 319
86 396
92 456
64 308
47 327
19 321
18 230
78 479
65 226
72 480
94 210
32 312
82 242
15 459
28 265
18 403
66 291
12 408
38 350
99 354
10 335
89 394
89 381
91 229
67 474
97 453
18 360
78 496
40 288
42 399
18 246
63 385
24 297
47 332
30 207
80 373
32 358
55 405
34 337
27 394
24 392
68 442
58 411
76 403
27 339
63 500
75 300
25 222
81 426
94 293
78 289
48 473
41 431
75 435
18 260
73 224
32 374
71 203
39 403
31 482
72 457
99 377
62 313
89 403
94 253
60 370
18 359
34 489
16 419
84 203
17 450
63 380
51 495
72 357
34 487
90 388
39 216
95 398
66 413
50 215
82 494
83 206
60 427
55 340
32 367
98 221
48 320
68 389
48 431
32 461
86 281
84 258
26 311
33 324
78 403
57 387
36 424
11 447
10 388
69 342
10 327
25 320
81 463
91 210
76 202
70 259
14 467
94 278
84 472
66 249
15 389
36 469
15 278
81 360
100 399
55 470
69 263
49 372
15 496
47 367
69 251
97 479
22 494
56 243
86 306
74 237
51 426
49 256
91 370
79 420
85 316
54 494
56 326
19 353
48 496
42 217
80 395
42 212
98 451
15 251
63 245
37 500
42 243
77 425
75 370
77 432
95 431
66 262
76 289
10 327
49 332
84 280
51 237
37 262
67 246
85 442
75 351
13 461
13 395
93 256
88 478
91 448
52 361
85 363
48 322
95 484
99 282
32 329
19 202
51 205
55 454
23 289
64 338
89 447
60 384
99 496
50 389
46 417
62 351
73 449
86 269
13 325
61 342
50 370
10 345
64 393
80 271
37 351
56 430
65 340
61 448
70 321
69 226
19 336
15 318
83 299
66 415
38 437
74 327
14 401
32 431
46 468
98 474
99 360
16 262
76 363
43 283
84 296
30 222
31 436
93 414
26 476
53 407
55 385
86 417
17 403
80 277
73 298
44 335
47 301
51 457
70 357
74 449
48 297
63 333
28 259
35 215
30 324
16 345
58 354
88 492
63 358
35 325
61 468
22 413
72 358
73 482
63 306
11 416
56 298
32 385
36 243
72 290
89 323
84 273
33 395
28 483
18 232
37 458
39 217
29 216
83 387
59 287
54 326
100 346
40 500
36 480
79 431
75 308
93 454
30 429
100 395
27 350
18 417
76 375
74 377
64 206
12 288
54 205
35 244
18 236
75 331
85 235
60 234
37 213
35 473
85 234
59 301
96 493
73 390
67 401
83 458
18 228
97 450
95 357
69 283
14 487
64 308
12 424
65 262
29 279
88 327
41 301
68 446
67 345
60 410
93 300
17 351
81 310
80 260
90 244
94 259
44 256
99 451
34 458
39 366
70 446
19 298
80 319
90 289
34 278
32 408
45 264
44 405
98 257
53 290
24 256
80 480
58 414
21 490
95 391
89 357
84 246
82 281
75 398
62 227
75 267
43 251
40 391
89 454
54 318
23 397
95 291
43 435
88 254
88 326
20 228
63 481
36 387
73 389
70 381
27 208
35 248
16 278
90 465
56 234
16 224
82 406
79 205
70 270
85 214
64 455
49 327
52 266
25 496
39 298
66 217
45 323
69 316
18 402
63 331
18 261
87 266
32 369
67 206
84 280
65 232
100 461
27 469
42 323
82 379
80 238
81 426
37 359
29 461
24 220
63 396
67 396
39 447
67 482
98 453
64 371
51 245
29 293
30 307
64 377
85 286
49 280
75 225
85 202
39 200
92 476
48 252
58 255
100 385
54 401
82 497
59 219
88 353
53 455
92 478
73 395
67 495
21 224
15 364
88 405
57 498
52 458
36 200
53 498
95 447
86 420
67 369
24 435
38 200
79 430
91 469
21 491
80 499
88 381
44 490
45 475
16 364
67 486
67 393
30 447
15 279
53 231
66 253
43 367
14 354
76 232
25 320
14 234
90 487
97 378
29 399
42 412
46 482
30 324
17 277
27 462
36 385
10 202
17 408
49 441
71 365
69 333
28 445
99 200
27 481
96 355
53 479
88 288
89 412
55 282
37 431
88 295
21 435
55 451
48 365
39 303
71 313
58 463
33 201
24 386
14 289
49 207
63 205
100 476
60 456
63 356
42 250
13 399
54 446
35 276
14 240
10 289
25 264
45 309
68 413
52 445
31 435
82 468
44 246
51 255
51 200
44 285
70 259
90 434
59 332
15 464
41 287
56 476
80 202
21 365
12 228
89 316
16 209
70 301
68 226
98 404
40 216
55 476
79 472
22 479
75 368
55 425
49 393
79 254
17 434
46 259
15 426
96 323
59 408
62 337
55 228
89 410
54 478
84 269
41 243
23 251
77 388
76 263
85 325
24 424
98 434
27 368
12 307
78 441
57 312
94 347
52 215
86 385
80 340
82 441
28 399
80 493
80 367
90 315
63 322
73 449
82 472
79 364
66 204
98 492
50 331
78 456
36 343
14 288
86 492
26 316
97 420
24 426
14 313
57 476
71 479
97 492
72 438
89 426
85 358
67 206
77 203
43 234
97 200
72 228
49 249
48 332
100 401
92 453
29 497
87 399
30 250
96 322
58 443
83 328
33 363
30 489
46 246
28 412
26 293
41 238
40 232
80 260
58 377
97 345
18 442
83 246
66 382
84 378
79 365
73 324
31 341
64 344
35 283
25 382
89 444
69 468
52 239
21 357
19 241
39 488
55 495
73 372
53 299
14 400
38 256
86 391
49 284
79 482
47 488
24 492
67 232
17 355
47 488
71 386
90 412
54 358
74 253
72 482
35 228
64 215
69 302
21 379
51 389
44 201
100 473
77 204
57 401
91 475
29 268
30 314
23 432
70 285
53 451
84 236
33 345
40 462
87 406
25 332
57 450
43 368
70 223
39 375
74 480
36 261
44 409
10 426
46 296
61 274
64 475
66 424
46 310
95 265
100 423
77 207
31 428
66 242
100 246
33 325
77 466
65 472
32 210
31 463
52 357
57 200
80 245
19 400
72 206
65 320
40 260
44 250
68 452
15 388
57 409
93 422
14 348
98 497
38 290
59 363
27 445
12 476
45 236
39 295
41 289
96 473
88 492
49 285
93 264
38 391
99 384
90 295
94 455
94 339
32 500
28 389
20 314
63 332
41 489
43 394
48 240
60 375
30 286
98 373
15 331
79 272
73 274
17 496
72 408
14 221
15 234
60 249
16 472
88 448
67 257
37 486
21 405
57 277
86 468
71 291
96 412
58 211
71 480
14 213
28 239
53 493
58 342
12 371
79 423
66 222
37 409
30 225
42 215
97 202
47 201
35 230
16 406
81 399
11 447
36 471
57 294
16 458
45 204
32 500
78 396
77 304
97 377
70 315
37 432
73 375
87 360
33 244
98 345
87 349
52 254
81 226
55 231
30 233
75 210
67 361
94 402
74 408
94 294
82 471
63 290
57 306
69 449
59 465
11 242
27 334
21 381
69 343
65 492
19 347
94 256
100 357
73 422
94 235
70 487
86 389
46 250
34 475
93 294
88 491
83 450
27 280
30 382
77 493
37 497
41 325
24 295
34 209
13 445
52 432
18 450
58 456
87 264
40 447
28 267
90 392
86 459
58 297
55 343
71 413
19 326
82 341
42 468
74 336
49 345
34 292
16 388
29 242
80 428
88 207
39 324
99 461
100 320
47 372
80 494
52 200
73 270
39 439
56 391
66 349
81 342
16 278
51 438
42 328
47 206
82 309
23 483
54 362
90 225
84 413
62 216
38 287
77 453
55 222
32 299
81 327
80 210
53 317
38 423
14 211
32 279
14 458
66 338
38 211
66 251
96 331
65 286
69 251
54 392
26 382
88 343
42 279
10 363
51 500
88 341
13 413
41 228
71 380
83 439
32 428
75 315
83 455
51 374
33 389
66 229
33 454
63 227
37 424
14 429
56 374
33 331
64 387
84 406
78 474
50 459
67 283
27 408
70 373
92 494
25 295
22 280
80 343
67 230
92 396
86 387
25 426
60 304
90 325
30 329
62 355
29 398
11 309
31 374
30 336
81 492
86 389
47 430
30 277
36 497
75 266
22 491
46 350
32 253
31 253
92 473
75 418
28 244
74 425
64 407
25 285
39 442
53 317
29 404
43 228
48 264
83 284
60 235
12 247
54 307
33 369
33 458
74 399
91 262
91 419
95 384
14 266
32 376
26 394
84 226
23 480
29 466
99 294
25 396
61 437
52 441
31 231
63 391
26 348
96 201
61 372
92 418
40 409
76 269
28 373
69 424
43 335
92 314
31 288
60 218
92 461
83 278
76 255
17 319
52 371
78 368
19 405
30 378
46 328
22 314
17 492
22 251
33 325
46 203
36 272
89 335
97 379
41 423
70 330
81 285
68 260
23 442
81 489
42 477
56 216
43 266
90 226
14 232
22 380
29 212
99 456
67 382
42 208
29 216
62 244
23 288
75 203
22 218
88 299
88 257
63 233
97 470
93 338
27 410
13 385
17 367
16 467
59 423
51 302
51 211
95 489
86 399
17 278
94 433
69 411
92 339
28 261
90 402
15 259
79 365
69 432
74 232
39 229
78 271
64 291
46 426
99 331
44 221
45 491
27 485
35 393
52 243
60 381
27 302
11 206
36 333
62 448
63 234
32 218
34 256
75 337
61 288
54 254
96 326
50 461
56 395
85 382
45 205
40 332
62 453
37 222
82 475
51 349
43 395
91 263
76 376
90 381
55 317
48 471
85 378
80 451
80 483
93 409
62 345
93 243
80 277
66 331
72 434
59 458
43 246
34 478
68 320
98 232
19 441
80 227
50 331
88 289
77 259
60 499
65 437
70 200
35 205
23 463
41 210
64 414
38 339
45 325
27 448
72 294
96 359
46 456
27 247
82 201
30 492
49 460
47 491
47 390
97 491
85 332
48 471
28 455
89 386
36 217
23 436
95 419
66 381
70 482
81 369
56 484
100 432
50 237
67 353
34 366
63 478
55 241
19 492
40 256
53 223
66 459
81 282
91 451
16 451
45 340
28 313
89 428
49 266
80 415
41 290
33 210
75 277
57 464
13 496
98 395
70 441
39 426
93 429
49 435
98 456
50 447
92 346
60 261
83 237
100 229
97 204
33 292
63 490
72 298
84 423
40 453
12 244
57 385
52 402
20 301
43 342
82 425
14 320
28 299
33 410
26 434
13 317
17 393
83 480
49 241
64 382
73 213
11 219
78 297
26 416
73 278
48 394
10 445
11 438
93 321
62 371
17 409
21 479
85 494
56 242
59 207
66 426
39 299
15 318
90 367
57 492
60 490
69 397
10 348
95 477
58 330
27 422
75 484
42 340
85 205
100 409
23 255
29 484
11 478
75 448
72 232
16 488
26 221
45 405
99 417
89 236
49 428
74 234
98 205
90 336
73 455
80 473
33 276
92 210
49 404
79 347
88 294
41 408
22 468
10 434
15 392
29 329
59 326
85 428
78 435
92 291
80 205
36 296
32 418
54 336
46 462
44 206
70 215
55 371
14 425
56 264
98 473
81 385
85 454
29 430
56 274
12 476
45 233
56 361
18 276
55 220
86 378
96 293
27 390
54 273
21 467
95 380
93 480
82 237
94 274
39 270
75 386
38 377
33 216
39 267
47 433
13 330
36 213
57 401
11 285
75 416
28 310
48 491
98 308
50 472
84 393
94 480
38 486
67 396
69 342
19 243
97 399
54 282
20 495
76 212
28 456
88 280
36 222
19 253
18 446
41 411
93 465
13 315
19 444
44 350
84 373
46 258
29 214
66 432
16 272
14 488
61 321
34 492
81 236
38 372
20 468
44 217
94 319
86 280
72 242
97 245
90 271
51 384
48 342
12 493
64 207
96 339
62 446
66 421
44 274
30 361
62 272
19 423
66 460
74 402
40 381
99 365
65 449
93 435
19 312
74 453
64 305
51 397
15 320
20 430
100 358
56 334
22 418
33 269
76 457
68 328
30 316
53 487
68 491
14 354
93 496
13 371
64 295
35 249
24 334
35 457
93 218
92 320
100 295
45 262
39 258
44 235
85 331
61 387
85 341
46 424
97 244
87 335
20 311
46 454
73 313
64 336
14 450
87 216
51 243
96 495
51 417
55 374
43 450
42 318
35 250
21 324
81 233
99 384
35 344
78 239
31 496
80 236
67 330
56 388
15 228
50 374
97 309
82 391
11 257
20 297
55 499
20 403
82 330
79 325
69 372
84 328
13 238
79 210
47 315
41 441
38 228
61 237
40 259
64 345
19 385
30 374
21 210
52 312
66 260
79 211
93 301
24 497
42 453
47 407
80 353
84 359
22 410
95 417
41 221
46 484
48 350
31 487
23 331
68 450
20 486
66 271
62 249
25 324
89 473
36 217
94 377
38 354
17 420
21 454
98 229
15 245
40 243
58 240
62 229
31 214
25 451
92 499
84 251
34 451
32 353
40 248
86 493
47 214
17 422
58 302
32 303
51 330
52 329
68 469
95 309
39 321
92 467
13 458
91 391
47 491
13 224
17 223
61 441
46 377
29 455
37 312
20 276
66 301
93 210
29 461
75 451
24 226
96 298
41 434
18 290
24 483
71 463
64 228
39 492
16 213
57 283
62 401
74 467
82 411
13 220
71 495
23 350
97 387
11 453
58 386
31 494
85 204
20 373
77 257
11 337
60 208
80 346
78 477
92 411
73 487
23 206
89 401
81 399
62 303
76 357
18 293
98 306
52 204
58 228
56 293
27 333
70 483
43 210
13 489
59 294
45 250
36 354
62 405
72 437
52 353
86 396
60 342
16 442
91 430
100 408
76 284
32 273
77 417
45 424
90 352
73 278
67 216
21 303
14 484
96 327
100 282
71 481
27 474
78 218
95 290
72 324
95 314
32 389
59 378
68 334
61 279
91 433
38 292
63 465
65 223
15 311
92 212
77 427
16 412
81 287
32 219
87 324
62 256
13 313
39 274
77 413
64 257
34 346
48 329
14 324
98 300
30 356
49 475
61 497
51 427
72 336
46 494
52 227
30 371
73 433
43 436
65 496
32 440
69 342
38 349
90 268
46 349
41 461
15 406
56 408
87 240
29 476
38 402
47 232
98 491
33 466
38 258
54 419
40 500
47 414
12 425
20 247
45 355
49 295
60 464
97 290
75 395
85 487
68 467
78 318
21 381
58 332
53 443
63 335
79 208
68 290
35 479
46 456
100 293
74 394
43 452
58 209
66 499
91 392
45 412
88 371
87 491
96 481
11 451
38 375
21 261
77 392
92 251
33 373
61 295
13 299
84 450
81 291
20 202
36 311
94 441
11 456
76 382
72 313
18 449
19 239
59 402
30 499
25 476
58 495
67 336
86 216
75 301
15 432
92 239
94 467
72 422
27 360
18 307
78 333
14 410
100 464
90 252
30 462
90 282
44 497
92 449
59 402
50 269
69 301
22 273
79 287
74 491
30 445
10 370
24 251
11 449
85 340
97 477
59 478
100 456
95 375
77 436
21 402
34 307
20 261
58 271
29 272
47 494
66 307
64 242
68 341
58 374
18 390
21 480
57 307
61 238
65 339
58 206
16 376
72 244
27 391
14 234
14 325
11 428
14 289
14 239
83 358
78 257
32 212
22 363
100 472
84 249
63 324
94 250
76 266
48 437
48 358
18 317
19 397
77 363
92 463
11 262
59 264
28 317
31 355
23 293
66 381
48 336
54 244
13 404
22 429
38 465
56 209
67 467
18 274
58 238
40 379
37 255
56 368
32 418
12 351
61 247
58 251
50 436
93 467
84 304
58 377
28 328
74 299
86 240
81 322
45 359
19 327
25 393
98 234
42 467
100 220
67 316
17 295
22 316
77 288
30 355
34 439
54 351
87 226
44 360
90 368
95 246
68 331
64 490
21 500
64 200
14 418
85 239
17 316
74 223
20 475
34 368
96 309
96 399
34 308
67 432
72 227
75 419
34 367
20 473
50 312
73 283
74 237
28 441
34 376
27 455
49 290
96 211
46 239
43 484
84 419
100 220
61 292
10 201
66 296
84 222
10 345
23 286
29 325
18 434
87 440
51 300
94 461
86 327
91 222
25 245
82 425
82 284
88 204
81 424
18 458
22 357
36 500
99 435
29 418
62 274
59 455
57 285
66 487
44 364
79 421
83 347
73 423
56 259
62 465
30 427
16 428
95 475
84 475
13 450
26 475
35 499
86 398
80 293
41 393
24 290
35 263
87 306
78 316
75 363
85 348
63 402
53 321
49 401
67 483
92 487
71 323
21 284
25 216
78 303
68 232
83 422
51 228
91 231
27 393
21 323
76 432
18 215
84 349
71 245
62 465
88 237
96 466
59 205
53 448
30 238
81 400
14 475
34 437
67 220
77 297
52 217
68 317
88 479
33 347
56 297
37 203
88 245
58 405
43 298
90 257
22 281
28 245
73 333
37 459
93 208
34 446
73 232
20 457
97 479
71 483
45 312
11 359
85 404
32 306
61 364
44 287
100 268
15 348
68 262
64 202
63 362
58 495
80 461
11 354
28 453
82 463
33 272
11 320
96 282
52 376
63 237
99 290
10 294
87 404
63 494
82 324
92 304
67 500
77 469
63 202
93 388
74 486
44 235
50 385
26 481
12 212
40 472
94 221
31 439
25 319
83 281
25 236
52 460
98 398
12 287
40 349
58 262
37 435
43 338
85 364
86 277
37 485
13 326
74 211
63 329
71 445
12 221
73 493
30 466
90 358
30 488
81 227
88 290
33 296
65 479
42 445
20 484
84 252
15 333
48 373
62 291
29 321
58 247
35 492
62 402
64 214
98 305
77 337
69 401
68 221
71 291
91 332
31 293
59 383
84 345
57 336
69 271
63 498
31 469
59 479
66 287
82 457
20 433
65 486
21 477
28 411
32 320
81 291
46 376
43 236
89 428
83 355
83 227
38 464
50 239
50 263
62 385
85 417
43 262
13 400
72 256
53 255
58 303
63 487
25 319
40 398
49 293
79 443
75 303
89 213
56 298
83 418
23 494
80 248
70 435
64 243
31 208
51 316
57 444
36 238
63 274
93 207
42 388
49 436
77 255
84 282
30 423
94 284
86 231
53 422
72 229
12 407
39 212
35 297
74 274
75 468
27 471
54 215
92 324
28 246
47 298
17 430
30 276
27 387
90 294
78 223
56 221
71 310
50 350
88 490
20 493
12 273
82 330
12 468
65 438
95 281
48 291
49 257
28 473
91 424
52 200
85 340
64 274
46 204
15 306
43 349
48 348
16 408
71 408
56 381
19 287
55 331
14 422
79 494
23 229
93 411
16 262
26 449
86 398
91 210
48 344
70 200
86 428
31 369
10 232
99 379
26 461
30 446
10 295
15 476
47 255
41 302
38 334
76 301
35 402
14 485
16 368
75 437
66 343
64 329
73 303
93 393
69 467
36 345
37 476
45 386
93 404
26 496
50 437
44 268
75 357
11 334
38 488
89 218
73 324
76 403
68 303
51 389
43 332
96 331
73 251
97 236
34 402
49 492
68 276
12 376
47 461
76 356
44 228
48 476
69 470
68 227
99 372
27 342
50 399
28 259
70 387
77 354
91 275
85 325
24 253
16 233
17 459
15 410
62 211
37 236
30 211
74 202
68 379
22 335
30 214
29 426
18 439
10 438
92 324
73 315
51 212
84 288
77 436
80 356
96 331
38 326
66 304
60 424
19 319
94 458
66 402
46 483
88 362
35 304
10 381
48 209
93 465
63 263
73 294
23 296
50 459
100 465
70 448
55 494
85 396
72 348
77 483
40 387
70 448
97 227
79 358
75 421
82 282
93 472
33 249
39 499
19 438
95 219
14 499
22 400
50 363
55 440
72 326
98 387
12 266
65 352
54 348
51 446
66 204
42 254
11 383
79 210
26 362
16 404
22 442
35 202
83 300
96 347
64 468
85 449
12 396
100 356
41 321
44 422
46 468
13 328
27 375
37 419
18 317
26 295
79 324
10 311
84 438
68 298
69 440
66 388
18 296
44 225
31 294
27 441
71 320
30 309
28 356
85 379
18 248
21 430
69 219
65 244
87 397
53 362
38 287
80 319
91 242
67 500
54 240
42 295
67 208
67 253
37 380
75 484
69 354
85 248
60 403
44 330
35 384
55 333
59 440
80 252
47 296
62 215
29 492
70 445
19 463
88 210
94 327
44 469
11 407
54 303
31 207
24 306
37 272
36 260
94 289
90 443
15 313
49 470
61 467
37 451
61 310
70 471
39 454
70 316
87 405
55 316
27 249
27 252
92 259
95 283
75 374
43 482
14 382
31 489
53 262
89 227
35 399
20 207
63 385
58 360
74 491
19 452
88 296
100 259
59 214
28 401
57 266
67 221
96 230
25 495
99 397
68 363
26 417
14 294
75 442
44 341
44 328
57 369
97 494
64 477
66 469
42 242
59 457
36 381
50 221
18 477
72 295
35 462
71 458
83 262
17 459
10 279
33 444
36 408
66 275
74 292
52 459
97 227
69 296
72 248
91 481
20 485
73 313
67 486
92 401
41 470
29 451
13 344
89 396
71 479
46 385
39 463
67 355
51 457
21 244
61 217
73 479
81 448
33 347
41 363
49 481
78 304
13 279
73 472
37 449
64 343
58 471
77 374
82 494
67 474
57 233
21 462
14 443
27 252
55 291
16 234
29 446
25 349
81 235
96 398
48 219
97 214
14 244
74 263
54 417
43 475
20 478
46 410
63 242
15 407
74 326
65 302
58 477
42 444
86 220
63 393
49 279
29 479
86 244
94 260
86 227
19 359
43 368
73 322
71 480
30 493
53 367
54 224
45 495
94 253
40 206
17 202
32 353
86 308
45 472
27 255
68 351
42 402
45 381
23 428
46 451
13 364
99 413
54 359
97 254
64 319
19 308
31 245
23 251
30 256
49 470
95 419
37 424
35 338
94 242
79 362
99 384
83 207
56 364
93 401
36 228
95 377
43 289
94 495
32 223
30 260
24 260
96 261
13 248
77 486
31 363
54 231
54 322
42 240
25 304
14 302
98 409
12 366
23 350
13 236
36 360
34 264
65 224
55 301
12 224
29 261
94 382
33 382
62 230
46 337
16 260
81 415
11 316
99 364
96 389
77 236
89 446
35 417
46 426
76 492
28 201
52 234
84 295
21 286
56 235
21 408
60 260
67 462
37 300
38 290
29 475
18 436
69 325
25 338
40 268
16 398
11 281
32 402
86 296
29 399
53 309
95 375
48 326
80 494
42 410
24 312
76 307
86 201
29 298
13 431
17 317
33 384
31 208
56 222
14 421
11 384
31 476
76 347
36 292
24 476
25 321
83 233
78 233
36 258
32 273
72 395
11 215
11 486
66 262
56 226
86 377
97 462
33 367
93 351
80 296
81 309
61 311
12 244
47 326
88 373
84 439
62 487
16 346
34 377
73 428
21 289
17 262
28 354
42 207
15 236
43 279
33 470
65 487
32 433
81 214
88 461
32 373
12 356
28 368
27 325
33 385
12 298
100 363
33 274
57 406
16 423
41 455
84 325
81 355
25 203
78 312
79 321
69 309
55 453
71 408
95 472
63 390
88 489
44 420
94 321
67 373
44 260
18 435
57 217
49 340
67 458
38 383
43 387
79 404
100 418
22 315
98 353
18 357
37 205
22 352
97 351
100 318
77 250
75 443
77 291
59 487
95 434
95 226
100 360
79 408
39 490
19 365
29 476
38 432
87 497
57 205
29 257
40 457
81 326
45 324
83 329
16 415
97 428
67 382
91 319
75 212
90 210
73 349
82 297
82 417
13 314
67 390
49 444
44 377
29 443
40 436
90 208
78 283
64 240
62 421
97 454
36 366
37 260
20 399
62 495
39 451
31 436
14 377
19 435
52 449
82 452
39 347
45 483
74 395
68 345
15 280
25 499
12 210
94 359
23 415
14 474
37 359
65 454
21 237
98 488
12 464
99 267
66 399
11 490
95 221
83 257
86 330
95 496
67 262
63 500
22 457
49 291
19 331
99 301
40 382
48 251
37 477
37 353
97 367
86 317
23 426
17 438
83 378
12 346
15 237
99 365
49 266
30 258
13 450
97 463
77 346
39 374
43 280
97 345
74 318
10 284
30 284
11 249
35 354
68 350
32 489
20 333
67 420
46 299
76 398
67 449
39 474
56 264
79 298
28 450
14 320
93 358
35 455
90 264
61 500
16 448
39 327
