10000 500 200 500 10 100
78 492
54 344
11 386
12 267
38 236
89 201
43 203
74 202
63 377
30 397
18 254
68 233
59 443
32 470
50 214
56 269
54 302
51 456
12 371
12 432
17 328
15 202
62 359
100 463
78 282
27 387
39 449
25 385
45 278
94 356
79 227
67 498
11 236
41 214
23 476
44 462
51 276
70 384
45 419
80 420
51 455
79 336
98 424
31 443
57 323
81 494
63 421
21 377
17 392
31 212
11 234
50 421
84 438
54 495
42 400
58 305
46 470
26 457
46 359
76 293
61 395
27 230
57 225
95 471
97 497
48 234
60 457
13 341
61 457
25 449
98 499
94 410
62 444
77 207
20 463
53 233
79 336
65 421
25 421
52 478
54 323
73 397
95 364
100 372
88 271
28 375
50 373
82 435
85 297
25 317
81 493
82 314
92 312
47 388
21 325
81 348
96 325
31 426
30 231
62 207
99 417
55 270
92 314
67 304
49 397
87 369
67 219
79 466
31 416
27 313
68 468
24 387
52 455
70 480
66 358
42 487
11 267
30 312
77 262
85 240
86 285
99 245
55 341
64 386
55 313
89 496
43 358
94 272
47 392
73 246
85 488
85 272
17 290
41 384
17 499
100 458
12 333
46 337
37 462
50 479
44 369
22 305
40 253
24 287
85 377
97 494
54 264
71 367
11 399
100 353
43 475
66 429
60 312
56 229
64 436
86 298
50 380
38 279
83 478
36 327
93 347
53 468
30 284
62 214
42 283
95 328
22 427
74 313
24 470
76 210
95 497
39 459
39 409
40 207
74 251
96 439
53 403
66 309
26 387
21 418
95 388
87 226
28 450
96 251
97 328
37 273
12 268
89 450
50 469
69 261
49 239
43 367
67 303
27 378
97 497
94 460
98 239
24 346
95 473
75 357
98 407
45 425
85 360
94 350
53 280
11 246
27 359
46 211
22 337
29 349
18 383
63 364
19 493
86 309
87 355
21 213
79 345
47 435
80 211
50 231
94 444
40 360
11 439
20 411
56 459
32 255
68 317
33 462
25 378
98 472
86 486
12 493
28 322
80 233
44 461
10 373
34 290
64 405
70 302
49 201
66 325
96 351
36 424
81 450
54 332
70 232
13 304
19 295
75 401
46 207
35 290
62 215
39 312
47 306
52 434
94 424
75 312
58 399
72 233
15 235
33 467
72 382
63 241
21 395
87 254
63 252
19 232
70 474
94 386
64 206
56 285
16 276
47 351
48 331
56 220
50 500
98 332
69 456
56 306
51 213
54 253
16 454
46 282
66 327
99 404
75 485
40 411
55 335
99 433
11 395
62 230
87 389
63 473
73 383
52 444
67 388
44 462
23 480
65 466
19 358
24 338
72 358
65 301
85 258
73 408
71 436
92 495
10 448
29 417
80 445
49 226
30 306
73 372
63 378
92 290
91 206
19 276
24 425
96 255
54 308
11 284
18 299
89 367
64 444
44 326
42 394
79 470
30 488
22 484
42 427
18 299
73 201
11 446
17 450
12 308
27 413
40 250
23 419
61 405
53 400
19 250
41 282
100 241
56 258
98 384
42 299
73 317
49 307
18 425
70 211
71 264
40 373
39 282
46 430
83 455
47 468
36 371
97 423
93 216
64 387
56 364
58 333
80 484
56 441
16 395
24 339
29 223
95 222
24 253
64 242
45 230
15 410
42 457
59 262
70 461
78 322
34 383
98 203
49 344
18 474
31 243
49 447
95 273
24 322
90 318
32 282
42 322
95 499
56 472
25 500
83 209
95 205
46 225
37 457
98 350
57 306
32 441
86 461
92 419
51 340
41 446
68 283
28 261
64 243
31 290
16 465
35 313
37 390
56 427
73 406
63 475
36 471
78 212
64 377
38 462
12 366
42 337
59 321
48 479
50 380
92 355
53 317
58 263
68 205
60 250
74 466
22 372
24 388
75 264
21 213
47 480
35 330
100 276
55 464
60 263
86 271
14 386
48 284
34 343
83 338
99 450
24 316
19 488
26 403
16 468
12 225
67 243
85 263
76 254
83 220
88 267
94 433
60 429
17 301
46 454
31 313
99 241
71 473
37 382
54 228
77 240
50 296
48 357
79 250
81 232
65 426
82 363
22 451
89 222
42 210
35 439
85 328
25 252
95 406
41 375
48 232
59 436
30 397
76 334
36 401
22 218
77 414
12 332
52 319
35 314
42 279
27 453
84 482
72 407
47 337
81 270
91 394
73 395
52 497
19 488
20 394
31 422
42 284
38 370
78 357
48 482
77 487
89 241
97 388
55 304
80 478
82 342
81 330
43 412
18 264
63 422
91 302
68 464
71 346
33 487
76 215
37 388
36 352
28 419
39 326
83 213
25 346
95 373
71 392
82 200
43 381
60 261
46 214
73 215
40 255
72 363
30 420
74 471
78 378
97 259
82 310
96 204
97 428
57 330
82 360
100 422
90 450
65 422
94 456
96 325
86 389
55 481
28 437
80 379
36 488
30 215
71 460
69 201
69 346
51 404
70 359
82 497
25 257
85 222
36 304
58 422
63 232
81 300
84 251
95 481
89 315
82 284
93 215
43 359
28 315
65 316
87 285
10 481
82 230
37 253
82 247
83 276
51 326
80 447
77 202
62 313
88 372
41 289
46 380
95 447
58 408
14 367
59 375
10 483
17 299
65 437
76 209
33 375
27 287
15 410
39 499
75 355
100 419
23 206
44 289
62 242
84 464
90 387
88 455
91 390
44 404
47 348
73 237
36 447
90 294
46 362
61 379
99 411
80 409
21 295
82 267
69 443
56 394
25 267
65 448
55 350
77 233
71 413
78 470
92 344
92 215
49 304
11 472
29 391
21 381
21 327
30 470
75 429
54 348
90 210
58 402
33 346
89 307
37 404
55 366
87 238
19 451
15 475
89 306
72 251
83 248
18 385
79 396
96 330
36 206
58 289
82 450
73 292
38 391
52 281
45 441
83 387
80 411
45 262
39 475
30 402
52 440
41 439
76 297
16 329
74 306
49 462
98 250
41 209
38 499
72 497
75 359
44 279
96 244
76 235
86 404
63 389
51 422
21 429
46 242
82 271
98 424
81 302
59 235
85 363
57 403
76 421
64 492
93 280
53 240
100 454
80 450
83 236
35 368
10 339
38 471
97 207
29 392
48 265
14 422
27 409
95 236
100 283
66 227
33 212
22 376
64 461
11 456
77 395
57 360
61 482
39 393
92 423
51 248
89 460
78 314
34 492
61 395
84 326
42 285
52 388
93 452
63 485
15 243
85 479
33 362
27 431
56 399
73 236
47 489
70 314
29 261
50 401
97 226
23 277
93 263
46 221
71 211
97 371
55 334
55 355
79 259
56 500
44 286
49 302
42 481
59 325
28 368
57 448
48 200
16 205
90 438
96 478
67 481
53 401
35 498
15 209
86 239
93 412
42 443
64 348
66 327
88 364
37 498
61 338
69 284
85 460
72 318
71 369
72 285
13 260
37 274
65 237
33 227
96 387
51 361
39 291
34 456
16 432
79 214
15 348
88 361
21 218
71 494
51 424
22 456
93 208
81 253
25 240
67 392
32 398
33 359
40 439
96 393
89 215
13 388
91 404
85 421
12 425
46 308
50 340
79 281
24 492
53 291
25 262
67 357
81 434
26 398
65 330
20 491
11 395
10 407
67 324
56 219
93 440
94 294
67 238
93 325
84 460
73 459
18 245
100 431
47 280
64 299
90 367
71 453
51 314
45 309
19 436
57 384
100 354
62 301
75 354
100 370
52 239
74 232
28 342
13 212
15 239
83 229
94 299
12 468
79 239
32 249
55 353
70 498
46 412
73 296
92 474
86 225
60 493
58 298
85 470
60 454
81 371
48 415
50 311
35 282
50 356
86 224
15 213
11 363
94 269
79 388
62 374
29 205
22 420
17 449
91 362
13 397
63 282
98 402
54 340
47 493
96 212
15 403
96 437
15 400
61 223
37 498
10 450
88 211
86 203
36 206
79 259
46 297
43 413
98 484
83 380
60 498
47 442
97 316
89 363
85 383
49 253
24 482
85 230
79 270
23 351
100 349
60 429
87 450
96 393
59 344
44 409
20 362
37 389
40 477
34 444
81 387
53 438
39 397
60 311
60 452
38 243
28 270
21 444
97 211
51 402
48 357
26 344
84 358
81 395
85 283
92 443
41 283
23 288
34 246
40 396
100 258
97 496
18 258
86 298
77 223
76 374
39 208
90 297
62 499
89 450
76 279
65 450
40 470
40 240
14 385
65 412
92 273
85 272
31 295
85 350
24 216
76 397
15 439
65 340
90 384
68 416
50 379
88 222
10 403
98 364
51 449
71 481
39 433
21 251
43 320
20 244
56 322
63 310
69 384
82 446
87 437
76 428
72 476
70 463
44 463
93 416
99 301
97 279
35 346
50 459
13 480
41 500
63 394
36 310
91 457
42 493
20 315
30 457
88 319
70 418
73 394
32 390
42 478
61 477
89 299
52 487
24 336
30 329
94 244
25 205
28 393
24 343
45 366
37 298
88 418
16 215
76 298
48 254
73 324
91 297
100 363
70 400
79 218
17 427
100 367
18 264
96 327
73 466
85 405
62 428
22 477
49 382
22 297
75 248
50 415
100 242
61 377
80 476
21 369
64 459
72 232
92 443
22 276
61 301
80 420
31 252
98 421
60 420
75 319
58 337
54 261
80 210
79 218
98 282
62 336
64 321
50 410
17 426
36 420
21 468
97 255
25 485
67 403
67 391
100 320
72 205
88 355
21 267
27 450
72 460
32 339
66 352
45 242
88 485
94 252
94 500
96 420
47 481
84 285
19 243
44 348
53 234
48 263
13 275
35 451
98 496
10 212
83 237
52 373
87 415
33 422
51 431
89 295
43 362
54 232
34 284
49 402
35 230
57 368
15 375
13 237
93 307
28 467
29 202
99 365
31 464
85 228
49 325
60 254
61 202
87 341
18 365
79 302
76 457
35 450
17 488
83 452
95 435
38 387
87 456
82 303
21 235
79 313
93 404
96 296
22 403
56 340
34 430
26 462
23 311
80 416
42 296
47 341
42 484
67 417
28 477
89 358
69 250
89 269
76 235
85 258
83 201
71 454
28 290
69 214
92 224
79 448
26 496
77 300
54 213
39 367
46 486
10 348
10 393
82 439
53 231
63 264
97 344
95 361
37 331
73 232
64 204
14 374
67 415
91 377
79 440
46 315
63 466
82 410
16 329
93 484
29 242
85 342
59 214
57 218
59 276
13 450
34 429
56 479
16 246
65 220
83 296
62 360
65 247
25 317
59 366
83 486
44 297
21 243
63 227
79 405
51 211
33 333
70 377
28 232
42 364
23 307
11 338
39 368
71 485
53 210
80 484
25 456
56 470
69 289
57 460
29 249
46 496
89 359
48 443
45 443
17 394
74 465
87 465
91 314
20 266
57 497
85 467
29 227
98 349
48 382
52 208
69 227
90 262
20 274
82 477
87 210
66 265
23 299
25 205
80 376
63 436
79 219
99 272
78 287
13 312
67 479
63 399
60 273
10 240
96 365
78 312
33 335
95 247
49 304
66 244
99 274
17 351
28 280
93 289
65 242
92 335
13 471
37 375
22 393
86 339
72 431
52 330
60 276
57 397
18 380
80 359
94 319
48 394
56 280
34 265
89 334
21 292
86 331
18 246
76 330
68 480
20 285
22 223
18 386
31 440
99 259
34 366
13 206
68 225
65 242
86 357
34 388
61 379
46 314
17 441
26 258
39 454
48 429
96 403
75 295
36 328
43 389
28 430
48 201
59 379
95 494
72 318
95 435
37 349
55 319
69 442
36 408
60 419
66 271
83 399
34 361
67 419
32 418
67 343
88 303
90 362
59 207
26 427
48 375
10 388
14 262
64 320
84 475
67 255
32 309
43 309
58 328
77 470
64 325
68 415
21 232
49 422
72 454
40 379
35 321
12 322
63 397
32 303
42 430
49 314
91 210
37 459
98 349
46 334
63 489
66 299
77 222
97 209
87 267
58 253
85 456
13 220
42 265
10 370
40 431
18 433
47 304
32 228
65 267
21 375
88 308
54 225
99 393
67 204
95 373
59 296
92 381
79 327
67 389
78 339
81 378
80 459
31 411
78 384
87 298
67 483
29 431
56 435
25 390
28 282
53 496
51 288
55 393
85 219
62 309
71 299
11 328
77 367
53 494
73 466
60 206
30 395
13 354
23 259
51 216
54 204
18 418
55 285
78 406
92 290
18 311
88 400
13 447
96 427
89 265
11 480
24 238
81 458
61 453
63 334
36 256
23 430
65 379
24 482
61 218
34 498
32 462
78 216
93 412
98 297
21 234
82 497
47 400
70 363
20 420
27 271
92 283
60 398
61 414
88 445
98 400
80 209
50 338
17 218
11 419
39 475
83 289
11 474
53 374
82 240
93 281
25 217
92 260
94 224
13 242
27 304
19 359
83 201
34 289
71 495
74 232
11 358
36 337
39 209
73 417
96 201
35 309
65 209
13 382
86 241
93 451
33 265
25 409
40 254
21 485
75 403
63 364
57 236
41 340
31 410
60 243
85 453
55 430
28 420
61 444
27 434
69 255
34 401
18 464
34 359
64 350
84 413
92 270
32 412
26 444
53 416
87 232
25 288
94 278
15 471
10 418
24 262
89 301
53 335
66 264
42 461
56 204
63 376
19 272
86 485
92 358
65 452
83 217
90 249
77 497
84 215
44 323
99 336
64 388
46 387
45 464
66 315
20 470
91 492
13 478
17 456
68 325
90 424
15 345
80 337
90 391
21 204
24 328
19 336
79 259
24 418
49 267
68 389
99 422
41 477
51 305
23 433
75 487
76 221
98 277
25 371
18 460
74 380
100 465
27 201
17 436
18 446
74 401
32 439
50 464
92 420
29 245
27 447
88 207
36 311
11 224
35 451
78 307
58 470
62 244
72 494
32 288
80 382
18 273
32 208
28 484
29 253
44 228
94 208
93 417
70 269
34 450
66 374
74 248
96 225
15 212
59 472
63 458
87 487
93 422
45 465
48 372
75 332
64 467
67 334
15 307
66 273
11 320
95 261
62 438
64 411
73 255
57 499
13 484
59 442
69 378
71 457
21 424
53 347
67 327
11 221
26 332
11 440
52 441
55 270
11 236
87 277
48 311
62 253
95 459
11 397
84 400
33 283
70 340
88 411
66 360
62 349
19 426
62 342
75 488
82 442
96 392
12 264
29 442
12 245
54 260
93 434
75 494
87 482
18 395
34 248
79 222
18 445
12 384
13 461
57 448
16 343
70 319
49 291
53 473
28 409
54 477
89 442
91 307
80 200
65 462
90 455
53 343
85 330
85 384
50 346
53 392
83 419
82 345
28 220
36 295
86 299
20 220
79 439
65 310
26 477
25 436
79 205
66 228
40 254
68 324
81 492
53 287
87 476
12 369
22 398
67 373
89 433
88 436
41 419
79 207
34 266
25 275
42 420
30 356
31 414
69 271
62 445
83 265
62 439
69 415
39 398
89 281
66 379
86 400
28 211
71 441
38 248
19 298
31 218
95 339
43 382
71 286
91 467
96 495
37 285
81 490
53 446
48 460
99 236
69 319
13 215
87 223
80 224
64 480
51 473
15 373
92 426
42 379
29 259
89 246
18 231
40 474
54 256
86 448
27 241
87 238
48 325
25 268
48 280
81 239
54 263
89 304
25 320
82 330
75 254
72 370
55 362
23 409
96 224
68 408
53 422
42 270
97 405
71 294
53 283
86 486
91 495
59 284
21 420
67 391
63 239
48 207
93 352
33 216
60 271
100 442
62 319
20 489
69 248
93 458
49 365
35 427
32 432
98 372
24 374
46 274
56 272
11 212
99 447
53 250
78 351
41 409
11 402
51 393
48 428
45 231
37 242
79 300
16 367
57 223
58 484
24 351
94 327
32 430
66 290
67 490
82 420
90 309
11 243
69 272
36 301
53 411
90 209
39 465
25 483
43 365
96 233
56 471
89 277
44 332
17 328
14 206
25 417
51 319
87 215
84 277
40 443
92 408
75 448
42 277
33 308
79 294
86 356
34 400
67 363
82 249
86 500
42 437
79 320
82 273
55 395
40 400
17 287
85 488
16 378
35 363
55 353
75 225
93 420
15 443
29 354
86 221
36 497
33 467
63 463
33 349
49 338
73 393
48 253
92 359
36 291
10 315
31 377
22 454
36 213
35 327
30 285
40 418
54 204
24 295
84 372
40 223
63 390
79 333
76 444
72 323
50 412
84 428
63 226
47 333
39 475
61 253
99 205
69 239
17 303
75 376
83 477
23 434
34 212
63 259
78 207
66 440
23 218
52 405
61 498
28 432
78 446
28 379
33 405
45 410
86 452
84 432
42 433
67 243
68 380
83 350
71 383
27 203
13 457
24 343
21 394
70 323
38 208
83 489
38 319
17 369
54 382
45 447
14 414
69 208
48 241
71 430
53 397
56 222
20 239
74 204
66 338
37 420
85 228
17 207
17 204
91 417
68 426
64 449
91 302
61 383
36 214
100 415
73 444
89 463
25 252
67 264
21 493
37 486
84 392
73 316
75 267
15 230
51 294
31 231
91 334
86 438
30 424
22 458
41 239
38 249
25 335
54 430
69 296
86 297
42 306
97 281
37 344
66 264
70 239
36 283
86 458
57 471
61 322
24 448
69 245
27 401
64 258
36 406
69 444
38 240
33 366
33 321
90 382
56 397
94 430
90 293
57 500
48 467
14 338
79 483
31 359
36 462
30 464
33 470
38 319
69 355
13 228
38 393
99 360
69 279
83 268
70 324
58 283
64 338
87 454
15 253
38 403
55 428
58 331
64 471
93 253
26 333
42 249
15 390
55 314
31 397
86 290
30 398
25 260
77 244
42 255
72 223
77 210
46 272
57 495
90 239
49 266
62 227
24 346
74 474
95 334
23 290
12 289
40 497
43 474
45 311
52 286
99 435
86 484
70 386
24 447
99 424
65 496
61 328
81 316
65 250
46 370
18 324
74 278
45 257
72 309
98 478
12 402
95 390
57 367
46 261
77 399
51 275
59 385
37 486
52 402
68 401
32 325
15 481
94 242
28 352
83 304
41 495
75 490
89 289
53 409
19 419
87 233
24 451
78 345
91 318
96 421
88 267
13 441
76 347
43 484
25 282
72 277
27 492
46 410
49 372
58 328
72 323
35 283
42 428
90 459
49 423
98 212
65 323
84 487
61 384
50 417
59 456
33 491
75 209
63 425
20 416
89 420
17 312
84 262
42 328
51 233
20 298
35 490
12 396
31 390
88 293
93 443
46 249
94 444
10 231
88 337
29 370
73 385
52 406
55 471
83 365
82 482
98 499
85 332
24 295
79 372
40 277
29 386
13 497
50 231
85 447
42 374
66 271
56 496
24 352
17 408
22 419
71 378
96 258
72 208
78 481
93 491
39 495
84 230
50 454
63 468
23 378
91 465
26 246
12 374
63 375
54 364
63 419
48 408
87 449
85 228
77 245
89 384
14 394
11 429
22 475
41 497
76 436
31 499
84 422
85 329
98 402
38 339
33 432
34 497
48 412
91 258
12 493
47 395
14 254
78 432
29 418
16 279
94 339
49 232
78 450
40 305
42 251
88 370
43 389
38 261
85 340
23 456
61 408
20 467
62 372
99 440
98 276
92 391
59 244
85 424
43 233
65 243
83 371
95 415
81 228
78 206
68 493
69 449
13 211
100 311
67 211
62 422
66 217
72 451
100 485
68 204
34 352
72 201
91 359
50 429
14 290
90 453
34 346
53 381
37 213
19 439
14 492
75 210
41 370
65 271
55 284
90 271
17 221
13 305
43 386
69 465
87 418
36 457
70 266
10 268
49 329
17 202
98 264
39 279
81 373
85 487
25 323
68 291
52 278
84 422
40 379
50 338
27 251
36 308
72 432
47 346
100 280
63 279
35 259
88 477
49 406
95 338
64 220
50 271
50 324
54 461
39 277
97 247
87 393
97 395
22 430
69 283
51 287
72 303
40 419
99 227
49 242
98 302
72 293
71 258
34 265
17 318
35 216
35 420
53 470
70 432
29 304
40 359
76 223
63 487
79 241
49 215
71 327
46 243
46 440
33 234
85 468
49 245
98 467
85 291
23 478
15 284
99 384
28 422
64 405
44 298
60 370
76 427
82 379
80 365
82 469
51 272
97 450
93 369
81 481
44 301
48 431
89 239
11 277
38 471
15 267
78 325
17 330
11 383
28 419
15 276
10 346
28 272
63 364
91 211
52 401
91 302
37 446
16 395
49 200
20 402
69 433
35 404
94 425
27 220
71 232
20 480
59 394
68 474
13 442
18 402
46 495
24 373
40 243
65 361
28 382
87 209
25 437
80 275
49 398
30 454
10 340
98 257
33 382
34 491
76 413
61 314
94 294
49 244
59 202
66 278
96 366
82 397
28 399
29 412
21 465
93 476
98 496
88 287
17 211
36 400
16 419
76 228
24 449
49 298
44 376
14 233
21 362
50 241
100 299
59 306
35 216
49 367
95 313
69 338
10 430
65 446
81 500
32 258
17 496
32 297
40 431
81 310
75 458
80 353
53 201
48 268
96 490
27 229
77 287
18 325
44 303
47 263
13 494
73 449
95 427
62 257
84 273
75 399
26 365
86 235
99 460
27 384
74 487
47 451
83 479
82 490
81 244
95 281
88 323
58 374
79 473
69 305
69 497
37 224
13 204
34 478
99 362
59 311
48 422
40 321
13 485
10 379
39 260
31 465
79 439
79 281
68 219
72 406
44 288
93 275
74 490
12 454
31 312
62 347
73 474
16 331
12 476
23 436
28 418
38 318
39 488
70 466
18 483
87 421
94 249
53 260
59 447
94 237
33 478
65 490
100 301
72 358
96 278
59 210
45 442
37 500
58 425
34 385
92 284
71 376
16 500
16 270
33 451
61 351
17 440
15 327
50 409
71 266
79 226
76 329
33 354
51 347
62 292
100 384
49 235
56 408
48 497
73 378
24 483
43 272
48 317
54 463
80 333
13 410
60 253
89 276
98 316
27 384
14 404
30 483
51 327
61 371
91 265
22 468
56 475
52 469
57 388
63 265
73 357
11 277
99 411
69 215
83 475
18 333
13 416
57 214
67 454
96 264
41 331
24 464
25 220
62 345
78 261
25 326
43 282
36 277
33 455
91 418
81 492
19 455
91 314
54 348
75 252
68 433
73 392
73 438
65 277
78 217
48 442
46 255
73 445
39 365
29 375
27 226
45 282
64 472
94 400
99 311
74 480
90 233
65 440
89 232
87 254
24 303
21 342
87 418
85 440
59 383
99 314
85 379
13 289
31 490
19 469
27 338
49 293
84 267
86 292
86 498
54 247
24 290
23 407
29 373
79 239
28 359
54 414
73 447
14 336
70 389
77 435
23 200
20 348
82 208
85 265
31 234
83 254
74 450
62 480
57 456
33 327
34 270
95 301
51 442
54 352
38 491
61 255
99 263
65 406
30 240
26 476
58 232
67 297
58 389
77 253
76 244
60 408
58 319
98 230
15 343
36 339
35 366
48 472
75 496
67 399
70 297
63 259
45 301
49 210
10 331
78 283
96 342
40 388
81 397
15 470
41 248
83 322
82 452
53 241
87 420
68 433
55 211
74 295
66 496
10 252
54 318
60 450
15 275
56 420
80 204
89 461
56 446
94 366
54 274
10 243
18 245
50 460
15 314
70 267
52 309
55 384
11 404
63 386
57 421
18 348
33 392
26 376
30 239
86 433
18 347
69 205
72 349
97 346
49 468
65 471
53 482
67 202
77 438
77 261
92 391
76 231
62 366
19 318
65 398
19 467
44 425
53 385
67 385
100 435
69 343
76 429
37 209
82 408
25 217
91 253
22 225
47 389
21 390
19 244
14 456
13 230
23 432
71 351
59 345
11 419
87 390
55 260
73 227
81 294
64 335
58 352
90 329
13 251
14 446
41 205
94 255
37 479
53 400
12 202
84 313
45 481
44 216
47 299
42 458
58 488
51 438
35 402
65 277
58 235
13 446
58 321
86 474
30 387
45 276
94 367
53 258
14 290
45 338
19 267
85 231
90 286
37 393
83 485
69 338
77 391
83 458
86 483
72 209
60 254
54 456
51 424
100 217
100 288
60 351
92 349
77 410
33 249
22 320
58 471
46 202
16 439
22 272
49 289
60 489
17 316
70 463
64 458
13 201
83 233
73 350
62 433
73 265
69 259
17 464
29 291
30 290
88 273
81 400
43 443
52 404
62 282
98 496
60 243
79 234
82 247
71 407
70 392
98 359
81 254
34 379
20 487
90 273
50 330
88 370
81 259
32 229
68 337
58 330
11 420
60 406
58 497
42 344
26 432
73 486
98 274
61 229
14 282
32 217
36 224
91 384
11 410
12 374
60 336
87 376
13 265
97 472
84 293
95 296
84 267
23 460
27 446
15 299
40 240
93 339
100 453
37 246
60 282
33 255
53 321
33 424
35 412
33 345
74 409
35 427
48 471
92 215
39 325
12 343
33 329
89 328
79 402
49 290
72 492
64 351
98 226
87 396
69 368
58 391
90 379
89 201
48 402
55 464
39 281
45 290
53 236
10 441
12 240
76 371
38 325
14 292
79 245
76 288
63 426
42 489
33 495
80 351
27 457
47 372
46 370
35 396
32 328
36 293
92 316
25 297
94 435
73 241
74 274
72 341
34 456
43 252
87 217
81 294
64 467
77 460
26 325
51 493
16 441
36 468
95 499
45 396
72 402
76 361
18 464
89 475
13 279
16 317
61 328
20 219
31 275
78 431
14 335
85 251
22 407
19 281
26 283
58 235
24 311
49 461
34 346
44 494
22 309
44 471
54 471
14 481
95 419
21 396
26 283
20 277
33 415
99 343
53 232
90 433
96 222
15 367
84 226
74 491
53 368
86 221
25 350
71 334
88 362
36 270
94 425
59 332
45 404
29 287
83 250
17 228
28 310
61 287
24 453
60 371
95 437
26 408
51 292
10 303
85 270
59 296
89 470
22 284
81 249
37 257
67 288
40 218
73 378
49 433
78 331
71 451
61 394
100 303
54 349
94 388
89 478
33 312
22 258
26 268
94 465
18 304
13 360
62 400
56 427
79 368
63 334
23 223
53 375
80 212
75 483
51 340
79 230
56 356
36 246
47 344
41 499
97 462
57 269
73 346
21 392
91 400
17 480
52 252
79 250
19 275
57 311
32 339
88 316
26 378
66 368
97 272
71 418
57 423
13 344
85 380
87 481
53 209
41 452
16 262
42 473
79 381
93 200
78 373
95 214
57 429
73 220
73 396
63 483
24 373
11 285
45 259
90 229
82 474
99 227
56 432
67 270
45 481
51 333
92 336
32 352
21 377
73 213
55 309
12 288
92 271
85 483
92 387
77 348
58 443
23 293
31 222
55 436
92 383
42 305
58 314
12 232
76 278
70 461
100 241
16 318
39 422
81 393
27 211
19 316
49 263
96 276
29 471
37 238
62 229
74 320
50 249
59 231
50 398
100 414
53 240
95 399
22 480
28 417
49 230
31 393
77 391
59 328
29 431
86 463
71 459
71 201
35 384
54 233
47 474
79 367
76 428
35 373
64 306
27 347
61 322
55 379
28 458
49 322
15 271
46 246
85 315
50 486
36 228
11 228
64 415
80 464
69 411
26 448
76 375
53 302
46 282
27 407
64 385
28 275
54 210
98 434
34 317
28 273
95 388
49 296
63 395
87 394
51 345
71 271
64 384
15 414
74 302
80 353
15 246
59 392
79 499
68 331
58 244
79 360
68 352
27 433
10 414
69 250
33 365
30 227
33 494
49 412
38 210
51 231
44 392
72 262
19 247
79 404
78 495
73 371
92 418
83 343
56 378
59 339
98 464
29 239
31 206
80 201
14 415
18 421
84 404
77 445
73 325
23 390
29 259
12 365
38 364
66 206
90 349
80 284
57 410
70 218
85 224
16 280
87 200
16 494
57 433
80 252
92 434
87 276
41 453
84 419
74 397
32 307
27 219
13 307
28 465
31 493
94 242
17 325
14 471
67 395
59 403
98 411
92 287
77 279
35 376
17 356
26 372
80 215
95 252
33 467
36 345
78 403
98 429
63 378
24 243
26 252
82 418
40 232
23 347
58 494
31 257
27 442
57 209
44 467
97 478
81 278
38 290
15 408
23 407
91 368
67 256
65 295
46 280
74 376
11 387
77 296
12 467
70 220
17 443
27 488
87 369
53 441
74 445
13 479
42 382
24 200
63 464
100 309
37 371
37 368
57 303
78 348
24 200
34 445
67 304
52 312
13 446
31 432
15 349
26 441
81 454
99 418
36 485
58 307
33 461
72 259
14 387
55 482
66 224
68 228
85 306
38 300
14 290
81 289
46 340
74 469
54 419
22 409
33 311
60 405
34 440
53 233
87 320
75 412
94 338
91 421
14 478
28 394
41 451
45 205
59 462
57 334
43 207
100 482
19 457
39 339
98 248
36 473
59 336
53 410
96 222
30 367
26 248
35 216
64 441
51 489
95 343
42 231
48 262
20 469
54 296
91 365
47 429
53 461
26 419
11 487
56 398
38 339
88 311
83 344
49 325
27 403
11 352
33 319
53 344
60 331
45 344
12 233
67 230
41 285
67 313
75 237
81 374
48 356
65 230
73 435
71 229
100 222
11 470
75 243
66 326
14 203
37 268
100 491
78 429
57 396
89 296
21 452
33 309
91 352
97 255
17 393
15 374
55 465
92 204
78 406
16 280
75 249
15 344
54 397
30 264
44 263
31 474
41 278
31 321
58 320
48 217
47 409
34 326
77 233
38 228
90 410
53 246
95 406
54 449
57 463
12 292
83 322
63 439
41 297
99 330
64 334
17 328
17 487
56 314
75 232
55 358
81 399
45 300
72 243
41 356
63 209
36 429
30 464
21 481
36 376
68 376
74 407
54 200
87 355
27 311
46 405
79 227
32 271
19 409
65 324
39 268
46 462
25 414
71 313
45 435
27 204
51 396
94 211
34 201
58 460
95 451
23 429
91 417
49 305
56 262
12 237
85 212
66 225
69 373
17 269
88 474
32 264
78 331
49 264
59 390
52 292
17 286
80 267
27 419
61 476
50 200
20 209
28 460
14 336
66 219
16 286
62 325
98 310
71 425
94 237
97 296
36 353
81 299
28 232
52 491
33 449
21 469
42 401
73 391
43 209
75 340
99 301
95 395
66 370
96 234
85 332
76 486
22 411
43 302
54 200
35 399
93 482
74 305
94 244
89 318
91 303
39 246
90 321
48 315
52 209
32 296
35 429
64 223
16 264
95 481
99 367
54 463
84 496
96 481
80 211
66 491
47 454
22 468
83 427
99 215
93 329
24 225
98 342
46 245
91 323
27 368
77 354
60 338
14 346
90 287
39 365
71 370
14 264
28 292
96 317
37 376
27 367
86 351
45 348
83 261
79 422
41 409
34 259
69 323
46 263
76 211
84 489
67 446
45 467
91 441
82 242
98 377
86 416
78 316
31 424
20 432
22 255
18 318
42 234
38 419
51 352
15 425
66 260
76 290
19 305
94 458
11 245
17 204
37 361
17 422
98 396
21 378
32 340
73 464
59 387
41 422
84 261
52 276
71 414
12 245
10 345
88 263
12 234
52 299
42 286
52 429
94 220
66 330
83 201
42 485
55 476
58 324
35 200
40 255
81 214
92 279
54 201
46 499
91 358
49 381
26 216
25 272
17 314
88 346
35 446
47 401
55 485
71 356
95 373
92 296
22 461
19 496
80 466
76 397
59 239
56 415
32 335
48 491
32 339
99 412
72 416
91 403
94 286
23 334
42 419
26 295
51 203
74 489
97 232
17 440
81 411
84 225
51 291
58 394
73 250
85 463
54 316
24 263
53 322
90 260
95 225
94 266
58 395
83 395
33 440
26 397
70 490
69 346
47 336
47 459
89 242
71 249
60 484
43 210
38 459
14 243
55 374
48 461
82 314
19 445
37 491
71 302
88 462
17 458
72 334
61 433
39 285
55 485
32 244
54 272
20 213
62 487
73 374
30 354
85 251
21 389
28 337
18 368
37 337
57 346
86 490
75 347
55 459
12 241
18 274
53 455
32 377
10 373
69 285
12 386
77 222
64 276
22 265
65 407
67 218
65 372
83 229
67 481
59 248
68 440
43 283
66 257
42 232
22 410
12 354
53 403
92 319
38 485
59 322
15 234
67 342
69 246
100 272
94 307
75 498
42 291
51 338
89 491
26 477
47 437
79 393
61 405
24 216
36 293
44 478
52 428
11 381
30 439
26 200
22 472
91 491
25 228
68 309
79 448
31 316
65 313
69 473
33 419
14 355
73 276
55 237
67 401
52 426
74 319
64 284
75 323
56 251
49 301
57 318
60 292
97 331
41 340
94 372
65 491
41 469
64 360
14 218
58 372
70 349
94 319
70 230
41 406
58 241
92 289
24 454
46 241
29 287
38 286
58 338
37 435
46 342
37 260
37 253
23 253
70 372
84 284
39 263
72 331
21 445
18 464
68 302
99 433
47 233
26 245
46 244
84 376
98 223
86 496
23 266
85 428
33 420
39 238
46 399
11 236
28 238
99 389
26 351
90 427
50 289
22 205
58 351
84 468
70 215
43 349
49 210
29 418
49 435
50 311
22 274
59 374
24 244
80 402
17 333
20 229
37 499
59 402
82 364
57 371
29 281
51 411
33 494
56 370
44 233
75 209
100 226
50 419
44 344
34 364
14 347
62 246
84 427
43 393
71 267
32 369
59 231
74 338
59 356
71 401
78 438
13 445
32 491
17 432
90 382
71 210
92 438
89 272
98 454
93 303
37 426
20 318
14 500
30 379
66 413
20 443
90 387
73 211
83 449
41 359
37 437
66 257
88 324
94 438
92 492
15 247
82 211
67 271
62 218
66 263
78 427
23 229
15 291
96 338
83 433
23 268
92 315
93 493
49 353
27 414
89 419
21 460
11 223
73 338
28 379
44 473
31 305
80 317
60 492
78 385
65 350
16 492
33 426
89 301
10 261
66 322
91 425
76 308
72 261
18 490
40 245
49 445
62 363
50 496
57 415
18 426
73 231
85 478
39 298
85 235
95 292
45 288
99 388
40 414
22 239
60 287
90 263
66 385
43 242
27 428
51 209
29 419
66 218
35 497
40 423
50 425
78 287
73 430
60 306
99 322
14 444
78 379
73 390
100 331
12 393
23 235
68 411
29 442
99 298
44 495
45 317
26 433
86 380
14 277
55 403
17 279
24 257
17 303
81 471
19 225
49 442
90 213
81 213
56 480
44 291
71 229
90 290
54 261
93 273
74 353
60 487
23 271
28 339
41 337
53 206
46 371
90 422
61 498
61 288
12 393
22 348
73 486
77 384
41 356
37 385
33 279
49 339
78 313
30 474
29 236
76 312
28 325
91 241
88 316
12 248
100 407
27 431
80 283
52 387
80 418
42 295
83 342
11 297
64 412
32 354
58 449
48 202
25 348
71 345
97 271
57 422
14 489
30 318
47 314
75 358
68 475
82 479
13 387
64 470
14 243
13 394
10 488
54 214
43 389
46 248
68 201
88 386
46 220
19 460
43 406
100 316
53 270
14 446
64 216
76 454
71 488
47 200
85 493
51 259
33 271
20 340
42 475
26 211
69 478
23 279
35 237
66 212
57 336
50 463
92 271
59 360
21 462
33 432
14 272
77 283
23 246
44 366
10 397
49 465
11 246
35 456
38 336
30 288
24 273
76 272
12 366
30 301
47 491
73 480
44 472
95 356
52 435
83 437
15 296
75 353
48 394
60 323
54 474
78 451
30 361
90 341
40 404
100 251
80 373
82 407
37 492
52 260
32 232
47 455
73 346
98 420
38 364
13 218
18 403
66 283
50 389
24 488
82 263
20 386
11 468
38 479
32 303
33 282
68 433
44 412
62 293
14 216
70 272
89 443
14 401
15 488
26 398
33 280
59 463
22 295
90 257
14 287
47 209
82 393
78 356
61 418
74 334
83 253
89 366
20 330
43 220
46 305
62 240
74 328
30 351
34 332
52 445
10 416
83 237
19 293
60 362
53 240
89 292
30 351
60 289
70 474
74 246
69 477
93 412
100 489
44 476
48 369
80 437
38 322
83 341
39 265
71 272
83 398
70 348
91 322
98 428
39 444
83 322
22 209
56 473
13 245
63 215
39 316
15 447
74 325
67 250
84 489
47 394
51 436
86 333
91 376
71 301
70 483
44 489
45 406
58 439
97 307
16 313
69 356
18 310
63 244
62 319
29 381
29 317
69 202
81 323
51 459
96 396
59 245
93 383
45 242
59 401
77 474
83 221
41 221
95 258
46 389
94 498
54 288
15 336
80 213
35 367
91 332
41 311
22 344
97 277
91 213
52 434
74 390
66 265
42 484
62 376
15 399
60 341
84 436
89 227
13 435
47 268
98 355
43 343
81 271
31 334
48 296
38 219
24 421
80 347
16 357
51 476
49 293
50 492
28 241
11 376
16 362
26 441
42 271
40 464
15 402
84 375
14 264
27 433
31 428
92 287
91 500
11 238
60 276
78 219
44 498
64 242
81 287
33 324
18 465
90 450
41 283
29 312
11 417
27 230
97 222
60 276
68 227
97 263
29 293
23 319
71 426
83 398
73 241
27 269
33 257
58 269
43 240
63 386
77 325
66 200
51 432
78 318
57 340
54 460
11 413
56 222
97 388
77 249
98 390
12 333
64 234
48 486
91 432
94 431
43 236
94 352
92 405
19 273
99 301
77 477
83 260
89 500
78 367
10 276
21 265
96 453
80 459
88 273
60 258
54 395
57 332
93 410
35 467
12 230
28 466
49 428
28 404
43 423
55 426
70 276
64 255
58 239
78 364
84 404
43 213
83 416
91 294
54 280
41 257
65 225
52 214
23 498
95 330
28 387
54 317
33 444
70 389
67 334
80 244
38 373
40 234
66 301
86 312
100 287
29 389
39 290
32 413
94 270
99 405
29 496
26 317
22 291
87 423
86 457
83 361
79 372
88 316
98 422
72 303
16 495
78 468
79 345
50 269
80 372
10 321
17 343
68 307
65 393
26 258
73 343
81 427
38 212
13 438
57 419
49 391
82 482
24 447
80 488
86 491
30 389
74 477
65 498
74 364
48 210
49 488
15 239
26 317
50 457
32 434
20 244
77 238
13 380
52 301
73 399
41 477
39 351
46 217
100 485
93 488
80 252
22 245
61 338
82 240
74 366
78 369
54 246
38 334
63 289
40 492
33 475
44 224
93 369
35 422
70 372
94 245
59 282
88 413
60 403
90 362
89 426
70 326
39 335
53 295
95 343
43 362
70 453
97 391
73 377
72 373
12 471
46 472
87 459
87 370
56 285
69 327
60 211
94 380
52 361
97 220
45 460
27 320
69 267
30 484
61 272
92 441
73 274
77 493
23 494
95 342
19 292
84 237
17 320
75 349
39 341
96 485
64 250
41 462
52 213
44 460
33 301
29 225
25 210
55 306
39 278
24 282
66 315
71 372
37 486
87 366
32 338
56 375
21 353
35 353
29 230
83 350
58 410
48 405
62 291
65 424
43 356
93 438
40 273
89 356
78 279
50 333
37 269
49 203
47 243
27 488
96 417
17 354
66 360
43 496
12 467
34 218
40 373
23 242
96 464
92 454
94 317
36 357
37 493
31 258
11 465
56 309
12 229
67 406
36 419
48 239
60 319
90 206
52 412
24 335
68 396
37 366
100 273
82 349
91 281
27 301
52 350
14 376
54 321
75 217
50 431
71 373
47 263
17 439
25 377
53 298
90 260
45 485
59 384
42 398
29 489
57 460
87 357
41 466
12 314
73 415
81 438
15 492
56 365
70 373
97 401
17 462
18 332
38 242
32 278
69 379
83 388
76 353
94 371
62 421
76 251
10 376
84 321
91 388
28 495
64 426
36 481
64 254
77 282
65 476
25 436
12 376
66 391
84 266
11 296
17 394
87 272
49 234
78 386
100 328
54 431
37 475
50 338
41 422
100 223
78 229
47 450
39 481
21 382
79 352
20 233
52 274
20 315
30 448
48 229
47 331
99 226
34 269
28 231
28 284
25 337
96 412
39 467
81 376
100 388
26 326
99 222
33 425
77 208
60 236
35 396
15 397
87 370
35 234
58 406
50 304
65 380
51 226
87 306
99 444
44 379
76 312
46 419
68 437
52 357
90 364
40 238
64 423
51 475
48 207
58 224
52 320
50 276
71 449
41 499
38 273
83 411
34 477
13 371
58 205
72 334
12 229
22 327
82 229
72 307
42 329
71 246
97 435
39 245
100 402
89 275
63 318
95 308
70 263
42 405
33 405
83 285
69 309
55 283
75 413
86 273
10 472
90 440
83 390
80 237
15 426
73 214
18 496
18 236
82 500
60 226
16 379
39 286
53 473
95 275
11 259
87 376
53 416
24 334
21 499
71 345
78 382
48 366
64 379
27 386
59 242
49 230
89 472
57 357
25 435
22 227
85 228
44 372
92 417
64 498
68 326
46 236
31 450
48 386
93 203
46 206
59 381
69 415
79 251
42 495
67 402
91 327
71 374
79 323
100 203
28 454
84 412
29 338
10 342
69 439
86 493
97 288
52 330
44 423
81 472
78 265
48 440
51 252
57 390
33 302
79 342
40 421
31 495
46 313
26 429
40 379
18 395
62 492
92 418
81 406
90 281
35 211
43 311
99 231
22 336
100 240
90 338
70 481
52 418
59 367
74 294
87 216
79 462
96 463
99 321
21 217
51 236
78 320
75 491
37 245
23 383
42 254
28 445
40 500
34 226
93 459
94 310
44 206
27 330
58 348
69 234
66 301
68 293
93 366
72 471
84 359
18 395
51 220
43 295
61 451
86 335
29 339
85 282
68 414
92 263
44 312
48 325
32 317
97 232
66 451
98 292
17 253
27 421
60 274
19 241
81 285
80 332
91 218
25 217
83 326
38 443
84 327
44 299
99 435
48 375
25 282
66 443
68 402
98 306
60 327
54 451
27 473
57 284
14 446
30 372
59 331
30 407
13 331
66 401
58 286
29 399
11 492
22 351
85 454
13 370
79 253
92 442
98 300
67 467
36 327
52 214
61 351
45 365
53 325
30 445
13 291
36 426
51 433
91 425
20 483
87 416
69 312
11 210
42 382
31 356
18 264
71 417
98 490
33 345
15 296
13 423
19 381
39 368
95 425
49 449
41 336
74 392
30 220
28 258
97 379
48 309
75 433
36 306
77 205
39 486
29 438
16 387
90 205
15 380
82 244
69 286
97 441
38 476
34 329
80 261
59 346
51 348
89 294
60 450
54 302
63 349
85 240
28 306
30 437
38 375
40 263
41 259
56 388
17 414
80 467
64 422
30 242
62 289
46 472
90 435
64 371
79 261
37 217
39 355
46 352
22 334
26 440
30 419
77 326
53 241
77 204
84 353
21 481
31 332
74 378
100 224
25 248
39 358
92 401
62 419
34 492
31 417
45 394
76 206
41 365
30 260
35 408
30 364
66 304
20 339
24 461
30 480
14 346
98 473
80 299
14 247
50 341
71 470
39 247
96 453
65 370
94 479
83 376
15 465
27 236
41 360
15 364
33 404
37 426
32 204
96 466
37 212
24 215
84 239
98 355
39 424
58 455
68 250
45 494
59 457
15 266
56 425
68 406
83 337
25 454
12 203
58 393
20 423
91 396
79 368
36 404
12 474
40 392
95 335
59 488
54 313
97 357
37 382
42 315
22 292
42 360
32 436
71 259
25 307
52 321
11 353
66 414
80 280
90 298
88 388
44 455
66 237
96 438
20 323
29 437
48 321
10 459
68 496
82 415
85 320
94 476
66 458
52 247
72 443
89 350
43 380
17 229
79 366
17 284
94 469
22 302
14 215
82 294
10 477
72 211
50 443
34 269
41 273
30 285
34 412
78 244
95 439
28 407
14 439
63 491
79 461
56 445
13 302
72 386
16 497
52 324
62 282
79 488
68 409
58 269
72 457
21 309
37 233
93 397
28 456
93 327
100 378
43 341
92 208
33 457
11 373
18 342
67 372
18 207
49 351
80 247
18 287
94 401
30 270
77 491
58 383
62 391
34 287
77 439
100 207
78 499
92 374
27 232
89 368
84 224
18 214
11 274
17 377
62 320
44 471
93 422
24 378
65 363
12 344
82 209
22 446
66 429
61 245
62 314
90 449
40 380
25 358
78 463
36 276
77 381
84 342
78 400
77 364
10 434
55 262
44 307
57 348
33 225
100 445
19 255
47 375
13 254
82 236
11 467
73 247
95 359
10 398
71 409
31 469
19 217
69 483
96 437
70 257
86 422
68 250
75 293
45 258
84 408
21 312
50 357
79 419
56 248
70 473
74 327
68 447
30 369
53 367
15 208
98 268
98 324
87 304
33 442
66 263
10 407
17 421
23 483
48 227
28 405
67 387
24 338
38 273
61 211
77 313
56 313
21 348
39 397
42 302
82 264
85 386
75 489
85 233
77 395
37 451
19 209
50 228
28 420
31 303
21 491
62 349
35 495
74 438
33 399
42 429
12 302
86 433
17 370
82 210
73 475
96 313
66 497
16 229
77 342
79 295
52 447
18 334
30 391
57 230
50 209
58 251
68 472
46 351
85 347
75 355
53 219
39 203
33 208
18 380
53 211
51 380
44 369
34 297
58 484
72 297
32 485
68 252
43 229
81 245
48 462
75 446
42 216
62 446
66 379
82 272
73 250
66 297
99 466
89 376
87 471
18 390
96 269
24 308
42 243
56 423
66 452
33 435
51 266
80 441
71 456
78 284
10 465
14 322
49 275
18 276
15 419
23 398
92 305
39 484
48 308
13 302
32 273
65 477
92 417
42 233
22 328
23 326
32 499
75 420
73 343
22 217
100 308
41 498
25 370
78 210
36 386
30 487
89 297
85 497
46 277
96 284
16 347
34 446
89 256
63 317
45 207
55 410
64 500
88 478
74 337
59 296
64 248
20 330
80 494
85 257
75 356
75 425
52 201
72 296
61 383
18 406
63 447
93 205
13 473
75 212
62 419
93 230
65 339
84 209
61 487
24 301
12 358
69 293
50 242
11 314
28 450
59 315
37 234
23 239
48 200
33 264
75 309
96 334
81 353
91 479
10 308
29 379
56 452
74 472
45 208
23 368
11 204
97 303
40 200
85 494
60 343
95 368
86 250
81 350
31 493
24 492
39 306
51 465
85 240
44 200
16 420
45 456
47 249
100 411
67 400
72 449
55 411
68 445
18 466
23 364
73 269
24 207
72 374
49 382
43 356
56 412
58 398
20 449
49 374
88 396
56 212
86 214
78 359
58 333
55 400
42 282
99 250
45 293
38 209
97 287
48 255
74 340
96 263
16 349
19 346
50 459
53 338
83 230
96 381
70 270
65 309
48 500
74 391
13 482
48 216
37 465
14 465
44 422
11 290
98 464
97 264
56 494
89 344
33 297
86 336
52 204
74 469
30 201
90 244
49 459
49 500
22 229
94 425
15 440
22 472
85 349
12 223
21 285
87 315
93 239
53 498
93 344
50 445
27 224
62 328
30 499
59 354
53 490
15 429
26 491
78 281
91 333
95 380
88 369
100 248
33 394
94 401
86 411
91 281
37 284
85 417
52 434
16 259
11 297
32 301
94 336
82 325
43 435
48 285
37 449
27 461
16 278
75 278
71 406
20 372
70 216
72 271
55 307
86 322
16 267
37 389
17 304
46 220
64 219
87 490
48 337
13 208
41 209
99 301
59 446
63 353
30 260
56 362
28 454
84 469
12 407
88 271
99 321
22 397
35 295
53 205
66 284
27 296
88 250
24 458
14 319
82 407
27 434
99 445
32 451
34 305
19 469
97 265
62 417
33 327
71 347
60 393
87 245
12 475
72 283
37 489
57 441
100 230
10 362
73 209
60 285
20 418
35 390
93 241
79 445
74 216
56 349
55 473
26 295
32 387
73 276
27 479
86 219
94 340
95 330
71 443
80 363
76 367
51 344
54 256
47 476
85 278
67 430
88 467
49 446
88 250
87 477
41 239
47 435
74 327
16 427
48 428
42 379
53 239
99 453
28 209
41 317
92 200
58 338
44 470
15 217
71 254
52 497
80 439
89 371
84 495
51 284
98 234
62 467
82 435
65 318
22 295
82 480
20 432
99 409
52 350
93 421
59 317
24 396
88 297
45 270
78 210
19 463
48 215
43 267
48 245
99 342
73 269
80 333
72 337
92 402
46 416
90 288
82 488
87 238
32 448
94 325
88 361
39 452
91 364
72 274
49 353
15 499
13 435
95 423
27 271
52 206
33 344
20 469
98 477
37 314
46 463
47 281
49 424
76 448
64 200
86 446
72 284
40 274
39 223
13 239
74 218
18 230
13 488
65 443
80 353
48 287
38 444
28 387
23 349
33 353
59 202
96 201
63 241
58 253
23 471
11 257
88 486
10 300
92 484
18 386
73 497
66 400
94 289
95 205
96 318
100 287
36 405
37 355
84 263
43 408
63 399
10 472
17 450
95 255
83 462
87 468
22 363
73 296
53 352
76 339
48 357
92 489
33 465
79 456
67 451
66 209
19 476
33 432
31 452
41 308
83 376
39 371
87 341
10 440
86 467
78 413
13 454
23 334
14 443
42 394
30 301
16 492
28 334
18 201
19 307
69 498
30 283
87 471
64 234
99 417
25 386
36 273
62 429
55 456
95 396
90 213
12 452
16 272
89 325
86 268
80 281
90 312
69 332
69 237
26 390
35 265
97 482
78 263
26 444
77 479
36 266
88 284
62 394
75 450
34 380
10 348
68 232
67 274
30 492
22 378
20 213
58 305
24 479
28 302
75 284
14 460
24 471
56 266
12 350
79 332
44 483
94 388
32 339
54 277
13 471
69 359
29 346
83 377
15 280
91 394
59 459
43 465
66 347
11 242
36 445
21 373
21 253
88 391
82 421
12 420
61 422
61 324
51 492
94 290
98 379
89 335
95 286
45 464
37 227
45 276
42 279
49 400
77 459
14 422
67 207
97 218
41 369
24 395
55 293
37 331
17 366
25 206
63 213
78 283
23 476
69 462
31 257
25 284
43 350
20 343
53 296
44 234
64 204
28 274
82 311
78 467
87 319
16 379
69 442
93 373
60 270
17 370
69 445
97 292
69 409
28 400
76 246
58 419
37 312
65 245
47 347
24 349
51 433
35 247
69 439
72 439
42 202
80 234
65 212
82 490
99 461
44 375
80 272
31 455
30 484
42 204
45 460
53 245
95 381
22 464
59 461
61 226
63 461
71 308
70 336
13 240
15 385
97 251
92 406
18 238
29 454
95 469
23 345
13 202
79 254
87 243
100 267
44 427
42 330
43 398
73 229
70 461
47 302
80 268
46 416
67 397
55 298
83 231
62 328
93 367
65 398
30 295
43 429
80 441
85 454
40 372
23 225
53 346
29 292
15 283
74 470
47 326
88 244
49 358
69 288
43 453
37 384
51 400
81 468
99 269
97 428
39 354
91 221
87 228
31 312
55 219
64 241
39 497
38 400
17 406
36 379
84 373
12 356
49 273
18 362
28 494
92 482
95 441
56 495
18 215
72 230
88 286
72 329
57 305
74 437
60 415
13 318
79 276
31 309
69 496
45 339
24 459
61 234
73 222
89 267
100 283
24 220
66 317
83 402
85 276
77 330
19 352
42 278
50 320
32 475
73 306
59 202
95 333
95 312
42 213
27 341
59 425
44 364
26 460
38 412
35 353
63 225
48 388
32 381
37 439
60 272
21 367
86 458
44 259
89 303
79 397
33 267
10 305
16 311
100 497
45 498
11 462
69 302
18 224
91 307
61 235
45 406
38 403
95 351
27 381
64 433
16 347
50 347
70 430
87 414
53 378
57 473
82 383
21 439
32 455
89 318
32 322
18 291
70 285
86 385
13 345
100 442
90 265
79 393
96 445
82 319
50 467
73 361
16 264
75 204
12 242
20 407
12 245
84 338
86 389
22 245
72 237
98 475
24 475
19 245
95 424
74 491
82 354
67 489
84 348
25 334
58 213
19 254
18 488
86 338
25 312
82 308
36 319
10 400
71 450
22 462
64 207
10 212
50 201
33 278
61 340
36 239
38 402
86 310
55 383
93 413
86 280
74 292
69 303
25 391
48 334
95 324
95 451
10 201
24 234
84 250
90 390
10 426
18 229
80 379
74 433
50 304
99 312
34 310
52 285
96 315
95 250
17 260
48 223
86 402
22 239
92 329
42 388
45 469
95 240
66 277
86 389
43 435
47 225
50 263
34 494
58 478
52 316
70 493
90 498
53 294
77 243
66 414
52 376
21 296
78 479
84 338
10 202
100 266
48 265
52 286
65 456
53 500
27 500
97 308
84 284
72 482
100 222
32 457
55 226
68 212
74 375
12 270
32 269
37 354
31 363
58 290
78 402
93 338
39 230
66 347
55 296
35 288
82 223
22 364
17 246
40 453
32 374
72 496
61 256
40 226
78 488
85 486
14 355
67 239
83 268
18 397
23 465
81 329
71 479
11 487
37 268
21 343
37 359
29 334
99 437
50 282
63 376
47 211
65 390
63 365
90 335
74 469
84 445
24 236
65 489
31 397
20 359
67 448
96 328
51 381
61 340
32 387
80 479
43 496
91 295
45 473
83 319
46 479
43 487
20 488
38 435
52 481
54 322
48 458
20 408
97 362
98 499
84 462
15 344
74 242
38 265
75 318
44 455
40 397
87 209
92 315
61 467
26 385
69 422
18 386
71 430
50 274
87 494
98 354
67 492
50 224
60 411
69 339
52 389
87 455
65 318
71 240
75 262
84 270
68 268
75 261
60 401
22 375
65 269
55 230
98 375
79 215
73 296
13 298
62 339
71 280
31 270
59 439
81 496
92 265
51 363
94 459
44 361
100 458
79 261
83 440
12 441
86 368
25 207
16 368
42 468
20 251
34 218
21 320
27 448
34 475
31 461
31 322
33 465
26 200
38 466
95 308
77 293
69 341
32 443
85 396
32 406
43 397
80 335
41 284
73 351
28 290
46 390
22 331
34 441
88 227
54 469
56 210
26 311
75 312
15 308
29 362
17 302
64 285
33 474
48 418
23 377
53 282
69 319
81 268
21 493
18 364
51 430
49 422
41 474
68 442
36 388
91 443
66 260
48 377
11 347
10 204
68 200
73 489
36 500
83 328
76 300
65 351
17 314
46 469
81 203
48 266
17 463
30 382
45 487
78 454
16 250
24 254
85 244
65 319
94 497
20 433
92 336
48 224
42 254
47 435
51 352
46 399
39 409
84 235
88 486
73 426
92 396
31 235
37 370
50 381
87 500
53 412
90 245
39 484
38 326
98 306
40 318
90 492
62 483
96 319
87 414
97 453
72 422
17 448
67 240
83 407
35 341
47 223
42 452
99 434
69 323
11 454
92 443
31 314
80 370
56 291
11 375
98 291
33 481
35 337
79 266
96 408
59 208
81 491
71 387
24 487
38 362
92 298
33 283
74 429
55 294
69 434
35 212
84 464
88 213
10 411
80 242
33 384
37 499
83 460
100 246
91 293
40 284
21 412
57 302
29 268
67 257
21 263
71 476
66 460
67 276
24 466
61 388
91 319
30 472
49 220
88 423
21 325
74 203
43 271
70 274
48 400
14 238
99 248
17 489
33 401
30 276
36 333
10 465
86 299
17 428
13 404
80 432
21 254
63 213
90 489
16 362
76 316
13 299
49 313
37 321
11 302
35 329
18 310
72 335
72 429
44 227
36 362
70 309
83 291
54 440
18 358
79 417
88 400
57 287
20 252
24 476
21 253
66 237
54 245
39 220
69 384
18 305
12 353
58 359
64 434
73 473
80 298
56 464
88 353
74 460
68 407
72 208
54 386
25 221
28 316
77 405
81 437
62 443
26 322
31 483
76 298
15 296
62 292
38 292
82 258
63 248
16 384
44 323
26 201
57 200
13 232
11 215
72 365
29 457
74 458
85 441
61 342
20 350
68 245
42 327
67 391
14 467
83 382
86 344
61 331
60 398
83 448
64 230
24 371
59 498
87 374
53 282
87 424
40 449
28 272
57 472
66 401
20 487
26 477
10 363
91 373
95 369
21 474
82 382
96 335
40 319
91 265
46 224
100 482
84 357
10 448
65 466
72 464
68 277
87 481
65 446
82 398
67 474
72 463
45 362
96 432
11 256
74 332
25 384
76 452
53 315
19 215
59 394
62 432
68 368
11 308
79 214
100 428
93 326
47 240
37 437
28 419
44 366
39 472
28 261
37 489
98 220
96 355
80 433
89 283
59 397
88 414
37 295
36 347
20 429
20 359
85 256
92 256
30 225
40 421
52 400
74 411
67 363
75 481
43 500
10 344
53 353
83 306
37 296
63 318
61 237
47 340
64 452
26 215
22 373
87 461
40 294
83 390
82 336
96 450
74 383
71 481
47 300
23 432
79 438
38 371
11 425
38 217
68 304
49 251
64 366
24 498
48 333
53 264
17 456
62 201
61 206
23 271
38 217
53 401
11 451
100 327
19 480
31 451
44 223
74 209
22 463
54 248
10 292
97 411
62 275
14 283
80 343
91 337
54 306
78 212
24 258
75 330
67 433
64 270
83 481
62 295
95 486
71 437
29 404
29 223
25 208
20 459
68 410
30 410
44 231
85 470
38 211
44 275
72 278
59 349
14 375
28 400
27 485
57 335
19 381
44 215
25 363
47 440
54 218
59 236
27 220
62 287
18 453
67 425
74 457
13 488
36 416
40 389
74 472
16 487
25 280
71 492
94 425
78 464
37 228
52 441
86 404
80 229
26 389
91 285
62 426
86 324
79 460
95 439
66 436
88 284
13 325
38 408
83 455
60 441
58 320
45 481
32 357
54 277
61 362
55 290
91 436
100 377
19 376
37 275
20 440
72 276
91 332
19 263
32 354
100 218
34 283
40 395
59 356
21 435
81 335
85 254
60 388
57 414
95 446
97 324
26 246
28 347
31 332
42 465
60 312
51 307
39 329
57 334
28 474
60 452
51 492
33 276
82 387
86 341
28 378
80 466
66 262
13 302
89 472
58 277
40 397
49 427
96 335
20 460
81 227
76 315
68 417
85 296
79 279
78 384
68 350
94 330
18 462
38 203
42 397
62 414
10 414
58 268
23 349
73 306
19 388
42 294
100 209
43 357
13 276
38 495
85 339
59 236
28 205
70 431
35 269
12 445
49 433
84 430
99 439
73 356
20 354
48 380
86 238
52 402
17 475
23 438
65 220
12 311
21 412
23 325
57 283
88 362
93 431
74 246
44 225
62 445
69 250
28 442
97 207
59 351
12 488
22 494
98 461
14 431
50 244
18 250
97 224
55 343
85 403
96 272
82 239
90 205
73 238
20 326
77 238
90 477
42 464
10 432
80 472
11 244
48 317
79 292
33 456
49 244
68 221
89 235
55 231
16 248
86 386
50 315
50 300
22 348
95 459
37 436
43 341
93 446
66 472
42 497
57 370
96 234
42 254
81 349
25 208
69 355
68 220
44 465
65 459
15 281
31 291
86 295
34 343
61 287
65 476
41 241
91 272
52 434
37 243
73 412
20 429
70 292
67 485
48 467
76 319
43 257
85 462
23 239
59 291
62 368
30 409
51 361
83 383
97 255
25 326
79 376
27 232
66 453
32 475
31 357
19 365
58 401
45 465
30 329
62 464
33 270
92 355
19 250
66 424
10 413
92 272
70 253
44 206
18 219
93 324
26 472
56 489
60 264
99 209
10 457
78 339
59 293
60 407
98 231
37 397
60 328
94 232
53 472
56 337
19 468
53 264
67 449
63 259
69 454
22 305
37 490
55 386
23 438
55 272
84 320
34 361
27 387
26 329
71 330
31 246
37 375
69 486
53 312
74 485
62 211
44 374
39 482
38 431
20 249
25 285
82 422
53 266
30 289
68 365
95 259
88 466
43 471
79 456
94 395
60 247
91 427
98 254
63 379
35 225
35 438
83 246
17 206
68 314
58 456
45 412
41 339
91 398
42 278
22 341
37 492
44 225
83 258
28 224
30 214
71 313
20 259
24 458
95 420
72 258
70 500
22 339
93 296
91 396
52 237
24 494
92 323
77 344
53 248
72 215
11 317
81 412
11 386
93 390
39 389
65 380
33 315
26 475
60 454
14 234
36 306
97 468
93 497
54 208
31 429
34 255
37 250
44 421
62 233
50 441
53 456
53 310
99 287
55 432
92 353
22 480
94 392
98 286
46 207
48 330
83 215
90 431
40 249
64 452
39 360
46 204
73 461
57 284
74 296
29 237
24 380
46 357
13 362
58 409
48 435
16 202
68 373
57 466
99 483
54 454
79 206
18 355
96 470
75 463
84 404
51 464
52 364
70 304
48 462
95 292
76 500
33 296
22 477
59 493
18 376
10 249
18 403
91 297
53 292
53 386
76 407
52 478
98 420
35 244
55 492
85 226
83 430
81 261
14 332
31 313
95 499
62 338
19 215
87 471
34 393
53 201
50 456
43 318
32 459
100 454
88 498
60 391
17 251
45 231
33 205
88 289
14 405
48 252
18 260
39 425
27 328
58 200
93 304
30 356
22 429
54 212
66 239
86 251
62 355
49 372
13 324
66 210
93 338
47 397
55 234
60 300
75 498
18 395
25 368
99 312
58 360
53 472
74 477
13 388
76 202
73 389
96 220
12 304
22 411
15 205
80 220
18 256
91 354
38 216
55 450
97 267
97 403
42 356
95 209
21 460
51 303
12 337
39 395
51 380
18 340
35 449
75 439
58 276
60 353
34 263
77 421
33 260
86 317
59 452
65 460
14 337
16 406
69 283
75 313
51 356
28 245
70 210
19 207
58 225
68 379
37 361
28 316
33 270
80 337
85 258
51 330
29 307
58 266
56 234
60 251
15 229
90 393
35 229
20 275
31 208
82 240
38 401
36 290
13 237
96 441
29 472
93 388
19 203
90 367
74 282
42 377
44 463
71 249
30 418
69 444
75 477
80 296
49 237
63 296
37 262
57 267
20 454
58 210
54 409
12 445
66 243
22 500
66 340
86 447
81 323
16 433
94 323
58 375
55 364
66 384
86 355
55 357
79 355
43 214
66 243
66 452
42 229
86 241
25 449
100 324
79 326
14 269
56 234
31 309
91 312
100 221
63 392
35 224
20 245
27 207
66 447
25 273
24 359
59 492
88 500
52 277
28 270
92 274
72 488
37 401
63 273
92 465
45 500
19 410
11 425
48 231
36 376
28 295
80 317
43 240
36 300
33 392
94 361
81 424
91 298
81 396
98 446
31 234
52 246
51 438
47 362
73 291
15 473
76 471
32 371
15 304
19 225
28 341
16 411
32 233
69 287
12 277
38 488
62 375
81 256
86 403
18 481
16 353
12 330
24 440
17 231
45 472
59 438
46 442
24 274
25 305
88 302
13 343
68 495
58 220
31 229
82 366
54 367
69 411
32 240
44 497
12 241
73 277
96 228
97 327
94 392
57 414
92 264
59 481
78 473
60 206
12 322
54 460
45 237
29 485
59 419
23 247
97 347
93 388
58 490
65 377
63 346
31 272
88 244
67 366
49 452
81 417
75 442
23 211
10 496
40 205
60 375
74 272
93 274
10 296
17 373
54 394
57 211
77 377
17 417
64 471
77 363
23 339
69 213
23 232
87 295
82 270
24 488
55 390
37 500
20 222
37 407
30 289
93 280
83 372
94 407
36 313
80 428
20 272
93 251
35 348
95 290
78 213
79 208
78 236
41 287
67 278
15 424
69 361
47 482
23 500
50 273
10 407
52 463
86 391
62 232
40 308
80 456
27 298
40 372
81 369
46 394
92 403
50 463
65 321
65 495
82 331
81 280
52 216
56 416
46 255
10 445
26 469
84 331
55 261
92 351
47 412
52 225
95 310
15 224
96 431
90 399
93 484
59 498
18 220
71 356
39 259
30 336
67 399
52 243
43 419
26 289
87 387
35 342
77 250
39 377
64 283
49 440
52 253
53 216
82 248
68 297
10 371
66 284
18 298
96 429
67 221
85 245
97 229
33 354
13 452
45 208
60 255
40 251
61 334
79 280
60 337
16 439
88 208
44 477
96 299
65 221
69 320
68 426
76 402
92 377
32 260
25 287
36 230
47 322
92 303
45 446
24 479
64 295
39 356
25 492
92 425
12 473
45 227
78 393
77 376
15 231
21 352
44 450
39 354
50 446
96 372
34 295
53 223
75 235
13 462
33 481
86 437
71 380
96 249
95 341
34 291
34 310
48 389
46 223
11 279
24 449
88 308
70 250
16 383
40 358
51 209
67 428
89 490
20 358
56 329
74 413
32 270
78 260
29 281
63 451
63 451
81 209
42 392
98 238
10 243
21 316
54 484
95 448
86 351
80 461
36 203
74 348
14 344
81 430
28 391
16 484
37 479
47 298
90 201
34 394
89 482
58 247
93 253
38 387
74 499
18 333
24 470
75 473
87 237
14 488
15 232
48 467
61 413
28 329
46 401
57 408
13 482
30 296
74 399
74 337
83 228
64 348
81 299
41 261
100 472
34 212
72 469
65 463
74 243
36 243
52 263
61 224
51 406
14 228
56 451
79 400
78 284
51 426
87 316
96 468
80 485
18 240
18 459
37 282
72 244
54 293
63 225
86 301
13 285
45 434
31 443
14 464
73 329
37 308
37 376
63 432
14 204
75 261
97 373
57 363
82 417
99 423
33 421
65 323
36 352
11 491
40 339
19 219
24 343
26 362
68 353
20 276
12 464
48 269
51 378
83 202
60 234
84 486
27 448
72 462
64 314
65 240
42 355
61 318
74 337
60 414
18 222
30 244
72 224
72 271
27 392
62 445
52 447
76 382
46 488
39 391
36 493
57 452
31 389
77 242
47 500
15 413
77 343
28 406
21 469
24 467
61 499
31 236
37 291
88 287
97 459
35 278
74 306
54 497
53 248
69 470
37 393
45 417
27 238
51 301
70 298
29 316
20 479
86 240
100 468
73 297
17 202
81 275
44 353
56 252
72 207
40 347
52 303
11 385
56 334
60 296
88 201
100 477
45 463
45 448
75 241
93 305
69 419
80 250
61 298
16 372
49 222
30 404
75 231
77 466
91 472
46 246
32 373
75 352
46 489
65 214
81 344
56 472
85 398
32 232
60 221
68 200
37 372
71 318
36 391
86 466
91 244
94 233
83 234
44 200
95 485
94 399
73 335
40 237
38 289
93 376
53 423
67 304
64 479
100 395
38 455
69 429
70 372
95 364
84 296
88 275
54 380
15 306
84 293
37 394
24 363
25 392
96 395
64 278
73 366
66 440
11 282
46 217
87 280
93 258
86 496
64 355
24 257
18 287
67 253
35 431
27 500
65 400
50 266
52 216
99 450
40 452
95 274
87 385
15 299
67 428
22 225
83 367
52 493
88 280
53 333
16 360
27 231
63 476
16 236
42 428
75 398
30 416
47 246
50 274
11 493
60 338
91 233
14 448
51 357
69 469
68 436
81 321
63 336
68 213
48 488
90 205
89 269
83 305
96 471
96 409
19 329
37 327
14 450
60 285
50 250
66 295
56 331
73 402
43 411
40 237
94 305
21 282
55 413
72 387
96 464
10 493
38 240
32 353
32 343
14 244
100 442
96 328
33 203
27 438
62 394
64 261
40 467
54 270
48 429
35 409
99 400
12 435
25 470
87 327
69 424
35 454
78 459
76 387
15 261
83 274
13 248
39 403
38 429
81 343
25 328
37 448
94 351
30 416
80 368
73 381
24 413
69 457
46 315
18 281
17 416
72 330
91 441
16 429
100 455
76 373
19 221
55 258
95 452
38 391
45 215
75 411
63 305
13 497
57 357
12 244
28 331
37 486
91 305
55 338
47 384
68 239
86 281
21 226
51 219
16 301
14 388
98 360
94 276
82 361
38 280
68 454
75 477
28 432
92 302
72 289
19 429
47 340
69 374
91 491
24 482
58 376
94 251
11 259
18 289
54 208
47 222
93 281
69 351
93 229
64 430
14 337
75 396
31 316
26 240
16 463
35 398
22 289
19 323
32 225
23 217
64 231
50 395
34 489
46 472
49 396
61 234
36 208
21 407
32 399
85 381
67 368
55 398
92 477
19 254
45 332
89 486
99 210
34 373
63 374
28 414
70 495
18 200
14 277
69 226
19 252
27 285
63 434
18 326
90 454
67 362
29 299
49 397
63 476
66 256
97 362
81 316
26 368
78 207
71 422
74 369
89 389
18 394
27 386
58 431
23 246
58 373
49 337
22 455
33 236
81 359
25 380
48 454
12 490
25 390
61 443
69 385
44 461
17 300
20 445
84 435
60 221
29 285
55 224
27 420
73 450
60 358
21 453
82 274
76 470
12 251
50 420
92 441
64 412
61 476
44 271
61 295
93 366
72 401
37 319
78 349
49 297
50 295
88 215
36 390
46 230
15 345
25 325
86 278
22 326
16 341
97 363
29 388
63 214
52 316
43 307
53 350
73 370
42 352
42 313
76 319
23 380
26 241
95 249
71 439
10 323
42 471
61 413
49 412
14 345
31 209
37 391
29 304
84 304
23 396
45 446
56 459
87 428
50 227
73 269
13 250
14 494
33 326
59 277
43 232
79 463
10 322
54 350
69 364
97 331
16 270
87 273
53 300
88 478
70 428
83 242
50 387
34 397
16 289
61 448
100 293
29 312
62 213
45 340
64 365
28 385
35 497
13 413
95 357
50 372
68 386
54 461
20 348
44 234
24 279
28 207
52 290
76 235
73 229
51 378
14 295
78 278
91 419
71 285
34 330
30 309
98 269
64 486
69 375
87 302
19 400
60 223
68 377
82 492
100 382
84 500
17 330
98 466
58 217
64 221
96 406
38 260
20 297
63 289
52 214
26 323
16 399
76 301
11 353
31 380
42 360
69 461
83 406
28 487
50 426
76 468
28 236
38 203
95 221
71 254
94 382
25 347
26 473
91 253
11 439
45 309
80 210
100 287
32 497
55 236
62 480
18 452
34 480
72 297
91 497
46 384
83 478
48 356
14 378
42 422
13 240
12 415
44 301
98 416
46 423
93 417
36 405
95 366
26 272
97 284
61 212
18 293
56 448
58 286
10 306
66 442
31 238
49 347
49 255
85 334
52 413
100 328
57 317
92 452
22 355
44 355
83 452
33 305
61 345
52 423
34 398
28 247
55 418
74 474
67 354
42 400
52 257
86 334
88 420
35 212
28 218
35 390
37 264
56 267
56 283
66 309
31 303
52 316
50 448
33 495
90 346
78 267
22 371
57 226
41 435
25 314
68 354
23 371
25 397
46 225
30 429
67 411
48 338
81 201
87 213
21 336
31 288
71 461
52 252
59 448
63 474
59 388
41 465
78 393
95 447
43 290
78 451
84 304
18 425
67 322
85 500
34 247
29 259
66 445
76 444
71 247
15 403
21 443
55 444
18 427
66 202
44 213
50 416
22 490
99 372
70 227
19 418
14 408
15 481
64 237
11 244
73 238
17 470
69 212
37 266
27 302
81 353
36 420
42 381
96 358
81 419
76 323
75 307
46 262
67 383
25 358
50 384
37 220
89 275
72 265
35 369
18 308
51 380
90 239
46 385
77 212
12 481
34 389
86 365
20 272
86 250
74 321
94 274
83 486
60 221
61 440
43 316
54 362
29 223
30 205
81 247
63 462
11 301
23 263
73 500
57 361
39 213
83 381
85 222
30 386
36 366
47 383
12 322
16 426
88 395
14 203
86 398
14 367
16 212
91 364
67 463
90 209
68 405
81 211
54 205
67 369
45 422
65 301
58 495
50 287
23 408
29 228
37 203
12 202
13 324
75 227
40 238
83 210
52 377
29 217
82 368
92 452
53 335
81 231
44 478
62 416
37 409
73 389
31 338
60 377
31 405
22 446
14 391
75 334
75 427
32 347
43 435
73 282
88 249
50 297
37 431
42 361
10 457
28 450
43 338
73 455
29 429
78 485
43 305
97 284
100 368
27 224
60 428
82 322
59 368
85 453
51 381
13 336
86 260
89 331
25 309
83 441
100 486
31 306
66 391
67 271
63 220
60 260
36 350
76 323
27 499
34 265
41 235
35 416
21 384
98 493
38 331
34 429
94 205
50 306
52 324
40 353
53 422
44 439
48 493
27 238
34 234
49 269
78 402
44 313
51 480
78 425
38 437
33 325
36 338
97 236
43 206
84 203
42 450
28 397
91 453
99 331
49 436
96 455
21 384
68 269
88 322
95 423
27 348
63 348
17 377
32 396
11 421
54 259
49 289
23 311
71 340
71 478
23 291
53 362
22 448
50 236
73 374
78 477
41 405
98 405
52 407
53 413
14 397
87 497
31 376
100 477
38 448
28 240
91 283
39 464
44 230
66 449
93 408
78 324
37 447
72 342
20 227
32 480
74 424
30 360
34 482
13 213
54 489
30 417
55 302
63 200
54 278
23 435
25 271
70 246
28 487
30 371
19 289
69 387
40 224
41 209
72 281
44 333
29 423
76 289
77 328
27 306
20 437
67 340
47 498
40 226
30 421
19 447
29 395
76 471
29 278
41 323
14 401
70 377
92 455
62 297
38 454
52 437
35 341
37 297
61 360
90 220
81 418
74 238
93 499
77 482
35 386
66 333
45 209
27 308
89 373
58 444
20 256
44 365
34 354
70 434
55 233
28 492
74 421
52 462
20 436
94 393
89 446
39 306
12 433
60 316
88 216
33 331
33 337
96 418
92 457
95 351
40 306
34 287
31 320
86 293
58 390
40 325
92 461
33 238
78 242
47 448
16 311
25 279
54 222
49 285
92 247
98 315
73 277
51 277
61 401
51 401
69 305
73 375
13 304
71 356
42 466
63 303
95 280
41 423
15 278
100 480
77 393
82 427
81 498
59 265
22 323
68 437
44 390
58 340
89 474
46 239
89 498
86 464
40 474
47 279
59 292
97 325
96 302
37 352
10 204
72 395
49 332
57 402
86 392
84 363
86 486
21 252
45 494
37 210
76 249
37 417
37 245
60 223
11 242
26 345
90 241
41 220
43 270
74 242
19 412
72 225
94 256
50 329
42 492
30 414
14 275
96 331
81 321
82 418
58 480
63 358
48 200
38 241
63 248
25 431
77 386
84 305
33 232
62 389
64 421
90 265
92 382
26 317
56 449
33 314
58 495
68 347
98 298
93 214
24 369
85 254
21 400
24 446
18 442
79 355
74 386
57 307
15 213
91 219
88 305
82 339
63 254
58 244
61 271
19 448
38 453
83 495
80 209
100 483
35 222
23 261
100 205
27 477
59 440
83 380
84 278
45 294
29 403
60 435
22 396
72 363
81 282
52 399
51 495
47 491
83 468
92 425
83 319
66 390
79 244
41 201
28 237
26 404
48 433
81 362
62 419
64 375
97 330
92 241
20 404
41 290
15 232
54 292
95 263
47 308
21 200
52 378
71 354
40 426
61 318
86 313
26 261
18 436
19 210
77 414
55 457
39 233
57 468
66 238
56 206
77 286
43 354
24 443
50 495
39 293
82 354
77 247
27 344
36 205
47 408
19 217
37 372
70 252
84 274
88 267
37 335
61 486
47 265
91 496
82 443
14 322
60 393
23 411
28 301
67 289
16 283
20 271
77 254
81 492
68 312
54 307
32 360
82 384
96 418
73 486
17 314
57 407
20 374
61 442
73 431
56 433
20 484
76 367
63 327
65 265
77 417
42 334
39 414
85 451
48 243
27 441
50 441
76 313
98 362
51 238
71 484
12 204
27 475
32 455
50 478
27 438
58 340
42 369
73 487
74 334
91 454
29 386
28 371
54 458
48 453
48 473
56 467
53 301
98 296
69 440
61 473
81 417
46 397
95 315
56 353
46 361
76 223
41 450
40 394
72 273
97 352
50 480
40 221
41 458
31 234
38 289
13 223
91 269
10 489
74 252
33 282
57 397
93 359
55 397
89 201
64 347
15 465
91 320
22 305
73 201
49 373
25 296
89 494
54 266
70 447
45 271
54 430
54 231
42 262
86 238
41 296
70 316
69 461
82 495
45 411
78 354
34 484
89 379
24 212
65 407
23 461
94 437
18 446
30 377
100 294
88 471
17 249
40 450
71 420
19 224
46 287
53 312
42 226
83 446
37 384
57 396
10 280
70 485
50 250
75 432
58 225
43 484
19 437
94 233
65 275
12 385
90 334
72 434
12 488
41 347
18 481
42 215
91 325
43 235
18 259
43 417
70 318
85 257
66 282
76 360
82 246
85 219
86 490
56 489
81 230
81 297
92 277
23 220
42 210
77 475
80 420
33 251
49 490
46 241
50 349
51 377
53 394
72 275
99 247
43 309
32 297
30 487
91 416
59 224
69 460
35 393
99 288
52 366
84 202
14 297
25 256
34 495
98 319
77 230
77 231
75 342
33 443
76 452
55 283
99 483
23 424
26 320
100 218
58 237
72 392
69 320
87 256
72 346
51 282
81 441
57 414
80 390
30 411
57 413
80 215
16 384
97 220
13 348
53 489
41 207
93 417
64 276
55 339
26 246
73 496
77 432
69 218
27 464
11 361
81 320
46 271
36 263
72 456
91 227
70 494
38 221
84 259
95 281
81 366
88 217
71 263
91 219
74 220
44 459
44 308
19 257
65 430
76 369
38 430
51 227
51 380
23 282
52 244
80 485
82 439
93 220
48 401
61 481
53 421
87 250
73 416
85 357
96 275
28 479
97 370
85 376
28 203
90 336
32 218
56 406
53 271
72 357
85 365
11 290
44 225
95 314
48 295
61 484
56 394
29 323
65 417
53 461
29 355
16 314
28 365
72 229
63 345
61 357
83 473
92 243
67 487
49 337
82 225
10 452
96 232
42 330
51 472
60 267
98 335
37 450
44 299
86 385
59 313
61 402
25 439
74 233
54 251
50 455
76 491
25 394
87 379
48 421
23 262
23 477
26 266
36 295
66 353
74 258
75 471
35 252
39 406
34 231
38 455
72 381
78 341
92 417
98 497
55 370
91 273
31 354
35 471
84 455
85 378
86 238
44 473
11 405
36 324
19 483
26 371
85 423
30 387
75 481
69 426
55 392
67 395
84 287
49 393
64 437
41 203
46 316
77 265
65 201
91 406
30 367
71 295
27 237
98 428
72 315
37 317
42 301
56 450
12 325
100 277
83 361
69 237
68 454
83 396
48 390
59 438
43 327
53 294
74 465
31 331
70 324
79 484
68 409
44 211
84 275
36 245
90 317
10 362
40 282
43 225
19 308
26 427
38 394
82 498
73 493
26 335
23 225
61 440
84 251
15 367
54 437
49 210
90 443
53 272
49 329
77 344
58 408
27 270
26 491
13 358
65 293
85 247
78 260
23 452
56 335
81 335
22 479
96 273
49 416
10 343
51 341
100 380
34 457
47 299
97 415
92 378
86 347
56 224
74 310
78 467
13 492
82 466
95 396
44 288
79 282
85 254
76 317
81 370
81 281
66 418
84 323
92 401
87 418
86 377
33 248
43 371
76 394
69 408
55 272
30 299
65 326
69 477
51 235
56 414
29 264
99 209
85 375
88 306
54 483
48 269
54 225
66 220
21 224
15 356
55 373
15 400
93 307
66 390
76 472
29 356
49 383
23 320
34 473
21 299
92 359
17 487
93 256
81 450
24 383
87 325
75 208
95 203
83 299
64 355
34 395
16 203
27 324
23 233
30 500
82 252
46 398
19 389
41 443
58 432
93 393
78 330
16 481
87 415
86 426
46 498
50 229
100 347
35 222
71 399
63 462
30 226
57 387
90 262
100 202
98 404
62 450
21 494
64 265
19 407
65 427
77 209
24 303
35 257
69 435
95 245
11 305
30 205
33 436
64 270
37 460
23 230
52 406
20 287
86 381
73 360
39 245
18 211
41 474
93 372
94 423
31 254
81 437
70 470
40 474
90 258
47 412
57 291
54 210
59 236
50 220
96 396
70 213
32 363
65 373
64 345
27 400
32 273
52 356
27 458
79 230
12 262
36 202
69 207
80 380
35 301
48 338
62 414
14 352
34 237
24 208
43 269
89 229
55 494
21 333
39 213
42 313
69 203
54 328
64 225
17 403
69 305
35 271
42 290
67 244
62 346
71 208
38 410
78 206
16 371
55 251
41 452
40 410
17 429
54 365
70 443
22 229
33 256
22 214
94 473
86 423
23 209
68 482
32 367
34 270
87 276
37 372
82 383
44 381
13 216
22 214
67 261
28 404
88 292
18 363
72 375
54 331
30 415
90 251
19 249
44 218
18 340
39 302
55 420
41 334
79 478
48 292
94 340
51 305
59 311
79 395
70 452
15 369
97 236
96 346
34 490
27 360
81 202
85 301
47 343
11 255
85 481
23 307
32 240
22 450
77 278
11 286
40 319
53 345
28 273
59 390
58 304
11 341
49 410
81 478
28 325
64 270
48 278
44 323
41 489
67 419
27 417
71 245
93 359
46 340
25 278
80 444
51 478
65 438
85 425
93 338
44 396
32 253
33 235
68 241
93 399
88 238
56 363
66 249
36 320
39 403
23 316
41 479
16 380
17 431
57 279
74 304
18 477
35 398
79 483
21 484
44 297
81 395
21 453
55 431
66 230
51 421
55 479
97 440
40 264
69 362
29 439
41 216
55 220
32 325
76 251
95 282
96 228
26 257
39 318
53 254
17 320
36 495
39 271
40 355
52 202
74 428
21 380
99 253
34 256
90 302
26 436
36 405
39 259
82 445
76 398
25 225
83 320
62 464
91 300
98 476
71 233
13 492
39 245
48 262
48 321
80 358
38 498
94 470
75 423
89 433
63 260
50 236
72 324
74 220
74 267
96 476
59 297
80 462
27 360
67 342
35 388
83 487
70 211
47 390
14 318
48 204
55 479
29 207
16 439
97 477
80 473
78 203
16 317
42 259
92 438
52 407
63 350
43 460
27 348
29 494
68 422
14 242
73 386
57 202
42 225
22 278
61 329
67 467
63 495
54 372
25 427
35 207
100 471
63 284
11 214
64 431
66 474
99 336
55 471
34 483
61 215
26 444
52 239
42 238
99 435
22 365
61 437
54 335
69 236
40 423
52 447
55 436
79 275
63 279
62 308
75 242
86 220
88 365
36 344
95 492
31 211
11 338
17 426
42 253
25 341
62 463
82 227
92 457
24 419
48 298
94 245
52 497
29 274
86 473
22 462
43 445
50 269
25 268
17 204
13 406
45 444
16 382
90 266
41 223
68 271
96 409
54 410
19 280
41 214
81 299
37 465
13 296
39 224
52 427
93 383
31 271
37 450
72 246
14 489
83 398
81 339
49 325
80 460
23 379
15 406
80 296
88 420
37 302
29 454
62 421
50 258
66 412
91 343
57 472
39 426
30 391
72 424
60 461
44 318
24 254
84 266
100 240
40 492
88 378
85 268
88 230
12 488
28 334
81 247
52 462
69 424
46 435
58 214
44 480
86 234
96 253
68 385
93 234
47 385
74 270
46 408
72 279
14 441
95 225
29 469
74 409
35 486
44 489
32 488
38 280
52 452
39 270
44 426
34 410
11 465
28 212
59 480
11 267
44 454
27 306
59 426
30 212
64 307
84 308
58 367
56 265
62 470
72 352
16 389
94 404
58 492
71 475
28 456
87 339
31 231
41 229
21 409
81 265
78 390
24 259
56 209
51 273
18 410
66 323
36 487
48 401
88 442
53 397
44 366
31 255
23 430
62 252
77 224
26 252
23 389
97 420
28 385
39 326
77 366
14 291
71 424
12 228
24 367
27 461
11 360
76 329
63 499
66 275
88 397
10 335
76 387
33 383
60 445
84 264
74 407
56 362
93 296
19 394
31 463
81 394
74 318
64 310
48 353
29 289
64 461
52 483
42 377
33 368
54 323
100 330
57 236
79 257
30 280
73 244
24 304
37 314
64 410
42 239
73 257
53 209
98 450
29 313
33 306
48 346
76 414
57 356
56 468
90 282
78 364
81 238
15 212
43 340
61 474
87 382
90 354
76 446
34 282
42 328
11 240
33 215
81 398
26 352
32 483
29 310
68 458
55 213
70 450
59 341
26 430
70 352
38 364
72 284
40 357
18 231
47 334
35 299
37 316
17 346
20 334
22 394
89 203
67 460
18 458
41 325
78 222
19 368
46 275
30 229
84 364
34 277
86 256
49 429
26 224
35 419
100 429
67 348
68 418
46 334
66 357
26 211
78 385
65 463
15 281
15 238
39 201
74 341
51 389
91 378
48 242
57 220
80 307
35 403
11 425
40 350
64 444
81 359
82 439
71 436
47 313
40 414
69 238
91 320
42 222
95 341
22 242
81 234
65 428
57 324
93 422
13 382
43 232
51 393
82 311
29 491
51 302
58 487
79 357
84 217
82 201
16 443
82 417
49 291
55 363
29 445
46 286
57 348
69 316
20 239
72 318
32 299
51 332
87 459
27 289
93 316
10 231
19 232
49 433
82 491
71 437
58 278
87 262
11 239
65 365
97 254
51 206
13 300
62 337
75 224
59 484
58 466
47 347
94 362
78 269
97 273
77 287
17 427
59 475
72 375
85 494
14 270
13 230
44 235
97 379
60 242
94 348
30 326
37 454
79 472
89 289
16 376
84 344
45 373
13 216
73 458
92 425
39 407
47 348
76 271
46 399
14 286
60 269
86 439
11 298
55 392
56 404
72 411
56 318
89 316
39 228
46 293
92 500
78 305
11 289
89 271
42 438
93 484
44 469
41 427
59 282
51 352
65 335
61 483
45 294
32 288
63 321
58 473
59 228
100 366
42 454
24 306
43 493
82 296
11 211
75 477
26 290
82 228
55 390
54 379
81 309
28 453
60 245
14 448
11 201
32 392
91 449
34 244
17 235
64 351
46 311
86 289
71 455
96 327
99 277
70 475
41 421
92 264
63 300
62 489
99 274
25 455
85 326
39 412
72 287
26 358
10 389
32 299
31 463
14 334
83 380
24 425
24 484
30 465
65 398
58 385
30 231
69 494
39 286
22 468
70 417
18 219
94 471
96 347
75 494
98 421
36 289
88 321
44 231
43 305
53 437
80 401
27 226
94 273
63 498
20 434
61 264
56 419
75 221
31 416
67 246
60 286
20 430
59 307
17 391
16 339
47 300
87 493
88 280
37 388
12 455
35 391
28 223
33 452
49 323
59 208
53 402
62 404
18 400
71 491
67 320
76 265
80 266
84 496
23 222
33 322
20 453
96 393
56 219
48 470
90 461
11 462
68 471
59 442
74 273
54 308
23 209
97 211
100 381
22 320
54 338
91 277
56 353
56 414
31 314
61 464
53 259
16 385
78 238
49 247
11 207
45 403
77 228
70 440
39 369
14 209
26 399
10 444
98 205
92 322
67 491
92 291
67 460
47 478
81 500
49 207
43 328
60 422
43 221
65 464
65 318
17 294
26 458
70 467
82 344
95 230
66 322
21 282
11 495
67 228
99 482
63 450
53 343
67 364
59 430
20 452
90 500
57 412
53 231
100 420
41 364
35 408
97 470
29 216
59 498
79 407
55 427
14 237
34 426
10 331
92 427
96 301
55 276
66 383
33 288
31 381
22 450
24 387
57 278
70 281
46 294
79 453
60 293
15 488
16 289
67 324
79 349
95 391
69 336
85 481
79 273
72 325
26 400
62 340
47 261
95 401
87 357
37 324
72 292
84 419
64 378
92 346
67 365
29 400
99 258
97 323
74 491
30 251
17 357
79 266
67 209
37 471
62 269
53 266
76 354
27 441
40 425
71 206
20 271
11 489
58 234
12 358
29 457
37 313
68 499
81 429
41 244
58 324
51 442
42 373
54 272
55 275
47 400
98 234
32 436
82 499
60 282
27 393
70 465
68 300
22 232
79 420
72 376
99 288
54 331
92 361
69 274
45 348
25 415
25 344
94 354
44 468
44 397
85 424
32 264
58 222
54 451
51 322
80 384
92 342
97 371
85 316
83 337
88 317
61 244
62 249
26 201
24 284
73 326
81 458
15 430
93 436
82 268
92 457
99 417
11 365
30 250
77 431
15 342
27 338
29 458
38 234
91 404
23 305
51 223
75 368
86 440
32 334
63 311
44 409
60 286
19 213
86 401
46 372
12 491
20 328
95 345
84 355
54 378
64 476
54 472
68 354
58 346
22 369
29 425
35 433
18 249
22 246
46 338
11 442
37 376
49 475
77 380
32 417
46 290
41 408
41 434
82 371
14 448
63 485
67 266
67 332
11 312
49 463
17 494
65 478
24 423
83 288
54 281
74 258
17 294
80 331
67 477
92 256
72 491
22 494
22 408
83 218
74 402
78 368
71 334
79 463
100 246
39 207
82 453
43 397
72 481
55 224
53 478
80 227
16 270
69 422
33 295
96 345
36 370
41 291
68 307
100 459
87 202
74 480
58 481
75 400
99 352
75 315
82 403
29 496
100 362
70 349
57 306
46 302
54 455
43 378
13 344
42 363
88 302
22 500
39 417
28 492
86 221
43 297
100 397
17 294
13 408
85 363
58 334
97 388
61 306
23 248
89 351
72 495
78 203
20 484
87 291
99 438
84 479
92 434
93 475
45 331
39 369
73 294
67 408
52 490
62 446
99 414
36 450
25 498
16 351
75 321
81 353
27 452
13 441
64 404
71 361
72 297
45 479
49 431
13 271
83 349
72 458
14 313
14 420
29 308
35 490
67 410
66 387
86 372
93 495
81 492
49 260
25 334
51 428
49 322
72 433
19 466
65 483
58 246
23 287
80 370
33 432
70 369
83 389
74 343
95 214
54 488
24 371
44 210
50 283
18 497
13 253
71 355
21 438
91 387
59 404
89 251
69 285
88 402
12 409
80 306
33 379
94 447
56 312
28 297
19 489
70 359
71 203
61 475
22 263
32 416
74 316
71 301
68 335
100 323
36 246
67 416
66 471
22 424
51 468
33 375
30 263
53 395
32 447
89 406
17 429
33 476
30 236
39 394
31 227
20 313
