10000 500 200 500 10 100
93 206
35 346
66 244
28 391
64 413
15 444
99 484
75 220
28 335
63 310
84 473
28 443
42 356
73 214
61 298
42 205
14 293
33 355
48 258
29 388
90 312
63 496
88 290
67 281
81 351
77 441
61 464
93 269
93 204
70 220
68 284
24 304
31 325
58 412
52 454
52 303
29 329
46 258
59 211
93 293
86 430
19 434
80 418
55 411
30 485
43 474
80 355
23 343
57 486
51 261
11 303
94 402
60 309
54 250
95 248
27 432
69 326
79 269
92 215
37 364
12 309
63 216
43 312
100 292
100 414
52 434
96 416
48 296
37 244
81 294
55 439
65 219
89 239
78 206
31 466
55 254
92 405
68 387
100 379
79 263
34 280
26 206
29 281
93 470
36 398
95 417
34 488
57 299
57 371
19 281
94 373
64 310
88 303
19 492
69 424
11 472
72 200
40 398
100 230
26 355
58 328
70 463
34 355
21 291
68 213
21 311
47 405
100 361
76 315
20 388
23 305
92 492
94 287
55 284
53 204
44 443
45 408
100 397
47 313
66 288
41 258
29 461
68 269
66 370
53 423
79 372
52 417
67 230
54 450
17 218
46 201
23 484
35 264
13 472
34 267
93 453
63 407
60 237
56 234
27 258
56 465
28 382
82 440
59 283
97 475
48 240
87 211
77 385
75 302
46 352
65 364
43 495
67 217
11 445
73 388
76 356
41 330
79 431
79 399
65 407
19 264
34 349
27 419
71 249
97 287
70 339
99 455
42 420
60 263
42 371
79 264
50 200
10 214
11 463
18 394
72 235
32 264
39 431
60 265
58 402
70 279
71 252
84 272
87 404
63 233
65 484
35 250
30 491
86 364
32 376
51 219
91 464
15 443
39 465
29 323
38 310
67 305
20 385
82 232
47 411
42 312
93 363
70 327
19 325
45 204
12 497
51 309
76 256
77 303
38 260
54 284
11 226
82 481
78 216
34 398
61 278
81 270
87 270
30 492
96 286
91 344
67 469
18 390
14 204
100 443
43 317
62 383
81 365
72 203
23 325
36 257
25 360
98 241
57 423
24 273
99 478
67 440
62 319
61 419
22 220
63 286
67 286
16 429
38 230
96 281
92 232
95 457
92 414
35 220
73 231
16 244
70 409
37 404
11 261
14 248
11 382
87 367
62 252
69 367
34 376
57 387
49 285
49 498
97 291
95 234
39 260
41 228
37 210
46 445
72 453
16 302
88 276
59 500
48 463
92 308
45 212
14 495
16 237
40 495
80 459
35 399
88 306
33 436
13 257
17 286
37 271
66 241
69 254
27 373
95 253
96 304
37 425
76 312
53 490
62 238
56 284
95 416
70 262
59 456
51 430
66 277
42 378
18 296
62 205
33 398
24 398
49 273
83 500
47 233
10 440
75 385
12 407
90 363
14 401
63 236
30 257
12 279
29 278
79 315
63 292
53 291
48 363
81 210
33 248
72 299
42 265
42 461
33 233
34 390
87 339
99 263
31 438
32 228
20 415
30 299
30 254
66 394
82 202
51 227
80 449
91 436
22 259
74 383
17 366
35 225
47 397
65 349
33 328
17 298
51 470
87 498
26 485
38 390
15 295
65 435
55 442
24 404
95 465
29 241
11 257
59 284
95 201
32 486
64 208
41 269
83 379
39 400
34 406
23 248
63 404
41 392
50 303
54 243
59 332
99 347
44 248
24 241
34 212
72 327
92 208
93 397
85 360
90 450
14 283
64 466
97 481
91 230
13 402
97 249
71 307
39 321
16 225
59 354
16 286
82 207
88 275
35 381
21 449
60 450
97 327
46 365
35 471
56 238
34 418
18 304
11 382
26 277
17 485
64 343
60 310
39 263
72 202
35 268
96 222
25 329
24 331
48 356
13 338
42 423
64 431
87 427
13 400
89 417
41 384
52 352
51 358
91 327
98 308
22 458
26 311
85 430
51 229
98 493
43 377
45 269
96 441
78 317
51 499
36 473
72 242
36 324
21 490
51 209
59 244
65 377
16 202
32 496
89 289
65 245
38 352
45 421
11 258
86 331
79 221
87 337
53 378
79 413
56 310
36 413
100 288
42 408
94 345
26 470
10 340
30 248
97 278
25 234
77 456
12 291
76 418
75 439
28 288
82 411
90 472
41 451
63 312
20 299
92 209
18 238
33 231
84 240
19 204
81 344
63 388
58 335
53 312
19 299
39 322
62 497
26 232
70 353
29 253
14 499
33 418
29 310
67 323
39 207
28 322
25 236
74 286
73 214
58 342
50 446
91 221
68 257
58 337
11 346
34 260
51 350
45 331
66 428
35 208
78 230
32 235
52 290
28 284
75 366
23 315
63 389
80 252
73 339
21 255
67 227
97 228
55 242
40 287
96 210
69 303
36 375
28 454
12 408
18 467
76 463
55 334
89 368
21 446
78 474
52 339
84 213
52 327
96 424
12 424
64 408
27 373
79 313
84 446
45 313
21 493
24 392
11 275
16 461
27 414
62 470
27 384
34 318
91 488
31 374
75 374
27 387
92 261
37 272
76 419
67 317
46 410
69 486
10 467
78 454
21 329
13 381
92 304
24 473
21 490
38 401
84 325
40 308
50 487
12 342
57 214
29 265
67 365
57 307
63 395
48 460
81 433
30 435
42 288
71 276
97 451
55 339
17 464
71 360
16 276
91 303
59 358
18 412
98 368
100 303
16 279
89 235
15 352
76 446
15 326
17 416
62 397
44 301
10 400
81 258
95 360
32 464
80 229
86 490
23 394
38 409
49 303
70 382
51 363
18 345
61 246
21 215
40 213
83 201
77 476
10 337
33 422
23 251
27 475
80 246
48 230
59 289
13 296
95 237
43 496
64 398
81 290
71 384
83 376
68 215
69 394
83 385
55 350
57 215
22 374
11 442
24 465
63 486
59 400
72 469
76 252
12 335
63 477
84 445
79 353
21 402
73 209
92 362
17 420
52 433
56 387
96 395
30 302
51 360
69 302
87 295
65 393
54 497
25 449
81 421
41 299
95 296
49 307
48 366
15 482
38 218
97 370
84 417
45 242
75 372
11 355
64 397
14 396
47 366
61 231
40 343
73 358
77 286
92 244
85 389
68 448
20 343
63 218
61 436
82 286
27 303
51 273
12 437
15 341
91 461
30 338
38 401
73 442
84 358
83 336
23 461
98 352
68 298
43 262
74 380
18 290
24 237
88 431
67 230
29 225
76 392
58 244
21 257
72 227
47 369
26 412
57 395
63 281
90 383
98 425
38 491
16 443
27 326
32 200
13 342
57 246
70 339
99 275
89 423
92 260
77 364
66 319
47 383
66 450
79 492
52 225
31 337
75 458
15 238
85 217
64 383
50 362
63 251
30 315
72 438
95 464
83 495
89 257
42 381
56 340
70 278
97 303
19 281
92 276
31 366
49 448
71 255
72 468
91 445
38 479
14 306
80 381
100 473
16 376
39 292
69 475
78 330
16 234
90 235
28 429
74 302
97 348
19 435
85 412
23 246
78 210
25 280
68 350
42 228
18 355
53 491
88 440
59 304
71 480
92 483
59 440
55 233
80 441
77 301
80 296
94 441
71 499
31 397
86 473
65 323
51 494
88 355
92 382
86 306
84 497
13 218
59 322
14 422
39 418
56 313
34 370
29 218
20 423
86 415
67 237
53 420
21 249
100 312
39 432
28 492
24 455
72 262
98 409
66 288
20 205
45 237
78 302
55 442
68 369
47 368
98 292
59 285
100 311
38 472
96 263
67 420
96 319
100 493
32 465
82 302
94 379
40 294
99 345
21 455
42 289
17 267
27 411
10 473
77 447
17 213
12 253
98 426
67 363
53 400
25 447
84 245
14 341
42 204
25 272
32 347
28 282
49 493
21 215
62 463
95 306
76 370
98 357
57 480
33 462
69 295
51 330
20 380
83 327
75 304
23 344
17 460
52 364
40 316
58 365
13 239
79 453
12 227
14 203
56 227
39 284
77 219
83 361
89 282
56 283
25 286
76 336
64 250
41 497
43 277
49 343
96 479
41 224
56 302
74 410
73 390
79 350
83 356
53 257
80 448
50 273
31 466
81 278
96 359
78 280
65 282
91 201
98 467
20 214
67 202
55 245
51 367
96 250
12 354
75 411
63 396
94 233
94 393
31 326
67 284
98 386
43 277
44 376
73 412
84 459
55 213
85 255
43 398
46 403
44 310
43 252
88 246
44 316
82 346
50 389
28 245
32 496
34 410
54 212
36 460
52 485
47 424
94 353
70 242
41 271
49 267
65 255
27 358
34 450
27 210
63 332
74 310
22 224
67 448
21 290
21 457
92 329
17 211
91 450
24 435
44 303
21 293
70 462
61 479
54 353
85 448
40 443
72 261
74 277
72 453
49 364
65 390
57 237
78 372
12 403
85 406
35 206
62 313
52 348
15 329
16 279
29 435
12 334
52 387
84 453
40 477
77 446
25 207
84 466
51 316
11 435
12 272
48 420
84 308
93 476
49 217
43 462
62 475
22 345
91 355
43 398
81 311
42 396
60 473
15 447
28 480
89 260
59 220
47 437
80 496
48 213
18 365
87 362
42 470
36 399
21 201
16 404
59 338
14 329
27 411
72 349
79 355
66 339
13 337
86 453
22 386
11 294
14 339
90 339
13 361
32 381
65 284
69 424
77 283
85 431
82 277
93 281
69 437
13 205
79 445
56 355
77 321
75 329
62 353
44 217
60 206
79 376
58 382
91 410
74 301
82 356
84 369
86 208
49 305
78 277
95 420
35 277
98 329
69 451
80 375
77 445
86 264
16 369
18 318
31 308
34 419
54 445
94 298
23 292
81 365
60 300
41 250
63 224
47 233
13 361
51 391
19 487
51 324
33 299
22 382
95 259
20 269
17 287
40 406
46 470
37 446
12 305
97 396
22 375
50 252
76 285
58 239
27 296
10 324
58 203
58 252
75 205
16 215
89 438
82 369
19 390
100 426
40 310
41 221
55 500
85 418
72 415
69 254
41 270
55 406
98 333
20 285
52 478
71 328
25 419
28 271
25 209
64 252
40 215
24 201
75 296
69 248
42 376
51 471
23 429
42 418
26 232
47 298
32 251
98 373
23 321
35 227
60 338
10 398
46 252
37 368
77 267
20 257
14 416
62 236
75 301
38 305
99 456
21 291
100 227
31 374
51 357
31 428
99 380
16 298
99 372
18 427
56 280
10 280
98 409
41 238
55 269
25 292
61 445
37 429
98 297
52 269
68 453
28 347
57 471
26 462
31 309
85 230
71 321
54 282
47 375
56 490
70 413
62 366
97 414
97 278
10 345
22 363
38 242
13 328
65 353
95 253
72 428
42 248
63 342
80 477
50 400
18 358
96 497
94 470
76 266
65 370
19 293
61 407
17 440
86 297
48 274
37 452
58 382
31 397
35 279
37 438
35 237
48 291
69 267
38 342
12 206
74 493
33 442
21 384
16 384
28 372
40 228
80 357
40 272
63 331
64 325
94 278
89 363
35 294
36 329
54 211
18 345
12 384
70 250
34 366
38 497
46 289
23 258
56 383
42 398
72 430
25 230
47 232
60 327
77 220
88 211
41 239
28 382
54 392
74 439
26 315
47 243
70 357
40 248
67 381
14 400
30 367
20 217
12 271
92 475
73 248
25 220
38 292
63 409
85 335
76 491
92 430
80 303
36 284
57 474
99 246
11 424
97 303
49 261
99 233
40 364
73 420
91 266
52 235
45 445
98 220
92 468
87 417
30 485
44 371
86 365
91 331
25 228
62 478
11 205
58 473
48 490
86 452
85 353
100 480
28 204
58 481
65 398
43 491
37 296
24 289
74 478
62 447
71 251
15 443
92 332
12 324
48 306
31 326
43 460
69 204
43 202
33 384
78 280
100 480
97 435
80 485
45 335
21 315
18 253
41 341
98 472
93 206
49 438
30 486
61 335
96 259
69 424
18 435
47 465
13 278
86 381
67 259
78 442
53 351
76 330
49 380
82 354
71 278
17 365
65 335
97 202
25 234
41 235
65 328
95 280
75 348
68 417
27 426
91 480
85 302
17 466
92 361
81 265
72 308
15 451
73 378
66 286
31 227
37 278
92 218
71 460
65 268
24 222
37 433
52 468
33 209
24 466
11 200
76 206
100 359
80 200
47 309
76 347
59 305
70 389
88 233
69 490
33 423
88 244
14 360
89 339
15 394
69 489
61 484
59 401
43 402
48 277
37 436
64 295
42 498
89 363
27 281
90 280
20 261
64 307
87 234
70 240
71 450
24 270
90 473
98 473
65 320
65 333
75 322
94 244
15 361
91 349
55 208
36 394
73 452
98 390
21 396
13 311
21 356
13 476
54 250
33 452
100 397
63 375
33 411
44 337
91 275
78 411
30 261
27 252
19 254
69 396
44 269
11 494
53 286
20 202
32 315
68 455
48 438
58 479
39 248
26 267
43 448
82 305
97 231
74 471
77 497
89 433
68 271
83 440
21 293
71 493
90 345
27 369
22 225
25 278
85 310
88 295
35 271
61 215
85 206
54 336
30 251
88 217
50 444
79 429
26 347
21 394
42 266
60 473
30 256
22 263
70 293
49 373
86 207
98 416
88 323
84 465
10 219
75 395
42 336
82 398
57 442
81 374
84 200
22 249
85 295
35 372
89 420
67 451
91 432
98 338
68 317
11 327
52 432
35 446
46 293
59 500
62 332
98 493
49 418
13 287
45 251
41 298
66 452
23 295
24 365
87 336
55 434
14 465
80 434
98 381
63 202
72 211
11 452
60 365
43 443
36 330
55 308
27 363
28 376
29 340
68 238
79 420
19 338
72 285
38 242
31 497
78 244
69 277
26 358
82 365
45 291
53 493
93 271
26 356
26 210
16 436
67 421
59 469
47 488
81 478
53 469
83 223
59 380
26 458
33 389
50 287
87 466
74 276
25 332
89 483
51 427
79 340
60 221
46 253
75 260
36 487
82 454
29 439
60 207
31 268
23 469
13 324
63 332
78 419
83 331
73 255
42 216
40 253
58 401
89 495
18 235
31 438
33 440
47 219
48 273
28 343
93 392
24 373
24 316
87 437
76 441
29 352
80 284
99 443
51 359
78 446
11 366
66 331
11 208
33 201
89 386
64 220
35 208
90 449
34 433
99 419
15 325
16 278
93 374
40 393
55 406
73 375
69 420
98 326
58 253
72 459
35 369
81 364
31 270
26 349
63 446
17 325
22 287
17 428
44 322
65 340
17 357
100 248
29 418
99 453
44 349
40 307
22 288
47 243
97 231
14 258
58 409
45 496
51 485
39 303
15 442
38 282
48 406
14 323
13 353
60 242
89 385
71 469
26 269
61 478
87 353
36 277
40 368
69 205
76 445
84 356
17 250
56 484
65 467
38 227
79 228
69 270
95 418
31 283
63 449
34 287
11 245
48 362
84 385
76 463
30 424
93 214
33 255
46 327
24 451
73 290
79 423
22 341
51 348
85 225
43 434
16 397
31 374
38 340
77 272
80 286
80 420
88 316
36 497
17 396
23 245
59 324
92 346
66 205
31 288
99 238
75 240
61 450
76 340
26 320
20 341
12 356
30 455
56 434
39 363
22 245
60 264
45 324
95 283
46 352
30 258
43 291
13 222
53 360
10 227
85 222
27 385
63 276
94 298
73 438
90 237
76 317
18 300
17 460
37 468
82 453
88 450
14 222
73 482
33 282
79 310
100 275
21 431
22 231
34 310
38 387
32 400
80 397
40 291
59 333
93 416
40 483
19 227
88 234
54 284
71 467
45 369
44 337
85 342
24 475
57 235
49 247
35 262
35 384
68 248
48 309
78 200
58 226
75 494
85 235
19 274
13 420
78 244
63 440
56 272
89 287
100 473
98 491
73 426
16 285
16 340
17 336
86 384
88 316
64 321
79 353
81 354
80 287
83 227
37 482
90 390
95 355
70 250
41 346
78 419
52 398
92 223
85 297
41 345
92 234
43 264
30 309
52 409
35 213
59 372
27 383
95 462
54 321
30 282
59 436
86 296
99 207
23 265
71 476
17 467
12 273
32 346
27 398
86 227
25 338
31 253
100 358
71 208
42 425
92 293
52 239
54 393
16 458
87 249
39 266
93 341
99 495
81 471
15 388
85 451
27 295
80 497
47 468
70 331
94 493
32 452
91 262
13 425
60 250
91 299
47 438
10 405
24 324
78 222
64 322
67 488
84 426
98 320
86 386
62 234
98 323
95 358
22 278
11 251
14 205
41 343
92 239
13 222
39 372
52 376
59 416
74 411
54 244
79 484
18 430
89 307
77 402
57 285
98 445
41 456
67 488
15 240
30 295
81 339
15 256
52 461
41 275
59 262
67 351
95 248
67 411
45 481
83 217
49 490
67 403
44 361
15 494
98 314
75 413
48 255
11 417
98 390
86 335
98 260
47 396
81 414
92 362
64 367
34 409
70 342
45 251
40 399
16 302
94 332
69 416
77 432
48 300
29 222
30 473
38 319
35 341
33 424
14 376
17 331
15 345
45 345
44 374
55 389
29 455
47 439
96 306
21 452
88 492
29 291
73 205
91 281
47 392
96 247
27 493
43 249
97 300
37 483
70 336
44 398
46 342
39 410
59 455
38 252
97 283
71 308
31 202
48 384
38 291
73 359
99 258
42 422
100 251
36 229
67 224
20 426
68 461
43 212
16 445
80 310
82 357
90 317
64 256
88 451
70 330
65 381
82 466
26 495
82 404
50 352
93 348
13 493
26 311
94 222
71 468
90 284
76 450
34 381
15 299
48 251
88 389
22 214
25 432
13 269
61 481
61 213
29 397
67 385
27 460
32 213
86 439
56 449
90 396
53 291
18 409
49 322
20 223
28 349
53 294
12 240
91 288
20 301
44 207
18 442
90 342
11 342
14 200
52 366
91 368
51 340
67 499
57 322
51 246
66 426
59 338
61 313
49 468
76 360
11 399
44 391
41 455
46 270
56 221
39 249
10 292
44 415
87 248
97 209
29 407
47 384
48 350
98 420
33 410
32 242
19 278
42 247
28 364
49 386
84 453
73 224
37 272
67 232
23 374
13 414
42 426
37 325
66 242
29 292
60 272
39 459
34 215
36 281
67 221
79 214
32 401
87 416
74 375
73 292
69 439
83 278
80 201
44 389
60 396
87 343
32 263
96 466
14 204
62 408
76 212
74 398
45 358
19 283
66 460
59 230
21 278
52 211
68 461
53 471
67 330
54 472
72 363
98 370
50 483
100 291
90 397
76 305
86 201
96 486
67 211
56 308
50 273
49 216
10 417
89 289
47 299
18 338
45 447
48 227
65 234
64 271
74 256
95 333
79 213
81 468
62 282
94 212
88 292
72 288
87 215
18 454
57 335
96 475
86 497
94 409
45 269
21 309
14 304
48 281
23 259
81 240
55 221
39 446
69 230
47 219
78 308
79 259
34 462
43 474
71 434
24 387
47 310
41 475
58 437
87 430
98 252
62 235
58 472
65 335
18 413
72 446
19 276
74 413
78 437
17 395
96 217
17 219
73 476
10 390
80 499
18 306
18 238
47 273
78 219
46 460
67 211
89 402
75 308
73 224
31 200
54 261
27 347
76 494
25 223
92 484
27 451
89 470
87 328
17 447
91 400
30 279
25 261
86 397
33 243
59 312
92 487
88 461
80 403
80 405
93 285
52 294
87 375
61 474
83 306
55 350
76 275
83 314
47 307
97 404
81 330
41 343
20 337
61 400
44 455
47 312
27 442
63 474
47 470
41 319
46 366
56 479
23 295
65 226
77 201
84 251
70 394
46 347
42 396
70 418
54 299
83 339
59 385
38 306
23 207
42 327
71 291
33 264
42 296
98 236
11 419
29 327
95 380
14 491
79 469
83 376
43 388
19 206
10 225
14 376
33 435
35 355
87 257
42 309
99 357
55 348
20 331
88 285
93 398
58 485
28 434
19 384
95 222
34 342
83 452
35 228
38 220
64 361
35 450
23 328
34 264
14 279
96 451
66 303
47 339
75 465
16 295
97 342
28 436
22 262
59 201
71 222
25 373
81 497
29 352
91 327
62 248
14 208
87 469
61 246
83 298
68 379
35 256
15 409
85 454
18 328
83 210
46 374
66 232
10 404
75 392
54 499
49 385
10 388
27 267
75 410
50 393
68 457
98 258
82 390
55 335
79 364
31 316
51 478
21 254
88 379
59 309
93 335
53 282
33 297
16 406
50 413
95 244
48 446
45 483
90 212
73 250
43 361
100 261
98 412
51 418
23 210
43 417
99 471
61 317
37 296
46 472
40 218
48 326
48 217
23 497
89 324
22 304
43 361
68 272
49 431
41 363
73 217
67 286
78 226
55 453
10 323
44 331
48 389
34 203
28 464
41 385
87 445
92 271
28 252
76 276
86 334
82 373
99 416
28 287
82 259
43 212
81 412
76 421
22 499
69 456
64 322
11 248
52 227
87 269
69 412
90 461
87 482
11 345
72 240
23 287
19 318
89 379
32 392
72 280
80 473
39 300
93 325
48 258
86 366
31 329
50 371
62 272
45 371
74 448
100 247
77 408
96 283
62 344
45 335
26 314
27 409
22 299
11 461
17 283
10 331
95 404
13 451
40 252
37 341
35 482
17 233
99 452
84 425
48 241
100 469
61 366
35 468
90 359
49 219
76 453
52 251
53 301
98 229
20 272
68 301
23 457
27 340
95 349
88 402
47 323
59 444
67 496
50 351
73 237
70 494
54 419
90 295
30 496
98 270
20 445
55 218
56 454
99 457
91 423
46 442
90 477
51 433
42 245
29 274
42 352
17 221
27 260
100 238
83 340
94 322
78 428
42 383
37 448
38 433
43 497
71 313
32 208
42 393
65 227
70 285
67 432
100 398
90 372
84 247
59 442
44 244
96 408
23 448
70 215
13 423
79 454
34 383
49 480
65 465
45 390
27 334
81 304
12 263
78 314
58 386
43 378
26 373
68 256
23 339
98 400
93 431
17 497
39 263
100 237
76 381
45 225
26 498
35 445
12 204
30 320
56 263
15 218
54 232
28 205
26 494
64 332
54 206
52 436
80 201
94 297
12 349
65 346
72 351
46 356
20 348
51 494
83 422
18 296
46 434
20 275
68 405
88 249
99 484
57 481
44 407
14 316
97 299
64 299
76 251
95 253
82 379
69 208
56 457
17 454
29 252
71 215
18 333
98 317
14 249
12 249
21 273
47 409
38 275
38 219
26 412
16 424
32 268
25 340
68 434
86 262
67 270
73 443
32 342
45 468
95 254
38 244
16 280
40 398
93 359
66 431
17 439
70 360
64 234
33 379
34 492
72 454
29 218
66 414
85 353
77 450
65 297
10 433
97 345
69 482
62 447
97 222
23 215
25 290
69 281
61 217
20 409
47 283
84 264
80 487
29 328
100 273
78 379
18 500
94 285
25 426
28 292
40 366
96 280
17 357
57 373
19 382
17 243
60 407
21 412
75 423
66 278
78 362
36 400
34 379
80 240
91 415
25 253
38 389
39 434
74 443
29 267
70 336
39 238
43 317
75 385
98 438
44 434
38 420
78 359
53 266
11 352
54 430
28 209
36 487
97 261
97 498
46 452
69 338
48 326
41 389
73 443
16 423
31 324
41 458
60 338
56 279
81 454
41 344
62 275
19 304
84 458
91 364
88 436
20 297
79 405
64 470
97 260
75 422
68 483
26 366
53 301
42 311
88 403
49 417
93 484
98 463
80 322
58 248
64 276
18 466
36 330
47 225
59 327
50 274
81 224
44 380
91 284
36 278
11 394
27 363
49 215
33 268
28 400
11 242
66 411
78 354
99 443
78 380
53 275
37 278
100 293
73 323
64 448
30 210
91 396
23 417
41 397
21 395
44 500
59 471
86 445
55 399
68 454
94 355
12 483
97 226
19 390
54 299
84 249
92 326
92 432
67 253
68 426
100 324
90 334
65 283
10 368
75 313
96 209
41 350
16 350
26 414
76 474
88 224
62 271
87 366
10 290
39 229
30 265
70 338
12 397
11 376
61 301
34 386
99 406
72 200
19 309
83 493
75 325
99 253
66 315
97 245
92 236
34 370
81 377
48 450
45 378
49 287
80 314
15 488
93 406
45 223
82 299
50 245
50 482
100 467
50 365
36 452
47 236
32 201
17 278
27 385
37 277
10 333
39 393
10 360
100 256
87 261
79 348
91 427
92 251
51 376
11 355
89 265
91 397
83 201
98 468
66 330
28 357
57 333
35 232
96 296
18 274
69 342
35 310
32 450
65 361
74 226
67 401
31 355
52 359
71 222
29 492
37 268
92 263
21 296
95 292
69 333
52 448
53 486
50 442
19 419
65 209
88 215
61 487
41 458
92 476
16 369
37 229
74 212
27 286
25 388
93 450
25 442
75 393
38 403
60 261
45 335
84 466
99 430
20 470
64 495
94 213
38 309
13 248
65 335
88 379
96 360
81 492
94 474
59 427
86 417
69 397
86 457
70 403
49 211
22 472
99 215
36 317
89 227
93 395
77 346
13 282
76 351
63 205
93 355
54 400
83 318
63 324
27 356
14 409
29 296
86 270
48 314
72 436
14 399
96 401
97 353
33 449
47 204
57 227
60 334
71 431
76 370
26 475
19 479
22 290
100 212
36 386
73 496
90 365
61 350
38 387
10 497
45 405
46 237
40 309
19 256
54 221
88 493
41 400
53 329
51 495
14 247
15 366
75 349
71 334
43 245
100 400
23 254
44 492
17 486
72 362
37 237
11 417
12 226
74 450
49 204
61 395
56 472
47 243
61 239
36 268
33 347
37 275
88 272
23 392
98 264
74 247
27 334
66 280
72 479
76 465
71 320
81 483
56 368
27 362
51 352
27 390
42 347
75 349
78 429
77 425
35 242
80 493
80 334
36 436
54 449
41 493
54 458
58 309
92 450
34 482
28 350
34 248
59 285
43 364
12 336
82 354
77 458
43 454
22 265
23 301
87 487
44 231
29 217
95 218
84 209
34 216
86 269
79 253
73 360
88 267
47 454
65 273
83 466
33 350
84 262
23 494
18 443
65 442
67 211
65 375
94 357
69 277
63 353
77 230
21 246
63 408
86 416
35 258
43 354
79 310
22 256
50 464
66 225
74 407
26 262
90 206
98 319
52 346
58 363
49 384
99 371
80 256
47 470
14 315
81 471
22 488
91 477
93 225
30 254
42 436
21 412
19 485
42 424
33 452
96 404
75 444
91 324
40 208
77 262
70 365
43 497
29 208
62 252
44 372
40 363
82 320
24 499
78 203
32 384
63 457
89 489
38 311
45 298
16 406
29 391
48 342
39 321
13 257
78 281
72 377
76 486
40 417
25 250
63 354
71 272
28 222
15 459
38 373
79 351
79 366
92 496
77 378
47 255
74 438
80 262
50 478
15 209
62 480
50 262
68 494
93 341
32 344
59 247
12 305
76 493
52 388
24 376
50 253
62 399
40 465
75 203
50 457
76 285
64 221
80 467
52 380
34 480
71 355
51 490
74 373
70 328
46 369
97 275
100 281
25 311
53 332
35 386
71 225
21 422
42 215
73 210
27 393
20 369
42 465
77 406
78 238
84 346
47 436
26 278
92 292
92 211
32 402
91 410
43 316
97 423
19 468
21 476
28 422
40 306
84 452
83 421
70 494
92 397
10 386
16 395
13 261
90 300
41 251
98 340
44 341
12 396
26 496
43 367
45 465
58 201
43 433
97 355
61 438
36 304
22 424
69 251
56 353
30 346
91 361
24 418
75 498
42 209
39 435
88 256
11 298
73 264
40 429
27 355
74 419
31 439
11 407
82 224
48 290
98 311
46 305
26 351
37 343
64 442
50 486
21 374
50 204
66 211
16 254
87 498
90 275
45 212
61 324
12 389
45 357
53 262
21 229
54 412
98 222
31 347
58 249
15 489
80 357
95 385
71 316
45 333
15 216
15 219
23 331
44 401
70 358
92 297
74 325
46 207
15 259
35 304
26 272
78 363
27 242
61 340
17 328
12 447
92 317
96 382
78 323
25 334
80 494
45 316
68 388
95 416
27 375
53 205
22 210
18 325
56 313
27 308
27 386
39 233
90 419
77 350
26 395
31 421
25 313
29 457
26 258
73 346
42 289
94 278
46 417
47 250
34 317
18 420
10 260
23 354
34 266
74 419
100 385
26 299
77 324
24 397
22 325
89 264
66 292
25 412
47 495
57 238
43 469
38 463
28 310
86 457
59 268
18 235
16 213
89 349
34 287
75 418
54 486
17 275
99 221
75 286
48 296
32 226
66 430
77 293
66 253
89 314
38 424
35 222
48 382
81 421
43 365
35 279
73 268
23 377
28 238
33 255
89 486
64 399
69 468
37 404
74 490
11 290
92 264
100 497
67 433
28 313
90 255
50 346
12 495
12 363
67 435
67 316
44 448
99 284
79 405
37 384
67 403
53 205
82 484
14 311
87 420
10 412
93 264
17 497
29 479
42 489
45 276
94 282
83 218
44 387
43 200
66 266
26 442
75 319
79 223
99 290
65 302
57 315
66 458
15 373
36 471
34 298
63 364
66 469
73 394
23 254
88 324
69 297
14 341
27 441
75 294
10 255
41 431
51 210
37 483
44 272
20 443
88 398
86 450
34 489
71 472
63 487
43 311
79 310
81 398
30 214
38 230
12 337
58 390
82 297
25 429
48 222
84 489
78 427
97 236
80 230
12 355
78 251
44 249
46 316
15 310
87 389
12 350
82 300
58 271
45 309
78 215
25 320
89 200
46 340
59 359
14 493
38 284
23 378
38 304
49 480
24 273
56 203
41 291
94 360
90 399
26 261
37 249
45 315
88 326
64 235
77 222
61 397
14 470
76 390
32 216
93 437
68 486
42 411
39 492
88 337
26 489
12 252
99 228
87 236
100 220
32 287
35 497
81 299
19 257
35 489
88 306
57 313
45 364
54 265
24 243
19 495
99 249
10 468
76 313
45 431
54 473
14 376
66 451
72 385
57 361
32 481
94 298
53 206
31 214
66 266
55 424
38 489
49 206
66 500
42 409
16 452
31 346
65 299
21 200
25 203
49 357
67 277
43 225
33 314
16 254
62 496
26 340
30 348
45 389
98 465
86 226
63 427
78 442
57 418
70 459
20 253
35 353
67 218
87 363
31 316
42 463
33 292
90 494
78 397
38 287
11 377
78 225
47 435
99 278
61 359
82 222
57 301
65 491
92 452
68 351
23 469
22 276
58 313
52 201
89 349
63 319
19 300
72 278
12 209
66 335
18 342
14 228
34 431
80 411
36 271
91 398
100 272
11 249
67 442
100 292
32 237
63 316
57 453
14 320
74 499
93 330
34 210
11 483
82 276
73 220
44 352
73 335
83 289
54 257
26 384
21 270
33 208
59 206
24 228
55 372
87 480
88 265
97 259
68 328
32 338
48 431
73 214
62 362
10 399
21 232
77 466
81 402
23 437
42 333
56 484
42 389
88 456
15 401
71 349
79 298
29 325
21 426
54 493
47 341
43 405
34 372
98 475
72 293
61 483
64 222
16 431
12 327
42 263
95 299
44 455
59 298
52 324
56 317
44 209
50 456
31 330
49 234
95 351
92 362
40 253
26 497
68 243
40 216
90 249
13 418
60 411
51 231
86 488
98 299
69 254
59 361
37 280
71 335
34 471
40 462
71 380
10 405
55 429
92 480
81 486
85 430
74 412
95 379
48 207
42 294
55 380
23 344
52 298
30 289
100 476
94 241
33 356
25 478
50 317
75 262
28 302
77 397
48 352
50 310
26 401
20 319
36 359
70 489
71 392
70 476
12 226
94 421
19 412
29 467
79 303
96 479
71 420
88 367
43 297
21 379
36 331
46 226
18 411
56 345
95 491
12 418
79 286
12 348
68 486
64 374
43 241
96 494
85 425
38 481
37 287
39 219
34 307
41 305
44 209
38 268
65 219
52 466
53 273
48 201
94 377
74 348
23 226
56 379
15 400
78 421
87 468
75 302
99 384
70 490
18 358
87 342
55 243
33 432
10 370
35 324
35 256
83 465
69 461
63 431
21 451
87 245
10 490
36 391
30 203
94 214
20 387
65 488
73 414
79 445
76 249
29 330
13 439
67 285
93 386
25 457
60 264
28 453
26 298
76 426
13 423
91 412
67 246
95 489
61 465
28 242
40 450
91 216
11 364
31 434
40 464
23 284
11 341
67 281
49 278
43 490
29 345
82 259
97 498
95 350
12 378
100 373
22 412
93 414
64 337
33 325
23 487
47 327
41 395
22 215
63 313
86 372
43 354
47 298
60 376
49 210
53 238
21 329
92 220
95 476
26 288
12 406
64 459
35 351
70 390
38 223
56 320
31 410
99 223
27 223
100 353
74 401
31 366
34 240
88 420
85 442
46 264
60 481
90 381
57 273
49 396
45 472
63 390
84 338
87 286
18 261
47 395
55 279
29 391
97 346
97 283
74 216
32 435
95 319
35 225
34 284
91 439
68 285
51 334
67 491
69 283
77 256
20 464
36 438
63 353
100 362
67 319
92 284
59 272
64 267
91 244
20 367
73 355
87 260
46 323
67 306
82 251
73 231
81 448
47 266
48 450
93 486
72 204
94 272
86 422
31 273
61 440
74 398
37 340
26 482
67 457
95 266
43 348
19 472
83 465
57 345
19 416
34 433
12 349
29 446
91 292
81 434
62 407
54 224
69 487
79 407
16 491
91 452
93 470
25 332
19 410
58 246
37 205
64 495
26 432
81 271
49 408
38 454
15 234
16 259
52 432
63 464
20 337
60 460
52 236
95 439
64 467
44 271
52 413
47 274
43 454
92 266
42 298
100 374
66 396
38 353
54 347
83 398
97 430
31 489
34 397
26 411
31 412
43 283
20 445
95 417
61 451
15 407
69 351
56 330
74 462
96 272
91 498
46 441
36 326
52 341
45 356
12 284
45 381
56 289
41 474
25 371
53 387
10 372
88 307
100 483
57 383
43 276
89 224
88 255
99 394
38 271
61 294
80 265
92 473
67 499
39 258
78 319
28 447
20 381
89 442
85 221
30 417
46 453
22 262
49 490
26 301
70 455
34 314
89 268
76 272
49 232
91 384
13 223
58 291
42 283
86 215
45 356
97 350
40 271
68 264
82 316
73 219
24 458
54 239
23 420
22 240
51 390
41 200
38 454
67 215
89 323
49 340
74 361
68 485
16 350
99 442
73 311
56 486
32 243
54 493
83 233
23 312
85 356
77 284
60 353
83 294
11 279
89 353
84 321
41 321
99 335
95 334
64 422
21 413
13 241
84 325
84 337
72 446
68 448
45 250
61 278
83 474
66 476
36 297
81 464
57 215
59 430
50 493
18 367
99 214
43 260
60 432
96 424
48 338
49 356
98 369
27 430
61 291
14 469
86 450
70 255
27 428
47 211
41 285
45 474
29 235
39 338
57 379
80 292
14 382
95 251
81 332
44 393
58 334
44 260
88 441
93 446
85 498
35 437
10 284
73 281
10 392
78 234
52 429
15 485
38 223
74 310
75 465
66 227
74 262
46 330
29 300
28 270
84 481
46 278
76 314
29 383
73 476
33 224
16 493
88 464
55 442
32 371
33 225
32 402
13 434
20 489
59 255
52 228
45 463
79 249
23 364
50 230
20 247
28 443
27 410
40 254
30 429
73 455
12 271
12 439
26 387
54 436
51 384
71 376
11 220
59 321
27 305
64 422
34 304
17 391
51 219
95 314
63 268
78 299
61 374
34 242
56 363
69 401
37 341
99 292
95 450
16 443
19 412
12 356
15 427
11 480
73 391
43 342
25 260
54 497
54 377
70 394
18 365
22 235
30 269
91 315
30 388
53 222
84 320
36 264
44 375
24 442
87 235
96 422
31 423
95 428
80 356
37 339
56 263
14 475
22 349
18 248
18 295
35 284
33 399
60 412
51 290
37 236
30 386
56 319
89 274
79 357
31 215
74 399
34 268
71 359
89 411
42 402
56 427
14 320
81 232
63 296
37 333
76 397
39 239
25 277
88 461
13 493
80 328
87 202
71 463
13 261
89 466
56 226
28 295
40 416
78 275
84 400
99 293
79 326
43 261
36 395
69 234
39 446
69 476
15 206
89 257
88 209
17 377
38 364
20 331
88 249
77 241
18 212
29 494
83 416
62 439
46 474
10 395
31 284
17 315
61 206
100 256
90 293
99 449
59 406
11 486
76 384
17 301
69 259
52 484
15 247
77 483
87 344
97 338
46 445
98 469
62 223
63 364
67 407
85 221
50 290
25 465
26 432
26 319
40 309
54 363
34 422
13 325
61 420
82 444
66 314
21 463
39 334
86 453
51 389
37 302
19 379
70 402
56 281
37 449
17 220
84 444
28 406
15 457
12 430
39 338
82 459
12 380
77 376
32 283
74 454
35 493
83 350
72 341
44 312
23 219
43 351
99 222
10 482
93 229
16 277
88 404
72 468
62 278
57 314
84 357
24 444
67 348
67 441
34 424
90 478
68 333
60 304
100 333
33 283
43 395
24 479
81 295
36 330
51 238
98 432
29 460
97 442
71 367
77 246
26 383
58 381
15 300
66 268
85 469
24 494
45 411
64 410
40 367
38 327
89 382
32 498
46 382
57 398
44 269
64 487
16 416
60 314
46 301
44 347
31 484
64 381
49 312
45 399
33 477
77 333
62 482
82 449
44 218
68 310
79 239
55 387
60 464
60 420
48 384
79 282
68 406
89 209
76 400
12 396
22 331
73 484
95 257
35 424
100 278
71 262
40 280
25 220
10 399
48 257
49 404
34 347
75 450
40 226
99 212
48 475
92 399
85 404
82 339
78 482
65 311
75 432
44 339
48 383
45 290
46 218
29 427
18 253
45 221
44 474
98 399
70 326
73 356
37 452
80 256
51 259
70 374
56 206
85 392
11 200
42 227
31 426
70 384
18 278
40 405
64 338
13 449
42 349
41 392
83 498
92 432
72 314
65 496
28 217
20 408
33 268
29 485
30 286
46 319
19 422
97 364
30 275
59 472
76 315
85 474
27 260
99 266
91 410
69 393
66 297
54 393
47 382
59 256
78 444
21 229
34 347
76 424
71 405
69 243
41 458
20 480
46 372
63 341
35 205
61 457
26 482
97 365
40 225
47 280
50 494
57 283
29 402
81 460
20 250
52 223
19 470
79 474
88 498
45 320
79 497
29 203
64 425
20 290
34 488
11 317
69 430
64 270
44 306
94 386
63 482
21 312
23 361
82 490
84 298
76 207
39 334
19 272
74 277
88 407
40 482
51 244
10 322
12 440
28 492
52 482
94 433
54 322
16 277
17 349
68 370
69 419
96 316
91 211
25 250
84 406
83 390
71 341
56 463
45 389
32 355
55 324
67 362
32 329
13 257
81 263
40 283
32 328
44 421
57 490
16 256
31 202
82 293
35 408
27 374
64 407
20 314
28 214
88 426
13 415
43 219
26 307
50 459
61 348
77 274
97 299
11 481
34 425
72 343
19 227
46 326
55 444
100 363
50 366
76 249
41 220
54 207
99 268
58 212
94 243
68 252
33 315
70 341
15 255
34 320
10 450
14 363
43 285
44 299
54 315
89 480
99 366
96 412
52 351
20 299
41 409
52 434
63 282
75 462
70 207
100 266
86 426
95 299
34 456
64 410
65 497
25 303
65 274
23 495
27 337
69 466
27 344
38 218
87 423
65 411
28 209
97 336
85 406
85 344
83 334
12 278
71 342
63 441
55 295
95 489
26 428
46 478
38 302
41 395
94 424
87 454
23 282
79 266
74 475
32 497
28 414
56 336
14 405
77 318
11 410
84 381
89 260
25 357
20 200
94 335
68 357
79 305
26 276
95 274
38 231
99 307
13 293
62 347
79 418
67 396
63 271
62 414
50 281
84 391
49 271
27 204
20 262
51 265
70 380
79 338
25 358
17 253
84 337
90 399
60 313
96 280
24 269
27 413
50 212
78 432
41 277
59 411
53 393
94 428
61 213
74 381
11 460
21 220
12 231
64 249
20 412
39 478
33 271
15 279
20 443
79 266
40 345
19 309
16 299
22 259
38 500
60 382
30 272
41 205
34 270
12 397
71 282
86 411
13 214
83 386
36 450
83 375
68 275
66 280
21 418
95 385
81 478
43 377
78 367
51 250
32 283
63 367
64 220
49 218
93 215
98 338
100 254
48 207
89 446
95 453
99 325
49 230
96 353
43 249
73 436
91 405
16 446
50 384
56 246
91 347
90 203
30 425
31 447
19 285
52 419
72 455
55 324
83 244
19 238
39 395
26 342
39 492
36 320
56 400
47 475
84 327
87 430
79 383
89 382
80 416
54 455
44 242
26 252
65 454
59 328
34 263
77 398
60 456
59 328
48 282
14 249
86 480
88 308
25 253
69 279
34 489
10 288
38 209
48 214
68 431
50 210
34 210
72 396
46 323
53 220
79 225
68 462
65 498
46 264
11 208
39 218
81 274
57 374
72 396
29 395
17 479
48 467
12 210
78 405
93 336
85 386
95 392
52 212
77 366
93 388
19 318
67 268
77 411
25 374
71 329
95 330
30 422
72 496
14 460
33 464
33 222
84 303
76 446
94 252
94 289
84 486
34 244
19 248
27 445
12 210
86 440
29 280
92 387
37 492
95 424
18 339
84 252
99 308
44 205
27 259
94 249
94 451
15 497
28 447
91 369
74 465
80 497
44 368
48 217
83 478
47 211
22 335
99 206
96 460
28 252
88 254
77 212
39 241
10 452
68 399
40 344
29 327
88 305
97 421
87 251
30 262
86 412
16 224
70 289
44 327
77 452
64 340
28 335
52 421
67 267
18 305
68 432
33 449
16 376
98 359
62 414
42 439
77 216
85 441
12 396
52 344
12 347
87 259
78 263
49 466
65 248
58 491
65 453
40 467
63 456
81 204
35 394
25 393
78 304
65 414
82 299
23 295
92 440
31 274
54 232
67 231
99 208
40 459
58 358
51 238
78 398
52 432
62 384
68 451
84 355
19 437
19 372
65 297
48 284
33 212
74 360
10 295
68 213
88 278
28 326
17 383
24 307
62 263
80 336
14 429
68 379
44 394
63 295
78 310
11 311
57 394
17 314
100 287
14 441
18 397
80 430
82 488
37 291
32 427
25 213
32 366
67 469
23 340
28 500
85 393
54 420
21 229
14 224
91 259
61 431
58 378
40 433
87 346
89 313
37 348
99 376
50 366
42 472
85 358
16 304
96 229
80 234
38 206
81 324
57 370
97 420
35 363
61 310
57 274
84 281
16 449
59 335
46 251
35 218
67 226
16 306
71 295
32 263
34 246
44 265
44 339
11 362
30 236
97 210
65 293
23 431
61 448
43 254
80 372
45 305
79 293
100 402
91 449
11 438
88 499
21 360
94 438
16 339
38 442
17 482
83 339
26 225
19 478
94 233
43 301
36 445
43 447
24 230
73 459
65 390
78 369
44 294
52 219
48 478
53 481
36 497
38 372
31 355
28 250
91 346
70 425
90 494
31 335
90 266
83 389
17 200
46 404
85 262
92 426
32 334
40 449
86 423
64 249
32 316
48 364
98 399
55 201
74 408
54 364
33 328
33 329
49 209
44 321
21 354
18 260
86 401
54 215
33 226
95 299
54 313
85 253
13 449
54 353
32 238
57 279
50 469
48 444
67 390
39 447
71 259
37 481
12 414
81 481
52 209
98 482
70 389
63 284
37 437
68 443
31 352
30 289
75 379
78 496
13 495
35 260
71 348
83 411
97 486
79 349
91 369
61 266
74 263
51 344
47 486
77 423
49 308
94 407
28 494
72 203
94 242
95 491
76 304
55 350
57 241
37 482
63 278
25 418
64 296
54 289
91 297
33 368
28 472
70 340
13 374
31 351
93 355
78 255
19 440
94 446
19 404
31 290
71 374
61 220
28 467
52 450
90 269
27 417
71 340
70 404
29 348
88 379
70 293
42 360
88 339
99 412
18 483
31 371
82 407
84 223
50 449
88 335
27 488
100 457
93 257
25 239
60 363
12 307
67 301
25 437
33 221
67 381
60 299
91 257
33 392
95 278
62 452
12 256
50 414
84 465
34 321
33 224
64 371
30 337
33 246
55 310
22 372
13 470
100 493
66 324
84 257
58 423
59 213
41 346
79 441
58 296
39 263
67 495
70 400
94 355
86 304
11 413
59 405
86 293
25 358
97 429
28 268
61 322
31 279
93 407
33 227
29 231
47 323
72 423
36 255
99 367
12 441
36 283
68 411
36 441
81 243
98 433
41 469
56 291
14 420
25 217
14 500
53 437
29 472
21 243
43 386
31 284
73 439
61 420
49 494
93 366
73 427
99 245
11 250
29 342
55 282
97 367
78 305
63 251
27 411
69 201
47 454
60 320
64 403
29 439
23 298
49 330
64 352
16 370
91 410
34 372
32 268
57 472
87 239
23 398
47 266
27 496
89 384
19 258
13 305
71 380
66 250
30 377
56 282
48 303
25 206
98 331
19 412
10 396
81 223
63 351
21 392
64 457
74 360
14 310
27 461
20 266
85 397
28 361
84 439
57 318
56 338
45 418
25 500
61 450
75 356
76 262
19 345
49 220
28 483
77 419
83 268
98 352
44 376
24 342
46 427
25 407
43 408
19 262
76 386
71 379
46 210
53 488
93 358
92 360
100 236
73 482
18 461
11 468
49 296
32 298
14 268
39 235
77 328
21 281
72 207
19 454
28 299
27 322
17 348
47 495
40 458
51 438
97 259
53 453
32 214
84 326
92 254
36 457
61 356
74 293
83 447
95 280
44 387
37 400
83 333
21 418
47 268
23 407
69 261
78 431
57 358
80 307
37 315
70 441
69 500
37 233
25 479
14 389
96 464
27 399
69 381
54 285
55 422
48 475
87 248
67 206
94 360
45 465
68 276
71 344
47 336
41 420
83 439
92 429
94 295
74 397
10 343
67 322
85 371
68 496
100 451
69 222
87 213
76 483
72 340
98 263
62 402
88 240
90 290
39 493
50 495
98 258
30 269
59 350
85 426
39 257
68 245
40 384
28 215
25 246
70 392
61 331
67 291
28 383
43 238
56 465
23 463
88 370
71 352
11 369
26 314
20 403
55 455
56 366
19 352
25 324
47 470
26 285
41 224
23 340
56 241
20 295
77 474
66 433
98 382
19 353
77 477
24 303
33 240
20 400
41 279
92 435
28 378
44 207
15 438
49 414
44 349
47 432
74 371
20 398
86 415
11 498
66 203
47 271
86 468
48 436
46 445
20 495
100 238
39 473
28 247
29 352
37 343
72 417
68 346
35 215
29 262
69 401
15 261
37 310
25 393
33 475
67 263
41 408
50 368
71 225
48 215
84 209
19 410
93 321
55 490
47 265
71 348
21 317
74 336
29 336
76 320
30 212
48 426
62 434
85 249
74 458
39 234
24 371
29 342
43 449
51 276
64 382
49 378
14 231
77 273
82 390
93 325
11 475
27 271
100 293
66 264
88 333
46 416
60 493
34 394
56 388
36 404
68 292
12 417
67 493
59 388
48 281
14 233
100 212
29 361
86 373
34 254
43 422
91 356
52 477
49 304
71 469
35 333
66 487
63 332
69 488
71 310
81 431
20 221
59 396
41 446
78 205
34 472
51 420
66 290
20 326
18 209
59 248
72 303
33 340
10 411
100 301
25 294
63 261
22 321
28 447
73 423
34 466
32 328
39 420
69 479
19 209
46 288
73 279
46 291
95 473
67 446
70 472
54 203
71 355
98 439
36 340
10 202
84 454
36 439
74 247
24 367
34 355
13 262
84 243
18 251
48 253
90 237
20 486
57 455
63 263
87 391
78 203
13 208
73 223
37 278
87 313
82 225
28 348
87 351
14 390
43 355
32 348
78 416
83 280
41 371
79 212
51 245
68 405
33 370
83 399
40 346
28 341
59 378
78 409
64 277
93 328
88 491
46 472
75 206
53 475
81 394
86 338
94 401
39 340
11 368
94 468
61 448
70 335
37 496
55 251
83 239
88 454
25 253
89 334
69 425
58 336
79 295
34 456
14 465
14 216
91 282
100 244
89 241
24 253
70 320
16 259
69 382
76 389
81 387
37 343
21 331
52 379
46 350
24 320
55 378
72 344
80 269
13 387
40 216
84 245
86 443
15 446
46 266
93 208
61 306
84 462
31 227
61 209
28 423
33 440
57 415
35 458
29 422
57 243
19 233
76 473
46 342
13 249
79 201
80 207
41 307
11 391
14 309
46 461
91 479
22 230
81 433
36 377
39 281
76 440
94 407
98 239
49 228
39 354
22 295
21 234
88 278
69 485
92 273
41 317
92 294
83 446
90 283
89 279
56 441
31 429
68 328
96 344
82 205
52 334
59 256
100 400
38 241
55 420
37 227
66 367
38 281
53 245
57 383
26 427
58 291
69 419
28 221
13 224
15 407
56 224
17 476
81 246
78 205
28 281
74 349
49 302
32 458
99 492
87 421
62 362
62 421
40 330
10 241
97 366
88 462
50 360
62 262
57 353
18 269
60 249
76 228
100 296
53 398
56 274
76 353
91 228
54 466
35 414
27 411
77 403
37 419
26 207
63 417
44 499
27 492
69 352
55 297
16 454
29 434
54 211
33 362
86 309
82 296
49 481
96 252
29 327
59 446
38 401
34 393
46 246
83 345
61 302
36 295
52 335
84 432
66 264
57 232
10 268
79 345
53 232
28 432
60 317
34 393
51 439
22 366
27 368
55 332
49 401
99 425
52 456
50 279
15 347
22 342
15 338
55 464
28 333
48 480
12 471
28 416
84 355
40 292
52 291
79 392
82 351
45 477
22 370
40 275
99 266
32 381
61 302
26 223
66 437
57 282
35 272
21 214
32 279
73 400
52 230
28 260
45 356
19 386
11 492
37 491
18 276
13 359
53 413
48 261
46 283
40 206
86 290
44 232
72 276
46 386
75 472
100 385
81 433
29 250
20 482
81 328
31 310
51 385
30 318
63 321
100 488
92 206
60 246
20 293
58 368
98 377
36 374
58 313
31 332
51 428
49 301
23 320
33 441
61 332
16 348
73 358
69 479
55 310
15 300
12 295
37 331
49 255
22 482
33 260
37 429
75 376
59 391
64 339
69 347
89 338
55 322
45 228
42 360
59 222
71 440
64 377
24 237
77 474
27 499
70 332
37 419
47 407
48 351
85 389
79 415
100 443
50 223
100 234
50 207
83 241
73 322
71 467
12 249
76 377
10 422
37 424
96 365
93 348
38 274
68 412
66 213
93 474
64 274
14 266
13 462
77 478
50 425
25 391
47 282
89 419
90 424
91 493
15 371
45 202
77 275
12 382
32 217
66 222
50 260
52 321
37 346
45 253
28 442
45 493
67 359
29 426
11 202
21 320
20 207
13 267
22 235
83 269
10 253
47 292
89 329
73 284
71 411
55 443
84 480
71 273
23 295
77 370
27 366
48 369
98 260
40 354
58 284
70 246
78 463
79 400
22 450
44 465
76 271
88 410
42 240
26 338
66 432
86 331
98 497
36 369
39 334
67 249
42 394
24 204
60 383
56 295
61 388
17 442
96 366
48 459
71 283
45 491
75 252
72 261
72 218
30 202
26 401
67 219
40 296
49 348
37 377
25 208
48 453
23 473
45 500
71 473
42 476
58 246
17 283
42 224
43 486
96 404
65 226
34 378
96 396
12 249
31 367
36 285
30 406
12 335
27 386
87 437
60 270
66 337
80 488
99 405
39 336
89 256
55 429
15 434
12 357
90 345
15 440
55 292
28 386
54 500
48 235
94 382
92 316
27 408
36 329
10 474
72 318
22 277
81 412
29 320
15 341
32 241
88 294
99 324
89 261
50 200
46 406
87 350
19 351
24 222
82 268
64 394
83 474
32 383
19 329
26 351
77 366
88 449
80 226
32 338
55 293
57 332
31 470
44 469
63 438
93 499
53 435
50 393
85 261
16 491
39 226
35 257
71 483
86 301
25 226
71 494
42 226
24 215
77 205
57 464
34 423
90 449
58 302
66 213
27 314
53 451
58 294
42 483
16 412
32 484
35 472
19 456
37 200
85 340
62 404
60 397
98 213
26 433
96 385
51 326
17 399
86 340
88 484
100 218
100 303
42 282
41 376
18 470
55 459
88 330
51 311
56 438
13 322
56 288
70 317
74 455
53 440
58 458
95 314
88 318
96 375
81 441
51 336
20 376
99 368
28 406
62 482
13 201
99 463
26 208
56 453
62 244
30 456
56 315
31 375
71 385
43 230
70 498
57 384
96 359
95 328
21 479
51 357
38 362
75 468
34 348
62 281
100 312
60 291
59 454
15 206
23 413
87 362
48 301
26 232
16 296
20 474
47 418
96 403
80 348
47 398
71 489
17 336
97 363
42 425
10 341
91 455
49 416
60 412
37 311
47 376
12 303
24 329
34 378
42 249
60 300
35 470
57 325
16 286
62 430
24 253
50 390
92 272
98 221
93 470
43 377
85 489
50 444
12 450
35 298
96 295
93 345
68 435
79 267
55 355
76 480
72 215
53 313
68 372
31 469
92 467
90 436
63 274
38 221
31 449
25 370
10 216
100 256
19 382
59 420
34 217
49 343
13 216
21 217
59 240
30 428
60 280
80 411
67 492
41 276
88 250
67 433
27 410
36 415
60 210
17 226
73 482
96 260
65 224
46 232
12 463
80 219
56 273
37 346
85 310
63 403
41 367
77 273
11 274
10 266
51 270
24 312
27 360
52 447
80 298
21 397
71 389
60 251
67 244
93 424
72 267
40 362
92 361
77 409
19 372
71 468
11 216
37 392
58 300
26 459
30 267
35 407
44 470
71 366
34 304
69 267
34 314
61 254
15 313
72 358
85 387
92 377
97 253
30 478
99 356
44 500
53 489
73 327
16 312
51 371
22 481
53 236
72 264
62 468
58 253
18 312
45 349
44 241
28 455
49 254
26 403
62 483
69 357
19 299
84 200
32 283
87 305
95 224
43 410
89 246
96 265
13 301
60 244
35 265
65 310
21 208
56 271
13 303
23 499
16 245
89 320
18 480
67 397
51 293
22 393
71 467
90 396
11 271
20 309
80 338
100 354
19 330
80 285
87 252
51 283
15 283
84 425
31 225
43 465
67 325
65 306
79 213
64 258
56 289
69 370
12 433
43 221
40 398
13 394
69 340
35 496
47 278
14 383
22 440
40 270
72 352
33 255
65 275
84 348
62 378
62 240
37 490
56 271
17 318
100 235
67 392
12 278
59 350
34 472
70 456
68 252
75 315
82 421
78 369
12 204
33 234
74 255
59 306
43 310
41 291
41 279
83 274
10 402
13 267
67 463
52 313
68 329
78 271
19 216
30 267
48 436
40 265
67 223
94 265
18 494
96 377
86 288
46 379
74 324
38 210
40 417
81 499
23 449
10 493
67 459
99 435
91 310
43 333
80 269
21 416
79 453
91 232
65 492
13 378
93 305
85 299
38 409
84 465
77 316
91 272
30 415
11 417
43 456
32 256
35 346
64 434
66 462
67 237
98 326
22 217
82 201
39 300
79 363
24 268
22 420
89 202
20 295
16 257
88 418
66 473
34 233
25 311
37 321
38 397
33 462
41 275
64 428
78 323
45 338
88 469
22 429
52 341
83 390
76 473
50 211
46 320
78 249
45 438
60 427
56 214
76 446
51 249
56 363
73 363
36 211
10 206
53 301
34 362
65 496
58 498
57 426
96 450
72 447
57 242
66 471
31 209
90 295
72 239
70 431
90 407
20 482
97 280
96 209
14 421
46 474
82 461
73 485
45 272
34 246
83 303
94 371
85 383
55 320
45 321
16 221
19 392
77 390
97 483
53 312
86 353
81 321
45 383
61 472
14 485
34 219
37 485
16 349
27 254
31 237
38 469
49 352
72 209
69 230
89 389
86 344
64 325
58 303
90 469
96 362
56 242
97 490
64 469
95 291
26 256
97 347
71 335
54 283
25 489
80 233
88 404
94 368
48 241
12 435
22 444
84 412
44 426
14 410
45 489
96 366
41 277
31 218
55 409
60 454
51 414
90 223
59 263
42 243
51 208
88 211
59 223
85 336
14 274
16 293
50 246
27 307
58 370
46 434
77 375
35 425
53 222
18 303
23 486
24 287
10 324
81 446
90 471
68 246
70 277
96 256
94 496
54 345
24 437
70 342
13 314
34 348
72 412
74 370
99 245
12 390
53 254
75 467
64 316
35 468
33 300
96 414
60 335
30 359
57 236
27 280
47 465
32 486
100 276
20 272
83 260
59 492
21 496
30 237
29 419
61 453
56 228
32 211
59 324
42 333
42 268
28 408
26 290
51 408
99 446
22 438
36 340
33 268
58 284
75 396
79 209
82 419
98 413
93 299
19 499
25 294
100 295
83 498
10 292
40 200
10 283
44 492
77 315
90 206
91 264
27 350
69 449
57 259
29 397
23 296
37 291
42 359
89 290
52 219
28 210
89 420
88 356
72 465
69 420
68 319
96 271
29 205
10 436
30 278
79 373
20 476
89 213
97 247
46 491
66 434
84 485
46 242
56 463
15 261
48 376
75 264
21 497
61 415
86 232
94 213
41 316
34 266
72 324
59 330
31 278
72 213
86 315
94 352
95 211
20 357
89 441
93 231
95 389
75 369
88 387
61 224
35 321
10 280
31 302
15 457
91 474
75 391
65 225
72 263
83 303
18 270
83 290
35 481
17 246
19 297
31 481
76 385
72 310
17 495
52 375
100 490
15 421
72 334
95 321
46 329
95 316
11 468
18 449
16 231
90 496
74 326
13 348
84 476
42 475
68 267
66 370
43 446
40 386
58 435
65 425
28 380
65 361
90 345
19 494
52 202
75 455
89 363
29 287
16 459
63 256
62 360
58 231
17 467
62 283
39 372
39 312
39 499
39 298
29 482
77 418
26 479
51 261
46 373
78 428
84 359
97 305
76 359
93 223
95 201
28 425
88 314
43 324
13 209
98 303
37 360
57 424
97 342
22 428
30 230
11 294
83 237
66 307
14 485
21 471
30 385
49 257
49 431
88 209
71 450
92 329
39 282
15 397
63 435
31 336
70 378
50 304
46 226
27 260
82 490
65 446
31 374
72 271
49 282
76 443
24 291
71 290
32 222
79 495
56 261
67 372
48 458
85 303
94 335
13 444
94 342
93 447
89 290
49 217
40 498
63 352
99 482
60 462
63 379
68 359
54 235
51 327
21 455
92 426
54 491
79 362
26 207
79 245
52 225
95 418
22 223
89 310
44 462
57 406
40 426
33 228
65 244
93 402
26 484
81 237
42 447
33 255
47 407
79 251
83 363
33 352
46 488
68 288
23 432
95 436
92 458
16 215
17 217
87 450
46 494
19 474
80 336
15 343
99 278
69 372
19 311
93 276
67 383
89 395
92 205
12 369
26 243
56 363
17 250
74 209
63 248
47 433
43 461
76 375
89 418
92 429
91 468
70 475
61 266
54 414
58 450
14 484
65 467
61 452
19 408
42 209
89 393
31 340
85 415
42 341
58 460
34 258
71 222
22 226
69 352
53 361
75 223
53 492
34 440
66 405
19 353
32 302
40 253
45 297
67 355
52 498
100 457
43 439
87 237
71 217
74 406
34 388
34 420
41 265
61 220
55 404
21 281
30 317
84 346
29 500
41 301
45 462
64 201
81 436
86 315
21 326
65 228
60 296
38 342
10 455
14 280
22 434
32 262
84 394
98 414
73 256
91 339
50 221
85 368
20 276
72 358
82 452
29 365
79 482
50 357
63 318
88 242
87 497
18 251
42 463
35 231
24 429
76 486
86 408
48 305
47 284
43 284
63 247
78 481
36 405
74 413
88 473
27 473
88 208
97 307
21 387
88 388
64 407
53 464
41 476
62 498
63 429
60 494
74 230
75 402
17 260
15 355
26 417
32 451
75 301
32 294
68 295
74 201
91 303
88 214
70 431
62 287
25 242
66 233
12 202
15 405
41 448
69 495
59 387
23 237
90 452
35 374
73 210
96 498
42 288
47 341
12 473
52 275
74 406
70 485
64 442
50 370
48 397
15 451
79 257
10 470
81 217
42 454
51 416
32 290
37 412
12 420
31 206
20 347
78 201
71 270
17 469
89 280
45 201
31 296
39 417
46 466
74 307
26 359
69 268
24 476
71 279
51 312
87 289
86 447
94 238
21 483
84 303
72 219
20 492
97 312
78 330
22 239
19 344
83 410
39 296
36 341
40 428
54 359
92 361
98 256
13 470
12 304
35 499
69 377
31 388
48 346
60 413
67 404
51 232
10 419
62 346
97 351
31 212
72 290
98 462
24 222
94 282
13 203
55 399
82 270
91 215
91 252
97 500
74 434
22 417
44 206
27 412
29 336
45 264
78 246
76 419
59 457
72 293
15 280
88 237
55 226
86 465
83 430
19 433
83 393
83 465
23 361
74 205
65 498
87 320
13 295
88 210
48 238
78 410
39 243
56 367
43 398
46 496
77 243
34 440
58 226
56 284
71 478
66 282
38 307
31 366
31 390
20 353
84 378
76 446
52 357
23 338
80 393
27 331
85 210
32 270
22 372
66 322
61 341
34 472
91 256
100 350
80 412
44 272
60 464
39 410
57 228
68 324
28 381
47 254
90 475
99 376
64 376
47 394
49 352
29 465
80 452
68 302
92 215
77 402
37 290
70 497
75 308
38 437
22 225
21 328
60 213
67 244
37 400
54 355
92 201
32 408
18 332
85 265
72 283
13 473
83 477
10 390
10 238
66 221
66 317
41 212
50 500
56 470
27 393
16 400
90 342
44 296
45 267
60 468
96 277
70 421
36 357
52 286
24 437
12 408
11 354
58 282
94 375
28 201
30 274
84 411
80 209
70 287
99 368
85 324
82 494
88 396
40 355
99 495
64 237
87 492
98 220
70 443
65 223
28 361
39 345
94 411
28 227
87 379
82 200
36 238
96 497
35 242
16 365
43 340
50 337
89 441
81 354
55 400
63 327
30 424
38 281
27 275
94 230
90 453
55 406
93 474
93 324
38 201
67 451
32 238
17 421
71 292
86 362
87 402
14 201
20 410
85 358
52 289
58 387
16 369
73 431
15 392
96 256
28 442
31 432
86 492
24 459
80 377
88 225
64 207
73 301
88 207
29 350
52 297
50 286
97 477
37 205
41 220
62 460
48 466
63 391
75 494
96 440
93 368
74 397
91 440
47 241
74 406
87 492
60 276
90 366
12 244
74 319
12 280
56 476
36 420
90 402
11 464
72 231
84 305
66 457
98 425
15 390
86 338
12 231
45 459
54 365
35 468
43 216
34 262
94 242
77 255
40 292
84 233
34 299
63 250
95 281
57 202
85 255
17 351
41 453
97 382
89 210
29 249
22 346
91 416
29 492
52 230
45 439
24 407
56 300
23 441
92 331
12 300
65 481
80 370
62 459
98 448
98 350
52 445
87 207
78 282
64 280
82 231
72 273
85 404
91 294
67 253
84 235
37 208
41 253
98 347
46 379
60 430
38 490
69 474
98 485
46 445
83 265
77 482
41 363
71 461
22 478
29 330
22 265
98 426
26 466
63 228
16 265
76 373
78 332
75 200
45 300
90 279
56 369
35 403
26 394
34 438
13 275
88 332
79 304
86 408
43 279
75 363
78 343
10 296
48 280
84 490
50 439
27 445
38 328
99 289
27 459
100 290
55 493
63 375
34 377
82 264
13 417
88 498
60 412
90 432
63 288
44 270
45 438
24 284
29 361
44 485
98 348
30 303
83 394
39 336
47 407
91 476
30 276
86 331
29 466
40 377
48 382
11 479
51 462
19 334
38 435
16 290
49 342
95 322
72 268
54 256
97 255
22 247
39 403
22 216
36 339
94 320
80 290
73 341
19 361
54 221
51 242
53 276
12 203
37 319
87 304
100 496
80 355
80 440
36 369
67 324
44 350
89 229
17 492
62 389
60 242
44 345
29 221
54 368
50 268
22 495
62 310
35 232
86 481
13 421
60 377
36 307
46 387
34 415
93 404
86 428
55 464
15 429
15 444
21 459
94 481
98 384
98 392
50 454
91 286
21 472
39 317
98 439
42 363
81 331
34 355
93 410
86 332
69 303
20 384
63 235
67 413
22 404
46 233
64 376
31 379
94 231
77 425
88 449
39 220
60 251
33 288
95 494
50 299
26 393
96 256
27 297
92 245
80 222
54 205
82 296
72 494
88 328
29 495
74 403
96 255
20 391
75 415
91 461
84 430
93 344
48 479
95 403
66 340
85 201
70 272
11 228
94 323
43 382
81 331
70 281
93 238
58 478
64 305
100 314
72 489
26 469
27 399
67 441
47 245
56 332
70 437
11 282
99 363
39 275
68 498
18 329
59 277
99 438
31 443
60 314
15 459
67 348
12 402
69 293
37 428
18 464
34 432
76 322
72 458
28 237
84 451
16 441
18 372
17 307
28 328
33 495
59 202
19 341
76 328
63 301
18 256
25 318
45 258
44 281
22 234
99 369
14 384
37 462
36 386
16 318
65 439
41 248
99 353
38 294
98 271
93 435
62 357
64 263
61 390
29 329
77 361
68 307
50 256
75 248
56 285
47 404
36 327
50 414
99 238
61 359
32 250
28 334
23 244
98 271
98 439
10 307
98 346
35 242
43 431
94 241
43 356
62 438
89 243
19 360
43 257
10 288
76 211
65 463
27 466
26 490
79 382
15 403
10 460
40 328
94 485
85 305
80 212
22 220
65 343
19 235
55 349
79 405
91 393
36 415
59 299
86 212
85 400
29 407
85 308
45 499
99 252
30 331
83 295
10 218
64 482
61 235
82 327
55 439
35 204
43 327
86 456
74 483
73 202
35 464
32 322
51 302
52 214
63 337
67 483
34 496
89 409
92 492
77 419
21 454
81 482
49 476
37 369
53 491
33 295
37 380
47 313
39 490
66 364
77 385
34 482
16 208
86 359
99 273
99 379
28 399
28 255
99 495
97 229
71 494
83 336
92 440
56 304
73 225
39 204
98 211
13 239
39 274
29 469
15 323
10 322
59 405
53 293
90 449
26 231
86 396
75 212
82 316
61 213
96 482
57 201
69 402
60 411
12 286
52 220
59 373
57 380
88 367
46 324
67 295
54 455
23 221
83 275
12 482
12 429
49 454
54 303
36 368
69 229
100 240
63 313
79 239
83 440
36 415
97 419
43 367
45 399
86 238
69 476
23 461
12 380
47 231
32 218
77 396
64 302
64 497
87 298
53 357
25 391
14 500
72 230
79 432
21 204
87 352
15 438
13 281
24 425
27 499
76 460
91 338
32 228
73 375
13 319
59 313
58 252
57 267
64 429
89 461
16 417
71 361
54 323
83 370
78 452
30 338
20 461
47 371
82 259
69 263
52 476
30 336
43 388
28 259
29 351
89 498
61 281
10 320
34 498
35 299
100 306
18 308
29 413
16 203
28 424
11 298
55 342
32 376
26 234
48 294
36 403
34 351
50 347
54 287
70 409
92 491
50 272
43 480
18 425
86 405
40 448
22 446
73 385
89 318
47 454
33 253
81 452
22 238
44 323
20 289
61 461
54 495
65 276
87 466
52 355
63 298
60 321
83 392
19 313
20 373
24 371
46 371
17 227
41 319
41 484
35 330
70 386
20 374
28 497
98 462
69 407
51 454
90 251
13 431
21 303
72 379
37 428
84 495
30 409
48 254
83 419
16 234
15 459
76 214
77 497
94 255
51 485
81 380
85 251
92 349
78 363
85 226
35 477
11 445
99 231
69 475
39 383
86 453
18 417
32 495
52 392
47 264
77 206
86 362
81 453
20 309
94 386
25 304
79 253
36 445
83 247
21 433
88 428
56 470
22 249
98 455
20 462
73 267
41 361
11 423
34 286
87 378
33 316
100 283
45 480
43 352
85 448
92 354
14 316
84 418
42 235
97 255
95 340
39 362
80 449
64 263
69 265
49 406
68 372
21 448
37 466
46 326
24 230
100 487
39 252
62 461
81 275
23 233
44 287
64 366
99 429
45 469
30 319
77 272
85 312
17 290
21 217
50 389
45 344
17 394
87 278
44 433
45 318
96 217
25 309
73 339
94 261
99 480
54 380
29 319
79 220
68 217
97 273
78 233
74 280
68 262
72 479
44 410
76 358
11 451
69 259
32 403
45 295
40 500
58 383
99 415
11 476
42 389
90 287
56 363
58 247
77 424
80 317
89 271
30 208
63 391
82 209
51 387
68 424
86 227
56 453
68 407
12 374
73 374
19 416
19 225
42 411
50 386
23 230
84 401
45 378
85 255
48 333
23 441
87 226
85 261
83 359
54 305
52 212
77 391
44 466
44 288
89 365
14 302
76 381
61 383
88 243
54 394
88 330
94 383
65 251
71 233
84 361
86 340
40 216
12 250
65 395
67 306
84 262
71 353
59 361
86 450
83 423
88 229
59 427
62 307
22 254
41 285
46 377
84 237
96 404
66 323
86 325
29 307
95 236
44 278
37 444
70 499
22 370
43 317
92 287
11 222
80 463
100 205
22 481
17 482
86 478
84 381
60 483
56 438
72 396
77 364
73 492
72 404
57 289
18 356
26 292
15 467
70 384
75 343
15 361
16 447
18 428
79 390
19 263
92 327
41 241
43 446
31 252
51 293
35 217
43 415
86 276
47 364
16 250
54 274
56 279
29 500
66 246
49 316
85 466
73 467
26 383
82 490
36 459
42 474
45 230
12 286
22 218
56 216
23 406
57 379
76 208
50 390
36 266
33 364
47 398
53 489
27 440
26 414
20 208
67 374
32 224
93 294
34 359
44 210
10 298
33 447
84 266
70 361
62 291
47 211
14 252
78 468
79 375
74 390
15 216
98 371
63 422
90 483
91 474
88 293
77 330
29 327
47 325
87 375
99 462
24 405
77 335
34 205
49 201
61 342
55 357
100 458
47 325
22 307
75 381
81 267
37 337
28 304
14 383
35 379
91 314
15 358
95 354
93 409
53 406
14 271
64 462
33 238
92 417
91 333
98 443
88 455
87 294
61 492
73 436
94 270
89 300
10 448
17 490
43 457
100 305
76 356
51 205
27 352
97 489
25 367
59 282
82 410
71 278
91 302
82 469
76 461
63 499
16 370
87 463
84 281
87 302
66 333
20 332
86 428
18 367
64 450
29 313
66 275
94 208
49 251
57 397
100 444
18 370
79 331
18 439
43 400
75 299
85 297
46 365
55 398
88 466
37 430
33 206
23 317
66 229
19 441
94 380
31 269
40 446
96 331
80 210
42 374
55 410
56 438
13 342
61 255
90 433
60 283
98 337
57 403
89 268
39 240
91 426
84 396
78 458
69 204
88 455
27 226
98 246
49 439
38 249
54 393
14 427
94 369
94 376
28 378
32 263
26 290
72 476
97 309
59 461
22 351
45 390
42 278
12 239
42 472
98 459
75 218
70 341
66 347
35 358
98 359
96 392
87 358
94 332
32 301
64 429
51 206
73 226
41 453
81 250
86 303
39 238
42 292
82 408
24 293
99 414
80 384
51 298
23 473
11 407
12 221
42 423
27 403
16 210
98 465
47 478
81 217
97 287
37 394
37 499
47 458
79 337
29 466
46 281
81 314
41 410
29 323
54 261
95 481
57 278
10 331
38 410
33 271
57 306
65 339
28 351
72 465
44 336
80 372
87 317
44 354
98 271
16 309
62 400
64 404
56 432
65 483
62 230
34 486
65 367
18 440
16 371
42 403
71 232
10 373
36 210
54 325
60 452
54 362
24 370
83 277
89 499
17 341
52 212
21 365
84 400
15 345
62 356
58 476
23 271
96 435
19 272
52 260
63 392
98 272
66 386
10 312
44 307
57 362
13 478
19 447
50 478
94 346
26 237
88 470
26 367
58 237
86 414
57 309
58 418
79 265
88 428
31 437
50 478
34 303
100 222
57 332
22 489
68 282
18 247
47 482
56 406
22 250
57 264
97 271
40 489
44 235
70 362
65 400
60 469
26 294
33 401
24 389
77 352
90 313
55 422
72 210
84 312
58 344
69 368
24 307
45 450
79 470
94 212
25 451
33 271
65 369
31 470
17 309
78 428
82 418
49 215
86 425
90 437
42 402
51 381
57 358
30 249
92 442
32 395
66 491
64 385
64 386
26 366
45 373
30 366
80 391
32 217
54 407
62 281
33 456
95 215
53 492
68 390
38 274
67 223
99 500
41 372
32 461
87 329
68 479
10 373
93 326
28 383
98 242
49 290
10 325
26 260
22 318
13 498
91 483
24 405
70 378
15 265
83 462
76 420
79 287
13 259
61 381
35 395
83 304
41 369
71 238
89 443
95 327
13 497
78 359
37 490
90 426
56 272
51 347
76 277
60 483
17 296
28 476
69 484
70 424
46 407
74 230
40 215
42 438
15 315
23 412
19 231
92 257
39 423
49 244
79 286
10 233
19 288
82 321
45 238
57 374
44 404
68 493
51 460
70 430
72 476
70 328
13 377
46 258
20 237
63 248
47 228
91 455
99 239
87 388
76 269
78 472
27 364
47 341
99 292
42 296
71 310
15 222
25 257
32 234
90 281
77 315
65 262
46 375
93 345
61 277
30 222
42 284
74 410
32 458
12 394
97 217
82 375
100 439
15 218
86 424
33 403
49 307
47 257
14 413
34 493
24 213
94 487
18 349
52 472
56 347
21 258
27 317
70 353
53 314
11 376
51 318
18 476
21 390
91 355
10 333
44 292
32 311
88 393
21 424
88 215
84 479
90 385
17 457
80 499
51 307
16 206
68 401
44 298
32 464
22 342
13 248
27 391
10 461
46 268
98 398
95 405
48 255
98 370
60 224
69 231
75 492
19 454
89 219
76 432
95 453
23 227
60 456
50 258
99 201
34 500
72 257
94 224
83 391
64 324
32 211
60 496
98 341
93 294
75 450
77 291
35 498
30 250
47 486
99 267
55 333
95 284
32 368
89 452
43 400
10 474
39 379
41 313
28 315
93 278
18 381
62 365
76 437
83 280
15 422
21 306
67 312
94 343
20 447
57 238
89 318
88 406
70 327
70 415
16 374
97 405
49 310
21 382
95 382
37 366
38 456
77 308
16 311
10 497
16 495
87 252
30 444
92 258
57 476
94 461
40 414
94 301
11 332
94 469
25 291
22 318
31 255
65 263
76 274
71 323
38 242
56 330
86 332
10 454
62 258
21 354
46 478
71 393
73 336
97 324
47 496
95 423
24 265
21 366
40 495
89 357
94 312
42 472
45 323
91 449
89 238
88 250
15 456
73 325
75 253
30 467
95 288
42 247
54 325
24 391
90 300
69 305
64 432
41 305
97 401
95 282
86 254
19 403
57 223
86 249
31 375
97 273
47 304
50 214
45 433
91 497
84 299
87 445
60 277
99 432
65 253
94 365
91 294
58 215
65 244
32 394
66 479
64 281
19 237
56 460
85 348
59 451
59 207
31 376
80 395
81 210
38 270
48 453
94 391
83 431
56 431
44 253
86 491
77 441
28 327
12 395
85 356
33 320
61 240
68 396
90 251
38 280
76 229
26 384
89 348
81 203
29 388
18 488
40 288
62 303
70 276
61 288
43 343
51 244
18 403
87 466
74 244
96 423
18 477
72 393
36 369
58 352
84 350
59 333
51 465
72 301
38 383
28 423
86 296
27 307
96 305
55 300
46 266
72 322
24 277
67 266
11 359
95 452
44 206
62 395
26 420
21 461
72 334
42 277
26 248
51 327
27 405
97 452
62 398
33 412
27 236
42 369
31 294
31 301
96 304
66 469
70 441
47 274
70 210
89 402
92 484
23 361
15 353
88 308
41 284
60 474
81 396
41 414
45 362
29 238
44 460
33 387
24 334
99 372
11 261
33 403
43 200
65 382
20 274
33 404
80 407
63 427
92 418
24 240
72 253
48 443
81 484
36 310
94 489
43 462
75 453
88 242
29 326
19 306
59 311
98 456
79 284
89 269
71 421
23 230
100 337
11 384
85 450
38 438
25 373
73 436
91 462
98 227
66 249
66 386
12 240
16 379
39 423
13 276
23 206
96 215
41 427
19 362
51 342
94 314
72 397
56 289
43 376
88 395
77 399
94 234
32 372
76 213
20 259
24 386
22 242
63 307
33 300
33 346
72 467
40 354
100 408
21 471
19 209
20 458
15 344
81 245
66 354
53 258
52 495
26 376
40 294
34 206
50 351
90 233
37 260
18 379
33 280
48 450
82 412
45 395
25 297
42 271
89 346
74 261
14 223
57 378
68 318
60 461
92 485
45 485
33 330
71 411
36 461
14 397
67 415
21 377
82 431
79 360
54 477
100 417
41 256
93 265
54 427
32 292
56 418
27 354
74 388
51 356
97 323
34 418
21 293
61 499
15 493
25 300
45 228
17 417
87 260
92 408
70 406
77 296
99 474
57 319
82 463
89 356
69 477
58 273
74 317
89 293
12 379
92 476
81 307
77 441
79 272
62 252
100 245
26 499
85 246
32 226
87 241
25 243
49 405
15 235
45 337
18 229
61 419
85 372
79 295
63 291
46 359
59 242
15 389
96 270
65 306
36 393
55 428
77 262
24 451
34 252
40 324
60 302
59 484
86 218
21 486
47 343
25 402
56 396
88 374
37 424
33 212
19 225
68 450
35 221
32 284
57 436
18 252
15 451
67 411
57 212
39 227
90 438
16 439
38 417
50 249
99 491
82 354
14 200
57 202
47 402
15 493
40 494
64 325
43 229
91 311
62 278
100 294
91 414
13 247
99 294
10 369
26 306
31 249
47 276
76 226
20 337
41 264
57 462
12 474
78 271
96 430
76 321
44 314
10 205
11 314
91 407
22 384
10 456
53 268
21 434
31 407
63 263
88 350
19 207
26 414
83 306
27 428
70 316
41 410
25 301
87 370
61 457
38 219
42 385
100 290
62 332
91 337
46 366
51 317
68 259
42 453
41 323
25 240
37 269
89 209
15 424
20 377
36 382
81 439
45 433
37 333
64 474
38 357
96 407
17 213
99 454
30 280
79 493
20 465
18 469
74 380
36 353
43 470
48 351
30 500
57 385
43 246
38 201
36 499
12 326
67 322
63 324
56 305
86 421
10 327
28 493
34 230
21 462
17 278
44 306
96 344
11 258
27 298
62 293
80 467
12 205
27 397
87 389
61 395
57 470
83 447
89 426
29 256
37 324
23 448
81 259
41 369
10 482
75 325
64 462
26 341
17 278
86 245
87 438
29 474
60 359
72 318
35 295
12 370
44 356
50 297
50 410
59 482
93 331
66 313
59 296
77 459
41 389
60 488
61 342
24 484
60 329
22 234
94 374
11 240
56 472
14 393
49 201
63 419
13 328
15 323
63 434
82 496
97 234
39 348
36 392
84 376
93 330
34 343
37 213
76 482
57 419
97 263
96 396
54 200
78 463
78 396
94 354
51 417
53 271
63 263
87 344
82 382
97 498
27 427
21 356
70 393
35 482
80 443
79 386
100 350
46 216
12 392
90 335
46 207
87 322
92 267
63 459
14 338
96 422
45 415
40 372
91 301
51 211
66 428
94 436
92 393
59 272
33 220
65 393
99 210
31 297
78 378
80 225
96 410
30 480
98 474
26 381
96 453
57 215
50 489
79 407
98 301
52 466
40 283
52 297
21 219
44 320
20 298
87 311
51 491
64 332
84 441
89 436
100 304
39 472
67 300
98 422
62 254
47 421
19 443
46 328
62 311
72 257
94 492
96 365
28 459
46 394
55 460
80 440
88 228
20 304
96 237
17 480
56 311
12 326
96 316
11 414
29 351
47 233
48 338
20 272
17 396
30 343
99 243
32 316
34 493
93 400
12 343
40 218
70 228
40 457
82 297
76 470
68 340
76 238
71 401
34 473
60 224
56 349
70 346
43 339
74 282
40 265
51 316
89 379
12 427
38 386
60 454
10 370
97 307
87 470
26 468
62 253
28 404
87 458
13 265
99 336
71 232
16 221
99 484
85 390
77 485
65 331
43 329
71 430
95 307
61 444
32 488
12 464
84 245
55 440
34 466
27 356
82 425
69 244
82 226
98 465
29 409
47 399
80 495
55 474
29 375
11 324
82 260
17 202
19 458
15 365
70 416
92 320
18 346
48 447
67 497
10 333
60 456
65 392
19 206
30 251
79 480
42 493
53 362
24 293
28 334
59 441
68 376
93 339
65 323
29 293
38 445
34 423
31 355
43 300
61 377
31 492
12 425
89 344
28 376
33 355
12 293
34 259
87 254
10 440
56 381
35 394
12 407
34 424
10 328
26 321
85 273
54 258
63 443
58 483
63 237
82 327
26 330
89 247
86 482
16 209
72 418
79 386
54 367
24 284
87 231
70 398
41 364
74 500
19 256
38 373
66 267
54 321
79 284
11 230
48 254
58 326
12 342
46 245
19 219
11 453
54 433
84 303
47 205
41 352
96 233
45 202
96 475
59 396
48 390
91 222
68 416
58 314
55 309
26 464
17 387
23 327
51 466
99 264
16 482
99 430
25 339
25 462
49 454
11 321
88 284
35 486
58 441
79 455
39 305
84 276
39 283
23 210
56 282
85 468
31 439
81 476
43 278
74 340
87 244
68 273
68 202
83 276
38 255
44 391
73 397
67 301
77 320
98 478
72 283
65 364
28 241
92 249
57 475
42 249
41 498
72 295
18 329
40 340
69 299
67 493
18 448
96 375
29 303
71 367
75 246
83 307
33 268
17 356
40 443
40 210
66 476
86 388
73 426
74 437
15 208
35 419
26 421
62 421
76 395
90 360
74 267
61 478
64 271
93 326
34 436
81 403
51 391
82 464
98 318
17 238
49 277
43 230
79 500
27 472
43 488
76 233
97 246
83 287
74 241
70 228
24 499
15 336
32 471
42 403
41 448
11 364
62 296
99 472
55 294
12 388
49 472
20 483
30 380
21 283
85 431
55 346
10 492
27 215
46 479
31 500
80 308
74 349
30 455
35 449
68 462
26 227
31 206
15 451
83 227
99 256
78 243
29 234
67 282
27 395
76 417
60 385
71 455
87 327
76 303
67 407
12 310
13 446
73 342
38 453
51 328
39 476
96 309
60 253
21 259
82 300
78 291
42 348
45 468
57 405
56 449
17 232
22 444
45 273
82 323
21 354
62 433
14 219
62 338
73 280
57 471
76 221
65 314
54 256
52 242
21 249
40 471
19 498
93 207
91 398
80 495
97 229
15 329
52 367
45 220
56 212
48 225
44 200
93 300
12 318
51 365
96 281
59 397
86 499
59 248
24 433
95 346
33 419
93 409
83 340
69 430
83 368
23 283
73 242
30 273
66 424
15 476
68 222
84 483
68 475
84 314
88 221
73 317
41 384
12 423
56 353
15 274
95 205
35 237
13 439
96 357
43 497
47 317
81 403
54 437
26 278
46 232
32 210
78 438
91 274
39 367
69 411
92 346
79 496
84 363
34 391
14 246
96 250
68 304
72 462
77 279
29 241
54 287
11 360
67 395
29 283
92 258
94 451
67 308
62 486
17 380
45 389
53 463
25 237
69 341
12 256
91 436
38 431
72 298
30 446
31 422
50 202
53 472
59 282
69 398
23 449
98 292
50 402
52 224
78 269
15 336
73 235
10 321
94 494
39 204
80 360
79 417
37 303
26 263
95 365
60 301
77 387
82 399
24 447
44 426
98 238
34 489
99 232
70 488
76 427
32 413
76 264
37 347
32 466
15 451
54 270
50 444
39 444
100 494
55 215
61 253
100 380
75 275
35 300
16 386
22 401
72 263
38 377
54 280
69 269
93 422
41 282
97 295
64 407
76 314
93 458
77 373
74 358
16 498
11 408
25 434
13 430
65 221
11 356
18 347
85 281
83 213
97 383
48 288
37 346
48 409
12 218
39 389
28 427
37 333
21 217
60 340
92 212
36 401
50 361
63 242
100 265
67 254
40 312
36 436
82 494
14 460
52 324
23 336
41 433
16 283
93 485
47 296
97 483
41 263
71 494
89 233
19 258
46 455
23 328
33 227
45 382
43 281
87 284
20 204
60 335
50 417
62 460
54 464
23 458
21 233
95 230
71 407
72 252
70 409
78 450
43 451
47 371
26 285
49 347
68 371
69 275
14 500
21 248
41 374
96 490
35 304
69 372
57 258
65 321
79 202
73 300
34 300
14 333
59 324
39 425
51 462
52 230
44 484
67 372
51 483
45 463
16 280
34 245
98 405
97 202
47 336
50 208
95 471
21 321
60 320
33 238
65 444
74 440
92 296
37 482
56 372
17 262
39 476
42 238
83 373
11 487
60 240
53 393
22 284
23 203
31 458
36 384
75 311
47 225
94 333
98 333
100 400
65 405
62 401
27 404
88 330
26 230
87 333
71 279
50 336
33 218
84 324
19 444
76 373
41 240
85 476
72 409
60 216
39 399
12 455
73 440
55 441
53 404
76 292
56 337
60 264
87 220
55 456
19 221
15 382
53 282
96 383
54 380
30 253
31 215
55 278
75 291
100 323
57 439
57 426
91 291
99 380
68 328
89 474
37 412
43 360
64 411
21 383
48 340
53 267
64 341
79 259
24 313
19 325
53 246
54 327
37 240
36 347
96 290
51 467
36 425
66 393
22 266
98 324
19 409
45 210
65 235
65 431
93 401
31 349
95 305
42 482
81 380
42 412
46 399
61 420
29 402
62 306
58 286
18 375
25 269
56 244
68 353
77 351
49 229
58 398
89 373
81 378
58 406
98 471
58 417
29 326
93 400
72 236
93 259
33 481
88 494
51 330
16 448
68 348
95 378
51 208
69 323
15 200
97 375
36 231
25 258
85 308
35 487
20 342
90 453
89 322
38 295
85 241
74 382
53 366
31 384
14 208
79 460
32 434
77 378
83 323
67 219
62 292
77 224
36 500
31 205
60 424
70 221
57 491
13 303
65 361
58 231
40 341
42 275
11 273
73 437
63 287
14 276
48 410
49 262
27 278
51 428
29 267
74 364
17 250
39 414
64 302
57 478
77 282
18 467
24 455
79 200
37 359
55 370
81 326
65 376
64 449
37 303
80 201
39 472
41 282
75 412
18 228
15 326
74 392
79 415
76 445
83 337
58 440
95 269
85 387
53 368
28 447
11 249
44 286
10 398
62 355
51 251
59 398
71 442
87 419
38 384
23 469
28 364
47 476
26 373
34 327
34 448
48 410
12 470
29 467
75 312
40 376
13 453
34 439
76 311
39 398
36 418
77 465
40 473
83 213
99 302
78 284
22 311
75 445
25 388
44 347
37 231
68 312
81 244
67 224
29 356
76 349
11 237
26 354
28 202
51 253
70 355
29 303
62 228
23 445
50 407
29 365
49 211
16 319
95 476
55 359
86 464
87 302
89 219
45 459
28 220
50 275
32 297
87 239
63 323
60 491
74 474
43 416
28 280
21 490
39 224
53 284
49 305
28 488
59 290
98 295
12 356
82 384
16 497
17 228
84 356
53 348
99 374
33 262
52 445
56 408
64 349
59 457
92 378
94 477
94 289
80 426
92 391
84 347
45 482
47 456
21 394
77 364
39 214
53 470
61 376
25 429
97 318
45 377
14 227
91 361
83 323
57 210
48 346
51 300
84 232
12 312
41 257
68 442
58 300
14 231
72 487
51 450
57 242
73 248
77 378
22 335
50 394
12 413
62 202
35 214
59 467
40 409
32 250
77 244
34 459
15 327
63 382
81 498
95 301
35 444
32 302
10 377
70 424
24 383
74 200
30 358
39 222
38 389
75 314
94 372
48 407
21 416
18 474
75 462
61 306
55 451
46 433
19 250
75 315
54 480
89 329
33 481
88 301
41 271
29 251
42 334
50 340
86 444
62 310
79 285
59 259
22 221
95 311
27 347
71 204
71 492
44 361
39 383
73 290
11 274
58 345
76 497
12 356
73 496
20 345
40 381
91 264
81 396
37 423
55 302
68 216
20 208
73 213
50 288
73 242
91 393
10 470
44 219
81 278
30 291
21 244
77 276
29 272
88 485
54 363
70 370
74 328
39 256
83 417
99 394
10 355
92 244
72 374
31 398
96 228
59 323
28 359
73 330
45 270
19 374
18 298
80 311
22 370
82 466
15 360
66 495
32 343
33 287
99 450
99 468
59 474
65 449
100 440
40 211
13 291
87 442
27 377
56 213
93 318
50 282
35 337
66 441
79 462
68 497
97 212
35 338
40 453
48 215
43 314
38 401
80 411
74 492
98 293
53 231
74 483
50 338
25 287
36 248
59 306
35 410
76 355
27 201
12 232
63 500
97 492
98 449
31 441
36 387
53 394
72 394
90 481
42 394
82 309
62 214
78 333
11 380
100 370
77 244
10 346
26 446
83 343
72 437
47 231
86 266
95 491
34 500
33 491
51 487
51 232
61 362
16 323
35 250
98 372
88 292
94 288
94 253
27 329
43 463
43 211
18 484
39 437
74 421
61 273
29 374
45 255
84 368
96 276
74 320
74 213
53 364
66 348
97 430
81 355
64 236
57 319
14 316
30 401
11 330
20 291
100 478
64 488
59 474
55 212
68 410
48 405
11 224
73 439
12 428
36 244
68 409
18 433
87 316
67 460
74 255
35 449
85 345
73 327
28 449
84 362
62 263
60 380
51 267
61 389
40 360
36 408
87 244
86 242
74 422
41 306
83 200
36 408
35 389
28 413
42 272
94 444
49 340
20 269
93 390
59 301
74 339
46 318
84 298
13 493
92 310
20 395
27 250
95 353
62 235
96 224
94 340
51 340
22 239
48 235
48 316
54 428
83 293
89 236
38 354
76 309
53 275
57 421
11 204
22 463
81 288
20 296
77 404
70 256
38 244
56 270
14 376
13 213
53 492
69 309
11 227
64 456
100 370
78 327
78 348
27 364
60 225
49 211
14 294
78 220
79 307
34 448
33 237
50 452
84 460
74 221
33 427
55 290
64 251
88 369
75 404
16 232
96 391
78 308
80 260
59 323
80 367
58 350
74 480
96 280
34 310
58 427
