10000 500 200 500 10 100
93 488
13 251
64 385
15 475
82 462
50 477
73 253
70 307
52 298
31 276
44 419
82 406
89 212
51 429
87 349
46 255
47 283
10 470
63 485
47 268
40 242
19 324
38 496
18 438
37 415
29 355
98 245
94 488
77 296
94 318
62 239
95 229
41 429
63 488
63 341
93 309
12 498
22 376
81 312
90 486
59 276
59 258
74 350
23 277
49 359
67 288
62 467
63 419
19 213
50 206
41 360
82 435
98 247
90 249
23 322
66 284
52 323
99 418
30 234
82 316
81 237
88 490
63 470
89 296
29 463
60 485
88 418
57 378
34 429
79 472
42 410
36 347
60 295
25 455
100 457
29 421
99 373
39 395
57 466
49 474
72 243
89 500
40 275
60 324
62 253
28 453
74 249
41 496
42 312
83 372
16 369
91 461
18 401
29 282
63 346
94 294
31 412
10 299
98 368
42 440
90 417
16 384
68 440
12 209
56 477
57 268
87 372
31 336
30 333
77 387
72 372
72 266
33 472
17 218
49 486
43 260
63 247
17 216
12 221
84 487
21 304
20 292
42 482
19 497
45 243
62 242
74 262
63 396
22 371
80 272
35 321
16 406
78 475
73 304
50 396
38 442
50 244
75 425
97 410
61 289
34 453
64 317
100 337
94 447
49 377
89 312
12 300
26 264
72 389
60 468
98 307
89 234
15 392
46 274
47 227
59 453
73 392
85 444
93 232
63 434
68 307
33 304
100 463
49 379
37 385
99 385
66 203
35 291
49 276
90 395
31 478
37 232
25 366
45 296
53 263
12 204
12 224
80 225
37 325
89 287
44 448
52 450
36 340
35 244
65 354
78 417
26 485
97 399
81 322
12 447
56 473
61 204
94 407
76 433
76 332
48 490
67 441
74 481
46 428
85 343
76 362
51 362
84 407
87 445
59 203
14 363
57 240
26 423
58 296
33 428
73 273
98 457
77 305
49 441
86 360
24 314
12 291
70 316
82 486
13 476
62 350
46 415
89 404
58 285
34 339
33 326
15 379
54 323
17 469
59 465
80 295
71 298
54 454
67 333
13 372
66 377
57 396
74 360
44 326
45 248
84 356
28 326
69 405
34 416
65 411
86 399
18 409
79 342
12 308
51 249
32 232
35 451
35 365
41 476
10 455
36 355
60 295
36 294
80 328
21 220
60 288
41 245
15 314
84 307
18 310
40 301
94 431
35 218
44 260
87 235
95 416
82 274
85 320
90 359
84 275
62 436
60 247
65 309
29 316
53 432
35 421
47 217
11 232
10 395
92 480
42 205
26 269
57 253
47 345
82 235
64 240
81 483
15 401
96 347
46 355
78 392
85 259
16 375
50 344
84 283
19 399
80 416
56 266
53 255
91 330
40 229
84 209
31 407
19 201
40 376
82 230
43 381
86 375
14 330
18 223
29 290
30 349
71 288
53 425
85 274
65 331
87 374
90 264
54 500
52 231
71 422
19 391
53 351
16 306
47 233
62 241
60 200
82 228
74 253
60 329
30 456
90 431
26 249
42 358
95 209
71 372
70 451
32 431
38 476
87 430
34 265
94 231
46 309
67 252
63 461
84 489
95 239
54 444
32 313
97 234
32 389
99 452
10 315
31 339
76 317
66 249
18 437
46 397
89 237
26 356
83 227
34 260
90 412
13 303
63 203
55 295
84 441
94 481
37 378
39 347
85 286
66 326
18 374
100 467
68 420
10 306
78 315
43 463
66 319
97 250
62 301
30 213
95 290
47 246
91 212
50 411
88 487
84 219
17 207
18 469
61 258
41 272
98 390
60 348
73 498
99 279
60 441
87 238
59 235
55 447
26 427
41 244
10 292
26 222
61 499
99 476
97 464
14 327
12 480
20 259
36 321
63 474
91 379
57 491
36 296
16 360
60 443
72 384
25 468
31 334
22 295
52 472
22 306
66 309
36 222
53 462
47 455
10 303
18 345
95 497
76 379
12 361
10 209
49 355
62 349
56 392
17 248
99 400
16 359
98 338
93 274
57 423
19 433
85 310
31 467
78 416
42 362
48 466
17 218
58 297
38 259
59 259
64 249
27 359
75 314
65 488
29 495
60 365
32 282
73 351
76 430
29 343
47 291
50 411
71 328
22 426
28 394
97 392
44 291
69 249
93 446
39 242
99 293
66 214
50 281
90 373
96 381
50 250
38 274
86 481
13 316
61 237
48 289
30 402
35 377
91 286
75 385
55 462
88 485
73 301
66 239
70 474
87 440
56 291
79 383
78 364
55 426
30 457
49 227
74 345
92 206
17 476
63 457
19 266
36 311
95 405
98 240
15 469
90 351
62 391
55 279
13 430
85 353
55 368
90 494
78 232
100 341
63 289
10 292
66 437
17 422
81 452
41 470
51 339
46 429
52 201
59 232
53 411
95 266
47 463
79 239
27 459
62 350
57 376
15 301
88 294
90 352
80 433
16 415
69 340
88 249
96 350
83 220
60 313
62 288
24 245
74 418
35 406
75 449
51 459
21 292
93 471
60 247
48 214
57 373
72 304
81 393
60 402
32 414
93 398
69 489
41 227
48 293
85 474
11 464
56 491
26 434
40 449
75 313
59 392
48 214
82 358
13 400
44 217
51 223
36 212
43 256
69 418
87 423
56 290
41 221
27 391
14 490
50 385
52 449
26 238
45 273
71 267
38 404
54 484
40 449
69 338
63 235
16 253
97 345
55 293
82 423
10 269
83 470
81 464
65 481
40 329
94 346
65 424
68 429
81 376
14 351
34 281
39 467
70 242
73 426
25 375
50 466
56 208
29 297
73 352
86 372
47 279
66 274
27 416
36 307
84 279
100 202
60 242
65 443
80 479
44 318
99 465
36 496
32 468
44 292
56 369
60 499
25 381
20 348
48 225
93 285
39 362
93 413
46 454
72 387
48 472
36 484
16 488
53 306
34 271
87 473
70 312
35 286
62 443
80 487
44 338
49 470
80 205
78 301
52 486
57 289
19 392
89 341
61 250
54 231
28 294
27 210
41 374
35 347
50 479
19 482
93 251
73 213
90 332
13 465
54 201
84 472
59 274
41 470
66 207
21 395
80 454
88 457
98 348
66 392
43 335
48 341
87 272
60 392
24 418
33 470
76 307
84 311
41 201
24 404
64 230
98 209
80 350
70 260
78 468
41 272
27 223
63 388
52 267
43 449
93 334
88 404
36 257
19 470
50 494
45 466
75 420
100 405
44 390
11 215
20 315
13 358
20 200
42 331
96 274
83 200
58 447
74 496
58 317
69 460
33 337
64 231
99 349
32 223
48 350
35 294
66 275
50 200
57 498
93 291
73 411
95 326
61 445
69 258
13 235
33 269
94 392
51 276
67 485
51 228
97 287
81 497
13 274
93 386
28 277
30 490
76 267
75 492
45 385
62 471
70 215
55 491
90 288
18 398
31 314
78 305
89 447
44 211
95 247
69 490
37 373
67 209
66 242
18 350
75 499
29 296
73 309
24 320
32 301
71 369
44 341
34 265
23 474
78 256
74 423
84 243
89 422
29 485
45 202
72 340
62 405
70 414
64 420
49 309
69 449
92 384
21 299
89 326
64 475
60 492
29 326
92 492
47 487
24 461
12 459
17 388
76 434
14 274
61 283
41 271
62 259
49 270
29 353
25 380
20 476
20 473
71 304
63 298
40 338
69 478
63 307
22 357
53 416
85 291
32 264
12 480
29 265
37 431
43 343
30 443
43 430
63 369
60 328
92 222
93 224
48 461
36 314
11 269
93 498
99 477
82 471
24 334
16 403
48 352
20 272
18 364
63 209
21 485
87 448
28 251
26 456
14 200
42 278
85 247
18 378
65 286
48 327
54 281
47 382
19 224
23 227
65 404
15 369
68 271
95 294
87 486
51 232
64 268
60 453
70 385
48 487
75 427
30 288
56 293
36 390
78 423
46 455
96 351
71 465
96 338
49 443
40 256
90 258
90 284
95 338
34 290
10 338
82 387
43 423
51 345
56 246
36 428
24 343
59 221
85 399
67 263
53 432
95 315
53 342
45 449
60 266
44 253
31 403
44 227
70 318
88 387
67 389
88 262
44 292
28 237
17 392
70 332
45 369
19 210
64 244
90 440
77 396
38 361
65 280
80 372
74 209
68 460
80 272
20 378
55 253
59 303
40 414
76 216
99 229
27 492
93 435
40 281
56 271
84 377
93 278
62 498
29 205
59 434
92 427
39 390
78 425
62 425
33 326
100 319
76 366
47 377
49 440
91 379
98 348
32 311
91 202
73 463
30 214
35 234
17 407
20 422
14 366
56 368
64 486
76 245
35 495
61 401
53 278
32 395
78 483
57 251
91 263
58 442
69 308
85 469
100 348
24 494
85 434
95 405
78 245
40 419
45 270
40 372
95 297
55 474
69 471
57 213
48 436
87 260
50 379
100 457
29 316
16 491
100 259
14 317
87 293
97 242
89 303
36 462
14 379
19 430
62 408
11 331
88 296
33 285
22 267
94 451
62 390
62 281
26 284
55 452
64 382
13 491
94 306
90 283
90 335
50 231
44 354
15 283
39 401
76 373
78 309
99 250
85 264
17 397
26 478
83 476
66 240
49 241
79 366
36 228
53 235
73 390
80 320
72 338
33 290
76 438
32 284
93 398
88 318
33 395
24 392
10 352
92 284
55 477
41 468
54 297
73 463
71 341
58 409
78 252
60 388
44 347
45 376
15 269
90 236
90 488
44 232
47 259
38 482
21 414
90 490
16 401
100 498
69 484
36 469
55 353
16 424
86 277
42 493
37 491
29 208
36 356
15 266
15 254
82 399
29 446
63 479
88 239
65 336
35 330
18 457
41 410
32 381
83 377
16 231
49 300
35 294
16 228
65 319
91 407
55 250
71 305
98 396
32 402
67 315
16 234
91 413
54 349
63 329
94 415
46 342
76 400
71 420
28 244
56 461
88 206
44 201
72 438
16 455
56 327
52 320
12 239
100 253
18 223
45 363
12 493
97 402
32 338
59 269
72 259
75 230
32 439
18 376
12 327
52 214
51 246
74 263
89 213
25 423
53 397
24 475
58 488
86 230
58 396
83 456
28 227
80 469
82 416
99 290
28 321
59 394
97 337
76 453
59 471
99 387
15 409
73 455
50 384
60 470
72 233
28 484
16 309
41 475
11 495
35 465
42 317
52 484
69 212
39 202
36 260
83 248
13 397
20 314
30 437
14 309
66 407
46 479
100 393
22 489
32 466
84 452
84 259
18 384
70 320
34 202
38 473
53 246
79 203
47 399
50 393
18 359
54 448
94 263
47 489
17 227
16 453
12 435
43 363
60 231
20 403
25 260
16 483
42 494
48 416
11 324
48 298
20 305
43 268
99 386
74 368
65 409
60 289
50 229
40 360
59 332
46 492
52 388
58 397
92 358
26 222
65 267
28 413
73 314
42 489
94 436
77 259
12 374
78 437
83 249
15 361
57 257
31 421
57 275
46 275
56 327
57 313
97 315
48 214
52 406
39 327
49 205
19 435
60 484
20 480
94 365
37 262
83 442
66 316
54 249
95 297
81 437
73 219
43 386
99 379
55 435
47 330
60 289
25 217
97 333
15 204
13 286
21 370
16 498
42 442
42 326
77 372
96 399
15 212
24 373
40 222
57 243
79 497
51 366
43 354
82 459
54 446
97 373
88 220
96 250
81 366
19 400
29 336
60 428
60 280
91 437
59 357
84 403
71 261
85 264
89 267
69 472
14 216
24 277
86 413
75 347
63 452
39 316
52 242
69 385
80 243
54 373
22 500
84 401
79 293
14 424
51 437
80 270
38 489
64 338
83 423
42 429
76 429
43 360
24 488
45 241
77 212
49 277
43 438
89 220
17 392
96 339
66 288
30 480
48 205
34 427
39 500
28 450
54 349
48 398
25 200
79 264
89 301
98 474
67 319
97 218
96 439
85 288
47 466
71 252
16 283
15 297
78 333
13 210
48 305
53 267
51 296
72 268
65 423
77 385
72 235
58 201
83 460
81 399
65 254
68 344
63 378
32 369
61 438
78 391
94 485
25 246
68 239
53 376
19 305
71 401
56 311
10 212
79 389
21 444
12 259
30 479
15 428
21 345
95 424
28 305
36 444
11 336
47 415
97 342
36 420
54 258
50 343
74 250
52 379
24 322
81 480
35 323
12 346
15 220
52 453
10 326
83 427
51 276
18 372
94 259
69 410
81 321
55 285
90 482
93 314
68 299
64 303
21 200
93 338
80 417
29 295
38 436
99 454
49 261
81 379
14 365
79 386
20 238
93 306
48 332
66 273
74 462
25 301
11 273
82 381
69 479
78 431
12 447
94 376
99 458
46 276
39 292
14 206
66 330
48 299
98 481
89 341
49 497
36 302
76 329
48 459
17 407
58 472
17 222
78 309
41 401
35 200
93 295
18 272
90 267
78 335
39 493
75 438
33 366
45 207
17 471
60 201
24 304
52 480
76 268
53 254
43 423
40 360
18 260
46 341
75 251
11 323
97 350
45 482
94 499
82 410
79 353
43 245
48 281
40 282
13 211
84 266
24 391
35 351
78 255
47 477
11 417
19 350
78 258
81 482
87 218
90 476
93 449
74 327
16 494
71 378
49 244
56 389
84 268
49 284
70 480
30 379
88 308
49 362
46 309
53 373
44 381
13 498
64 317
83 358
43 482
43 264
23 377
99 410
50 441
75 467
50 202
98 215
87 374
19 376
28 367
34 208
21 294
51 274
67 228
62 419
40 365
44 236
100 334
13 385
98 338
22 394
35 496
38 298
72 433
23 251
25 420
14 244
37 464
65 322
42 499
19 452
37 372
78 404
12 331
39 229
21 388
47 207
24 479
74 452
38 478
39 459
87 460
80 309
15 269
70 365
77 370
72 379
49 252
93 497
47 269
51 250
37 347
21 290
79 260
54 486
35 493
22 435
44 345
89 324
52 372
50 431
91 202
48 232
78 290
44 336
26 453
37 317
35 341
20 322
33 397
73 388
11 450
34 289
40 263
84 457
34 249
81 426
99 395
71 204
22 385
91 344
52 373
98 334
29 265
97 313
73 212
27 299
71 271
18 204
81 450
62 217
79 246
46 449
24 351
15 324
75 492
28 271
40 327
20 327
87 361
28 303
93 389
32 284
13 489
80 242
49 449
51 386
37 453
57 283
21 486
78 236
75 323
29 291
37 212
27 291
64 256
36 445
44 295
73 354
15 466
47 471
10 405
88 306
92 389
79 409
23 244
15 300
68 201
56 266
27 207
36 285
72 250
91 406
74 406
32 328
85 354
87 483
20 353
23 314
72 376
14 364
65 366
73 237
97 304
44 279
18 359
21 272
86 241
12 453
81 487
38 216
57 277
14 297
53 236
69 369
35 331
63 282
99 497
39 314
70 269
35 310
60 456
76 286
11 361
57 392
29 467
65 437
64 407
43 371
49 393
47 304
54 220
81 470
51 352
64 216
99 426
16 298
52 458
56 326
76 270
53 364
52 426
72 478
39 231
38 223
87 336
68 396
92 412
46 271
20 398
33 435
14 363
30 402
37 366
64 337
43 245
62 421
40 499
53 251
54 495
26 453
72 300
71 384
49 412
76 225
32 492
85 331
55 492
46 373
45 209
48 241
32 408
62 423
86 257
47 435
48 447
70 279
64 433
90 207
63 368
78 353
63 492
75 463
68 466
53 238
74 242
43 428
54 440
21 355
99 222
69 498
38 374
18 465
86 490
20 400
25 454
50 215
13 486
49 326
89 210
90 324
46 343
57 201
26 301
28 228
43 394
77 241
97 252
79 323
100 375
47 347
93 474
57 472
28 238
30 307
51 360
68 301
96 382
76 234
63 357
53 254
61 237
83 267
86 499
56 279
66 259
26 400
97 487
55 389
32 418
85 221
11 326
22 479
85 323
73 388
61 473
97 479
62 436
32 498
57 333
12 205
88 401
71 323
55 225
62 360
17 407
12 368
16 453
69 387
28 307
54 203
20 465
54 238
46 477
90 482
71 262
14 401
19 290
96 299
17 434
57 406
20 289
87 270
90 419
70 215
50 480
50 254
81 451
11 492
87 328
18 435
45 358
69 302
15 257
35 212
38 359
54 280
95 441
65 440
48 205
55 334
28 423
27 276
15 430
25 499
73 490
66 397
64 416
80 244
15 348
98 463
87 373
82 353
44 342
29 423
50 446
87 229
32 343
68 440
87 323
99 278
87 268
84 409
53 371
35 456
31 458
92 424
37 410
52 394
35 267
71 245
99 270
97 329
78 330
37 434
64 455
94 463
90 436
54 456
94 272
17 274
28 228
85 259
88 223
44 337
24 217
13 251
78 457
59 450
81 398
36 437
21 344
11 324
60 219
23 285
13 339
30 220
82 306
95 202
58 481
61 317
59 221
48 483
81 247
99 463
46 264
22 496
17 497
38 386
85 297
36 206
34 279
74 251
78 203
54 412
59 393
61 379
31 345
60 290
60 293
81 235
47 298
70 213
70 298
38 209
65 319
59 280
37 440
20 481
53 335
56 324
68 318
35 340
70 363
54 304
44 380
41 210
81 369
51 471
24 322
20 311
60 444
30 288
55 473
17 473
57 359
63 232
70 298
67 389
37 250
21 264
62 280
68 306
70 498
45 313
88 205
26 208
41 214
87 480
94 212
48 492
19 498
28 296
69 396
72 455
76 426
29 223
53 493
69 352
59 303
60 257
38 339
100 405
40 209
73 288
96 284
91 341
91 302
84 326
74 320
55 342
56 498
76 200
41 443
20 428
27 266
89 303
64 449
79 257
36 340
43 479
24 424
36 404
60 204
27 473
82 258
36 268
64 428
89 444
63 369
48 365
87 305
89 289
24 373
97 460
71 441
35 334
80 455
16 340
87 215
26 482
59 376
22 478
70 266
34 423
27 292
66 269
98 453
16 349
75 454
79 286
95 445
47 259
27 356
67 257
76 460
52 292
51 288
64 388
83 491
97 488
59 295
29 327
33 364
85 372
91 484
96 211
29 224
76 225
48 367
67 399
42 270
12 411
36 209
21 410
17 255
34 429
87 403
76 397
78 482
16 333
77 424
70 290
61 313
59 277
41 296
76 255
51 416
74 422
98 463
49 373
18 428
33 317
80 306
13 295
77 231
42 200
92 220
66 404
100 305
50 262
57 355
31 216
57 482
92 444
96 417
21 412
29 315
99 373
61 492
19 458
92 344
60 479
15 448
34 396
58 209
62 402
16 223
29 383
94 254
71 399
13 391
56 264
98 236
85 326
72 353
11 200
98 440
62 258
40 207
33 337
77 360
73 381
85 406
100 338
65 339
30 380
70 494
53 434
83 278
78 206
84 292
34 325
93 332
100 368
35 235
37 356
72 493
11 227
54 498
34 256
71 248
93 264
47 277
60 271
36 456
92 484
32 432
17 227
28 390
65 403
40 298
72 217
18 243
20 438
37 308
34 326
16 328
55 398
25 285
36 209
59 394
42 287
60 250
59 337
19 357
48 262
69 246
13 495
100 274
92 228
22 324
88 437
59 442
34 307
63 451
42 216
41 258
19 367
77 265
86 447
45 493
89 377
60 488
97 476
32 201
86 290
30 204
79 226
31 311
69 371
27 399
22 355
38 388
12 214
53 475
17 325
74 369
17 405
13 322
84 315
54 282
87 397
22 381
69 431
69 205
44 452
93 437
97 310
78 225
52 476
12 484
71 366
71 302
64 406
98 348
63 445
86 375
42 415
15 463
95 446
93 395
76 270
48 401
68 353
88 403
63 375
85 378
29 488
28 259
83 250
46 363
31 235
48 234
46 491
27 243
43 363
32 230
57 467
44 461
12 306
51 296
74 249
53 471
44 352
93 378
50 335
62 346
78 476
51 269
16 325
17 300
41 398
75 269
25 460
66 383
93 393
47 445
97 401
76 376
77 342
57 404
24 243
68 348
71 378
31 383
40 377
43 338
84 212
21 389
79 386
81 385
11 448
53 418
87 442
37 350
68 295
97 209
18 200
90 255
36 422
73 278
66 319
90 373
76 323
11 451
96 480
41 235
79 413
57 224
84 444
82 335
85 325
86 275
96 400
89 452
11 467
88 420
30 446
16 366
42 201
67 226
16 400
50 408
46 464
50 364
97 203
33 396
62 241
91 402
100 449
43 262
94 382
68 449
61 422
37 346
98 379
100 403
55 383
15 288
99 440
36 453
93 349
39 219
84 466
28 331
62 273
84 328
45 273
32 283
41 340
69 366
16 499
59 496
17 277
69 427
35 485
10 409
71 476
88 473
22 349
37 304
67 446
83 378
24 458
78 412
81 236
100 215
13 296
64 416
75 243
43 339
44 470
43 259
90 477
21 284
37 284
39 497
21 268
22 447
43 482
97 222
89 437
26 252
17 497
83 354
29 259
99 467
21 491
30 372
63 206
30 490
43 292
100 268
88 258
43 335
27 323
60 206
89 343
24 490
18 476
42 329
21 234
53 410
35 269
50 338
68 486
94 314
46 212
71 387
31 347
70 259
60 328
71 478
58 273
98 259
44 207
94 430
87 432
58 465
36 421
26 475
85 380
20 433
66 421
70 411
48 290
53 486
75 435
99 337
25 327
51 404
52 284
31 274
98 473
13 416
39 342
80 499
92 428
60 362
87 500
62 364
38 441
85 456
44 209
88 230
97 438
72 318
90 266
40 437
71 431
73 280
79 491
40 492
21 407
81 215
36 324
86 393
100 478
30 287
71 288
56 471
63 250
68 497
73 481
93 202
20 483
60 331
34 258
22 341
96 374
98 218
52 235
49 460
70 458
11 399
39 363
60 220
38 407
62 428
42 348
98 496
36 411
95 252
63 347
23 332
63 249
43 217
56 461
18 496
13 473
19 413
31 462
15 498
51 347
23 453
74 201
52 274
85 473
24 279
16 469
60 339
10 460
90 449
92 230
89 287
35 486
54 287
85 330
68 263
79 407
34 370
56 362
16 218
23 468
41 402
20 457
52 300
10 243
46 336
93 392
12 475
50 371
36 324
69 294
22 376
39 250
54 306
22 387
78 444
97 421
18 438
26 283
43 493
17 235
34 246
30 450
44 304
47 281
94 219
28 462
70 324
52 338
95 372
90 203
53 225
98 409
55 200
37 200
94 215
84 269
61 463
18 231
74 237
66 392
23 437
36 349
57 365
23 441
58 409
39 301
89 317
78 346
51 451
85 258
66 330
79 426
72 244
21 256
95 219
28 286
77 250
55 216
85 370
37 349
71 350
60 411
94 409
57 233
59 351
58 222
63 317
95 472
77 355
86 392
100 374
43 329
21 362
63 236
18 200
55 208
19 233
56 266
60 424
26 249
23 339
50 454
65 469
26 318
12 299
29 446
69 437
95 294
12 268
92 331
63 414
17 368
69 207
92 286
45 482
53 404
46 304
88 276
90 480
58 294
69 353
20 450
39 463
33 337
24 323
16 247
78 205
13 381
93 297
81 341
12 500
85 399
26 299
11 325
39 318
62 255
91 358
88 407
40 497
78 299
51 461
85 253
60 210
82 376
83 298
42 386
87 210
50 350
52 207
35 337
81 292
41 443
76 345
54 218
55 343
22 410
69 413
79 468
48 244
34 479
76 309
86 338
46 397
45 328
93 361
32 377
74 255
98 352
45 419
71 491
90 335
50 313
97 262
39 419
58 424
82 398
46 210
12 250
55 473
87 209
34 292
38 235
90 456
63 496
57 455
41 384
69 285
94 234
79 226
27 402
66 248
24 380
29 234
63 363
27 206
92 238
76 458
11 343
72 409
52 485
50 274
27 351
27 262
91 404
59 287
87 487
16 303
42 291
26 496
25 293
99 224
47 249
90 353
55 292
28 480
96 271
43 342
40 310
86 256
74 493
92 268
76 376
60 295
49 458
30 369
36 240
34 279
18 324
38 380
92 391
76 442
78 362
63 333
50 438
91 435
10 430
36 307
42 322
10 470
78 390
45 227
11 481
94 418
100 487
52 471
94 457
42 288
91 394
41 488
97 207
16 460
67 322
36 440
44 367
80 371
20 246
79 436
10 454
11 281
73 451
54 215
34 310
54 423
44 422
71 233
70 480
54 314
35 407
90 394
32 462
44 278
64 412
34 434
10 266
80 204
41 464
55 322
73 221
97 226
47 302
27 321
61 400
60 282
67 438
18 328
89 489
48 305
27 319
69 465
97 201
16 350
35 386
19 238
23 415
31 248
37 222
30 497
18 201
74 478
46 452
27 236
88 462
39 290
36 329
49 414
99 472
76 295
71 383
86 213
55 295
98 211
18 328
69 439
23 235
18 217
42 471
46 377
53 394
88 461
35 470
81 302
46 285
75 496
58 428
16 213
83 468
84 238
84 232
71 425
12 342
73 255
30 444
26 494
10 347
68 258
58 226
23 404
20 205
26 227
64 357
71 404
90 264
91 420
61 368
87 263
56 484
60 271
32 448
11 462
43 467
21 308
70 328
10 201
38 410
11 214
12 217
55 340
81 310
27 226
22 250
20 386
27 356
43 358
99 419
88 295
66 237
49 276
50 363
31 499
29 204
50 237
59 380
39 201
93 283
87 366
24 265
35 315
29 355
97 473
28 490
22 356
100 419
89 392
65 408
45 201
97 300
32 331
80 313
10 419
71 309
94 228
46 483
42 244
67 213
45 359
39 483
86 479
73 396
41 381
10 458
37 413
61 369
68 487
74 377
28 326
17 337
46 258
57 395
34 406
33 218
24 309
27 280
53 351
91 355
43 478
60 414
51 267
83 434
13 264
40 358
53 444
60 494
71 263
84 253
46 495
64 484
31 272
23 390
87 437
21 404
58 254
90 304
45 401
70 325
81 496
88 253
64 375
39 440
71 385
82 357
45 213
30 432
80 352
56 407
64 264
86 202
93 377
73 440
100 491
93 441
59 445
67 373
44 490
63 207
34 204
74 452
81 203
88 201
55 453
80 443
64 416
47 284
94 398
64 319
69 436
36 323
90 253
57 449
14 207
91 315
55 319
60 478
21 398
11 426
44 233
92 265
10 461
34 242
64 219
13 446
43 370
14 284
49 213
72 363
34 438
99 481
80 442
30 277
59 335
74 439
67 269
17 267
56 250
77 287
28 368
96 474
37 249
10 358
78 488
46 232
51 397
44 431
57 421
91 478
49 408
62 373
82 317
35 406
63 498
64 335
46 474
95 352
76 212
65 234
47 430
17 374
63 479
88 414
69 209
24 352
42 205
40 292
98 414
31 388
30 388
94 476
60 478
55 333
63 286
95 490
75 332
50 291
70 365
100 458
69 345
63 239
16 284
40 423
20 278
81 307
62 481
23 276
79 359
64 397
42 225
95 410
24 498
60 417
35 454
39 485
89 382
57 450
47 304
25 311
65 329
68 298
86 399
93 216
13 283
60 400
68 247
31 363
52 207
83 304
19 301
88 260
66 260
19 347
49 228
39 446
46 222
84 365
42 417
49 427
86 492
60 205
53 334
89 481
78 346
89 252
45 270
47 379
75 219
29 393
43 330
43 302
18 330
64 273
56 296
11 445
65 224
48 223
41 268
28 450
23 486
58 310
47 262
75 284
14 412
51 226
68 264
43 393
10 244
80 390
26 364
14 326
96 234
14 445
41 302
62 465
56 293
65 292
32 211
30 334
49 301
91 413
18 438
10 208
47 220
45 219
78 482
60 471
92 495
64 317
13 258
40 332
52 254
32 405
88 299
64 387
40 297
98 214
58 406
73 414
40 319
75 208
58 227
45 316
52 342
89 317
77 362
31 450
78 322
56 432
58 290
55 270
44 367
52 268
66 455
13 397
33 313
31 374
67 332
46 361
27 269
81 323
17 324
39 348
17 324
49 316
75 295
70 500
26 318
27 484
36 448
42 346
62 233
19 349
82 407
91 237
44 385
72 408
35 330
89 404
13 482
23 316
48 303
13 238
58 281
10 444
13 351
60 237
21 207
47 397
41 344
17 339
61 242
42 486
43 449
44 325
75 306
78 456
94 455
94 229
64 414
89 263
89 460
32 348
33 435
18 330
60 479
56 255
58 363
23 342
72 328
91 491
32 306
76 242
65 388
84 245
26 442
48 316
90 358
31 266
57 457
40 320
18 262
44 303
38 366
73 435
32 309
63 377
10 319
86 375
97 388
46 257
57 478
81 429
72 234
76 327
94 288
88 324
18 220
84 474
43 320
63 329
36 281
35 243
53 374
55 355
97 337
25 289
39 234
16 349
60 359
82 209
50 320
18 495
54 459
58 476
65 324
68 355
89 259
45 253
30 315
44 392
44 270
49 415
71 345
90 322
90 437
36 399
57 312
15 295
53 310
14 246
37 324
79 288
45 248
74 213
67 449
98 464
83 233
91 220
55 390
73 331
68 372
91 331
60 424
41 202
22 447
36 366
88 349
81 301
82 495
50 209
24 418
66 410
100 299
12 279
52 221
69 263
91 389
87 275
72 219
15 244
80 225
49 434
100 313
89 469
91 298
100 499
55 349
28 365
37 236
79 437
22 303
15 349
60 293
52 253
37 452
68 226
51 206
74 498
52 444
49 376
71 393
10 455
67 481
33 491
11 212
90 473
12 325
25 307
51 495
46 479
77 457
84 320
36 414
32 231
90 283
74 245
72 481
38 467
55 268
12 427
27 282
33 345
87 469
99 274
69 260
68 358
28 206
81 429
79 244
86 475
36 265
81 201
33 468
16 405
34 374
89 215
63 428
87 260
23 210
94 308
100 285
45 236
84 343
34 460
81 322
84 413
33 351
30 280
36 279
51 252
61 264
27 306
14 326
27 286
15 399
63 355
89 258
85 223
39 253
51 237
83 314
79 462
14 261
78 232
15 476
54 492
21 250
44 379
93 362
97 410
88 307
29 443
74 405
65 266
76 347
76 282
93 451
26 375
33 484
92 500
77 390
96 345
33 486
30 213
16 488
40 307
38 487
87 410
25 465
31 298
20 478
12 273
67 271
27 287
40 253
29 360
70 225
20 331
70 478
72 307
19 266
32 208
23 413
66 342
24 292
30 438
46 467
17 395
68 357
57 490
96 216
30 250
70 303
76 201
88 423
31 494
66 421
99 439
25 318
17 408
51 367
81 479
77 305
53 269
76 304
96 218
92 357
16 311
73 398
53 438
46 370
21 257
81 383
80 321
73 424
52 360
41 323
27 374
36 410
52 237
87 451
53 284
79 324
93 466
58 457
66 240
73 284
95 314
49 493
65 416
41 412
15 206
55 312
80 362
55 272
100 485
85 455
73 478
28 464
69 500
63 245
69 495
81 286
95 244
16 492
57 444
29 434
20 336
47 228
73 266
38 346
87 220
78 268
39 226
40 391
71 349
11 464
45 213
18 349
10 277
70 466
25 442
36 368
80 393
79 474
29 445
78 409
28 266
82 413
13 407
72 216
31 437
29 348
55 479
77 206
14 286
84 474
88 269
18 202
83 237
19 268
56 243
34 396
95 403
49 352
80 309
34 313
47 297
85 444
43 407
28 279
97 320
85 418
20 393
14 498
97 345
21 310
27 242
43 396
13 212
73 452
19 314
11 265
67 475
28 486
100 408
28 271
47 265
42 263
21 358
68 235
78 326
23 339
78 299
16 211
55 481
27 331
57 427
90 204
67 353
40 481
54 452
24 435
77 490
66 322
20 258
96 298
28 451
45 201
28 370
40 310
48 324
53 394
39 234
34 400
50 235
79 346
76 381
66 402
66 227
95 415
71 278
80 418
62 347
48 278
84 331
69 317
88 226
42 454
16 256
39 396
84 483
68 228
63 220
29 431
71 352
21 332
66 357
83 408
70 418
77 470
24 271
91 401
73 445
45 306
51 457
53 292
44 442
48 250
60 449
26 208
80 325
24 428
82 338
80 383
98 218
20 202
18 337
77 284
32 257
23 231
12 341
62 401
93 342
44 493
66 380
35 339
13 289
60 384
26 402
53 381
12 318
88 408
64 287
54 435
94 331
77 256
50 237
42 452
37 357
11 418
52 393
17 491
56 323
95 306
60 339
85 342
10 320
89 361
91 491
68 449
26 209
42 241
72 411
26 375
67 385
17 201
71 349
28 207
44 315
89 394
22 499
72 360
100 484
95 474
56 264
90 243
59 325
92 268
22 225
45 200
89 235
52 436
83 443
39 253
45 454
74 461
72 380
87 270
59 238
77 285
96 365
76 324
13 361
91 475
38 284
22 295
94 426
39 401
87 371
93 375
66 298
41 226
27 353
61 239
62 238
80 442
73 402
28 342
77 356
19 398
98 239
85 457
11 422
67 283
98 208
72 366
41 492
54 482
84 438
34 434
59 243
57 328
77 339
25 405
47 234
20 383
72 494
90 437
71 445
60 405
32 376
86 457
87 463
75 409
61 357
33 274
84 217
59 242
17 320
66 299
61 397
53 376
51 320
95 202
14 230
97 466
92 478
53 221
38 308
65 488
43 272
62 262
84 412
39 343
47 450
63 283
88 372
83 434
64 471
66 204
47 342
58 407
98 289
33 459
81 307
78 311
93 457
94 367
67 427
30 298
44 350
11 420
51 289
76 463
24 288
36 260
95 284
16 449
47 343
44 271
43 250
58 279
30 204
65 324
92 354
54 205
31 302
74 425
55 227
40 400
81 252
84 394
66 375
47 460
82 447
83 367
72 361
13 453
100 289
42 496
15 447
42 295
57 324
62 338
55 355
71 315
37 447
27 494
23 248
95 289
61 432
72 440
34 299
77 305
59 417
40 229
57 500
54 361
78 292
69 322
77 486
75 304
63 343
96 203
72 448
33 385
84 446
54 369
87 466
95 381
93 473
63 495
60 433
70 494
76 303
40 422
84 451
19 470
59 271
21 485
58 213
52 346
92 392
12 452
43 336
77 439
47 391
91 229
100 237
15 297
68 236
45 326
50 493
50 279
22 217
83 230
58 331
65 439
10 238
44 227
80 422
31 432
13 348
41 384
52 382
95 423
44 398
24 404
84 293
100 352
79 445
29 291
86 457
93 497
31 318
82 267
64 439
82 249
41 409
87 420
75 313
18 208
20 339
19 299
50 345
15 493
16 232
17 314
90 261
41 382
54 231
75 317
79 396
38 454
85 249
72 396
58 464
48 270
66 214
78 434
82 219
87 398
89 458
96 438
57 469
51 296
49 466
72 368
89 280
53 416
77 444
12 389
94 362
19 408
60 226
81 485
87 215
45 495
61 291
69 390
30 450
35 208
53 399
49 476
59 446
31 205
15 349
76 245
37 302
75 387
35 493
45 323
22 202
13 430
38 499
61 302
62 253
44 211
99 435
100 329
38 275
99 218
71 427
59 383
22 415
12 306
97 340
75 363
44 444
62 385
30 309
47 289
61 496
50 213
26 235
69 209
86 375
14 381
57 240
18 279
67 231
32 259
20 211
35 412
92 362
43 347
62 482
57 282
77 434
88 306
62 387
27 426
39 291
57 312
11 318
18 484
38 475
31 419
91 414
57 391
59 376
20 495
50 371
49 283
80 270
36 471
45 203
96 468
38 201
22 375
71 318
61 367
61 350
10 228
17 365
50 287
27 354
39 398
44 257
46 226
13 319
18 233
43 341
38 315
19 427
27 359
34 247
95 287
39 210
52 410
32 432
65 416
16 477
15 207
71 492
27 310
95 479
92 331
93 241
61 359
32 334
98 212
72 391
57 227
14 312
100 276
55 331
76 226
20 202
64 290
12 215
71 202
17 441
33 210
44 477
65 399
79 234
39 390
71 409
14 275
49 251
11 463
31 240
17 440
37 421
76 485
52 328
90 277
25 268
76 449
24 355
43 305
18 456
60 211
75 361
17 283
32 386
33 493
11 432
48 417
65 360
86 487
24 337
46 454
14 299
52 349
68 447
38 490
74 397
72 215
15 287
25 368
51 241
44 348
96 241
99 223
59 416
83 286
21 471
29 356
56 340
61 422
19 458
16 489
40 362
84 310
20 450
90 371
27 236
85 363
68 233
35 376
83 243
16 450
53 450
36 232
60 310
76 376
39 264
68 321
22 266
31 323
30 256
65 406
97 412
22 267
85 301
98 291
71 404
23 307
56 295
76 392
91 441
91 372
49 380
52 379
80 270
10 361
46 395
100 316
67 232
22 398
75 274
34 427
41 228
22 229
14 219
19 479
55 488
77 414
75 240
71 211
54 494
70 437
53 336
85 392
97 385
78 400
71 226
69 284
67 257
51 276
85 483
82 486
77 353
49 234
77 442
21 203
45 316
74 271
12 390
61 269
55 450
32 381
58 243
80 428
35 226
11 275
98 258
66 427
40 460
78 253
78 456
17 284
32 343
64 474
92 215
86 205
70 410
79 389
62 299
58 452
97 270
59 282
95 235
68 438
83 419
21 345
51 446
36 344
62 233
24 271
84 207
17 463
71 361
88 318
98 367
72 234
21 494
51 213
99 325
58 423
70 341
94 315
51 446
10 273
89 424
73 478
40 319
80 296
29 240
49 388
29 382
37 343
41 488
64 303
49 257
73 253
43 241
46 382
49 475
13 416
77 248
63 329
19 332
71 244
26 289
34 279
84 303
93 494
92 228
16 300
30 270
66 330
98 420
64 248
64 416
91 241
60 356
100 479
12 245
23 309
43 405
43 452
25 209
94 497
99 491
64 470
95 450
46 373
84 259
18 211
84 333
94 287
68 373
65 374
26 288
14 399
41 270
38 399
37 244
80 464
47 491
17 296
25 481
49 206
70 287
62 413
72 220
49 357
47 265
63 208
98 412
75 494
69 205
11 459
50 235
84 234
77 354
44 364
61 247
53 272
57 337
90 202
22 485
22 499
58 338
39 249
59 362
10 481
33 383
39 367
99 310
77 393
31 480
83 497
57 375
83 258
56 253
87 267
81 368
97 485
90 221
10 204
56 225
29 450
82 323
68 275
89 415
71 346
18 473
71 369
95 360
32 257
79 436
34 348
70 340
50 206
19 264
62 392
67 395
97 395
56 355
44 450
62 386
70 463
20 337
34 455
84 456
17 359
28 285
37 392
25 237
11 485
44 308
89 288
60 467
12 219
11 402
13 340
14 412
86 395
68 383
83 495
84 309
30 377
85 206
16 268
88 365
87 242
33 276
50 424
76 211
53 261
15 310
57 449
46 203
89 469
70 441
18 371
78 213
34 394
11 265
79 462
48 362
38 403
94 232
18 429
83 218
10 354
33 391
62 247
53 344
73 478
74 427
45 283
35 396
68 358
10 337
43 339
65 271
36 385
11 317
45 295
21 302
35 310
18 200
68 284
90 271
54 377
38 359
69 336
22 335
16 413
89 210
40 419
36 242
83 283
27 416
75 392
79 276
91 358
50 256
11 318
51 453
56 223
99 353
96 263
13 250
12 409
68 477
63 239
62 431
85 326
25 450
35 212
75 417
43 500
90 261
17 499
17 209
73 223
41 329
42 249
86 211
53 388
39 285
10 205
13 499
34 210
60 246
75 422
91 341
66 334
16 487
73 417
89 353
45 256
66 476
81 309
74 263
58 424
56 321
57 211
59 459
78 465
56 493
60 417
23 255
79 236
51 331
96 436
50 290
76 363
70 246
75 202
59 315
63 304
98 253
64 454
54 286
82 467
46 253
63 413
19 383
42 299
100 299
52 345
85 476
73 404
53 378
51 279
32 230
70 327
77 448
93 244
27 449
46 262
31 343
40 310
94 321
53 386
26 393
59 206
93 488
19 389
31 214
10 255
81 249
90 226
57 413
94 480
72 230
55 311
55 414
86 296
19 229
57 352
50 462
91 290
91 218
40 262
22 345
83 476
65 449
66 339
71 470
49 471
15 258
52 270
41 453
24 456
83 246
94 352
40 467
27 405
100 268
60 415
51 482
31 204
13 289
81 291
63 360
33 406
40 293
81 391
65 240
38 425
65 454
69 492
31 417
43 302
97 260
59 346
34 356
16 422
83 442
28 352
32 473
12 220
25 432
50 208
40 205
81 457
63 459
17 328
52 293
85 308
96 397
48 294
39 252
73 396
20 426
20 244
95 203
21 413
22 424
70 356
93 303
64 338
15 460
55 385
37 294
21 304
89 395
68 493
84 413
93 441
85 334
91 487
41 499
69 271
26 269
22 249
41 439
26 383
64 251
20 399
81 209
40 285
99 350
87 351
38 363
76 351
98 225
73 282
31 485
99 343
33 480
18 376
12 478
64 264
75 275
74 272
60 364
24 490
64 332
93 226
59 330
86 390
51 463
10 276
52 274
35 399
35 209
39 420
47 282
74 465
30 294
30 391
13 291
91 421
24 368
77 265
69 221
82 301
19 426
45 278
98 244
36 202
30 200
78 491
74 355
42 337
15 390
37 356
77 255
93 251
28 422
27 420
84 270
59 274
62 295
17 394
81 277
45 343
78 319
30 308
44 486
45 321
42 372
20 254
17 201
63 350
35 370
38 213
60 489
65 333
44 337
33 372
85 373
41 390
61 245
67 363
77 341
43 304
91 409
44 389
20 412
49 231
94 205
71 470
64 479
27 476
24 279
92 428
36 260
78 341
83 263
45 234
63 437
85 366
85 446
14 204
79 241
57 388
84 428
42 439
70 410
24 471
26 210
10 338
91 464
93 273
39 380
49 381
68 345
98 411
69 500
64 346
72 349
36 236
18 392
18 433
43 338
25 488
91 500
28 367
20 201
16 439
64 498
94 447
97 264
92 330
56 220
66 252
83 210
35 345
22 463
31 350
28 327
31 398
25 360
15 289
23 454
91 491
84 296
63 491
38 242
99 321
62 246
64 331
18 309
51 356
85 400
92 270
73 291
91 353
63 481
40 209
70 418
70 283
68 335
87 220
93 293
79 287
11 362
15 293
47 291
56 441
83 352
13 467
24 427
96 291
52 209
32 489
19 498
28 339
41 295
35 357
16 399
42 425
62 311
98 480
20 415
83 291
18 379
64 458
42 325
25 360
11 246
58 209
93 369
13 223
99 355
21 249
95 272
39 262
70 440
17 234
44 360
90 369
92 331
91 242
30 272
70 238
69 499
59 260
21 243
12 280
91 412
77 400
83 252
58 316
60 452
49 295
35 373
62 299
100 489
13 408
74 441
67 226
54 442
57 306
41 318
37 382
35 415
32 412
91 492
77 408
62 275
97 453
17 366
66 400
26 290
89 313
59 201
85 419
88 375
85 428
54 309
12 421
42 289
13 440
31 257
35 422
59 299
86 478
96 375
36 268
37 433
27 445
87 220
52 377
98 286
93 287
64 260
47 419
47 238
82 379
47 454
68 326
92 475
25 467
58 430
25 213
28 365
34 296
99 219
80 229
82 424
63 449
84 222
42 282
31 423
52 304
84 209
27 328
62 483
26 232
46 278
22 273
37 401
32 276
93 489
47 474
91 320
19 345
81 488
95 351
28 285
69 236
55 334
40 227
81 407
97 477
51 202
44 376
72 266
30 221
68 457
91 416
47 367
85 368
14 385
28 213
78 423
51 213
90 311
19 220
91 499
50 401
78 446
89 302
50 428
66 465
56 268
28 307
73 339
20 487
99 392
26 443
42 397
25 269
65 446
56 425
93 236
66 342
80 300
35 391
80 268
90 258
64 435
27 219
36 289
67 246
83 455
64 244
67 394
100 309
29 352
93 231
51 307
62 318
66 318
12 333
41 263
70 471
62 257
30 219
41 495
76 276
88 204
54 500
34 382
93 487
62 290
44 422
97 340
49 202
83 397
60 241
42 477
71 406
32 450
99 328
58 440
93 292
29 473
53 291
17 348
22 389
83 294
89 232
52 498
57 290
79 320
64 353
52 292
31 278
95 382
54 436
56 208
88 214
10 216
81 284
92 382
39 500
11 482
16 257
18 215
94 373
33 429
77 380
98 483
67 461
43 262
45 383
74 270
26 500
80 451
98 348
15 205
99 206
71 277
23 415
32 309
82 275
81 460
47 457
73 311
71 203
78 262
58 392
54 283
42 368
51 424
58 264
29 261
27 365
24 232
32 277
64 213
18 328
80 256
23 364
59 450
21 489
15 203
40 293
24 219
100 218
65 374
75 322
29 302
37 420
49 414
97 425
27 298
10 400
60 285
65 470
23 381
61 496
26 286
95 419
80 396
58 499
67 220
81 403
41 204
46 355
31 268
100 345
47 229
61 470
40 257
85 297
72 346
89 270
53 278
81 488
56 325
83 493
42 254
61 365
34 415
70 477
94 497
19 299
85 314
54 288
12 207
31 207
37 376
62 235
72 415
28 377
88 406
93 333
26 462
19 416
67 416
59 360
10 411
54 336
92 226
63 244
52 207
68 286
19 227
75 287
78 241
61 430
56 282
11 304
22 459
77 369
52 361
93 484
57 436
54 495
97 442
96 395
53 239
81 230
99 250
59 407
11 230
22 487
42 297
84 253
51 258
87 327
48 400
62 389
79 328
98 247
75 320
78 365
73 371
96 323
30 462
27 410
43 264
43 451
33 384
82 314
76 376
83 259
11 449
35 360
12 228
18 243
42 246
57 456
24 253
92 235
59 206
29 354
65 289
29 329
78 257
24 313
70 332
47 407
95 217
67 255
58 372
37 343
78 406
57 233
90 275
90 371
20 412
57 250
71 278
26 372
78 271
72 217
92 305
34 383
80 388
46 316
29 435
80 376
21 405
15 247
38 324
66 460
13 341
40 486
53 339
38 203
14 239
84 211
71 342
44 415
24 281
95 488
17 337
58 305
27 470
82 470
58 418
20 278
78 389
51 427
23 318
13 386
96 348
76 450
20 291
33 469
54 343
85 286
73 216
42 470
59 441
99 477
78 267
84 367
75 266
75 432
29 473
32 490
81 214
44 310
72 302
79 325
11 432
39 323
59 500
27 331
47 431
77 248
50 311
33 402
10 207
66 210
56 399
61 249
50 388
81 418
78 335
53 282
76 352
70 412
15 397
95 291
65 298
84 273
10 202
83 485
86 205
46 439
53 392
68 266
54 295
30 218
61 425
65 394
17 455
77 427
75 296
28 427
21 255
61 451
35 372
75 217
98 378
52 230
34 393
23 298
21 479
10 367
33 366
79 428
15 315
16 370
97 270
73 453
53 495
83 384
83 338
89 442
86 305
47 235
66 216
51 384
58 399
30 295
32 208
75 282
71 326
71 382
32 447
39 471
29 487
16 204
32 453
45 290
14 366
81 403
96 407
10 326
36 285
88 318
83 393
12 315
60 250
74 313
70 280
20 335
24 285
17 340
91 234
71 443
51 453
65 283
35 432
53 414
49 228
36 459
18 331
91 338
65 469
51 276
67 433
41 263
58 500
44 453
17 231
43 435
18 241
57 293
79 273
21 337
56 488
28 473
92 318
87 398
74 210
99 283
14 333
38 409
94 448
64 316
39 205
21 362
20 466
60 418
48 410
87 238
88 299
22 414
77 270
53 401
89 233
44 421
60 477
18 449
60 439
71 353
85 263
15 389
67 418
100 465
90 310
63 372
17 463
19 473
90 295
88 460
29 203
87 394
19 407
49 404
29 355
74 489
54 469
61 395
97 433
80 361
63 260
26 349
87 267
17 454
68 392
16 390
79 242
83 323
51 425
19 494
40 482
91 446
78 358
58 234
28 397
23 281
49 377
14 430
81 449
64 204
15 495
52 433
80 477
34 385
55 232
70 378
42 359
31 362
65 412
47 205
87 490
27 215
15 415
24 208
43 225
51 351
65 407
86 206
26 288
44 483
70 268
18 232
64 382
38 341
72 489
28 300
88 331
48 242
67 458
96 306
57 263
12 453
38 490
36 250
61 349
78 296
75 291
87 241
78 471
37 214
53 427
25 336
90 328
87 251
41 429
20 468
81 263
27 359
63 327
25 227
77 289
99 239
95 400
60 301
25 360
38 228
41 277
25 241
32 491
40 390
46 399
69 308
79 475
88 463
55 274
19 424
21 262
90 492
72 492
40 281
35 305
18 336
75 422
13 237
88 419
78 280
10 431
66 227
11 253
37 404
18 377
95 388
70 238
88 350
87 420
82 278
49 490
58 306
39 240
92 221
21 417
66 474
31 440
16 200
37 439
41 269
43 480
81 203
37 285
61 496
48 232
15 377
11 437
82 331
41 223
19 333
95 403
26 235
59 255
64 284
84 388
84 206
47 207
100 282
85 311
68 496
19 249
91 263
90 253
14 360
98 445
36 466
52 497
33 388
56 486
13 443
98 222
72 388
68 408
89 220
86 395
93 260
83 285
69 378
17 365
56 313
51 428
22 355
52 477
74 424
48 463
90 233
82 212
97 412
32 288
55 337
95 345
29 375
83 419
66 467
24 488
20 393
20 255
75 236
30 238
59 392
25 223
67 434
100 243
100 405
65 226
19 263
18 388
53 200
79 440
98 390
84 394
75 291
94 228
56 379
88 486
82 216
70 445
26 495
27 495
70 269
86 390
59 290
70 270
11 332
74 456
59 387
69 203
67 496
73 203
76 497
44 395
79 448
21 413
89 276
90 289
91 325
37 427
32 454
68 404
62 405
85 257
68 406
44 468
69 490
10 276
83 409
17 500
10 207
73 496
37 466
100 378
91 462
30 455
50 500
100 451
99 467
22 394
92 466
90 223
25 229
58 441
87 468
75 493
10 499
92 258
63 472
54 254
44 439
29 297
41 316
49 240
67 453
95 405
70 493
71 373
74 476
99 358
47 452
64 366
74 237
74 414
47 259
96 390
72 425
28 334
98 433
42 222
81 205
75 303
20 252
14 366
27 238
62 368
92 273
64 388
34 407
17 267
34 217
69 413
82 342
99 331
16 318
96 461
29 478
16 468
31 438
41 455
39 306
28 414
88 253
12 438
35 352
100 375
76 360
18 459
71 231
89 225
63 391
80 370
70 448
76 295
22 471
93 309
79 269
35 405
19 221
41 232
63 296
21 441
62 444
12 406
53 489
26 273
92 315
14 446
99 280
16 345
12 239
25 224
36 374
10 329
94 271
44 467
89 268
12 271
91 255
37 435
22 357
66 320
66 400
29 484
13 255
76 377
50 231
67 300
58 330
22 500
24 290
61 216
27 322
17 267
31 212
68 318
50 357
10 291
19 402
34 434
71 301
99 449
16 461
51 437
85 478
69 440
89 401
65 273
46 441
39 297
69 241
26 271
100 200
42 404
26 284
48 256
28 346
25 467
64 201
52 345
45 287
10 446
56 438
55 409
37 308
75 279
98 319
31 497
89 411
32 470
28 384
18 380
70 479
88 335
15 448
35 409
66 212
36 421
91 372
30 276
82 285
39 278
12 456
92 223
77 321
22 310
48 468
95 484
71 233
58 375
37 497
80 414
18 437
68 408
13 413
42 488
45 289
26 351
49 488
55 359
48 264
74 262
14 407
20 376
67 314
50 319
14 334
87 268
89 316
38 277
95 359
76 476
59 279
41 441
25 449
76 323
70 268
12 443
72 432
11 364
98 317
86 253
34 215
78 471
43 497
67 309
94 261
31 251
13 359
66 355
27 239
82 217
44 312
23 231
23 476
61 436
83 378
76 243
35 260
45 423
76 210
60 360
23 264
37 360
22 300
44 428
51 390
80 396
27 252
17 393
34 270
68 270
67 318
76 240
49 225
24 383
38 444
10 255
34 402
67 380
10 327
38 289
43 451
90 366
27 360
71 481
81 388
20 277
71 312
56 281
22 228
51 321
23 455
54 429
60 489
46 306
37 313
11 480
99 329
10 216
67 404
29 317
62 496
47 444
41 409
59 394
80 437
19 358
68 340
94 246
36 343
78 342
68 497
51 470
49 466
45 211
76 380
52 359
57 472
23 431
62 276
58 267
88 288
89 404
84 461
36 454
75 200
90 208
62 365
62 270
99 361
15 348
23 360
27 364
26 258
38 410
28 317
73 297
15 351
79 230
97 349
62 363
35 478
13 295
99 247
51 372
78 397
87 398
84 475
41 285
61 204
40 266
54 421
11 425
81 312
11 331
11 337
48 260
67 315
39 407
32 470
78 219
53 246
16 371
85 378
52 202
69 401
40 452
11 329
89 342
38 280
22 301
15 416
45 481
27 414
54 342
71 414
65 499
66 227
66 430
72 275
48 235
16 399
70 245
36 312
53 367
47 360
57 457
79 277
41 204
30 273
99 324
32 456
68 345
89 390
91 235
95 353
17 338
33 207
71 478
35 270
77 359
97 261
41 404
43 200
88 227
19 202
70 408
67 372
83 288
78 224
31 374
28 395
35 327
70 395
64 368
90 397
30 242
81 239
78 245
33 353
39 211
68 322
38 262
53 420
42 453
10 423
55 219
56 287
87 366
93 348
19 345
44 209
85 452
18 282
92 238
80 467
91 239
46 418
35 230
56 350
19 230
85 258
92 288
61 293
55 276
82 488
89 485
20 206
57 445
88 330
77 474
85 430
31 334
12 212
37 485
78 297
30 383
64 462
92 450
54 425
31 495
63 344
14 256
45 262
18 440
62 381
16 387
15 374
47 458
47 284
28 446
74 354
39 434
23 498
15 267
83 306
93 232
63 388
36 250
74 238
10 290
83 300
51 479
98 397
95 258
62 276
22 259
23 281
26 393
89 325
94 450
38 471
70 330
62 469
16 307
94 267
23 374
77 273
26 239
16 488
17 348
49 300
57 392
88 348
52 359
20 245
100 353
11 489
57 323
28 261
89 463
32 475
13 445
84 336
35 415
56 229
74 336
79 418
20 409
19 312
95 488
24 325
32 271
64 272
80 218
95 221
20 410
50 214
42 493
97 286
39 423
26 368
10 343
87 286
24 301
89 217
26 454
67 378
83 404
43 367
28 481
46 351
33 282
15 443
73 414
49 381
16 242
69 344
77 232
80 385
51 226
64 371
35 493
85 402
13 345
86 215
34 354
23 464
34 379
39 461
46 384
26 378
60 338
76 310
93 350
81 453
40 346
64 304
27 218
89 433
83 472
15 488
22 263
28 211
63 306
97 483
15 261
67 364
60 332
54 468
14 367
50 307
86 493
63 299
69 315
87 323
42 480
22 310
73 461
53 382
13 491
87 205
79 474
36 298
12 241
99 486
86 486
14 420
68 401
37 388
34 500
42 450
69 219
73 419
47 279
84 496
29 413
76 219
41 267
53 390
99 331
50 465
52 365
18 494
37 301
47 480
22 340
44 227
86 438
40 288
86 495
89 484
47 482
29 492
66 268
75 255
23 455
11 415
85 353
75 335
17 237
52 202
53 442
82 486
19 424
23 293
51 306
26 473
29 279
29 235
16 294
66 445
34 259
48 318
93 215
46 315
51 465
46 328
37 296
49 483
92 285
95 285
81 352
85 378
18 221
11 476
61 452
98 313
50 427
57 373
37 281
42 393
44 254
89 350
59 232
71 269
15 408
83 407
38 361
50 388
34 446
24 395
72 483
49 307
73 337
17 249
15 416
41 414
80 412
37 219
19 345
42 261
26 340
64 261
99 201
17 280
18 262
87 492
59 331
17 351
85 226
48 284
63 343
92 311
61 210
51 448
44 265
10 306
24 425
31 304
31 266
61 220
77 206
35 270
89 310
20 254
57 270
25 227
90 285
33 366
53 315
90 348
20 270
100 484
18 271
63 268
77 318
86 414
40 248
42 411
70 302
55 444
27 252
54 484
94 457
74 330
13 360
49 350
17 330
64 272
50 318
71 487
19 326
86 209
84 281
31 482
88 334
33 455
99 293
38 370
70 486
55 270
83 376
13 423
60 201
85 305
10 232
42 203
28 390
76 231
62 332
71 252
72 386
71 250
88 394
26 427
27 318
31 371
82 365
69 397
18 236
57 383
62 242
46 375
70 298
44 351
18 317
34 344
62 359
13 381
19 212
98 329
17 253
16 272
32 242
47 483
82 420
67 296
100 450
22 291
77 327
16 426
78 294
45 396
51 362
42 404
85 333
14 402
74 483
97 252
49 392
91 252
54 298
64 471
22 269
92 244
12 452
54 288
55 438
73 398
90 459
73 372
98 283
45 477
51 497
84 239
92 462
20 397
84 389
14 256
31 377
11 251
57 468
13 273
97 222
60 404
43 470
40 272
63 298
28 216
16 476
94 432
39 296
97 446
58 394
18 290
60 500
12 298
27 430
71 322
98 239
25 382
17 249
88 210
30 400
74 443
70 231
51 262
50 401
75 460
66 408
40 264
18 339
49 272
64 482
65 419
40 368
72 478
89 202
17 214
27 465
24 227
27 478
12 471
30 495
28 372
22 428
27 207
54 297
18 284
39 423
49 298
15 252
70 406
69 212
82 356
37 274
90 371
79 370
74 380
31 219
47 465
51 436
63 462
47 250
66 259
60 448
98 212
79 330
76 402
60 287
50 217
70 338
94 311
47 427
46 321
23 440
10 341
27 205
21 356
13 247
93 478
46 470
82 392
20 305
25 392
30 300
37 401
21 246
38 395
51 452
26 368
74 448
81 215
60 209
17 458
33 485
26 449
53 271
100 202
71 384
12 467
98 303
82 320
23 327
67 321
47 378
45 419
81 447
28 227
71 202
57 462
52 317
79 390
34 500
37 213
57 235
50 265
32 244
62 436
94 298
26 399
83 495
32 251
39 449
56 294
93 212
20 336
40 415
56 467
31 315
76 246
23 408
85 488
63 394
44 220
82 429
14 367
37 434
80 210
93 394
83 231
93 360
84 485
100 341
12 437
76 379
24 255
57 242
51 436
98 364
30 378
61 324
60 362
77 411
16 389
83 476
17 460
63 286
60 358
84 343
99 280
94 226
65 205
74 276
24 205
53 294
67 430
31 376
54 425
74 463
29 339
29 482
47 472
81 440
43 392
21 373
77 201
70 205
19 418
100 345
31 419
30 254
35 255
31 388
11 465
55 241
67 435
20 300
56 238
63 485
18 271
47 249
97 455
42 228
13 233
92 243
63 210
76 498
25 425
29 495
18 382
63 391
12 207
42 472
28 479
64 374
86 210
38 271
72 426
50 286
82 319
26 308
15 274
86 294
14 337
63 286
42 273
14 284
16 365
56 276
57 460
40 291
74 322
41 333
18 359
91 405
76 448
87 206
61 216
28 470
94 337
95 321
24 482
87 441
61 358
34 440
68 415
67 485
86 342
94 483
43 436
46 377
53 348
53 353
21 432
49 416
16 379
93 429
58 288
30 206
74 334
42 461
71 477
37 484
24 461
66 267
31 301
28 278
88 276
58 211
60 203
66 476
93 310
66 491
54 471
21 241
39 341
76 500
69 395
73 333
50 397
56 200
94 294
24 396
63 409
96 225
31 231
58 242
35 353
26 437
99 479
23 325
98 428
53 335
55 256
12 376
54 318
45 451
86 405
81 429
48 201
77 224
90 455
46 322
10 247
20 278
16 485
89 244
75 427
69 484
57 296
40 385
46 485
10 223
51 431
87 201
19 356
20 363
14 490
94 265
35 442
13 462
90 497
44 287
50 282
47 354
91 328
24 491
15 324
20 201
59 365
98 385
23 376
84 228
27 483
31 351
43 438
46 299
97 215
87 305
45 355
97 426
63 498
24 295
90 328
77 274
31 497
70 411
45 206
24 487
47 432
30 311
87 348
12 200
45 245
29 410
38 212
69 332
90 450
22 280
71 472
81 418
26 262
90 238
20 466
39 456
13 260
92 214
24 425
36 219
63 268
56 320
87 463
45 240
23 328
72 388
10 373
77 466
56 382
95 401
33 478
40 494
46 371
43 394
42 472
90 215
40 292
48 270
22 235
19 365
95 328
73 361
87 255
91 435
69 330
25 483
35 441
45 294
40 434
10 357
63 351
83 343
34 456
35 395
67 472
89 303
43 459
72 249
64 238
79 400
10 269
94 375
11 307
22 219
32 355
29 395
66 497
94 346
49 349
53 392
44 499
84 369
19 356
22 420
71 352
75 211
47 400
23 328
23 202
97 497
66 422
47 312
44 326
75 319
76 397
52 244
76 403
12 302
43 280
37 402
32 489
56 250
33 498
72 292
21 425
98 305
10 377
62 213
38 324
44 427
71 292
40 365
37 333
11 202
74 336
92 243
40 266
29 461
32 370
25 461
75 290
74 339
20 432
37 419
79 434
69 224
74 265
12 420
20 305
88 260
43 275
44 213
79 345
16 251
70 425
99 207
44 276
36 379
24 448
56 211
88 393
58 254
93 375
24 305
82 294
88 319
44 366
67 408
10 204
41 424
95 470
67 341
27 226
100 452
19 266
50 202
87 397
74 315
76 480
83 200
17 483
88 391
71 400
81 307
27 205
94 230
13 412
66 367
70 340
25 310
38 429
93 212
81 317
20 397
72 496
83 267
79 465
83 274
77 204
73 217
92 310
31 331
43 368
43 409
33 265
45 260
40 279
92 268
58 348
46 391
58 259
61 218
51 365
93 336
77 321
38 226
48 350
81 402
27 355
47 423
88 226
64 312
90 204
55 399
20 242
83 343
36 446
76 324
94 301
22 326
50 211
92 301
26 209
32 276
85 210
46 432
31 380
54 239
72 322
21 434
70 426
67 415
54 336
37 379
64 398
16 307
15 357
55 219
70 360
45 378
26 243
44 305
98 251
21 255
66 231
14 437
42 464
86 226
67 339
32 434
78 360
87 395
54 397
85 230
36 407
48 325
28 466
53 270
49 222
48 289
49 212
95 359
39 325
84 473
55 489
79 399
61 395
85 212
24 456
82 496
16 399
55 261
28 448
12 330
24 355
72 371
18 342
61 291
99 313
60 330
66 367
55 297
21 322
85 200
26 300
92 338
12 264
19 362
98 430
87 328
79 258
92 452
78 478
51 317
12 454
46 290
57 475
48 280
48 496
56 272
52 224
12 242
46 258
74 498
86 294
35 272
73 273
68 202
85 413
43 290
36 464
71 436
51 266
13 433
96 244
69 254
22 312
18 254
45 450
72 256
96 325
11 294
76 249
35 399
40 313
100 277
64 318
66 464
43 477
56 344
45 298
92 487
48 444
70 479
45 490
67 334
92 312
25 412
36 474
27 273
88 247
49 312
13 312
19 499
38 369
37 457
97 438
84 275
28 382
27 472
11 237
20 435
51 234
22 461
55 405
60 493
73 281
47 266
30 329
76 380
39 253
85 363
85 477
70 270
38 390
83 479
34 348
85 225
44 208
69 287
90 468
85 314
44 334
54 340
41 343
39 359
86 253
96 337
98 307
90 337
69 398
81 373
82 478
86 325
25 333
31 347
90 391
83 247
37 291
67 385
73 356
92 228
35 465
44 338
31 221
38 217
23 489
10 363
74 236
74 400
19 298
19 419
10 457
48 462
45 302
22 380
27 340
28 215
16 222
93 273
49 276
81 360
93 378
20 479
46 460
72 232
79 323
17 496
90 366
87 225
24 252
95 324
65 210
47 343
38 441
62 423
77 405
56 230
94 203
89 396
49 285
85 419
96 328
78 437
11 268
73 359
26 213
73 411
97 271
15 455
66 369
27 479
79 358
11 305
92 416
65 273
50 327
76 358
95 354
84 346
70 403
37 442
76 386
30 389
74 304
59 419
72 418
72 496
66 252
76 438
62 500
52 368
42 452
64 229
87 218
49 426
93 328
59 337
40 418
94 421
84 266
42 495
46 383
21 208
39 488
59 352
43 406
74 312
44 495
29 360
38 414
94 433
98 351
15 205
10 442
94 239
69 463
55 441
19 421
15 228
16 344
57 395
28 349
41 253
74 246
100 355
82 397
86 451
61 204
33 265
16 228
61 403
69 286
79 233
72 491
81 364
12 392
43 281
37 463
100 333
51 445
12 367
55 474
28 339
95 472
84 374
84 458
93 389
50 318
48 500
73 433
69 391
35 370
21 314
40 203
62 239
20 383
67 238
31 472
34 483
52 230
44 341
53 330
41 429
61 400
31 255
23 489
61 406
55 315
100 389
84 364
83 215
42 333
21 251
50 380
43 395
17 338
80 295
66 213
32 365
53 350
50 495
97 264
68 446
37 267
53 447
46 210
67 377
91 413
58 294
40 410
85 400
30 473
23 464
38 366
67 297
52 396
65 302
34 390
16 236
53 279
34 338
10 342
84 330
32 391
47 245
86 362
26 347
48 338
55 269
92 286
38 468
45 407
99 339
78 215
84 202
80 256
73 333
62 303
87 351
88 286
62 293
17 291
41 231
34 398
49 331
78 416
76 414
32 266
99 368
59 325
30 377
52 460
35 478
12 371
50 205
45 474
79 354
97 488
62 341
77 435
26 317
94 468
30 422
83 481
24 316
63 358
34 436
18 400
72 277
34 490
27 426
40 330
76 375
32 414
37 400
17 436
16 397
99 445
79 387
17 306
76 428
54 393
37 428
76 224
36 210
37 486
32 325
65 465
20 330
51 465
12 476
54 444
21 201
98 389
33 210
46 237
37 357
79 250
69 421
80 438
16 437
64 316
91 437
53 209
86 408
65 495
15 272
60 454
61 224
16 360
25 286
100 422
59 276
88 427
48 497
75 325
91 235
100 443
36 222
44 437
64 324
64 262
72 266
86 367
34 306
70 274
61 373
19 285
63 417
90 292
80 324
71 294
18 358
13 280
94 387
20 208
64 345
25 355
50 484
57 451
74 447
78 431
11 418
61 415
100 476
44 247
31 423
12 357
93 276
91 308
70 402
42 422
37 284
21 406
38 497
15 306
11 278
90 210
86 201
47 280
53 380
26 475
50 367
30 281
88 216
44 355
38 455
98 362
12 302
59 255
94 322
96 490
100 347
79 294
51 322
32 222
60 451
85 253
30 225
21 260
79 422
45 357
84 442
88 365
13 485
81 342
64 230
19 455
78 280
65 474
66 372
76 353
53 340
42 440
28 438
98 356
62 313
29 435
74 430
49 298
17 468
91 219
58 469
51 323
13 421
17 400
20 440
12 364
97 407
89 393
14 201
38 402
27 409
29 318
28 384
48 200
50 253
59 247
18 391
50 219
87 314
98 303
93 369
76 281
24 469
68 317
13 370
11 482
53 253
92 365
14 413
59 437
84 333
69 437
89 303
67 234
82 272
88 420
44 451
26 414
80 374
39 286
43 397
30 271
78 316
74 286
67 301
90 444
20 455
96 407
46 233
36 425
96 425
18 444
39 243
87 294
72 286
18 410
37 398
16 382
66 365
50 492
83 439
36 349
14 213
55 401
63 344
85 500
21 367
51 444
81 499
22 225
70 317
73 466
22 313
65 477
39 463
27 393
98 302
13 493
91 445
70 260
56 416
28 356
10 453
70 392
59 236
86 434
67 301
42 316
53 393
74 341
28 209
56 205
98 474
44 325
34 340
58 455
21 394
100 287
98 309
92 246
15 345
93 447
51 225
67 308
85 303
93 273
32 433
81 322
61 275
71 222
82 281
82 420
58 435
30 270
68 435
66 337
14 494
98 423
45 294
12 436
58 429
85 409
96 235
100 466
44 427
22 475
15 311
35 431
92 350
36 238
30 214
31 261
12 357
43 475
100 412
30 247
56 317
91 400
33 435
78 413
76 250
100 266
47 230
62 357
42 396
88 362
42 469
50 367
17 304
44 425
44 451
26 203
86 376
57 318
59 467
39 421
78 316
70 277
25 382
53 424
18 226
73 489
65 406
10 469
21 395
78 423
25 313
24 311
64 228
18 497
22 409
11 410
38 302
14 268
92 318
64 210
50 225
66 238
28 303
77 389
63 297
64 292
66 436
78 296
11 280
59 408
50 459
14 411
30 253
48 493
83 419
37 465
17 451
91 323
21 407
27 200
93 272
15 362
58 393
57 421
87 500
37 360
66 394
68 467
66 499
24 267
34 462
34 310
24 484
67 415
62 394
64 343
82 354
82 320
15 412
16 418
45 266
82 317
37 296
67 356
72 491
58 410
50 404
55 263
76 350
53 475
22 291
99 407
93 271
88 390
73 216
16 291
90 282
34 493
53 389
35 371
90 220
92 280
81 248
19 208
20 219
48 442
86 300
81 453
80 273
93 200
24 347
76 322
12 397
46 205
18 462
87 413
71 456
90 303
23 234
98 401
24 294
20 312
45 338
95 412
75 305
30 200
48 452
18 279
59 385
59 382
41 409
27 226
77 236
53 367
69 390
40 273
12 257
100 275
94 349
61 306
44 347
73 304
40 327
49 395
51 417
73 307
60 371
47 439
23 413
42 376
57 272
27 235
22 284
59 474
75 246
54 335
17 283
17 441
24 221
52 422
17 361
48 212
31 311
19 387
38 206
79 326
24 462
60 305
39 420
22 376
81 306
39 257
47 348
88 299
56 230
26 256
34 499
84 371
66 469
52 333
99 270
95 400
97 268
11 475
25 232
93 403
44 258
47 478
30 355
41 224
81 246
94 225
38 247
23 251
87 403
50 338
66 240
97 351
51 441
88 245
39 424
25 261
27 305
16 287
49 263
40 242
75 290
89 251
64 413
60 250
84 436
89 436
61 324
11 233
100 361
85 487
85 424
64 465
61 234
66 335
34 261
84 356
83 394
65 437
36 409
49 269
42 273
60 218
76 239
21 461
13 279
67 383
59 444
16 379
17 348
37 225
84 392
93 208
45 487
65 290
90 380
44 489
58 312
40 298
18 207
25 200
11 405
25 489
28 479
50 275
73 330
29 433
13 380
22 205
33 334
73 210
62 301
97 365
64 454
60 212
41 421
100 447
19 293
73 422
26 500
26 296
16 496
45 249
20 419
21 491
15 497
72 216
16 397
76 459
21 293
58 260
63 331
11 287
89 339
63 395
12 456
56 367
77 418
28 275
66 369
47 339
39 464
37 412
40 485
32 459
92 239
20 291
54 424
80 295
11 337
100 300
74 378
22 441
100 331
91 382
86 479
35 263
47 375
76 301
28 293
45 386
41 228
43 453
83 254
80 464
71 435
87 330
50 479
48 408
55 485
14 207
29 258
17 354
18 494
60 491
81 464
62 318
66 251
22 342
71 266
31 394
33 267
39 261
33 243
77 253
69 457
72 388
37 229
17 346
25 446
35 458
41 411
34 299
46 294
98 216
92 444
11 258
15 332
15 404
71 487
70 300
25 416
44 357
19 479
52 316
34 288
85 230
27 297
24 409
18 468
87 398
56 233
42 320
82 223
53 489
28 430
62 352
53 224
12 489
63 460
13 375
48 326
14 495
23 484
45 211
93 226
48 312
72 313
26 424
26 405
23 245
44 449
95 377
34 354
65 476
68 368
37 259
19 205
33 315
23 355
17 389
52 434
71 441
89 382
31 282
18 225
66 267
35 422
92 397
19 457
63 337
24 421
45 217
84 348
19 364
90 357
66 384
35 202
73 287
39 337
44 317
54 445
15 234
22 225
55 390
69 451
25 256
60 321
34 496
83 303
94 420
77 309
30 450
11 327
41 393
12 354
57 223
75 342
15 362
75 438
35 299
30 476
43 458
11 275
76 213
27 209
72 236
44 487
58 379
11 471
92 475
63 230
40 320
26 204
41 438
58 482
51 228
16 238
74 202
31 438
54 441
35 399
95 214
35 412
31 396
40 413
20 456
78 316
47 213
49 257
48 212
97 335
55 445
53 476
74 436
86 362
21 258
61 250
97 394
20 414
38 293
58 357
59 218
53 272
83 242
90 329
69 317
90 494
90 235
43 407
15 279
98 244
55 277
48 358
60 205
50 458
24 398
91 244
49 486
49 294
14 395
33 481
79 285
88 471
18 340
47 239
65 395
57 256
56 326
41 341
16 486
58 327
41 311
20 446
61 437
29 222
89 360
92 291
64 425
88 213
25 388
49 432
32 233
70 454
53 351
11 389
45 291
43 366
77 285
73 397
66 248
55 352
97 370
74 200
42 403
49 256
66 465
91 271
46 425
83 306
24 467
65 309
59 359
51 358
14 484
25 415
32 321
41 287
34 408
97 433
83 249
77 298
87 427
89 461
81 292
75 274
18 409
70 214
54 256
56 461
15 325
45 220
96 288
19 336
43 343
48 203
14 206
26 355
46 421
76 483
94 228
38 470
98 388
86 454
89 304
63 433
67 436
48 274
73 208
98 469
80 478
85 242
23 274
74 366
86 410
93 405
16 302
98 274
44 357
55 383
41 340
43 289
68 216
76 299
92 272
99 324
35 490
17 483
10 462
61 206
46 395
28 208
36 234
19 437
24 258
73 301
88 384
70 423
50 201
48 374
35 488
28 221
83 262
62 489
32 301
32 294
82 355
38 443
82 282
57 228
82 447
68 437
90 418
41 480
91 278
34 442
42 248
93 492
95 416
24 284
46 424
65 411
49 378
51 416
57 430
80 498
81 422
23 405
75 491
100 207
50 435
98 284
92 361
23 294
97 204
29 242
37 204
22 456
40 204
60 239
23 464
41 208
77 369
64 473
25 246
33 377
12 379
63 465
73 486
60 265
68 334
27 316
80 458
34 367
18 291
22 294
77 340
79 388
77 465
21 317
22 289
73 442
81 353
90 457
29 362
38 225
45 277
98 481
10 312
87 446
70 201
93 406
68 290
16 248
68 402
90 266
78 256
58 306
14 311
64 496
50 482
73 366
100 261
99 492
56 493
71 224
100 374
78 232
34 472
64 218
64 394
72 262
32 439
52 308
30 329
23 471
60 223
17 318
56 431
21 406
16 495
80 263
99 359
35 281
58 376
78 452
22 231
70 419
85 281
87 219
81 279
91 220
49 224
53 335
29 346
23 225
63 419
94 407
67 333
10 356
34 486
54 478
43 220
97 486
89 371
49 210
46 342
27 451
54 217
96 468
14 275
25 453
28 480
45 220
54 296
63 270
22 434
40 246
47 392
36 254
72 384
21 361
30 443
18 289
79 346
27 323
76 448
13 314
67 333
42 239
84 460
68 460
28 306
68 295
87 437
16 408
85 261
83 244
73 329
59 464
59 339
88 294
71 259
82 463
93 492
28 220
71 209
53 242
47 384
16 460
31 334
63 339
95 385
37 347
90 465
35 387
25 243
36 289
66 338
95 394
84 452
52 478
62 342
97 474
68 255
50 244
79 249
21 482
10 214
57 397
51 337
92 482
57 213
70 432
51 219
34 429
39 488
42 329
33 324
54 254
94 434
97 415
59 380
62 417
73 473
12 271
90 346
43 388
92 271
22 459
83 394
84 460
76 441
67 409
70 238
16 341
30 210
53 455
74 451
91 232
77 383
23 431
14 305
66 286
39 335
92 315
40 330
87 308
54 210
31 283
80 429
95 220
94 428
95 277
68 244
67 500
42 311
64 354
53 395
95 441
23 384
93 207
25 278
22 233
12 280
100 287
33 490
99 345
20 231
48 494
42 430
76 400
48 320
73 304
75 393
35 493
16 248
58 238
23 263
54 314
29 286
62 500
64 457
86 390
53 215
15 461
92 273
75 333
37 262
83 305
31 431
16 480
88 246
76 203
50 437
44 301
89 467
38 496
18 394
43 360
10 467
63 252
46 329
47 382
38 220
93 294
53 284
50 378
80 438
58 339
61 448
15 345
50 239
55 287
73 424
74 292
89 415
81 429
27 377
25 383
63 246
68 347
32 499
100 359
49 304
48 259
66 437
12 416
12 443
64 308
61 347
65 204
27 442
91 254
80 442
53 464
76 414
11 216
45 233
26 247
74 322
47 338
33 409
99 484
22 204
27 467
16 389
76 363
80 354
84 347
35 354
55 232
65 319
62 379
73 423
47 388
96 430
93 252
50 478
17 491
15 225
35 231
69 377
61 494
67 260
61 326
35 401
55 329
78 406
52 219
12 331
50 271
91 330
80 349
86 307
93 488
75 244
29 496
82 311
46 401
78 278
56 432
29 333
18 346
35 217
10 265
13 220
88 359
99 459
87 305
72 295
91 296
24 208
43 459
16 228
61 337
93 335
13 234
71 279
71 456
35 494
49 394
74 305
85 211
21 458
18 227
68 357
28 239
89 363
40 383
57 306
42 447
24 237
77 359
73 259
98 362
35 233
90 465
90 456
88 300
100 291
83 364
22 348
11 262
43 298
59 299
49 413
56 244
52 477
10 465
50 466
76 237
61 229
92 235
94 478
51 346
38 309
76 466
14 310
14 365
34 370
91 211
16 459
89 432
85 407
89 369
67 421
64 269
84 357
31 383
87 337
32 302
75 437
82 300
37 494
26 353
11 326
51 395
15 368
82 418
45 421
79 345
35 340
83 239
13 467
48 229
55 399
31 447
84 297
100 280
52 460
88 402
86 496
24 319
31 372
44 336
67 221
31 331
17 343
63 307
88 490
64 310
87 366
63 422
51 302
43 201
94 333
10 346
59 449
33 389
74 452
99 362
43 454
85 232
14 261
24 354
64 373
34 338
25 469
73 450
28 460
23 280
53 252
17 318
91 341
44 321
61 430
95 412
79 375
97 429
97 231
38 385
51 445
27 341
29 430
50 484
22 440
22 379
76 388
29 493
23 401
84 468
22 444
84 213
75 272
91 453
54 422
85 356
97 207
79 279
56 236
26 274
81 473
87 366
21 398
38 338
86 370
25 429
54 435
14 330
43 230
15 458
39 317
99 267
56 310
14 209
58 255
86 220
22 485
64 337
95 494
38 430
68 480
40 375
70 447
19 318
93 286
15 326
68 389
20 426
98 437
41 243
45 218
10 418
15 399
98 283
20 479
42 454
96 217
15 269
16 332
30 389
92 413
46 219
94 306
36 499
35 328
100 382
11 253
44 298
28 302
33 243
83 291
69 437
37 325
43 220
14 343
58 324
53 321
55 305
13 486
53 368
66 242
62 460
16 297
90 447
90 285
25 429
78 435
13 484
20 372
64 216
64 361
73 218
68 381
15 307
26 325
63 479
64 473
65 361
19 342
20 468
30 245
88 302
72 211
65 489
91 487
22 295
93 242
77 227
67 334
85 237
94 257
81 224
62 301
98 298
52 442
50 319
97 360
32 416
45 354
67 452
68 358
97 386
27 257
74 221
18 496
83 248
96 474
75 230
61 407
46 416
43 292
92 232
40 304
77 221
64 251
63 497
39 367
99 207
32 295
94 213
84 237
95 292
56 283
53 483
95 400
36 235
92 332
83 342
96 466
59 291
56 233
98 323
71 471
94 273
31 360
86 254
80 246
84 305
48 419
58 217
42 384
32 259
29 270
71 349
27 212
90 450
40 478
74 395
10 403
56 411
17 452
36 357
20 261
38 277
62 499
17 297
87 296
43 347
61 205
46 350
32 385
30 462
40 321
26 207
61 272
61 235
67 333
34 221
59 303
90 322
10 342
31 432
53 423
19 304
31 223
99 344
45 452
33 219
76 410
31 244
38 394
20 454
32 370
73 318
59 472
18 222
38 206
64 200
21 482
49 305
28 456
12 361
83 202
17 377
92 305
48 291
74 450
24 373
56 368
93 240
28 329
82 402
21 415
38 263
71 404
27 349
94 215
69 465
18 237
89 379
68 211
83 238
11 413
90 229
10 351
80 369
64 281
38 314
59 370
60 340
59 443
72 330
60 346
46 425
34 334
85 474
77 471
87 255
81 423
90 362
75 355
62 201
46 499
29 330
19 390
77 339
56 306
92 489
60 462
91 283
24 414
38 441
96 216
32 466
54 229
73 461
97 307
74 468
42 475
53 423
35 465
36 395
86 481
12 420
17 494
82 487
32 207
76 438
88 320
20 412
90 481
76 483
71 232
45 342
59 496
17 320
71 225
27 378
78 244
17 345
76 499
70 342
25 456
42 480
59 433
97 375
88 411
51 449
92 205
78 400
36 254
87 308
45 433
70 432
86 233
60 413
83 306
22 436
27 232
100 286
59 204
41 326
48 466
22 307
30 264
42 420
92 476
34 244
48 464
11 282
88 251
11 375
44 499
68 368
31 475
91 445
43 262
44 292
67 243
73 447
62 355
61 272
49 292
42 436
41 291
74 399
21 462
53 398
52 385
69 439
58 367
71 236
45 301
35 405
40 425
52 350
29 415
99 256
13 488
18 461
91 408
81 319
20 383
19 277
23 481
52 324
91 297
26 224
97 335
54 491
29 478
28 487
25 461
34 349
19 484
26 475
41 367
64 208
46 311
66 214
14 250
85 388
47 346
47 494
68 290
70 440
12 222
53 409
30 469
100 379
35 214
56 292
39 396
70 329
46 335
34 247
61 380
62 430
72 295
95 406
15 305
44 351
32 270
89 207
26 215
100 390
66 437
17 308
65 481
70 237
66 479
68 450
29 417
78 282
81 251
10 295
53 332
57 381
84 455
82 340
86 472
14 397
35 409
100 440
14 391
18 404
42 210
13 476
96 431
69 388
70 495
79 287
67 429
88 428
33 254
13 301
49 495
22 333
45 452
82 440
97 498
73 210
28 395
16 384
74 442
16 307
98 254
56 212
73 261
67 315
29 354
30 239
40 312
59 398
71 342
24 405
83 430
22 296
80 299
78 450
57 251
50 426
85 298
34 237
56 275
69 373
24 468
96 475
48 483
83 343
48 409
92 362
10 361
86 412
50 387
50 449
10 264
68 442
49 261
96 471
46 229
32 413
70 454
69 225
36 459
79 458
11 262
58 454
54 227
61 280
60 424
54 250
55 353
61 351
66 317
15 398
37 363
63 241
18 397
67 450
35 281
35 471
85 476
17 215
43 488
32 315
33 274
69 348
13 203
88 238
56 218
72 365
84 446
96 446
72 371
53 446
23 301
50 296
77 237
90 427
42 356
65 385
14 253
59 305
70 481
78 326
56 479
24 328
90 346
48 265
34 468
20 419
85 375
24 243
34 223
71 386
43 410
85 258
76 200
18 219
97 457
77 428
14 234
99 358
63 277
17 346
53 382
50 211
41 227
52 366
31 423
31 380
10 219
65 245
65 250
91 450
39 308
31 390
20 331
91 471
83 368
22 351
79 279
80 453
43 264
38 256
97 268
82 268
81 271
90 257
35 327
61 277
10 231
24 475
64 413
47 470
65 460
35 478
38 381
17 244
89 499
34 380
75 485
44 252
68 210
54 326
67 214
20 470
86 269
40 357
92 338
49 461
53 294
54 234
95 369
14 368
76 378
30 331
61 394
59 367
14 442
75 440
17 294
54 451
73 353
96 294
78 281
38 487
72 442
27 298
22 299
12 375
23 411
92 237
51 339
55 408
52 294
80 486
69 256
15 251
71 390
22 298
45 349
86 294
48 305
37 350
88 306
11 278
62 429
91 220
42 417
21 348
29 223
97 349
77 416
45 439
65 495
67 225
24 270
71 382
18 211
76 426
90 455
60 232
32 268
71 451
50 378
65 445
89 278
73 431
79 443
84 247
82 303
97 478
55 392
22 395
81 289
23 418
28 273
93 375
77 401
68 223
62 270
11 430
63 210
86 290
99 427
37 236
72 410
39 301
17 271
44 402
39 265
76 301
46 219
97 377
84 500
56 448
66 317
12 316
48 435
59 479
74 493
80 289
74 478
79 453
60 283
32 357
86 424
99 384
28 383
99 311
76 461
10 298
28 334
23 354
71 269
29 379
75 297
42 413
34 306
46 272
50 419
89 487
83 387
21 284
98 431
66 349
26 352
31 418
86 310
28 255
32 302
53 389
63 351
99 372
23 366
87 295
29 321
52 426
24 453
65 475
89 302
48 473
51 469
67 390
29 359
46 406
48 276
11 258
91 345
13 333
98 322
30 294
27 459
81 400
15 427
16 243
67 396
62 382
39 303
97 442
66 465
62 321
85 391
85 366
27 258
42 496
41 324
58 222
13 207
53 443
91 495
12 361
66 399
81 203
46 262
69 464
73 241
86 466
85 413
49 366
22 227
42 500
22 348
65 434
45 341
88 488
30 260
46 425
70 289
98 461
57 322
88 327
51 407
57 443
60 321
53 438
93 367
79 448
92 407
84 268
51 457
61 231
40 302
75 425
40 281
86 491
55 207
33 415
62 307
47 432
39 415
47 224
38 255
53 495
59 252
18 357
23 267
88 474
83 292
70 208
51 233
62 476
81 265
55 353
29 246
17 499
45 351
97 441
33 394
18 266
93 447
99 403
11 260
22 281
28 274
59 424
90 238
27 246
60 288
66 323
27 330
53 494
81 243
14 336
16 267
49 331
55 273
31 375
50 358
94 435
42 496
90 438
26 257
92 484
96 229
71 378
47 378
91 289
81 203
85 306
70 275
11 483
34 368
70 482
30 262
58 356
69 273
47 438
71 226
24 374
12 228
41 364
25 372
67 275
79 326
99 344
38 215
79 249
87 433
16 306
28 395
31 451
65 256
34 497
61 258
54 236
50 421
66 441
32 302
78 367
90 345
65 329
39 286
98 441
99 306
85 462
31 209
66 367
75 499
38 495
18 482
14 292
84 330
39 393
55 248
33 360
46 270
26 202
48 265
54 323
43 439
25 270
98 344
31 360
88 498
77 347
58 335
16 279
51 421
11 345
69 481
58 208
39 393
42 304
13 352
23 477
41 409
27 437
36 382
27 343
61 400
72 256
75 327
13 448
94 256
39 363
56 497
66 235
77 331
25 244
10 214
42 222
85 467
32 425
61 203
88 426
97 405
84 387
17 266
13 478
72 326
25 307
45 411
28 460
95 379
54 423
36 423
52 214
100 301
84 487
40 404
35 406
47 394
24 290
75 326
71 481
77 255
80 472
29 379
87 406
59 332
72 349
26 471
58 393
14 500
93 273
29 291
34 411
15 221
36 343
29 466
43 497
82 361
33 385
37 347
77 496
50 316
33 432
79 457
99 255
39 203
81 258
34 206
77 478
16 418
72 272
99 342
10 302
44 485
97 441
43 226
74 207
38 229
29 378
95 213
52 341
34 461
81 209
92 367
87 392
22 454
50 365
26 481
70 247
74 353
84 494
92 373
16 471
17 338
35 337
69 481
88 266
64 325
50 305
41 210
15 224
11 460
80 208
22 306
94 302
68 442
73 286
51 494
79 466
68 253
76 432
98 479
83 372
47 221
32 244
76 422
84 394
100 356
74 218
65 356
78 318
61 313
44 310
29 360
39 336
97 276
41 344
30 214
72 255
100 339
98 466
85 215
69 390
97 210
22 231
26 426
46 413
40 202
95 242
19 247
26 473
54 345
62 224
88 229
57 293
27 277
79 377
88 418
12 413
44 372
98 243
68 241
54 233
77 377
37 355
89 302
54 395
27 393
70 254
39 449
54 489
71 356
74 466
88 381
96 400
55 270
98 248
90 245
91 304
53 205
68 245
33 287
36 202
80 308
71 300
22 353
44 430
65 404
57 481
48 221
36 485
99 470
31 300
75 213
70 386
92 364
21 274
65 320
82 328
43 281
70 383
85 467
17 392
75 456
91 301
33 399
31 466
12 319
35 383
27 419
20 299
48 398
88 431
32 398
100 343
75 386
36 362
90 235
98 420
23 273
94 416
30 306
30 340
30 396
26 404
66 490
57 346
21 273
15 302
66 233
61 399
91 420
53 219
100 212
61 344
55 409
22 258
68 390
25 287
14 370
90 399
31 443
37 444
97 219
76 385
65 490
56 421
40 292
52 211
67 328
16 391
19 414
13 398
41 244
82 337
23 374
70 471
70 428
40 229
56 459
82 449
23 497
83 204
53 206
100 343
90 370
85 268
51 329
92 285
70 349
81 236
44 357
80 287
64 370
87 481
97 480
47 475
22 496
25 464
16 444
38 285
84 487
20 245
63 217
70 488
75 201
68 338
17 480
40 341
75 441
97 426
48 499
43 345
62 278
78 444
73 312
80 233
81 331
44 413
55 358
83 413
17 373
92 365
15 375
48 450
11 275
67 484
41 225
62 465
57 386
78 222
99 386
94 245
10 232
39 262
95 257
37 448
80 425
25 231
30 266
81 363
77 305
33 363
46 373
27 331
24 484
93 206
31 359
54 283
77 459
93 230
76 219
35 395
66 238
56 441
29 304
71 394
36 347
30 387
42 332
81 228
21 321
85 383
22 484
27 268
92 209
22 356
39 474
75 370
50 374
98 213
56 362
82 235
78 412
16 479
65 389
45 206
78 490
17 336
75 252
42 364
44 452
87 438
18 219
48 335
45 367
44 219
29 204
36 437
43 425
33 307
100 370
90 272
51 400
67 280
85 262
98 413
69 363
17 337
99 356
52 474
16 219
87 451
27 246
86 287
35 500
74 234
93 406
11 477
22 413
75 207
46 399
41 387
73 468
99 342
20 343
67 296
35 308
15 284
46 331
28 223
79 464
96 448
17 262
68 476
81 378
43 399
86 300
84 236
76 206
83 391
31 443
67 461
73 482
78 302
43 314
80 391
50 281
83 396
34 210
57 267
64 251
84 364
26 449
60 419
12 227
42 202
62 495
60 469
50 406
97 487
87 294
58 496
68 414
10 417
61 211
23 210
100 347
26 414
28 473
72 398
35 288
71 418
82 312
75 207
22 303
31 385
64 268
89 472
72 271
78 355
63 270
10 293
51 489
96 411
20 236
16 409
50 207
86 356
61 410
69 486
47 305
35 308
68 250
87 304
66 417
80 301
71 324
45 352
23 350
98 221
23 370
32 460
98 454
10 345
84 428
48 273
59 500
85 305
86 461
19 217
51 368
34 312
86 212
51 201
25 226
86 446
69 401
17 473
78 471
94 466
39 396
44 329
13 369
14 343
16 292
58 456
29 428
87 349
67 482
66 500
38 321
36 302
75 299
42 273
67 340
29 366
30 475
84 329
100 327
40 474
27 280
80 327
32 395
67 396
93 223
33 333
54 289
98 263
55 408
34 356
29 323
16 482
71 414
36 390
94 230
92 459
16 491
74 318
91 408
80 460
44 307
31 473
24 425
16 232
21 320
97 278
48 307
43 439
19 318
95 210
89 441
78 407
74 402
50 463
99 437
11 490
49 463
84 388
67 447
12 469
47 206
72 357
28 254
56 232
37 373
58 469
53 411
36 442
39 298
44 371
22 275
33 226
84 221
94 323
23 283
29 433
58 236
45 300
22 334
84 412
21 274
27 217
29 455
97 495
83 261
13 287
93 425
18 322
60 477
27 362
61 487
32 297
16 283
10 262
38 428
67 322
79 202
29 384
91 247
20 208
19 494
30 393
