10000 500 200 500 10 100
88 302
61 242
85 235
21 358
30 287
85 234
37 366
23 232
96 414
40 470
73 309
79 213
54 482
91 493
34 360
55 456
85 342
75 294
29 236
21 374
63 412
45 257
85 418
15 386
100 375
21 374
97 424
10 223
100 380
14 258
87 237
98 450
81 462
56 204
75 393
65 269
80 486
80 330
38 364
60 483
10 269
100 421
79 442
10 346
54 408
10 310
81 368
27 272
86 201
78 326
93 404
50 448
59 471
53 490
85 492
78 271
92 226
45 202
94 435
10 488
14 202
94 235
24 254
100 448
46 281
77 399
37 417
27 272
63 372
90 420
91 433
85 425
60 482
14 325
29 474
53 456
68 307
17 243
56 496
44 366
11 212
84 210
91 359
94 214
34 493
53 343
12 424
59 281
74 393
69 218
67 416
25 240
58 413
69 333
20 223
22 383
40 461
29 363
60 374
36 247
96 209
25 239
33 356
77 236
91 476
53 313
58 478
45 312
17 385
36 446
33 341
55 342
61 471
47 369
50 280
21 460
69 256
59 371
26 217
52 308
35 360
27 283
79 222
14 376
82 289
30 264
97 450
32 481
66 359
31 462
96 464
13 377
85 318
19 279
15 403
17 277
72 307
39 299
12 255
91 434
91 295
52 222
12 352
61 311
97 250
37 298
40 443
19 432
20 221
78 294
97 397
18 436
35 481
73 230
43 458
75 328
90 411
37 496
17 302
78 472
86 329
58 314
62 243
93 480
13 204
50 387
18 444
85 353
58 255
34 408
36 296
79 464
79 284
35 217
20 465
52 487
87 207
38 262
30 244
37 213
54 263
50 450
89 370
23 329
45 384
92 335
46 471
50 435
92 457
63 389
57 339
24 412
67 374
46 347
35 465
37 415
13 408
59 484
65 365
93 451
18 248
70 477
16 333
85 222
65 209
26 459
68 434
73 445
99 293
93 423
98 349
66 483
23 201
57 333
49 478
77 363
49 318
28 493
36 448
15 439
30 273
30 254
78 466
94 262
64 238
63 213
68 321
25 393
97 360
21 386
91 207
56 311
51 285
84 424
95 216
85 439
91 457
29 244
60 390
61 429
61 290
38 213
96 336
26 381
42 280
53 282
42 264
62 260
91 446
77 331
14 294
25 200
83 410
81 422
74 351
19 476
18 491
17 200
16 294
58 270
78 448
34 359
26 245
19 260
10 351
17 402
64 308
27 445
85 397
41 316
92 465
46 336
13 479
66 229
94 217
21 344
41 401
44 324
10 371
81 284
93 474
70 467
74 286
55 247
10 225
70 429
53 352
55 394
22 350
84 250
51 371
93 479
57 347
55 365
98 436
21 239
23 434
63 388
84 366
62 452
20 246
39 331
53 394
74 377
20 295
87 308
68 321
96 487
70 389
35 486
39 299
19 381
44 480
56 451
43 203
65 487
55 481
70 347
40 239
26 366
53 399
65 300
45 209
89 437
27 386
34 421
77 345
62 416
69 320
91 368
78 467
55 322
11 369
84 270
21 390
99 493
65 308
92 258
93 277
68 465
74 264
84 346
36 385
77 431
16 325
60 328
76 300
33 489
82 266
89 276
69 393
74 443
66 258
87 267
25 394
86 497
10 315
93 315
67 301
47 204
91 492
74 217
64 429
23 210
66 213
55 349
52 252
20 356
64 241
84 344
15 353
68 341
54 380
58 417
47 348
10 355
92 451
19 432
33 327
17 272
35 426
22 496
98 461
11 486
46 473
94 385
33 367
19 242
38 328
14 425
62 328
65 316
41 402
24 356
61 387
52 318
11 246
79 238
12 413
40 458
45 302
53 461
47 266
99 363
83 411
67 319
70 316
67 215
60 431
27 496
30 497
59 378
49 324
100 498
34 338
54 320
62 246
92 306
76 232
92 404
19 205
19 430
43 407
97 288
21 463
29 353
46 243
79 399
32 345
90 301
71 300
42 371
20 451
11 356
40 395
98 323
68 482
98 471
10 396
20 424
17 239
69 215
71 257
91 398
41 311
65 283
40 369
51 456
84 329
90 200
99 269
79 373
74 326
29 286
33 299
48 278
69 235
100 318
16 458
85 393
34 413
12 428
100 378
31 299
96 393
60 481
77 373
22 360
32 395
24 418
34 455
12 281
32 239
48 481
55 313
77 213
34 246
60 255
86 222
71 381
71 353
91 325
22 412
88 473
23 430
53 249
28 335
93 273
19 478
42 370
25 325
97 213
14 273
54 244
16 322
87 459
98 484
24 449
96 217
17 451
30 208
19 479
31 278
52 416
59 453
59 244
19 367
94 397
28 276
66 433
61 315
65 270
82 373
32 444
43 286
48 234
70 394
28 336
76 463
85 477
71 236
24 441
15 228
56 292
55 228
74 400
63 365
82 340
16 437
74 376
22 427
30 265
49 321
36 490
72 352
65 397
71 386
75 290
50 425
79 416
95 356
28 494
81 233
54 456
29 366
16 390
18 439
77 259
38 254
34 242
39 414
58 293
31 225
92 411
15 464
29 351
76 339
19 487
63 377
59 489
97 221
40 233
18 281
25 470
35 290
25 440
55 399
81 200
58 315
100 374
96 435
25 296
29 268
43 292
13 474
81 436
74 458
68 404
43 460
45 273
85 333
49 202
87 444
68 457
54 312
61 286
50 202
36 218
27 362
68 413
24 340
30 279
76 215
33 234
87 356
40 474
46 218
27 470
61 376
67 220
16 455
71 484
58 335
41 477
66 209
59 281
65 436
31 396
84 291
12 375
93 436
96 385
38 221
61 415
61 229
21 334
62 388
39 440
42 466
11 469
50 203
95 222
93 307
61 339
50 246
47 294
23 260
71 435
17 281
57 429
28 483
52 242
67 278
53 291
32 296
23 468
14 206
39 488
50 357
36 460
70 238
32 333
68 231
51 330
94 264
98 372
83 218
92 314
47 295
10 289
52 413
94 389
32 496
16 481
76 400
25 204
69 443
82 487
56 252
28 236
83 272
23 311
82 220
67 336
67 330
51 405
82 481
28 360
30 418
92 278
83 480
57 204
70 267
95 345
77 255
81 436
92 488
78 418
63 473
54 221
12 427
91 243
93 468
13 332
22 392
88 451
28 340
63 241
90 446
67 226
70 466
79 328
95 209
87 359
92 497
93 482
89 254
57 279
72 276
19 355
71 219
43 236
94 209
40 214
16 362
12 355
97 453
53 229
37 427
28 341
32 216
92 295
58 495
17 490
61 483
67 487
39 348
74 309
22 249
32 460
26 365
20 488
69 246
31 477
92 354
95 344
23 337
51 288
51 210
17 351
55 269
87 444
91 258
87 473
81 377
84 417
60 246
74 256
19 370
95 213
60 298
77 242
91 495
98 215
93 306
60 447
96 454
47 241
23 444
51 217
97 395
18 208
44 337
38 431
93 495
16 430
37 249
79 425
27 301
76 447
98 256
73 232
34 232
95 419
43 287
59 494
86 369
49 320
11 464
72 412
25 443
62 499
24 312
32 434
34 313
67 218
32 471
41 327
48 273
21 428
34 431
74 239
36 321
93 254
15 358
47 492
96 255
35 240
93 312
30 479
18 251
11 242
79 446
14 475
30 363
61 327
85 221
27 342
64 474
64 326
90 260
53 380
62 205
20 381
90 343
34 440
80 253
55 365
30 248
38 415
37 491
21 454
40 356
11 303
64 390
27 358
82 496
92 463
48 407
15 466
59 451
89 341
65 285
87 350
19 294
52 494
67 255
38 245
72 441
54 439
21 226
43 478
41 283
90 420
53 232
33 488
88 489
41 386
71 284
53 355
96 249
80 361
76 495
21 415
100 202
36 214
90 399
67 448
57 381
26 370
68 451
65 295
23 385
60 461
77 414
64 244
61 414
13 217
67 259
37 240
97 233
94 239
86 445
70 262
32 202
58 437
34 488
98 290
18 461
31 238
23 315
36 287
98 437
27 334
17 434
100 258
70 378
53 297
15 432
13 346
99 240
44 336
75 314
70 349
15 425
48 398
55 419
19 416
67 487
32 352
43 374
94 285
24 405
21 272
60 491
38 219
39 500
44 456
84 229
13 286
21 441
34 393
41 418
72 464
32 307
88 222
26 423
31 431
82 438
40 363
73 369
52 356
57 487
32 380
17 314
83 419
56 449
48 312
13 369
48 469
68 289
54 406
34 246
77 237
33 338
100 361
38 481
25 323
54 226
79 431
53 468
43 293
68 359
86 430
54 430
61 203
77 337
58 428
80 494
69 265
59 263
25 235
89 340
35 209
41 259
20 406
27 239
82 341
88 353
20 375
18 418
70 499
38 485
85 336
15 340
37 206
37 275
14 396
83 348
75 430
96 295
23 332
38 282
61 430
42 493
37 364
58 380
34 364
77 487
57 290
41 299
63 428
36 286
47 488
22 479
11 239
97 450
47 305
35 293
30 365
86 237
71 394
16 289
29 230
30 405
83 351
60 315
83 326
66 351
20 483
95 429
49 351
89 342
96 360
46 338
99 419
36 452
65 490
27 217
43 265
23 238
63 425
23 444
76 452
28 262
20 373
61 406
83 268
61 378
44 381
58 299
82 288
64 258
43 241
46 496
83 497
54 222
87 233
97 370
100 208
65 368
53 270
85 354
46 219
68 464
59 445
75 346
25 314
93 207
73 480
34 410
51 434
53 346
100 295
16 401
27 345
72 434
13 490
23 202
18 267
82 306
22 229
60 442
85 304
86 396
43 401
66 208
52 436
38 500
75 318
12 283
32 316
80 327
47 253
38 211
90 245
21 230
66 467
38 315
76 371
23 354
88 264
56 304
14 465
97 429
82 402
88 392
90 427
93 220
76 247
81 500
39 297
66 315
79 451
61 334
72 389
79 342
16 247
68 351
73 448
53 441
79 489
21 265
24 300
94 294
87 266
55 439
28 271
74 376
31 432
67 292
62 395
68 222
34 278
96 351
52 350
13 273
42 424
89 452
81 323
99 320
19 236
46 451
81 261
14 228
23 285
58 262
71 453
61 320
14 355
54 204
58 211
40 240
35 264
99 357
28 385
90 474
67 484
45 428
61 200
11 436
75 474
12 464
92 429
93 456
73 454
14 236
56 437
73 298
27 416
13 336
84 380
52 421
81 483
13 306
91 201
68 217
81 386
26 350
50 213
67 346
71 464
96 381
70 356
24 298
55 331
48 271
36 493
96 271
94 288
64 407
31 316
65 212
18 353
37 264
52 366
34 282
82 240
93 428
14 288
54 367
50 460
15 378
99 378
45 324
26 275
39 203
100 403
66 291
75 276
84 423
12 214
56 219
54 315
52 350
17 473
72 322
14 352
86 230
94 398
95 393
45 334
74 263
80 360
15 292
85 459
51 377
23 418
89 427
98 292
79 384
90 491
24 394
43 404
97 269
83 227
10 223
40 306
78 397
67 390
44 351
35 402
92 219
81 322
69 249
74 471
45 377
51 337
57 200
21 393
74 291
24 480
37 229
11 299
82 450
52 263
35 285
10 475
42 483
60 500
22 410
10 363
87 380
70 204
52 490
13 348
38 215
53 344
36 311
33 319
38 380
49 258
15 295
80 468
47 279
10 207
26 438
69 422
69 319
63 396
19 273
35 389
47 270
65 282
48 373
97 340
26 231
39 467
11 380
85 353
65 350
60 345
12 480
10 303
20 443
44 407
83 441
83 201
64 476
19 341
53 383
78 350
68 378
17 491
41 449
17 415
40 453
95 335
50 225
66 479
75 334
97 381
31 380
39 234
80 415
87 453
71 355
55 212
87 317
61 439
16 294
40 313
90 311
41 376
46 283
15 252
59 490
30 390
81 264
28 422
24 248
100 225
31 427
39 284
32 438
89 258
76 375
38 477
16 318
20 271
83 457
25 215
27 455
75 263
57 279
74 396
61 308
72 480
80 306
16 227
18 234
57 474
77 456
11 294
70 201
51 372
36 387
10 352
64 241
67 258
31 348
62 448
67 222
82 440
51 389
65 269
46 200
42 230
22 392
21 427
17 439
51 299
44 435
13 416
80 314
88 245
28 275
100 316
36 317
48 374
86 421
36 327
41 436
23 326
28 482
90 469
12 300
49 244
45 467
60 409
40 282
41 440
87 395
96 455
38 261
52 416
64 470
24 301
63 348
48 430
24 430
86 498
85 363
25 463
95 401
97 307
76 273
45 339
31 252
37 326
91 269
90 442
74 482
49 342
95 420
33 408
41 419
89 276
60 397
98 309
42 307
41 228
84 361
32 245
33 308
45 373
55 311
68 313
55 358
71 423
56 226
22 375
28 485
65 373
68 388
32 427
18 296
71 273
93 470
24 268
69 388
93 352
100 255
95 292
29 420
58 388
21 242
79 288
87 412
72 357
22 392
72 492
74 437
76 393
89 332
99 432
65 351
88 218
13 248
73 467
10 472
24 311
53 315
69 491
15 257
47 473
50 329
48 334
14 228
44 421
84 386
67 328
87 385
66 392
91 355
39 298
21 461
83 290
25 205
57 500
44 325
48 410
66 385
62 470
25 470
25 221
17 492
10 392
91 445
10 207
58 390
34 376
99 413
87 375
21 444
43 380
36 244
57 222
29 282
61 290
84 331
97 356
22 358
48 448
26 279
46 301
40 460
96 267
40 340
51 489
24 464
24 300
82 458
96 385
96 263
62 490
50 234
32 466
18 341
81 393
71 215
24 286
49 368
92 245
92 443
48 489
43 351
74 413
86 361
78 245
42 220
22 216
52 328
60 344
68 292
11 286
56 480
93 481
35 424
92 253
80 208
13 271
54 331
90 365
99 229
36 313
60 343
76 201
99 208
25 338
29 382
58 307
41 245
34 408
33 262
64 283
17 452
78 327
97 286
53 222
88 299
89 211
43 363
49 260
17 357
61 371
43 219
11 248
21 213
57 482
67 365
64 294
40 367
51 348
25 310
85 415
89 405
12 499
54 438
26 388
68 405
88 232
48 485
92 438
95 485
73 222
76 382
15 364
85 436
96 400
67 281
28 354
15 490
40 451
35 360
74 370
86 295
20 438
30 431
62 227
66 494
38 462
24 264
10 373
53 287
24 445
38 286
27 302
25 399
73 350
29 289
97 272
24 370
17 465
34 283
21 413
57 490
48 401
46 399
49 453
60 494
24 251
21 444
47 202
15 303
77 350
20 321
19 277
42 278
32 490
49 431
18 336
100 424
83 372
57 208
51 205
10 470
20 480
61 358
48 204
85 282
71 354
50 423
45 292
98 319
10 311
27 381
59 367
28 433
25 376
80 312
99 290
86 387
55 444
83 500
82 206
70 250
24 383
33 438
17 423
43 204
83 305
42 430
40 439
53 409
52 201
38 446
65 252
75 309
39 326
28 393
78 288
64 390
60 365
32 394
33 332
37 269
42 231
64 358
46 260
43 234
92 236
54 302
11 209
46 483
94 469
15 366
52 266
43 425
72 332
86 416
84 215
63 350
99 383
50 466
49 473
86 203
71 326
13 445
76 415
30 421
66 250
56 337
57 291
36 446
17 379
76 286
50 295
15 338
72 342
47 369
55 201
68 220
79 376
51 413
36 340
39 422
59 317
63 456
92 268
87 230
63 210
53 238
54 200
31 232
30 430
52 354
17 223
53 258
43 288
57 439
28 252
24 267
88 317
46 477
65 372
95 230
85 271
100 438
75 394
70 312
52 320
32 254
85 289
62 441
33 482
50 255
20 386
82 301
94 294
94 337
14 232
92 297
51 384
44 273
76 454
74 350
79 299
94 264
89 364
99 266
80 230
79 327
29 392
14 419
42 205
34 350
12 320
88 290
33 431
87 429
52 497
43 304
73 330
10 485
44 321
35 338
64 269
66 267
28 343
58 345
32 388
22 284
24 390
95 358
48 487
63 453
58 315
36 279
85 374
45 388
89 461
95 295
37 389
88 388
84 495
85 278
81 476
57 236
23 486
59 435
86 431
67 456
70 343
26 388
83 496
35 461
85 500
23 434
96 265
84 318
10 303
65 340
82 206
93 393
26 220
35 465
25 465
61 394
47 352
92 272
92 255
92 200
62 488
13 391
86 203
16 261
72 353
84 283
46 227
64 250
43 252
80 396
43 332
96 272
34 319
63 228
66 327
17 326
76 411
91 315
61 475
10 470
32 227
55 335
76 426
84 500
23 348
29 393
57 484
89 361
10 208
59 324
22 366
100 347
76 416
66 490
50 287
38 366
66 358
94 266
54 334
66 211
93 409
39 359
99 267
83 342
87 357
81 308
97 415
13 247
86 366
79 420
88 394
24 466
53 234
10 284
47 496
81 247
13 398
42 245
92 374
80 439
56 301
93 451
56 451
42 244
27 483
30 217
81 447
37 326
15 413
48 246
19 353
100 260
92 448
40 413
19 390
77 249
86 296
35 405
82 446
36 311
94 311
30 202
17 209
62 437
48 386
83 227
81 276
33 487
39 240
72 294
90 449
68 370
89 292
33 290
22 421
32 415
86 427
43 488
10 444
32 255
57 355
59 316
12 268
27 404
26 400
81 487
17 238
61 341
94 328
29 317
60 280
37 479
94 296
92 392
82 338
59 318
82 479
47 373
70 435
79 303
69 472
18 431
60 293
35 238
16 451
38 419
59 285
28 436
53 312
63 370
87 222
80 393
45 270
68 445
97 240
54 237
59 235
96 420
31 489
79 498
92 262
57 368
36 212
55 427
48 379
29 473
82 432
72 351
42 329
32 405
40 292
58 329
38 307
61 353
53 457
49 433
10 465
47 264
89 301
31 500
63 485
78 329
29 235
62 316
42 474
17 232
22 360
24 290
34 308
25 461
68 491
21 232
78 391
20 330
13 235
55 369
99 500
65 334
72 376
96 347
26 369
39 312
30 438
42 446
81 293
31 310
38 498
70 489
16 387
34 278
75 397
94 340
65 394
71 379
91 322
57 317
86 353
98 220
92 280
23 285
50 218
37 407
93 436
47 302
41 462
35 443
13 224
59 202
93 455
58 387
11 355
15 216
16 382
56 497
42 400
87 285
29 375
23 332
74 335
90 332
47 211
37 404
60 255
73 353
68 236
52 484
52 390
19 297
61 486
19 484
50 374
92 202
72 208
60 258
81 467
13 337
27 413
31 412
79 345
30 375
78 451
32 220
29 308
40 362
22 359
36 377
61 362
47 481
48 412
32 411
99 428
45 253
29 237
94 257
23 377
24 211
11 489
36 367
94 247
27 339
32 322
47 388
87 293
33 302
97 406
15 280
43 208
74 372
34 446
77 325
97 258
92 349
53 266
46 292
10 493
31 218
70 396
33 496
14 223
44 442
64 207
95 211
53 252
76 460
52 209
78 219
59 370
64 264
12 332
64 248
25 287
53 387
52 371
58 420
85 428
56 324
94 229
61 399
89 417
40 478
41 392
97 443
93 313
17 446
22 363
62 268
18 458
76 330
43 234
69 473
41 257
82 345
45 329
88 316
69 300
27 370
52 239
16 451
36 268
94 297
48 287
39 278
22 218
70 323
91 355
89 464
33 340
18 447
65 251
54 362
41 305
50 241
48 292
44 498
69 286
22 239
99 409
26 367
18 474
45 379
40 483
46 438
19 400
84 490
68 447
61 200
63 280
98 345
19 431
75 482
49 437
48 339
92 287
75 471
12 394
25 287
97 441
22 448
70 358
44 490
88 486
52 304
22 429
50 335
98 240
26 325
29 286
48 220
82 418
37 280
49 238
98 488
68 290
69 216
15 269
27 200
23 393
96 217
71 202
74 430
78 418
32 469
17 467
33 274
99 327
54 496
67 420
47 241
60 315
61 406
34 212
75 387
100 459
53 476
33 454
55 454
69 408
23 323
100 258
46 257
60 450
100 448
40 433
50 327
68 495
35 380
41 387
92 310
51 368
27 255
23 439
91 442
66 278
39 469
12 360
26 419
64 426
42 376
24 303
63 355
100 433
36 452
15 250
88 414
25 295
83 489
94 325
38 277
39 445
77 437
95 469
20 261
35 470
31 201
89 287
85 267
89 390
82 237
93 478
66 307
91 317
63 203
74 475
59 293
74 223
98 371
46 384
42 284
23 266
37 323
10 390
53 322
50 256
100 418
20 309
66 255
13 269
11 317
73 237
43 361
67 389
31 452
64 412
36 324
80 219
79 280
93 485
86 387
73 260
37 275
12 278
10 493
75 287
100 340
43 469
11 335
89 430
65 327
49 219
83 267
17 296
25 397
100 498
95 270
48 337
72 375
24 374
19 211
91 426
90 234
67 300
86 449
77 404
24 268
95 425
98 411
75 432
65 500
77 340
63 436
44 262
83 392
60 428
100 294
27 203
91 446
97 447
19 231
26 368
52 473
46 385
75 211
25 491
49 444
69 428
88 255
90 440
23 323
78 300
69 469
28 495
96 305
89 257
51 491
54 335
41 416
96 294
64 483
25 285
29 312
31 204
86 400
39 315
76 259
37 338
28 365
20 391
34 472
81 205
29 321
68 322
78 257
82 363
90 399
98 364
43 410
42 379
92 260
43 281
96 255
27 296
80 500
37 339
89 383
95 331
59 331
84 439
41 268
30 326
25 249
94 376
62 256
40 267
23 446
36 334
98 215
32 319
44 314
97 436
46 200
57 398
70 418
84 469
60 438
85 300
48 482
33 343
67 480
16 303
91 207
52 324
50 264
27 488
49 349
87 323
30 387
43 430
38 306
17 438
47 390
25 429
33 213
49 358
66 432
86 315
51 295
97 360
64 279
92 486
53 417
14 226
75 226
80 307
26 200
16 326
41 282
12 460
34 224
70 486
59 476
99 293
100 438
54 327
71 448
83 394
77 267
12 417
87 274
71 375
85 467
30 414
62 403
97 241
36 388
38 332
39 224
48 280
47 326
55 479
91 417
47 387
41 241
89 226
48 225
85 289
52 249
66 489
53 274
53 378
82 204
80 223
71 383
12 440
37 460
79 231
65 488
65 258
29 420
24 243
65 383
53 385
83 283
20 332
34 351
30 268
99 469
43 281
98 292
94 310
18 336
15 275
52 208
33 302
76 315
54 270
62 426
100 328
32 276
32 264
37 419
79 429
31 321
74 239
19 429
53 363
94 439
54 337
81 219
86 272
40 232
49 229
90 296
89 365
22 266
85 497
79 209
91 372
74 333
29 492
85 208
27 274
47 490
39 343
65 350
37 291
17 257
50 488
78 376
35 424
12 229
55 427
36 243
81 317
26 408
100 386
89 310
96 363
14 372
15 308
12 371
26 251
35 368
32 429
21 391
19 486
31 472
57 408
26 357
74 289
54 232
96 430
16 435
30 391
79 497
42 226
85 297
16 494
41 265
76 207
49 473
65 275
48 251
44 357
67 406
59 473
44 369
70 229
62 393
24 308
79 368
91 205
69 310
36 327
52 318
52 229
49 225
24 484
99 486
68 486
28 234
93 278
89 258
30 406
14 476
61 339
54 496
64 206
65 490
76 378
55 367
97 348
13 410
44 418
85 370
30 286
46 259
83 205
74 369
91 216
100 323
79 386
19 347
83 372
31 425
80 393
92 406
33 432
13 321
98 409
32 451
17 292
94 256
18 224
55 208
62 218
67 294
25 398
72 245
49 225
19 268
32 209
21 408
59 488
39 291
65 468
91 340
46 450
25 358
13 321
16 464
79 396
59 493
12 396
54 312
78 457
87 288
27 302
72 407
75 474
12 436
78 438
29 451
39 421
31 360
68 321
24 330
81 278
93 208
58 309
52 293
63 449
51 480
36 326
73 289
39 282
20 440
30 249
84 355
37 396
17 461
22 236
95 432
59 311
39 436
50 458
95 383
19 308
46 354
21 499
25 432
46 366
20 499
65 459
24 283
25 266
13 269
71 232
47 265
10 338
89 462
57 479
17 399
27 457
81 418
25 394
42 433
31 419
81 424
100 233
95 430
43 500
32 300
21 448
32 273
45 315
80 278
56 329
37 277
93 479
28 438
12 242
32 381
66 250
37 237
23 260
60 331
46 415
60 490
14 245
86 397
19 496
57 402
51 401
56 358
54 372
14 250
88 415
98 273
55 486
88 446
72 476
79 453
47 457
45 200
37 402
54 311
86 270
29 471
48 441
87 349
11 322
11 476
98 228
21 399
49 257
75 407
64 370
45 320
44 249
14 226
64 365
35 246
76 300
92 405
82 295
31 353
87 350
89 403
48 274
90 290
62 446
62 210
70 304
79 390
94 349
93 202
58 203
22 397
88 214
63 343
45 252
14 476
34 471
69 479
93 428
76 274
39 214
87 386
14 415
29 421
65 391
71 475
55 421
63 497
49 370
64 494
27 483
32 273
24 295
93 447
66 269
24 294
59 306
56 352
82 204
23 483
13 496
77 237
29 226
17 248
72 271
33 318
94 459
19 455
100 340
78 475
71 372
22 392
18 497
46 447
97 315
90 345
60 233
76 424
59 365
64 404
71 463
36 438
96 310
35 373
10 493
76 258
20 364
17 290
72 442
17 311
28 313
86 265
26 287
74 354
60 410
22 337
78 228
48 243
100 366
84 436
38 212
88 471
26 392
29 486
27 495
19 288
51 201
77 402
35 290
59 490
95 262
70 322
89 351
61 275
98 229
14 323
73 454
91 316
13 251
76 377
63 347
30 302
60 266
88 334
64 458
34 306
33 400
46 457
27 491
62 266
94 492
67 460
22 380
17 490
83 325
100 476
85 229
49 217
97 480
84 401
35 374
34 354
27 281
32 323
29 290
76 490
14 476
95 426
15 473
58 285
47 229
33 218
94 236
30 303
25 336
66 299
74 358
25 231
59 211
88 460
49 492
16 230
21 346
86 270
11 370
68 415
54 365
34 356
80 418
54 263
74 361
63 462
100 263
54 406
42 296
53 273
58 262
50 453
60 208
12 475
32 327
64 477
23 271
94 290
21 240
15 441
21 464
48 368
62 343
86 499
86 439
92 425
89 273
29 307
84 348
26 410
91 420
62 415
47 467
77 378
56 255
96 305
66 418
41 443
88 246
76 398
18 411
70 332
25 397
62 214
73 470
31 469
75 258
47 329
92 286
33 430
22 223
68 258
79 457
59 401
24 340
93 334
72 370
46 433
68 354
49 260
39 320
20 462
16 362
41 301
88 496
99 238
63 465
40 410
27 497
60 271
40 306
27 234
32 320
52 492
24 362
47 496
78 479
36 309
31 497
99 487
11 390
71 460
79 219
58 474
54 377
91 250
78 398
12 408
88 500
52 340
61 298
72 343
64 292
40 315
83 310
57 228
52 274
11 252
28 204
80 207
30 218
36 314
57 239
60 333
45 268
64 349
55 256
51 391
50 341
56 334
73 255
33 349
84 249
98 322
83 376
91 384
26 285
64 209
17 367
35 312
80 212
64 249
94 299
59 366
86 344
83 288
71 260
89 478
39 237
18 261
43 378
42 205
78 341
87 286
73 254
53 391
26 205
93 284
76 328
16 493
19 347
36 320
21 366
87 466
64 346
80 264
57 421
20 435
70 432
36 467
34 317
11 451
49 245
76 376
99 382
39 294
89 296
13 437
42 409
13 313
11 378
57 476
94 346
99 257
26 329
23 462
67 329
16 466
72 345
30 496
27 357
95 256
77 401
69 364
14 292
68 262
18 303
26 466
44 397
82 425
12 444
26 369
19 497
75 446
68 374
68 369
16 378
54 433
78 315
54 287
10 221
14 275
90 285
74 472
99 462
47 406
50 481
70 478
49 359
56 318
92 211
18 212
94 258
43 418
91 240
69 479
63 302
100 284
94 242
39 268
81 401
56 358
94 498
96 307
23 405
66 338
83 259
29 255
52 294
100 440
67 426
49 293
95 420
88 313
37 383
42 364
57 355
92 363
68 203
99 458
19 241
66 273
54 394
30 367
65 249
54 469
13 422
67 452
95 337
85 251
34 446
94 201
32 334
47 350
89 481
87 495
26 300
52 271
92 294
83 379
17 391
94 267
47 358
18 453
67 231
26 464
37 266
89 424
21 226
65 436
35 330
24 477
20 395
75 373
18 332
74 281
11 297
90 334
80 315
42 399
72 489
55 471
48 224
74 352
32 417
76 205
96 415
99 376
35 479
71 247
10 499
22 282
65 425
12 500
26 452
45 233
74 208
12 392
86 295
71 231
67 229
65 458
52 218
32 202
16 330
74 204
54 276
72 374
50 202
17 439
35 220
71 291
95 373
20 460
12 424
51 430
97 477
86 295
86 469
78 338
80 245
62 325
90 378
97 272
60 270
77 481
18 381
47 216
74 452
99 420
54 365
100 226
19 434
51 233
18 367
13 399
87 411
21 234
51 421
70 366
37 214
49 229
46 366
64 347
97 369
50 442
66 365
17 272
50 237
86 450
58 374
45 265
16 269
20 322
44 252
75 429
42 232
87 360
63 351
15 465
67 472
27 201
20 220
23 383
63 276
71 359
51 378
18 483
42 422
31 335
25 491
65 440
18 420
52 318
55 204
48 289
28 335
60 260
69 312
14 361
35 474
96 286
98 343
86 497
86 271
69 437
11 345
74 482
75 425
99 284
36 331
95 353
81 362
100 270
81 253
71 260
79 401
44 276
33 364
69 205
36 353
35 395
61 267
27 211
42 426
71 369
78 417
39 421
36 332
98 201
43 372
38 361
14 356
51 213
54 459
63 354
100 410
34 258
14 374
65 367
30 313
67 254
54 456
19 257
89 415
66 423
91 319
96 205
82 419
87 444
35 436
69 386
91 295
11 220
98 411
94 467
56 322
78 202
20 393
97 263
56 266
46 292
73 468
42 257
95 265
80 461
30 497
17 244
95 489
69 459
39 350
72 321
77 394
47 499
36 331
11 343
22 446
83 230
41 483
92 247
59 237
72 498
37 302
16 274
14 254
40 439
55 406
81 325
68 331
88 335
41 283
94 307
89 362
91 441
53 322
72 341
34 444
60 343
92 328
99 234
22 399
56 485
57 430
14 302
72 382
72 420
43 363
19 493
94 261
67 267
62 318
64 492
51 444
100 205
98 450
93 352
53 461
39 350
38 395
78 399
51 337
66 440
68 293
31 424
91 263
24 486
97 297
92 392
18 209
43 261
53 436
24 454
37 447
59 234
12 204
82 266
92 250
53 291
38 387
37 395
79 454
88 332
45 256
38 291
34 370
59 423
60 463
35 451
43 429
69 398
36 367
15 275
50 470
40 459
86 329
22 255
34 483
55 282
97 309
23 253
18 423
60 232
62 249
35 441
86 417
58 361
97 302
93 398
75 500
40 326
16 459
95 359
69 467
64 429
87 211
11 202
65 304
79 466
63 217
39 229
60 495
22 415
66 223
18 266
55 418
18 350
17 221
18 265
15 348
58 211
65 322
12 242
37 248
10 228
11 364
91 397
79 397
34 403
88 423
92 443
44 309
20 465
66 500
81 267
54 371
80 457
13 292
92 419
26 405
83 303
84 454
97 324
56 259
60 269
63 394
39 220
14 253
48 232
30 363
57 349
73 276
100 226
72 253
16 407
83 341
69 476
79 408
82 393
49 224
68 348
99 423
62 371
45 200
52 478
99 400
56 346
89 381
11 294
45 215
11 289
23 460
10 400
52 262
26 284
93 204
55 454
43 447
20 352
88 476
60 259
24 353
20 352
23 476
63 314
46 395
93 296
88 366
14 421
91 488
83 464
31 334
90 316
61 491
59 227
25 495
51 290
40 339
96 279
90 285
65 254
39 246
10 233
12 494
18 238
53 407
92 370
45 367
55 320
44 403
61 323
39 282
14 444
25 253
22 235
76 365
93 267
33 337
85 221
25 202
44 260
10 209
58 449
70 366
20 483
71 315
79 364
89 416
69 266
46 279
72 307
58 288
80 253
75 424
33 205
73 231
20 284
19 394
34 314
71 500
45 226
32 299
95 409
97 498
79 484
98 475
17 469
31 363
54 438
13 494
11 461
24 406
12 463
43 476
12 308
88 322
99 238
24 224
31 386
18 320
70 246
66 358
79 307
80 486
63 255
79 385
58 402
39 459
27 339
13 339
76 357
30 281
64 332
46 240
72 224
10 284
77 404
34 234
34 411
94 453
49 396
51 431
29 377
74 411
52 271
28 412
85 460
71 272
64 497
87 456
78 421
84 240
70 482
63 233
38 242
44 307
45 323
91 434
82 324
63 414
58 292
31 221
10 216
44 241
25 303
52 484
33 486
10 246
97 247
13 258
89 266
64 426
49 301
88 287
73 402
17 218
49 274
80 495
85 281
12 253
60 430
56 356
43 208
56 281
35 432
26 243
60 402
47 284
88 226
29 377
93 269
61 371
28 434
43 333
70 298
66 347
52 371
82 393
30 303
77 333
88 210
68 379
90 242
100 364
57 232
54 447
71 384
43 344
98 432
18 229
37 311
12 206
11 276
27 309
21 219
39 261
67 266
63 391
83 302
86 327
60 243
41 334
97 339
36 493
29 403
23 499
89 295
34 444
26 251
38 449
25 393
16 249
45 349
37 217
47 392
19 483
15 315
80 310
40 243
59 423
68 471
68 358
14 323
100 385
60 253
74 394
22 242
19 354
11 331
74 290
75 413
44 406
86 338
45 380
47 465
91 226
82 421
23 500
66 435
32 316
68 416
16 434
39 452
90 348
78 357
42 253
99 409
49 496
17 321
25 377
94 426
21 469
80 236
78 287
10 249
24 459
60 361
10 423
100 377
83 343
15 356
46 201
55 201
13 311
32 371
69 356
13 340
18 340
13 490
82 346
49 279
89 454
79 343
51 201
96 294
72 452
11 439
31 464
19 449
71 211
70 211
75 313
18 390
19 476
31 329
43 316
49 273
86 296
37 293
22 385
77 340
88 286
72 289
88 416
97 222
76 255
88 493
94 282
86 270
34 209
57 277
41 255
69 293
40 214
70 347
45 222
53 236
77 213
58 256
96 261
76 356
37 210
75 435
75 479
87 299
67 302
83 462
92 475
41 458
64 390
38 389
100 240
85 367
22 448
94 484
49 401
95 224
85 386
60 203
29 361
21 250
42 428
64 269
62 215
73 290
21 229
24 464
61 301
49 324
40 452
43 456
10 344
18 263
60 387
98 343
68 267
45 460
66 303
51 296
56 454
97 421
94 262
94 252
72 412
27 309
75 381
98 465
51 494
23 254
37 493
97 378
82 489
59 203
93 264
83 358
93 383
31 500
53 360
39 256
57 326
43 384
33 380
22 482
99 325
92 202
62 280
85 326
83 365
99 308
22 378
40 395
76 442
53 455
39 344
97 270
55 274
33 376
32 252
68 276
51 239
73 444
65 306
64 336
70 347
39 348
59 307
49 484
85 385
16 497
91 346
63 398
95 471
93 323
11 277
63 348
36 325
73 436
100 309
55 350
68 414
14 379
53 489
13 417
62 248
14 249
75 429
13 213
69 418
11 370
19 434
40 311
54 457
90 438
18 215
76 472
81 483
55 348
88 462
24 491
85 426
18 251
11 436
45 253
71 350
58 297
27 289
41 290
16 352
78 260
81 212
53 444
87 280
49 363
72 304
40 398
99 393
69 385
22 213
33 432
66 208
79 395
85 386
17 292
57 461
31 252
55 333
53 416
88 236
86 301
71 432
69 269
26 448
32 351
57 289
38 222
53 260
60 344
43 351
45 381
69 237
45 233
57 379
34 430
96 477
57 454
88 228
89 431
70 425
59 336
82 364
94 261
73 224
79 318
36 239
77 386
96 381
88 344
62 317
13 373
31 252
76 451
93 298
39 455
91 412
43 486
54 347
60 448
59 299
50 445
68 462
97 363
91 448
32 351
59 478
25 307
66 248
16 258
72 337
37 368
50 252
34 272
76 247
37 469
76 483
73 484
56 442
24 236
69 500
14 402
89 309
62 455
37 466
82 202
66 226
60 300
96 371
26 427
86 290
59 264
84 256
21 466
53 241
93 386
35 338
94 467
43 246
47 252
76 435
68 211
91 322
64 488
82 382
21 361
86 206
45 442
55 371
62 209
99 307
36 403
67 382
26 289
74 290
32 337
81 293
44 383
34 409
21 358
40 483
90 460
55 341
85 252
97 456
24 374
70 355
44 457
33 343
53 362
22 285
63 356
28 296
82 243
20 359
74 493
78 317
28 330
50 500
49 368
65 291
95 468
29 215
78 381
52 368
12 241
95 491
38 281
78 385
81 489
65 423
91 334
71 330
81 446
38 244
75 483
99 253
44 229
24 323
33 428
95 402
48 393
16 263
28 427
48 246
34 441
70 293
98 457
50 488
69 450
24 415
33 315
28 331
94 486
95 203
26 343
52 279
41 245
56 459
96 240
74 284
59 372
61 204
92 498
87 429
95 472
19 277
23 260
11 430
33 311
33 357
85 286
29 439
51 227
91 251
31 248
83 498
25 410
89 498
24 442
83 252
76 468
91 448
82 487
22 471
88 259
71 450
91 212
14 426
82 432
95 256
40 210
46 349
91 203
78 225
10 420
78 255
68 355
45 312
76 328
71 338
18 308
53 482
49 323
57 308
69 332
87 484
99 366
16 461
58 326
20 461
60 262
50 381
72 467
84 457
95 474
28 482
12 229
29 401
44 318
35 406
44 271
65 491
98 421
47 204
35 385
66 241
99 379
29 262
54 364
35 440
20 211
69 418
77 282
27 341
26 224
40 249
26 283
55 431
84 389
32 500
13 297
20 419
58 411
89 321
42 397
13 309
83 380
28 346
22 242
33 312
50 432
52 260
21 247
97 468
16 374
84 408
17 405
74 396
33 204
83 237
93 226
34 207
21 322
88 317
13 488
80 278
91 437
36 382
45 278
23 369
51 463
77 322
53 351
93 330
30 433
59 455
62 462
51 313
52 212
23 346
66 257
25 367
78 211
21 479
36 245
44 390
47 322
52 273
24 427
29 226
74 218
37 266
78 391
24 462
33 259
91 352
47 231
99 310
19 415
17 480
60 334
77 367
61 329
50 377
80 292
90 313
64 383
95 489
58 208
40 426
64 257
33 281
53 443
96 479
58 378
61 216
53 327
68 416
73 271
96 359
94 394
59 372
65 301
14 299
25 310
57 274
81 449
60 303
28 496
49 448
57 489
11 283
37 295
29 469
94 491
68 479
27 249
97 410
87 459
21 408
61 381
98 284
64 285
82 420
65 418
76 353
29 279
37 470
99 384
72 489
88 464
41 258
19 265
67 311
54 426
61 492
99 398
63 386
31 411
61 463
27 421
23 483
66 250
56 322
22 288
19 308
20 226
85 213
41 283
79 213
82 491
16 213
67 478
59 320
29 402
90 216
100 397
46 270
69 400
46 331
72 452
62 489
23 203
66 467
51 473
56 442
91 383
66 351
85 252
62 249
87 202
13 225
34 463
31 295
94 386
91 248
93 263
11 263
52 436
23 250
27 409
78 320
85 396
82 350
74 391
54 352
10 312
63 490
23 371
81 335
68 409
35 343
40 318
29 436
56 335
37 412
81 376
44 482
65 452
52 367
21 429
15 433
69 294
100 264
69 405
52 471
68 231
13 484
67 470
42 353
44 252
12 495
90 494
43 347
79 256
100 434
97 482
29 225
36 487
47 489
25 438
11 454
29 273
43 267
53 255
24 244
97 331
28 434
27 463
57 468
63 293
49 204
60 466
78 298
13 268
99 292
67 246
64 372
31 330
34 259
34 257
78 442
29 239
32 412
19 404
41 220
34 479
31 220
65 203
88 345
77 405
49 225
11 330
46 468
62 285
60 294
36 477
32 430
32 308
54 217
87 469
67 457
82 211
59 290
12 494
68 234
11 270
40 247
36 405
89 308
63 389
91 231
75 335
97 381
31 250
54 352
89 333
82 364
61 433
33 256
93 338
97 273
25 298
60 455
28 283
56 392
49 363
33 286
23 281
36 339
33 262
14 247
54 498
45 438
43 314
85 305
76 483
46 206
33 498
96 482
97 473
33 451
51 494
21 230
93 401
61 354
44 258
91 256
15 262
72 384
20 334
91 226
91 367
77 346
32 494
29 344
39 399
27 499
24 229
98 416
56 347
87 291
78 369
94 358
66 488
47 256
76 231
61 438
65 263
43 211
79 359
32 369
30 348
52 399
59 345
69 204
61 281
58 294
31 340
37 330
33 494
25 398
66 366
28 372
30 367
33 333
40 437
71 482
76 318
21 359
24 392
92 403
34 357
67 321
71 398
59 222
32 235
93 314
14 453
71 229
88 266
87 242
66 313
58 485
32 301
28 343
12 405
76 313
76 441
99 405
90 334
94 428
86 244
62 470
22 476
77 264
80 309
98 443
20 478
40 252
23 219
43 470
85 339
69 383
13 466
23 367
41 464
85 367
55 284
32 454
32 283
47 500
63 472
64 213
89 317
32 478
68 409
44 458
36 479
30 277
49 326
13 492
50 437
23 495
34 444
42 229
99 364
38 318
22 419
50 483
11 396
28 270
37 356
39 301
81 266
20 226
55 220
64 430
64 325
70 426
39 321
62 495
80 381
88 217
45 392
55 233
64 409
32 340
89 279
71 347
36 467
52 236
57 340
56 392
100 288
63 432
80 471
29 240
30 487
13 400
61 206
28 414
48 235
69 378
28 343
21 460
74 347
15 296
86 309
95 350
40 203
40 203
88 406
32 326
28 250
36 469
64 408
57 370
21 334
91 206
72 472
100 235
29 361
28 203
84 216
16 316
87 332
87 444
21 312
46 328
62 493
35 316
43 376
81 343
24 433
46 385
90 213
30 471
67 500
40 293
42 275
27 486
99 426
19 343
76 447
65 348
44 465
16 288
36 349
84 249
74 478
36 434
81 303
35 314
75 327
14 267
27 213
89 207
89 430
51 426
70 219
55 213
97 488
97 473
64 481
35 366
25 353
54 398
34 452
23 207
98 317
15 379
12 276
57 219
17 435
18 280
68 468
97 337
40 343
12 239
89 228
84 428
52 453
80 235
71 236
37 381
74 265
100 433
15 344
67 245
72 346
53 482
91 367
73 217
59 274
40 480
28 411
31 382
52 482
62 466
57 408
43 320
11 304
60 462
16 403
30 476
55 280
87 310
93 423
46 303
50 333
16 498
91 438
55 304
92 244
71 386
22 264
85 271
63 207
85 214
25 488
26 356
94 293
86 412
24 242
92 411
99 245
49 316
88 235
10 403
63 337
97 378
91 243
53 468
80 431
93 409
58 369
81 384
21 479
91 376
89 259
16 242
96 443
55 287
48 426
79 455
42 227
94 362
20 229
93 269
90 208
47 276
95 440
51 287
84 203
58 337
77 498
38 367
19 436
73 315
91 393
76 423
43 299
18 490
31 362
96 487
49 434
57 496
77 420
66 239
93 444
49 435
41 454
59 279
23 204
25 249
35 362
90 265
76 455
75 489
24 210
16 385
83 436
23 265
77 361
36 227
19 328
56 445
68 462
17 419
89 367
11 311
93 337
99 440
14 328
27 255
61 351
45 480
12 217
19 340
91 247
66 382
73 227
67 405
42 349
75 404
23 239
23 495
83 289
37 366
49 361
68 454
41 309
59 446
79 427
39 403
66 350
32 297
32 410
69 265
25 324
47 224
35 331
61 489
36 452
57 236
41 473
91 471
44 372
32 356
34 450
45 221
73 292
82 325
72 320
59 210
100 205
42 256
73 201
95 456
43 245
90 463
45 430
63 247
100 247
18 350
62 361
39 495
36 490
29 455
23 356
11 203
53 448
63 448
52 452
41 350
24 343
75 464
27 444
56 323
38 312
66 436
17 293
78 426
69 448
58 341
54 294
21 415
72 251
94 440
85 463
78 397
72 351
76 326
97 320
86 284
85 320
41 354
10 399
15 445
32 357
14 349
92 328
54 391
54 323
93 279
34 317
54 288
75 285
66 210
13 210
22 234
93 263
60 243
25 416
25 206
81 222
95 422
99 367
88 427
85 340
44 422
12 430
31 374
34 322
65 368
38 428
42 463
84 239
77 351
20 392
26 427
74 462
80 462
21 359
78 466
64 291
31 405
26 346
61 485
56 413
94 248
19 204
30 280
45 416
17 448
14 236
26 369
61 472
68 474
81 417
31 277
74 274
27 478
75 460
56 336
20 213
67 461
92 345
75 459
47 420
62 214
32 479
83 301
91 463
19 478
86 212
69 284
100 436
65 456
81 474
57 266
22 426
73 402
100 216
20 228
99 215
88 290
13 375
68 393
20 415
82 414
33 375
71 464
52 208
59 204
99 460
76 366
28 495
41 404
65 428
27 396
77 373
48 386
75 275
91 231
99 399
97 316
75 340
17 383
55 396
12 228
35 355
26 490
43 360
88 309
26 274
24 429
19 337
90 341
84 342
85 352
68 265
67 313
10 496
75 453
93 280
61 496
72 273
34 483
52 328
28 419
80 494
77 247
21 462
90 492
62 209
40 293
18 259
41 327
33 300
27 344
63 209
97 213
19 273
55 414
59 235
45 201
70 480
81 358
41 334
39 443
99 442
93 265
83 339
79 403
19 421
86 217
75 284
60 410
29 475
61 457
42 406
69 487
70 404
82 224
37 443
74 279
98 400
95 233
15 485
12 376
70 432
51 283
87 372
44 270
69 266
100 304
70 382
11 305
88 332
57 272
75 494
12 358
12 444
68 330
71 275
86 282
75 347
91 420
91 256
46 313
99 466
23 492
30 405
60 382
24 324
86 260
53 202
23 460
85 257
80 272
15 243
11 288
18 366
58 357
42 448
74 494
93 284
61 459
11 231
46 475
44 493
68 422
73 453
96 339
79 420
83 342
57 463
27 251
93 388
26 200
85 327
82 497
77 377
15 349
70 245
73 212
90 358
55 482
38 264
90 268
79 430
91 346
18 239
53 471
62 254
52 210
21 362
77 242
82 411
82 396
50 464
19 392
48 291
18 380
67 392
83 237
86 205
87 464
60 479
21 318
61 302
57 363
12 233
77 452
32 245
53 298
67 204
28 278
42 260
44 400
51 252
24 223
15 218
48 450
57 318
76 478
39 345
97 332
36 495
96 271
32 381
83 446
26 307
56 430
55 379
74 217
69 214
49 439
51 425
92 228
100 405
32 411
16 296
86 428
92 225
53 228
46 316
28 239
90 498
37 489
64 246
57 256
51 445
60 242
100 281
16 361
72 226
53 235
57 462
36 310
36 411
79 290
14 312
89 399
34 247
55 383
80 342
38 304
23 281
39 404
93 366
74 348
37 484
59 361
72 244
49 381
27 309
33 432
77 499
42 428
91 467
53 289
68 449
53 292
31 437
57 341
45 408
59 393
64 269
73 284
56 225
86 218
92 334
21 454
84 228
86 327
56 390
97 200
72 456
21 266
49 436
88 496
14 344
18 432
16 391
56 425
55 328
53 449
14 290
31 492
71 430
25 262
99 382
57 356
78 202
43 230
89 277
26 479
29 260
24 232
69 324
52 265
28 298
77 311
21 262
37 456
68 370
25 261
80 429
52 339
93 288
54 318
69 241
90 485
59 405
24 201
91 371
95 429
77 479
58 255
32 290
87 233
90 376
72 411
36 460
43 485
26 316
25 362
21 296
36 407
72 260
50 478
32 425
87 247
33 343
13 444
82 210
99 292
54 219
94 491
10 200
61 476
40 475
11 371
80 330
74 220
41 435
83 219
76 251
79 211
67 317
16 277
88 330
73 463
38 320
74 277
19 326
55 334
63 237
17 321
46 230
10 206
21 237
20 222
15 240
48 433
87 387
75 434
22 276
31 263
30 497
42 465
45 292
95 373
59 302
93 446
46 283
52 246
93 427
61 308
13 251
87 273
70 397
80 403
25 250
49 317
21 256
37 318
84 379
16 375
87 433
17 261
18 472
96 485
74 275
24 314
35 230
83 213
42 292
40 399
25 280
18 338
77 245
45 331
30 396
73 302
66 225
55 242
55 369
37 343
23 267
21 219
33 294
96 473
18 346
39 427
32 284
76 461
46 469
76 201
78 247
89 442
82 416
17 217
100 409
18 478
67 266
23 472
23 427
54 445
62 213
72 448
84 435
99 427
21 450
11 216
77 231
87 467
49 288
48 480
55 343
78 371
40 351
10 468
26 234
92 299
54 282
24 345
65 353
19 318
51 448
28 497
63 490
38 323
62 446
13 223
50 458
82 346
88 485
12 335
53 225
45 215
21 379
34 222
36 329
14 283
17 372
57 403
91 492
35 336
78 226
22 373
35 201
77 492
92 332
81 403
37 459
42 362
38 425
40 317
26 422
94 227
84 378
95 352
89 405
80 203
75 296
64 364
65 344
39 482
19 380
92 230
35 500
10 424
15 225
81 426
38 390
19 439
78 281
49 385
49 478
11 315
91 463
40 269
96 232
12 481
42 384
68 249
43 353
46 256
25 462
33 223
54 334
27 316
99 452
13 299
12 287
78 400
70 290
48 254
94 220
86 233
97 246
55 486
92 453
41 225
71 423
22 464
60 410
99 369
59 428
59 488
15 279
54 463
61 356
93 492
42 251
79 428
48 256
31 445
41 404
45 322
25 367
79 331
50 263
50 386
41 366
60 455
52 208
75 264
58 434
20 439
62 229
45 481
39 228
93 494
27 293
88 457
11 349
88 485
59 486
13 353
52 441
90 496
83 474
61 212
84 263
10 289
23 215
100 226
64 444
93 373
83 283
93 395
26 315
52 242
70 448
28 350
34 401
70 235
34 353
64 428
17 397
54 357
25 485
91 353
98 351
76 362
43 304
82 263
65 334
89 468
42 399
100 316
41 361
36 320
15 297
36 278
70 213
98 354
49 317
26 374
50 482
44 350
76 491
97 453
11 417
82 252
17 436
63 313
67 469
67 209
41 379
48 458
36 221
48 338
12 216
21 203
72 395
53 231
33 214
95 407
50 251
85 497
19 275
59 482
89 390
65 208
17 476
46 410
28 226
72 232
10 458
90 490
92 337
36 435
44 352
66 232
22 498
95 288
51 485
24 215
31 459
76 444
44 438
35 380
96 350
46 406
42 397
85 358
31 263
28 385
94 332
12 216
51 343
54 301
12 374
86 202
100 237
24 214
36 497
22 337
99 255
45 353
46 285
44 485
94 451
86 462
100 485
19 311
10 282
96 456
84 426
35 486
59 301
42 386
52 394
70 342
11 413
61 400
88 404
31 244
20 453
30 386
74 433
23 213
55 306
76 369
53 324
37 443
67 304
49 421
23 250
75 396
40 206
80 359
85 378
61 212
88 306
68 466
37 293
35 453
89 397
37 431
28 425
22 344
88 401
56 425
88 326
79 260
19 313
62 491
76 219
52 219
20 351
77 314
53 413
47 292
66 336
90 227
55 295
31 488
26 435
97 344
60 481
48 342
50 272
80 234
75 285
41 366
57 437
87 226
73 444
95 305
23 240
38 489
11 203
64 228
35 337
48 397
89 224
34 360
48 270
16 286
52 295
25 438
71 330
62 227
51 231
88 251
56 413
86 355
74 465
39 252
63 203
64 316
26 386
42 222
55 217
57 259
11 209
23 241
90 410
69 361
48 349
58 462
35 401
14 427
63 449
24 364
74 377
84 378
29 355
33 468
27 458
88 383
52 422
55 254
93 442
35 470
87 277
50 250
97 497
38 343
51 354
38 345
47 436
84 492
38 373
56 361
88 383
91 246
61 416
88 333
76 215
46 295
22 483
91 219
58 271
31 372
34 317
40 354
71 490
53 491
84 252
34 441
59 343
27 438
23 287
26 314
44 221
67 293
66 203
82 381
76 423
75 398
25 218
87 440
45 295
65 318
55 230
16 482
66 495
40 382
54 337
84 282
36 354
62 311
99 385
31 329
100 493
91 244
27 478
26 468
87 313
97 369
32 243
61 216
52 417
84 268
11 343
11 361
72 423
82 251
22 412
60 363
61 356
52 364
98 238
56 355
66 316
78 495
18 272
40 345
83 307
20 491
98 461
74 344
37 271
55 439
74 223
78 336
72 356
29 462
14 229
15 495
45 289
22 453
92 397
67 247
82 409
75 300
51 338
65 201
74 287
44 392
79 440
89 440
57 476
36 388
10 217
86 299
95 319
51 365
12 498
76 367
11 398
80 275
15 360
10 445
55 416
25 456
72 312
53 349
39 296
44 491
91 418
37 266
80 490
87 399
66 291
82 392
66 482
37 224
97 443
49 486
89 253
54 462
85 285
42 299
93 346
15 341
21 329
84 447
91 286
89 253
31 309
77 366
86 310
20 278
58 256
12 410
77 404
96 372
15 431
92 268
30 209
97 238
56 265
49 354
49 229
55 228
62 301
74 327
52 482
82 413
97 367
45 295
93 443
51 208
49 335
76 400
92 383
27 381
15 321
46 299
58 340
95 387
77 419
19 301
16 316
82 335
37 284
93 202
74 294
97 350
38 485
45 472
44 385
84 315
82 286
19 254
74 388
65 316
36 301
86 404
27 328
61 299
46 417
53 388
12 210
86 338
21 235
40 311
46 411
20 325
96 488
74 372
88 468
90 431
66 302
72 384
95 271
17 290
56 432
14 397
63 414
15 334
74 242
46 268
21 321
90 399
57 470
93 433
55 456
74 455
20 397
19 436
84 219
100 354
94 402
14 341
19 484
84 214
71 369
18 428
57 475
14 247
24 294
64 330
43 292
59 255
89 320
58 406
48 414
28 238
40 208
51 432
95 252
49 467
34 227
100 360
19 367
10 343
64 284
19 408
54 455
50 314
90 351
68 363
35 478
86 330
71 479
68 427
78 456
46 452
28 486
100 382
11 416
23 262
64 345
25 325
17 382
13 323
43 357
51 497
73 286
32 218
80 336
24 244
24 287
39 222
58 204
69 375
37 275
41 419
68 356
25 469
92 433
34 470
52 476
92 271
29 291
74 275
31 483
36 467
10 263
77 241
93 290
33 436
80 301
37 234
38 347
38 445
33 492
17 216
55 328
52 478
39 376
89 243
66 320
58 326
79 396
77 399
86 282
17 498
81 438
29 290
49 432
92 262
74 346
100 289
97 314
18 239
83 268
49 245
21 490
67 470
85 238
24 217
59 401
90 403
28 496
11 320
29 374
55 248
91 358
37 391
58 353
40 410
96 461
41 206
39 276
59 232
57 492
48 333
57 212
99 428
62 375
58 333
93 277
54 216
19 468
88 305
43 285
60 490
59 368
44 393
51 319
29 207
29 372
67 451
20 223
68 239
28 323
70 396
45 202
75 284
59 217
21 238
42 352
30 246
25 370
96 413
74 262
27 247
98 459
87 216
66 324
97 328
87 377
75 296
43 334
77 246
64 217
10 402
76 459
13 339
10 336
75 266
40 370
31 331
93 311
62 207
24 302
58 332
77 257
33 256
89 257
28 241
13 285
65 393
11 340
34 321
84 482
77 373
53 451
13 377
68 249
56 395
76 468
83 279
54 404
26 364
31 335
48 484
80 246
68 413
34 306
46 310
53 319
84 336
36 384
95 479
15 396
39 483
71 298
88 337
44 345
74 411
27 304
90 349
41 469
41 485
11 494
36 260
53 475
13 229
24 409
36 440
64 329
27 367
39 433
29 377
88 403
92 456
31 329
65 255
55 264
44 270
36 232
64 217
98 477
74 213
81 202
20 388
27 374
86 457
59 406
46 282
61 319
69 213
35 291
24 494
46 207
89 311
82 344
67 394
35 323
16 454
94 359
13 406
72 243
84 237
94 393
84 456
20 306
53 408
93 436
78 201
79 415
26 432
35 390
56 378
76 482
66 287
42 371
97 271
21 252
88 312
63 428
76 406
40 486
35 329
12 465
77 313
87 341
95 437
38 267
72 443
65 343
36 338
23 421
64 327
65 467
56 367
39 405
18 326
13 336
17 259
63 234
50 428
39 314
24 304
47 376
33 379
94 475
100 431
44 375
95 316
68 395
81 434
35 455
28 438
48 214
98 288
72 318
30 271
45 226
84 262
47 371
85 318
29 356
10 489
63 204
25 270
62 435
80 447
10 263
79 377
49 330
67 474
40 327
37 277
85 369
75 453
44 429
24 282
59 218
79 264
37 272
59 269
53 286
39 345
16 298
56 326
100 385
83 273
25 242
32 263
47 337
47 399
18 236
97 350
40 500
95 424
86 446
18 278
99 458
100 279
17 344
22 432
47 352
64 439
31 252
79 304
82 468
11 404
40 432
73 405
52 314
53 201
74 219
47 490
62 351
39 481
17 372
40 421
100 314
69 366
42 260
51 403
26 421
29 429
29 258
43 282
21 359
25 381
10 210
73 252
61 337
86 304
70 342
75 430
35 334
15 470
61 264
43 370
24 428
50 336
16 329
30 308
31 399
66 264
61 206
48 270
94 247
43 249
65 349
48 493
32 222
19 376
62 231
23 219
30 292
89 344
99 471
16 306
17 338
68 227
64 385
44 436
55 371
36 218
11 412
62 201
80 370
70 469
93 320
33 259
99 240
11 230
83 252
79 278
43 405
76 433
15 301
70 419
49 251
33 389
32 295
91 295
73 465
59 264
96 200
41 445
19 424
90 450
51 260
100 264
69 230
98 452
47 262
88 201
26 204
53 475
23 229
67 213
94 281
68 227
24 350
46 220
96 396
42 448
21 446
83 369
32 457
70 205
10 439
72 281
49 347
81 242
21 222
64 319
80 282
58 283
48 268
97 352
46 471
42 369
87 259
53 289
21 256
95 484
51 302
91 387
98 217
14 273
89 383
77 291
16 438
78 243
45 426
87 418
66 495
55 209
60 472
79 218
37 394
45 471
56 464
67 342
22 236
24 469
56 256
85 282
79 383
70 448
90 220
58 454
92 299
78 468
63 262
75 496
46 386
31 349
98 273
61 228
76 354
37 426
66 205
10 302
37 282
21 498
42 263
88 215
88 363
37 331
38 316
58 278
20 241
82 248
30 366
44 321
71 222
44 380
82 203
51 416
13 481
51 286
48 262
32 355
21 483
94 299
24 260
77 248
83 253
59 365
17 322
63 388
26 483
84 371
95 499
70 470
51 398
60 421
13 305
41 385
96 459
26 334
92 258
98 218
31 377
78 378
12 319
32 291
53 282
81 434
57 447
99 406
78 407
13 253
94 299
58 498
86 319
25 424
84 463
51 336
86 223
59 286
38 228
34 341
13 237
82 288
71 376
21 226
55 218
83 494
21 467
17 222
32 271
91 362
61 336
37 271
77 410
52 400
30 433
49 446
97 214
46 352
81 425
15 422
34 407
91 459
46 304
22 358
83 375
53 307
98 364
97 268
83 486
95 460
40 459
52 337
82 387
57 311
62 315
51 203
67 346
48 243
92 340
87 223
63 318
33 424
36 458
50 204
48 409
37 361
42 318
68 288
84 486
38 214
40 382
84 470
36 378
63 376
46 362
71 482
96 427
76 360
41 346
57 327
60 276
20 371
43 434
31 246
56 256
78 418
55 477
46 364
47 298
25 322
64 285
98 389
44 458
62 396
52 361
70 255
73 460
57 479
76 283
86 210
91 233
34 476
42 213
44 314
48 276
78 219
99 437
78 321
11 405
87 446
11 439
54 350
54 325
43 240
96 301
30 497
100 428
11 293
40 208
36 200
58 240
43 343
78 377
69 320
67 430
31 495
28 466
58 215
56 421
71 499
37 204
17 254
99 364
84 271
17 453
70 405
22 491
37 419
40 460
32 347
68 203
27 206
45 486
75 258
29 476
59 326
36 398
99 310
38 426
27 433
54 403
26 319
53 333
73 208
66 476
42 432
64 447
72 396
87 358
17 236
45 358
79 261
49 441
22 317
22 202
38 493
43 234
49 496
60 248
31 358
69 257
48 400
75 426
86 334
73 447
84 416
75 431
42 309
94 246
16 487
10 373
35 402
51 240
82 473
49 299
26 209
28 369
41 309
92 351
70 377
72 210
35 300
16 416
77 262
37 283
68 210
81 477
33 261
85 207
86 202
33 363
95 412
84 318
60 274
14 361
55 465
74 390
93 261
63 422
42 217
14 321
44 358
19 287
33 263
89 401
44 299
74 226
26 494
27 378
48 461
60 366
78 410
36 438
29 260
92 243
97 312
77 452
61 410
78 338
97 232
55 437
96 200
86 240
39 454
14 461
50 406
88 338
50 280
50 484
29 383
46 264
54 339
36 414
26 204
51 420
33 238
70 265
78 216
57 483
20 422
11 384
79 467
41 340
28 496
14 234
39 350
80 322
80 264
13 436
73 235
35 202
12 410
41 262
66 220
14 397
48 334
52 217
20 251
99 245
81 480
39 375
69 328
18 216
78 232
98 307
82 205
100 290
43 274
27 342
27 294
91 485
53 267
45 478
79 307
55 315
62 200
31 365
56 435
32 367
67 231
74 484
69 231
32 401
66 375
27 349
51 229
65 397
14 284
74 365
22 294
96 428
65 367
20 321
19 321
99 268
80 411
78 337
62 273
67 498
28 229
27 366
56 378
26 356
98 283
96 252
71 398
46 370
71 470
63 365
52 429
72 391
87 331
87 230
65 215
82 250
91 272
15 303
43 325
22 361
74 326
12 234
25 290
33 236
21 395
82 248
47 232
11 361
73 417
51 467
40 317
38 425
85 331
84 338
28 334
75 364
68 310
36 433
42 301
32 410
44 320
69 467
37 346
84 363
20 417
92 392
20 295
89 422
25 493
38 381
31 457
35 235
97 340
89 417
73 387
98 285
40 232
68 205
53 277
31 339
39 498
67 476
58 496
60 467
81 354
70 262
71 290
17 327
72 215
21 270
32 318
67 306
37 355
46 376
93 429
97 374
96 445
87 468
35 444
80 325
50 231
87 358
97 434
40 450
15 426
65 248
22 374
53 240
73 364
46 410
73 381
49 218
22 382
38 463
88 370
69 373
19 423
11 420
12 413
36 453
100 389
99 330
75 202
78 491
56 286
65 459
19 433
13 490
92 361
31 390
65 437
70 278
62 241
96 415
28 317
34 240
75 215
56 416
90 489
13 384
47 255
81 440
35 217
41 251
41 279
96 307
69 452
49 325
89 332
47 395
82 253
51 302
20 202
22 287
83 424
100 465
100 211
94 415
81 481
14 355
13 356
88 276
27 296
19 499
34 338
75 224
45 226
25 409
75 343
18 470
32 416
95 443
68 485
73 404
75 273
76 225
39 470
31 435
53 400
24 340
13 475
99 326
31 490
57 428
67 480
70 246
53 228
37 219
14 245
21 428
39 380
38 445
13 452
40 312
52 461
49 286
59 265
20 384
24 396
93 285
49 458
50 469
80 219
11 449
93 309
26 331
62 277
52 286
66 302
37 328
89 248
81 497
77 223
81 265
21 391
88 494
88 381
14 232
30 348
14 413
44 254
43 395
38 466
78 308
83 277
28 330
44 497
72 336
16 355
27 389
78 201
94 342
59 241
86 230
29 304
55 245
73 384
75 439
90 319
58 366
74 330
60 369
92 221
44 296
36 407
78 319
82 264
85 238
85 284
36 393
22 460
83 446
31 276
49 441
26 278
100 490
90 252
60 485
97 313
41 347
71 213
52 325
59 324
100 331
60 380
100 496
32 360
57 431
55 472
81 280
56 427
23 408
55 275
79 450
83 472
36 305
98 460
59 210
30 491
89 442
100 263
52 458
49 275
91 308
21 458
82 245
30 305
29 312
85 293
79 217
88 256
74 447
99 451
41 248
97 247
99 260
88 375
97 483
29 304
85 446
75 377
61 394
78 342
33 311
59 216
47 398
33 348
31 236
23 250
14 489
100 473
86 305
70 214
23 496
32 328
82 328
81 330
56 385
40 477
37 304
44 272
88 213
65 244
53 468
35 233
50 238
76 453
37 302
71 380
50 484
65 437
90 411
82 333
57 436
41 239
63 251
75 440
96 429
22 213
70 425
21 249
88 200
62 255
49 418
29 299
24 392
75 461
83 251
66 295
30 353
93 476
35 292
49 367
22 246
49 315
62 375
18 332
64 315
28 428
92 271
56 382
47 210
36 463
39 385
38 498
15 340
58 340
51 235
41 350
58 336
62 452
56 278
77 386
93 369
40 425
95 288
16 402
32 397
78 309
51 370
73 268
36 478
13 339
26 364
58 493
77 403
11 209
43 426
60 373
35 407
73 483
38 301
77 493
74 446
20 279
60 306
35 222
66 204
80 494
36 298
73 316
10 328
89 430
14 471
68 245
37 297
75 270
72 360
78 396
96 313
24 318
87 271
58 349
40 450
14 393
82 226
32 447
68 284
41 357
22 428
28 329
56 328
31 423
44 462
26 492
50 242
11 340
96 399
96 338
67 280
18 346
39 439
46 410
14 469
86 225
92 368
82 371
96 202
28 433
11 361
87 437
92 484
94 465
27 214
39 230
51 232
85 350
41 418
40 442
23 275
78 430
82 218
52 388
25 343
34 435
67 494
84 355
78 346
99 359
29 320
41 353
38 464
14 220
62 211
68 414
77 326
43 479
22 393
52 315
71 435
71 238
12 318
49 354
48 411
38 473
37 300
92 230
11 277
89 291
19 462
55 272
18 246
61 381
89 365
38 424
96 494
50 427
69 253
41 475
89 492
38 342
56 220
98 252
95 371
91 283
96 245
53 369
50 355
14 481
32 495
88 218
57 264
79 248
79 474
86 480
96 367
100 204
22 493
25 383
46 297
74 394
14 271
24 333
46 210
84 344
23 466
12 441
62 204
49 297
16 461
24 341
65 398
16 465
36 300
47 452
91 262
29 439
53 255
12 458
25 333
36 218
74 311
25 277
35 398
82 492
52 400
98 384
72 428
63 385
89 394
33 374
36 330
90 437
13 332
30 400
95 393
74 212
48 326
73 217
16 362
69 229
13 290
81 256
32 460
91 444
97 425
69 206
29 328
65 389
68 285
14 374
96 404
47 329
30 322
33 452
81 304
48 443
20 343
40 310
26 338
70 353
97 268
99 215
51 251
11 254
12 390
33 462
10 461
57 272
97 386
74 215
35 454
78 282
95 355
42 296
91 292
49 453
94 257
67 455
11 269
15 291
91 334
27 201
62 293
37 325
71 246
52 418
77 446
96 245
54 238
98 491
55 290
85 439
84 309
46 353
73 350
68 235
44 447
70 476
76 258
17 467
24 339
59 254
95 281
24 333
98 390
100 398
21 215
55 225
89 479
60 349
96 221
40 460
29 369
89 456
22 486
57 431
34 255
27 358
77 482
84 405
33 263
44 301
29 337
19 300
96 352
85 292
12 231
47 289
40 487
42 225
47 467
80 245
22 338
53 306
18 342
26 441
72 211
39 432
11 265
25 413
70 379
52 239
41 205
57 258
78 373
23 413
42 387
49 309
16 258
96 294
44 375
19 203
89 224
76 484
50 365
51 405
17 299
100 351
98 273
72 244
62 391
16 234
95 261
64 252
63 207
79 418
89 329
28 467
90 253
67 340
48 244
67 359
26 490
56 345
38 368
52 406
66 244
10 234
66 482
61 323
41 330
78 269
81 359
96 209
90 435
63 330
87 344
99 219
11 448
27 293
34 202
47 271
81 337
51 249
28 290
28 255
21 361
78 328
55 310
24 432
90 386
88 422
60 448
42 311
93 203
55 408
45 300
70 450
92 234
78 453
93 320
32 494
55 231
95 450
37 358
60 283
49 340
18 221
49 344
78 381
63 434
20 250
77 216
39 318
17 396
95 324
29 477
66 446
44 388
90 297
86 275
13 288
12 334
50 400
25 339
45 273
12 267
93 454
53 470
64 334
93 290
77 381
38 223
12 223
73 220
96 457
95 451
45 357
74 252
48 211
29 235
84 362
55 306
64 386
62 335
38 390
93 375
82 391
63 295
19 309
76 433
46 309
30 260
29 417
47 473
45 402
67 410
51 310
59 328
36 490
12 413
27 287
85 348
79 485
83 340
90 208
55 309
44 405
87 482
31 379
84 447
53 360
12 294
78 219
25 363
34 334
84 337
76 311
12 347
32 377
95 287
59 209
63 350
41 213
56 485
36 484
46 423
96 486
36 210
62 438
40 463
86 295
90 442
99 483
69 399
94 225
21 443
67 382
45 397
77 372
23 237
46 460
45 396
60 476
67 399
93 426
23 383
37 359
39 375
21 363
35 450
25 260
19 320
73 433
42 235
61 245
70 307
68 481
91 398
93 307
19 318
17 408
25 452
52 274
49 357
16 349
84 222
73 345
29 499
64 257
12 279
70 306
38 255
39 338
36 492
40 499
32 375
31 258
99 371
56 402
16 468
21 231
100 307
10 230
46 351
79 338
42 287
19 265
57 429
53 244
87 245
81 427
83 398
57 445
56 215
28 244
27 294
15 423
93 349
44 455
33 439
77 378
41 435
52 368
52 243
70 481
77 403
10 407
70 290
94 317
22 446
40 237
30 283
72 339
68 311
52 380
45 335
36 274
68 399
64 331
36 251
11 480
91 468
79 453
22 486
92 312
10 329
27 369
85 207
44 242
21 249
60 316
30 379
85 353
26 230
61 418
89 494
18 434
27 232
19 417
22 355
63 347
86 276
44 345
86 421
76 350
80 259
15 253
74 253
51 413
92 287
96 263
81 478
38 441
90 281
36 426
48 284
79 369
86 237
57 392
16 350
84 327
20 456
11 494
42 484
36 241
35 487
83 249
34 499
13 371
21 296
43 465
45 319
45 489
50 296
72 462
77 370
21 202
61 417
33 231
82 402
42 369
81 274
76 249
89 357
46 302
34 416
21 281
16 349
17 237
65 449
65 288
51 287
82 341
14 286
58 302
27 394
19 274
68 338
67 240
26 391
18 396
98 358
37 238
93 495
22 400
39 275
51 209
69 278
83 213
91 471
76 300
84 235
69 332
70 345
24 265
54 464
54 291
69 386
71 276
41 405
71 271
39 463
50 240
61 379
34 353
26 318
22 463
48 225
68 374
33 416
75 355
86 349
99 449
25 223
69 313
69 449
25 255
68 363
22 401
14 247
70 290
62 456
47 417
43 347
35 300
67 429
22 339
81 298
60 210
97 209
51 398
74 407
79 317
48 498
61 260
90 220
90 358
83 403
15 457
58 264
98 209
39 410
30 468
30 384
68 228
24 251
98 299
91 327
83 476
67 332
99 266
44 335
61 327
78 398
95 485
59 239
12 352
10 341
60 355
65 246
63 315
89 206
30 453
90 478
35 305
63 363
28 461
20 495
39 485
62 320
76 251
78 463
62 206
10 420
79 476
56 443
98 411
18 352
41 481
47 491
16 438
89 407
22 299
30 434
13 241
37 252
57 260
20 342
99 465
47 377
94 426
35 429
55 216
35 450
40 409
51 232
51 241
87 493
17 288
67 373
53 327
16 319
61 337
34 454
54 471
53 491
45 398
55 483
74 448
75 310
68 320
29 451
71 229
34 450
76 266
15 344
47 496
98 281
91 321
36 332
74 263
45 437
19 439
98 273
32 299
66 241
13 474
24 478
91 332
68 467
55 499
65 291
84 420
15 224
10 305
73 281
74 376
82 277
61 335
46 500
13 432
53 251
87 430
97 255
32 456
60 409
37 230
86 347
39 321
12 491
86 426
13 242
99 437
60 365
27 317
59 454
98 303
54 353
85 233
24 493
69 379
10 341
51 298
33 360
39 206
74 293
80 269
92 482
79 353
91 276
100 460
98 468
67 484
45 493
55 478
75 403
87 283
73 214
23 379
34 249
11 423
85 265
55 376
22 497
80 291
46 397
69 500
39 210
11 434
95 346
50 386
33 215
61 492
80 249
17 353
43 454
28 339
53 215
19 464
23 442
85 431
31 254
19 452
97 311
51 217
29 244
76 456
80 219
64 238
27 464
80 316
97 416
95 385
88 419
31 341
19 352
77 499
22 452
16 421
22 283
25 469
64 488
10 336
44 217
19 275
52 265
75 398
13 295
51 362
89 380
18 323
41 274
91 336
87 220
79 288
71 392
57 380
11 379
31 387
74 390
60 326
46 251
28 385
56 204
94 257
58 249
96 314
50 452
21 298
47 456
52 474
10 340
96 226
18 369
10 313
74 273
62 412
48 361
22 368
65 241
56 499
71 254
27 311
37 461
65 376
82 243
45 262
69 202
47 249
74 400
22 277
24 250
74 444
16 484
20 225
55 435
47 263
16 234
53 444
57 232
71 410
78 417
74 357
63 409
76 490
74 268
91 480
79 454
51 428
67 484
74 410
80 426
54 355
92 295
46 404
68 315
40 403
39 485
98 350
77 415
82 450
78 303
38 500
90 352
59 493
93 380
31 201
96 323
75 214
89 404
89 245
81 482
71 449
31 406
65 256
57 386
48 201
18 384
45 495
18 428
17 319
79 338
90 311
84 374
78 329
91 442
44 495
85 220
45 286
89 491
30 444
46 348
34 263
61 396
68 215
79 495
86 329
31 352
84 242
18 412
94 252
82 444
34 276
96 387
89 287
31 204
83 452
94 374
37 332
92 221
39 342
34 379
80 297
16 257
76 205
79 460
24 322
60 201
79 264
70 460
55 214
94 279
75 214
98 429
58 472
23 392
22 466
65 431
18 500
56 351
50 406
16 460
47 462
28 324
91 297
100 325
58 446
37 225
97 255
14 203
77 354
94 238
28 364
82 331
47 406
37 316
78 240
30 288
26 485
56 425
15 445
16 342
28 300
12 247
67 219
85 332
33 344
87 442
54 288
95 319
21 202
57 305
28 459
83 442
41 254
69 422
10 313
62 286
71 329
60 217
33 332
88 471
40 469
78 432
95 433
91 500
57 434
74 426
77 447
36 232
48 431
53 346
32 467
84 405
86 213
84 393
96 271
82 219
99 223
35 495
85 400
79 339
25 497
70 424
62 380
99 342
54 360
64 302
72 369
86 320
99 429
29 376
56 324
99 387
77 494
64 251
11 273
93 477
47 403
34 462
21 254
61 290
90 491
57 439
26 347
35 440
81 219
88 424
71 409
44 388
18 441
63 244
56 277
52 231
17 319
92 460
24 496
100 236
31 390
44 293
15 482
78 210
39 297
76 241
50 443
65 306
88 367
84 294
72 269
37 321
27 267
23 209
88 278
61 247
32 367
18 402
27 323
39 297
50 244
73 273
42 215
10 318
54 478
26 223
35 487
21 332
52 424
100 265
10 285
65 418
72 402
76 249
22 431
61 343
37 383
69 462
24 294
51 229
70 441
11 216
74 397
10 429
64 439
18 220
23 204
13 375
99 457
36 380
11 418
90 361
74 438
60 500
43 300
20 450
31 230
61 365
87 263
37 396
23 435
32 424
71 252
37 344
31 421
43 344
13 444
23 388
97 475
82 310
91 314
96 212
66 475
87 470
33 318
20 438
22 480
90 491
30 358
16 490
43 205
91 314
89 236
40 279
94 338
78 484
67 398
76 495
83 220
92 308
76 227
16 339
60 356
35 487
76 311
49 490
43 207
18 264
97 305
70 453
23 482
54 293
74 331
28 450
45 399
80 439
38 252
62 381
98 305
86 319
81 241
100 481
26 361
99 240
73 337
84 307
69 379
82 344
20 386
15 360
73 250
28 408
33 325
70 409
30 354
58 243
96 285
79 443
27 216
14 309
99 425
92 369
42 465
25 312
36 256
60 333
15 219
26 357
75 278
23 472
94 242
23 275
81 487
27 420
31 398
14 305
73 343
12 426
32 386
19 407
49 409
19 446
26 228
46 471
75 266
67 487
83 355
74 333
88 477
78 344
76 229
55 447
40 271
15 429
38 257
73 296
100 272
48 343
72 241
33 356
97 453
31 364
32 302
59 398
49 447
82 352
71 338
79 247
46 317
80 314
24 459
68 289
88 400
56 331
53 443
22 248
32 279
98 401
92 307
64 358
45 238
18 429
88 455
33 234
88 349
24 396
71 258
79 287
88 417
34 348
67 354
59 453
80 207
96 212
66 350
65 317
20 278
33 213
78 419
85 253
21 395
30 324
44 434
95 309
50 227
79 407
28 302
21 212
48 463
31 373
46 292
31 450
40 485
71 301
10 408
89 420
17 252
21 454
72 353
90 483
87 468
45 460
23 498
65 379
80 445
81 471
53 440
36 356
57 280
16 224
15 259
49 488
13 387
26 495
28 452
13 318
38 315
36 490
57 498
28 420
58 267
16 478
64 457
46 379
92 488
85 473
100 245
72 256
10 350
95 370
58 426
50 470
99 463
16 251
48 475
100 350
86 258
59 497
64 359
23 500
63 476
52 342
48 329
28 402
65 399
29 479
74 406
78 314
26 305
45 225
17 233
22 218
66 401
97 203
45 338
74 354
34 321
76 283
93 344
73 327
71 455
50 315
41 451
70 427
11 492
74 232
11 276
28 463
73 213
49 485
51 366
31 414
55 284
63 386
92 431
75 419
43 215
59 445
41 361
48 471
87 272
31 224
24 452
72 223
81 402
21 265
51 296
22 254
94 424
60 307
26 350
63 490
11 457
50 330
94 253
92 368
27 451
49 322
78 378
45 315
48 302
59 296
53 256
11 226
99 488
47 284
48 256
37 451
74 456
44 279
82 228
65 482
64 338
94 329
77 398
16 494
85 472
30 347
90 337
90 207
45 405
66 359
35 313
48 372
87 288
84 476
34 347
84 243
68 209
84 400
14 463
76 355
72 432
97 462
27 273
13 291
22 209
62 285
79 208
64 340
46 358
12 361
11 470
21 388
62 224
66 283
11 430
36 421
38 338
88 327
18 299
34 286
77 317
49 431
50 278
36 319
66 232
72 389
78 383
89 328
95 313
59 342
49 298
86 352
71 342
49 296
81 295
80 499
76 254
65 435
47 397
27 216
45 482
32 329
36 380
15 469
28 316
43 434
66 271
98 300
17 464
68 304
35 278
98 420
29 481
80 362
69 306
32 204
50 482
43 350
28 488
22 201
29 327
13 467
90 471
74 261
26 463
48 441
42 416
15 271
61 362
45 472
46 260
14 453
21 206
24 300
49 319
39 245
99 487
15 293
59 278
48 339
73 468
80 480
32 287
84 478
33 483
29 314
48 322
17 482
34 318
16 219
75 333
94 382
41 277
23 224
94 278
82 294
48 289
88 277
99 323
15 273
15 402
54 246
21 454
30 250
100 207
71 457
34 334
100 357
79 211
35 465
75 442
55 234
84 280
45 407
30 314
30 406
92 316
42 438
53 378
48 238
51 256
80 475
36 231
94 500
55 462
94 281
88 420
58 383
44 324
16 351
60 469
52 352
27 458
17 252
100 225
22 470
28 484
80 371
33 473
76 205
18 283
61 286
34 249
84 452
28 207
48 460
42 359
83 209
92 299
29 350
99 300
58 355
49 410
88 246
81 345
68 316
86 237
10 379
54 320
95 358
90 382
13 303
87 327
82 204
93 322
85 499
59 372
71 455
87 328
87 465
74 201
18 349
36 381
87 473
19 256
52 327
77 346
85 377
58 440
57 347
83 485
41 484
92 397
56 388
76 387
99 498
50 330
62 274
42 273
18 460
83 326
14 466
33 466
76 342
17 222
85 416
81 231
85 262
43 234
50 403
89 500
20 208
71 445
67 289
37 329
18 495
53 284
86 324
10 250
73 354
100 352
60 478
35 418
52 260
91 489
93 322
56 261
71 266
93 413
84 422
30 301
19 394
67 324
65 334
72 432
37 395
85 205
14 415
11 361
95 324
11 336
88 235
53 225
38 352
13 354
82 377
66 438
22 489
48 236
52 384
67 258
43 449
45 400
78 385
58 236
92 309
21 352
33 269
91 395
63 263
89 443
97 351
51 209
39 390
48 410
24 411
76 301
36 430
59 421
57 460
92 220
28 329
81 362
31 249
66 217
45 202
45 201
62 238
50 493
92 455
35 451
73 268
63 423
76 400
83 209
81 299
34 377
95 351
68 475
92 243
25 410
95 401
68 348
100 371
65 317
75 442
96 490
54 467
64 457
50 203
15 423
74 394
47 430
60 286
46 342
54 344
95 273
75 463
59 383
49 409
27 458
66 414
78 309
52 257
56 495
95 429
76 312
70 466
53 315
43 343
51 228
13 208
90 431
23 421
69 201
78 210
92 429
26 303
70 253
27 200
76 370
94 363
97 450
81 371
100 279
54 471
28 450
48 358
53 296
72 391
76 356
24 204
45 473
54 270
24 366
85 471
46 398
59 415
95 412
98 360
70 248
98 297
62 206
21 276
23 482
43 399
85 215
74 371
14 409
35 462
51 461
35 258
50 214
82 204
77 457
56 365
84 444
51 451
69 366
67 252
99 392
89 435
73 252
12 343
42 496
22 234
100 434
33 314
31 464
11 323
47 433
60 373
26 400
82 275
26 248
31 362
27 228
97 244
71 351
30 241
90 389
48 251
43 266
93 219
39 434
41 347
13 229
22 491
55 240
68 443
22 343
11 375
61 299
83 400
60 254
50 495
62 415
93 214
22 360
75 408
41 274
43 408
60 472
26 481
66 363
55 448
90 478
70 274
53 241
35 425
19 313
16 488
81 464
29 406
46 484
61 366
63 316
74 361
66 371
97 497
37 464
62 437
97 266
31 466
37 433
32 300
48 257
17 471
53 288
75 294
46 438
28 279
45 483
91 238
45 480
85 284
91 428
15 332
85 480
53 499
46 386
58 356
67 386
66 414
17 452
25 445
82 467
69 392
52 412
81 200
46 466
75 283
65 254
77 285
16 463
23 294
20 331
53 240
52 475
13 339
65 410
66 316
24 255
79 224
46 438
15 256
24 207
35 495
61 204
44 444
47 311
90 212
28 436
88 358
13 456
83 286
72 228
84 390
89 409
15 448
21 336
70 448
91 293
30 304
22 470
89 212
20 284
69 371
36 226
25 328
63 423
23 496
62 315
74 483
21 247
74 269
89 332
74 476
54 408
10 471
74 326
78 356
83 406
39 328
19 453
10 312
68 319
60 325
73 492
69 356
11 385
33 371
93 391
87 391
17 375
66 373
93 293
29 309
44 454
84 379
29 290
79 281
61 247
70 292
25 361
34 226
51 271
34 211
72 493
44 208
23 262
23 316
60 359
44 251
71 310
64 469
64 320
93 258
88 354
65 355
71 497
47 209
100 477
18 478
98 371
67 233
69 264
80 487
39 223
93 435
94 367
52 433
14 401
35 302
23 239
22 469
41 288
58 200
83 397
28 432
72 361
53 450
28 314
76 297
62 322
19 319
40 383
29 424
21 491
53 237
97 432
34 213
77 381
85 483
49 389
92 294
51 378
14 373
84 327
42 478
64 451
17 386
82 347
54 366
43 233
44 316
25 306
30 383
14 241
14 463
71 227
80 378
95 448
98 244
80 469
40 473
61 266
90 201
37 366
53 500
95 219
63 312
72 291
65 210
51 308
45 461
83 428
87 439
62 286
71 399
41 454
92 423
66 478
88 382
42 239
80 440
81 394
99 282
79 445
82 266
13 413
95 286
41 262
79 465
82 457
52 351
67 483
31 429
78 395
96 201
12 440
99 391
71 392
88 267
78 413
86 236
49 257
29 466
78 296
90 365
100 242
89 411
38 488
15 384
27 399
79 214
76 224
28 370
37 276
12 451
38 468
48 314
31 258
37 292
27 408
21 356
75 371
84 374
18 356
34 489
53 391
35 342
97 307
81 229
22 347
55 372
72 365
44 288
77 463
55 226
51 235
20 219
28 348
81 212
46 399
41 456
71 403
33 403
73 208
53 392
50 310
89 470
54 447
31 398
57 388
23 229
58 204
76 278
44 390
28 253
61 240
85 275
42 256
51 452
75 309
89 368
55 305
90 343
27 294
82 411
12 362
35 353
99 488
89 417
20 471
76 414
82 378
55 454
31 416
27 396
52 447
74 393
10 299
21 202
90 224
54 323
68 352
51 451
43 305
99 465
62 236
77 286
89 366
20 296
43 291
32 255
60 203
99 489
21 432
40 445
29 403
92 240
63 494
52 342
88 256
11 323
42 433
45 455
25 346
56 329
46 491
23 373
73 230
19 496
47 300
10 265
87 207
15 455
50 245
62 248
25 351
93 394
58 478
40 331
100 348
48 458
64 242
95 230
35 441
37 383
69 415
92 493
83 202
22 321
72 493
40 348
91 438
43 376
77 288
76 487
58 365
75 421
38 223
65 327
89 426
15 455
82 407
30 461
21 343
67 456
69 399
69 378
82 243
62 500
37 459
89 465
13 378
23 428
86 285
75 315
86 213
48 249
40 465
48 328
63 290
33 393
64 285
82 273
19 221
57 408
33 206
11 200
62 455
85 485
18 433
37 200
92 317
77 315
97 208
36 338
45 425
82 486
68 499
98 286
59 280
94 347
16 263
34 369
72 475
68 257
30 401
90 250
33 205
98 299
98 206
43 209
100 366
41 389
40 202
62 282
100 417
50 266
50 226
36 446
46 237
18 254
51 459
41 405
81 368
58 324
79 339
21 253
68 226
99 317
98 314
66 208
69 278
28 408
79 409
46 202
10 254
98 333
69 309
42 375
84 440
81 299
97 231
39 282
61 492
78 485
51 498
71 233
48 466
44 328
96 243
58 320
51 284
26 259
47 440
22 268
65 332
45 407
11 418
79 318
28 287
73 413
53 244
96 308
48 336
35 384
74 413
55 425
55 354
88 287
46 317
75 372
18 222
26 209
100 216
34 297
31 379
51 285
56 405
29 381
93 226
53 368
16 466
81 435
32 475
15 312
84 326
86 438
52 261
65 486
23 473
33 279
12 491
72 472
36 456
69 384
24 315
48 421
73 242
45 349
12 276
79 206
84 393
41 500
29 238
41 431
10 216
94 310
54 272
24 351
73 382
62 210
94 485
34 226
99 485
77 442
74 234
13 463
20 289
100 381
93 395
89 286
57 270
59 368
63 375
44 319
18 202
39 452
76 459
85 463
86 251
39 203
71 249
70 211
40 325
36 364
63 402
42 380
22 494
37 212
27 266
64 273
46 359
55 204
19 401
50 458
54 320
17 435
74 324
21 356
62 236
53 418
79 368
51 359
39 345
30 429
11 401
46 428
40 475
22 274
83 349
60 224
57 442
31 486
60 354
51 464
44 310
90 277
42 427
67 237
71 205
27 380
88 416
73 363
70 490
83 413
64 418
97 454
26 294
95 322
23 280
51 236
93 364
87 215
88 448
96 311
57 417
84 308
93 248
24 370
58 357
68 222
55 419
85 280
45 415
10 359
79 386
32 232
99 457
96 290
78 499
99 307
29 341
85 496
55 335
37 324
21 398
77 465
76 271
91 277
57 397
85 379
59 330
60 281
41 357
60 390
62 272
97 269
94 360
19 200
43 329
13 488
94 369
75 240
57 446
96 374
19 202
56 425
13 312
41 317
77 326
54 324
12 452
36 259
11 305
60 256
44 282
16 307
59 393
23 390
99 414
37 481
52 464
92 497
52 309
54 494
78 218
20 230
27 408
56 481
81 247
27 345
32 478
68 279
67 299
13 208
53 379
53 377
23 241
67 367
30 437
46 483
34 426
58 323
92 200
71 245
72 288
12 376
74 291
38 436
14 321
21 301
72 280
32 240
99 301
66 319
26 216
97 390
58 212
92 475
57 265
92 208
12 358
76 368
27 287
69 488
98 395
59 306
44 215
33 444
87 202
41 251
54 314
15 360
81 353
67 288
22 302
72 220
15 430
17 256
67 339
71 272
20 332
50 407
27 473
13 362
25 413
69 393
34 252
33 251
35 335
21 272
65 384
79 294
84 328
19 228
80 394
68 200
26 427
60 220
99 206
47 272
23 493
46 344
44 216
14 348
76 483
69 236
62 411
27 378
88 380
11 205
70 404
19 447
95 311
83 427
86 297
69 435
53 464
100 482
91 422
18 229
46 499
77 218
78 295
96 397
84 449
48 446
83 306
93 329
43 358
32 382
21 454
43 392
22 394
13 295
100 452
86 468
15 340
96 308
19 229
65 307
13 305
100 228
77 445
26 476
84 363
54 405
57 423
76 431
29 418
89 330
17 300
80 269
89 483
21 272
28 280
18 439
96 380
34 494
26 274
98 325
53 225
20 451
37 274
85 213
28 356
91 361
100 442
10 344
98 256
67 384
14 493
64 419
45 239
88 446
92 279
23 448
89 248
97 252
73 278
89 263
17 358
79 339
12 303
76 421
17 297
42 393
16 377
37 361
100 472
12 478
25 275
89 304
66 322
82 344
84 320
83 232
12 279
24 476
57 202
30 490
85 399
92 287
20 442
42 440
59 453
65 414
39 341
40 248
55 272
88 210
99 247
46 267
85 312
68 208
13 337
59 363
13 278
42 260
86 296
51 332
88 417
72 275
21 461
75 419
41 465
21 322
86 369
40 338
71 279
65 244
12 493
78 401
45 255
84 489
46 409
28 348
56 314
50 281
56 444
50 205
40 326
25 369
72 416
11 425
33 251
32 360
61 274
95 263
19 419
25 378
28 321
42 351
88 397
95 459
23 329
46 498
22 241
85 347
87 322
43 451
69 440
44 366
29 268
24 241
33 429
64 263
91 445
79 434
41 294
37 380
34 305
23 326
87 243
84 302
47 443
45 488
100 261
35 345
35 230
36 265
96 304
63 407
50 241
26 288
68 430
52 206
79 294
55 330
26 254
55 401
72 384
31 328
87 490
15 223
22 358
32 377
49 417
57 409
81 321
32 242
43 362
57 234
56 330
94 243
93 246
51 279
56 332
52 323
45 379
16 290
16 385
27 396
23 448
43 458
64 499
59 267
19 448
71 317
16 365
53 360
67 252
80 289
82 294
17 404
43 258
90 458
14 358
94 443
98 407
75 322
71 349
20 214
92 338
61 272
46 440
23 413
23 319
95 325
78 363
75 334
78 420
59 262
35 291
63 382
95 353
47 352
78 291
62 497
92 447
84 381
80 449
19 327
16 494
89 378
68 379
95 475
81 450
44 376
59 490
55 488
51 460
72 294
65 455
15 378
10 308
10 235
12 249
73 273
77 213
55 347
41 361
43 491
93 307
98 351
37 323
57 389
60 427
77 231
70 221
88 480
51 365
49 335
62 276
78 406
53 256
73 481
72 323
22 477
100 287
31 426
24 364
85 441
77 495
51 319
60 278
69 243
81 263
16 255
10 484
70 377
69 411
91 406
29 277
20 363
75 356
72 222
90 300
