10000 500 200 500 10 100
29 391
36 422
84 254
38 396
74 393
69 357
80 482
47 404
22 353
36 365
81 216
23 286
89 356
79 296
29 293
33 442
38 264
63 348
88 337
32 295
78 284
76 468
74 430
27 210
60 298
66 220
60 417
33 311
21 483
83 341
62 236
59 458
66 343
64 317
66 297
31 407
57 262
55 397
89 444
70 421
42 231
41 253
14 497
94 469
82 220
73 453
45 289
86 306
98 464
34 258
52 232
60 392
68 238
82 484
40 393
58 422
40 295
80 270
70 288
77 219
66 246
48 314
88 331
28 466
90 240
11 305
60 439
56 265
66 432
36 407
96 403
84 447
53 252
87 288
53 205
80 398
83 229
72 336
68 279
18 404
95 224
14 291
33 403
88 388
13 354
10 408
78 372
52 202
64 269
96 212
72 297
78 224
56 270
40 384
56 360
33 418
74 245
21 295
13 365
12 231
93 277
33 474
13 492
91 270
83 465
36 284
25 391
24 285
70 366
85 259
19 257
28 359
62 435
44 500
18 437
35 215
12 368
71 360
49 414
90 369
11 411
39 389
46 459
50 461
62 443
84 299
59 394
54 251
58 362
92 325
88 480
67 210
38 278
22 456
15 499
100 370
82 225
49 459
45 231
87 257
40 336
31 372
35 263
25 256
80 321
12 473
88 472
73 397
77 250
56 241
88 375
69 355
10 469
49 333
23 431
96 372
59 496
96 496
17 365
30 484
82 382
16 235
18 336
47 403
28 483
84 282
65 303
37 207
22 449
27 469
65 429
80 345
92 283
60 431
12 289
49 383
67 267
15 222
88 298
40 437
63 266
74 388
65 404
100 338
40 433
66 482
92 346
71 233
91 313
44 274
64 276
40 271
55 323
76 445
14 468
65 401
28 348
11 352
56 432
39 354
80 297
97 475
57 359
16 269
13 370
94 322
13 300
14 489
68 437
53 242
48 263
93 387
63 480
65 361
57 229
57 474
53 247
60 467
73 302
10 275
87 378
97 368
26 490
47 248
44 237
73 278
78 483
11 359
76 454
11 220
78 433
59 456
27 339
83 284
92 406
28 362
39 205
30 409
43 334
19 318
74 496
76 319
64 260
98 338
61 447
26 394
19 249
58 256
10 219
79 277
40 449
33 355
92 418
95 347
37 418
28 271
11 310
68 340
34 317
59 332
26 483
76 340
66 272
24 368
44 236
22 414
70 334
59 387
15 480
12 451
73 499
97 311
77 412
94 428
83 276
12 240
43 234
88 239
28 275
28 347
75 250
52 494
93 477
22 334
17 363
57 354
98 255
18 419
35 262
92 444
70 354
70 346
90 312
27 393
40 240
87 397
39 447
66 373
93 219
46 380
55 240
98 442
100 396
79 210
33 404
96 245
82 386
21 344
93 224
95 333
37 474
91 304
36 318
14 293
50 433
99 469
60 404
100 466
27 219
10 455
65 378
59 431
40 339
33 209
62 209
18 377
79 270
72 301
71 356
13 475
43 315
68 460
24 302
32 215
99 350
99 444
44 419
26 240
44 346
60 370
47 342
47 236
84 426
47 249
12 231
28 268
52 415
55 263
16 403
60 237
25 498
31 479
69 303
49 424
66 468
61 253
85 238
83 419
33 375
39 443
70 440
88 451
98 489
94 321
35 490
72 341
65 338
25 302
56 487
52 338
80 216
78 461
26 378
49 416
43 245
92 357
52 319
40 339
74 218
16 447
39 266
65 394
33 254
43 242
44 470
16 392
13 470
95 490
61 430
33 350
37 212
22 408
57 263
82 387
92 456
46 488
65 319
41 324
44 325
46 312
76 247
54 479
54 305
100 313
98 321
25 458
63 470
68 414
97 361
20 211
37 332
72 237
73 329
60 222
95 227
47 447
11 337
49 490
56 341
40 425
50 214
42 245
99 446
39 465
11 458
100 321
21 424
47 490
91 219
91 406
92 345
18 219
46 226
65 322
76 310
99 278
12 327
45 256
56 430
22 328
77 395
49 426
100 256
36 269
45 376
38 270
71 276
47 402
19 297
62 367
23 219
64 430
17 416
43 317
36 405
37 482
84 292
18 316
25 322
90 372
77 258
51 469
80 481
71 334
52 342
37 332
100 344
98 407
89 498
86 405
12 367
45 451
53 242
32 306
13 349
28 260
92 317
44 490
19 296
23 273
54 222
43 499
40 416
76 426
34 377
60 264
92 415
22 451
10 479
65 219
73 483
47 484
15 206
89 346
12 495
40 439
51 273
26 382
67 290
26 351
71 337
80 460
88 327
59 407
54 416
18 381
60 454
44 397
52 235
44 461
34 411
82 444
100 285
73 370
16 331
19 291
82 384
55 418
99 411
36 315
81 249
31 423
15 207
59 361
89 260
29 470
83 469
14 352
24 488
65 429
29 242
61 235
81 219
49 437
73 276
84 455
73 395
10 225
70 395
90 394
69 456
88 374
35 276
87 478
32 496
33 331
43 324
32 413
17 267
55 472
10 298
50 417
42 450
68 345
62 277
77 497
45 351
35 406
19 293
36 440
80 488
100 326
60 385
52 404
57 285
47 243
51 448
46 275
90 300
12 440
78 407
52 358
60 255
100 384
14 397
26 386
48 343
77 496
11 449
65 429
42 472
68 367
14 330
30 264
34 310
24 306
64 389
79 473
96 477
99 240
67 429
11 206
95 337
11 247
60 298
16 268
84 346
76 437
57 325
98 354
81 454
47 350
41 372
38 234
19 479
91 471
14 399
43 427
86 427
20 219
27 348
92 242
70 472
69 367
79 378
62 430
96 429
19 371
40 401
26 398
37 377
42 484
24 243
20 209
36 333
100 444
64 214
72 372
20 312
13 480
23 207
64 218
80 488
99 485
37 293
76 466
85 399
21 445
45 308
62 361
15 330
42 370
14 439
18 278
60 478
29 490
94 467
45 369
73 397
46 240
21 486
26 307
45 354
20 274
76 353
69 403
87 439
66 326
30 212
32 376
12 410
16 424
51 322
33 228
48 395
76 355
98 473
17 462
100 463
76 237
54 370
55 246
98 410
85 434
47 224
61 310
22 373
100 208
72 223
40 411
17 453
86 497
78 477
10 450
38 393
51 453
37 426
75 319
32 320
69 206
84 259
72 478
49 298
75 324
56 421
48 489
91 499
31 496
80 342
44 261
24 431
52 296
97 463
55 390
57 365
50 325
42 410
15 203
46 487
56 226
65 260
73 478
80 399
22 431
42 367
84 223
94 405
23 301
70 432
34 398
45 284
73 418
49 223
75 399
74 498
58 365
40 389
83 213
77 315
87 276
67 334
27 477
59 367
66 354
25 216
61 343
27 474
90 242
27 380
31 206
48 366
83 332
62 213
52 291
23 488
10 457
61 467
57 309
75 210
55 381
66 413
49 276
93 483
12 332
20 208
65 489
66 458
90 377
66 364
56 446
86 233
77 422
38 284
20 230
100 391
56 269
34 333
48 388
50 362
54 427
91 306
72 493
72 435
73 433
19 485
34 399
93 479
58 466
87 498
49 305
50 305
52 390
53 418
17 201
57 297
16 398
86 242
56 366
92 407
12 223
64 375
22 408
90 440
93 365
92 215
25 274
90 294
68 206
37 491
89 490
90 335
47 390
72 425
50 353
37 251
81 221
41 497
64 479
62 449
22 322
15 262
10 233
75 257
37 215
61 446
11 234
73 289
79 406
94 428
23 293
33 282
39 354
86 441
10 213
66 425
71 302
31 429
29 241
94 272
61 433
88 459
57 497
64 390
57 210
34 308
95 244
27 367
38 468
80 480
30 446
69 214
70 289
63 280
48 277
61 335
80 268
24 476
61 289
79 366
51 380
94 301
24 313
32 271
94 422
44 460
10 353
14 312
55 265
75 220
93 494
55 351
36 346
62 224
100 338
74 382
60 262
50 390
95 297
43 302
91 411
64 335
97 435
77 404
15 288
98 239
39 478
33 241
75 414
31 406
96 405
79 467
24 469
46 489
16 215
59 234
72 301
50 337
99 265
73 433
30 413
65 384
39 310
94 412
90 440
96 473
72 303
40 208
18 494
58 236
17 235
75 333
47 388
10 270
95 459
11 205
59 373
54 460
18 263
19 354
79 386
83 244
41 464
36 210
14 498
26 415
55 265
16 267
69 415
90 304
42 489
94 442
57 448
97 242
11 470
26 462
36 422
83 294
91 206
32 291
57 248
32 434
93 451
56 214
45 487
40 436
89 377
85 335
88 227
27 283
12 223
31 301
58 499
75 278
39 397
59 406
99 323
13 206
73 489
68 387
74 289
10 449
30 449
62 239
83 359
59 472
76 316
40 275
64 417
89 217
65 472
96 207
45 461
70 317
75 235
41 423
34 224
64 488
43 404
79 397
58 349
28 394
88 340
36 477
80 220
44 268
79 417
24 486
54 290
84 275
21 204
30 347
72 318
71 349
63 310
85 482
57 313
23 270
77 242
86 407
81 240
55 203
75 200
35 231
53 240
10 313
86 253
81 421
31 492
25 239
16 265
74 407
28 345
62 228
89 473
15 398
84 308
81 367
82 288
40 296
77 454
70 271
78 266
73 224
17 210
99 206
68 232
40 402
21 288
98 212
93 263
32 221
79 460
50 378
72 235
66 325
92 281
64 393
92 285
85 303
41 429
75 371
18 422
47 287
23 350
46 219
64 357
98 483
35 378
20 313
99 231
99 350
64 231
21 358
52 357
16 412
42 469
44 444
66 203
86 298
43 478
11 215
91 306
56 400
27 255
38 396
95 348
14 297
90 435
29 495
21 364
78 274
33 388
19 421
19 447
31 243
26 233
66 207
49 204
48 323
41 368
44 295
13 412
10 343
63 295
87 387
55 493
43 490
93 429
29 219
10 327
17 248
37 270
50 450
10 411
58 283
81 490
30 492
93 468
93 498
12 369
46 471
60 294
51 491
11 268
17 296
75 472
44 205
13 297
57 265
52 476
99 433
59 425
33 265
65 456
22 353
21 446
41 435
17 232
40 461
15 334
73 445
41 247
98 295
71 353
11 249
75 408
98 442
44 354
91 423
100 268
28 434
78 348
62 401
58 441
56 379
19 316
60 328
15 472
85 457
28 483
88 351
11 437
80 471
69 298
97 400
36 368
95 227
91 400
52 294
66 238
65 364
97 244
25 417
34 313
77 289
66 277
45 434
12 482
66 305
84 497
55 293
95 236
41 328
22 247
33 474
61 394
16 390
11 227
22 352
48 428
41 385
16 279
35 469
90 472
59 237
70 226
63 280
16 450
49 396
40 279
23 232
76 456
11 310
67 477
65 221
67 301
36 307
34 422
62 389
68 246
67 259
24 205
18 233
23 498
28 401
45 248
60 448
23 252
50 385
39 418
49 280
27 209
31 347
52 361
28 273
57 410
64 378
68 371
17 319
83 290
50 342
30 300
92 239
78 245
77 330
10 227
65 430
16 245
32 417
32 260
85 211
52 220
12 334
74 300
53 207
25 371
92 477
73 389
41 322
78 338
20 346
13 259
22 300
24 250
85 409
48 405
79 229
34 309
63 214
71 265
71 498
79 269
84 406
99 388
92 290
13 327
71 341
39 409
43 441
26 356
54 218
13 218
18 383
30 360
89 485
40 317
40 361
75 354
23 242
93 443
65 216
32 216
65 456
17 497
15 282
80 495
15 361
44 245
20 288
10 288
73 280
74 203
13 489
80 355
37 347
48 311
30 367
81 470
31 400
47 468
39 266
11 480
62 372
74 369
64 379
87 481
68 310
92 298
25 238
14 227
97 250
45 499
75 364
29 488
67 383
49 494
45 263
56 325
50 446
86 343
57 348
56 232
49 205
12 454
18 232
71 379
75 217
49 448
47 293
62 342
87 288
26 374
69 205
44 235
55 390
38 224
72 451
43 393
30 285
92 200
68 276
61 399
30 204
98 423
30 230
35 472
78 297
91 367
77 241
71 252
71 479
50 366
82 232
15 334
44 353
20 435
22 411
97 420
87 429
64 411
17 304
76 424
56 476
47 452
54 391
72 396
15 480
19 496
21 268
68 277
75 413
57 498
29 243
84 437
10 458
76 277
52 478
18 361
71 239
84 469
25 214
92 497
30 374
33 403
79 271
49 210
87 339
57 256
66 322
75 251
94 289
91 239
19 226
60 219
17 410
58 394
52 250
16 316
50 281
29 213
47 398
88 284
81 480
56 368
38 283
82 330
51 395
84 388
34 467
40 436
40 294
63 500
90 419
70 467
25 283
74 300
73 203
12 467
23 423
15 234
95 400
90 327
22 432
96 215
70 320
77 223
39 479
44 207
25 338
75 294
92 454
56 300
27 477
34 339
69 298
98 405
81 435
99 241
78 393
93 213
46 405
10 376
25 208
21 479
48 306
88 465
88 416
20 415
54 279
61 291
38 273
39 324
63 425
27 323
11 319
40 279
42 271
40 356
75 287
68 374
90 357
68 351
52 352
99 465
23 217
35 257
35 449
76 247
18 444
44 388
12 405
74 285
68 372
71 203
17 475
71 250
48 414
38 352
70 364
49 394
49 320
50 370
92 229
78 390
18 435
36 484
49 495
34 213
13 409
65 222
87 292
34 412
80 371
24 469
52 380
49 314
54 461
82 467
68 299
99 361
71 383
66 322
88 363
79 441
48 302
27 352
31 434
22 298
67 326
13 238
15 327
26 353
59 285
59 477
56 424
73 315
99 431
52 382
82 472
39 262
26 434
70 365
98 426
11 370
71 428
36 405
74 209
53 291
12 325
66 376
75 354
92 254
83 326
21 276
64 457
100 268
97 201
81 456
51 345
75 326
67 483
69 276
70 487
80 484
76 333
85 310
90 247
77 469
73 248
90 369
38 281
34 293
21 320
98 407
13 272
55 436
91 463
26 444
34 276
86 209
57 484
12 293
63 432
72 302
30 204
25 333
12 358
62 316
17 373
94 340
85 404
43 448
61 235
15 263
18 266
10 470
78 290
65 228
99 223
28 350
13 251
93 211
100 357
46 335
66 248
80 474
40 449
42 266
89 209
92 244
92 250
78 273
75 425
25 260
85 382
17 373
94 341
57 290
16 410
63 227
86 297
39 308
35 269
33 428
35 351
36 303
87 384
11 491
100 377
33 454
23 359
35 440
93 358
63 447
38 301
87 424
76 374
55 342
51 354
78 471
19 490
56 355
34 349
56 329
37 294
72 232
35 308
73 350
79 348
42 483
69 470
83 295
98 386
61 484
69 455
78 443
59 427
36 216
43 392
70 249
77 377
36 285
92 451
45 400
52 482
93 246
58 287
71 242
28 477
94 410
23 429
44 324
57 451
17 379
68 384
77 226
72 407
62 495
83 496
12 455
36 224
98 376
86 240
40 482
89 342
71 396
21 243
36 324
38 258
75 234
75 329
94 401
35 269
26 342
15 487
95 440
40 496
80 219
22 432
46 200
59 289
29 492
76 365
92 474
52 215
26 212
34 466
80 278
83 256
66 249
40 465
46 201
14 253
49 444
51 368
44 457
55 340
33 489
34 211
51 275
98 419
19 320
40 450
44 419
10 266
27 498
77 406
64 440
96 418
24 342
51 327
100 493
37 496
43 319
64 391
91 484
13 431
100 443
15 400
36 336
59 227
47 446
33 281
70 289
67 218
27 484
95 480
66 210
67 354
45 380
45 421
99 252
53 365
100 482
57 304
64 428
42 450
95 212
28 458
83 378
10 483
55 218
80 234
42 385
73 255
84 330
66 326
19 328
96 325
30 453
98 375
20 260
11 402
57 202
85 273
30 283
55 240
96 216
48 279
88 360
14 364
82 310
15 321
96 379
63 445
15 376
62 411
52 342
47 356
99 420
54 474
70 433
56 252
50 487
93 248
31 415
62 285
84 300
94 361
85 302
20 260
69 323
70 260
52 481
89 206
38 294
86 351
57 443
27 425
15 484
89 223
33 283
39 371
34 414
11 311
95 286
63 391
100 489
90 271
38 316
18 317
73 206
82 387
14 269
81 275
71 483
10 348
35 305
63 397
79 250
32 233
92 277
90 443
16 324
96 484
74 239
27 299
77 416
83 392
60 496
55 435
85 214
78 441
47 250
87 287
58 243
52 334
56 443
41 336
36 488
22 455
20 318
100 221
55 438
31 468
99 329
53 257
47 383
19 360
61 233
63 482
67 216
22 295
45 289
37 423
96 500
34 252
60 329
56 300
69 384
90 398
33 318
66 253
63 351
54 434
34 360
86 410
21 429
67 482
67 385
45 493
24 230
85 399
56 215
95 375
34 466
44 310
26 427
80 232
92 276
56 462
95 279
71 460
56 273
79 423
48 345
38 290
46 357
89 484
70 387
15 470
31 380
67 384
65 340
43 384
34 331
36 251
46 414
87 315
87 350
31 394
96 351
50 268
89 371
32 278
76 410
15 358
56 224
97 396
73 356
85 229
81 322
24 294
70 439
35 471
46 344
44 232
32 246
73 401
77 301
32 424
49 424
11 249
64 221
33 260
91 371
86 312
81 217
14 477
26 462
59 494
12 209
58 499
41 224
45 472
42 326
22 285
58 375
94 395
74 426
64 221
50 392
52 288
11 437
87 314
12 461
98 452
55 282
39 474
92 246
19 381
95 238
69 319
98 499
81 257
95 367
89 220
84 360
27 417
13 322
83 392
11 287
37 450
51 492
96 374
57 317
67 308
90 470
20 216
13 339
22 393
88 351
95 212
58 471
73 204
24 410
83 273
52 488
35 315
40 395
89 415
53 242
55 315
97 398
46 379
18 353
60 491
76 382
84 412
28 433
47 344
64 260
21 287
93 338
62 425
84 339
36 443
59 310
86 292
99 287
18 443
97 491
28 291
39 437
58 474
20 317
90 460
40 433
43 324
63 398
18 201
99 286
36 367
78 401
65 251
60 327
99 326
58 428
27 439
82 319
43 482
32 428
30 262
12 385
48 328
75 333
66 217
17 473
29 462
30 241
24 309
20 207
89 435
57 200
17 497
43 233
47 203
53 316
43 269
47 299
37 431
55 477
84 248
48 280
10 270
12 473
64 388
55 462
97 312
20 495
56 229
34 234
88 438
23 447
48 498
28 404
34 427
68 375
89 277
36 434
53 475
67 425
14 283
21 484
76 297
31 401
91 353
79 308
48 483
25 296
15 249
62 408
70 278
10 399
15 437
46 350
28 437
28 273
78 410
14 262
78 382
56 281
44 347
63 273
79 342
31 259
74 216
40 315
29 499
91 298
83 245
45 295
57 472
14 349
19 271
58 285
97 375
17 385
37 403
39 300
64 225
16 334
97 275
34 285
39 362
12 458
32 331
40 286
64 318
29 381
15 296
22 240
81 229
96 441
16 332
41 376
47 400
61 347
47 357
75 498
81 264
14 323
78 405
44 395
41 243
30 309
40 439
48 309
24 223
100 350
84 239
54 461
94 484
44 363
16 489
33 257
86 212
52 346
35 489
20 337
12 214
66 319
35 244
33 371
63 426
50 320
25 444
46 354
24 286
12 466
52 326
34 225
26 302
16 204
79 260
33 270
73 486
94 426
55 265
26 496
49 214
70 354
22 294
36 283
49 423
21 404
27 419
44 284
75 448
10 259
83 328
88 231
76 217
15 292
61 452
92 222
88 353
80 271
85 333
91 276
99 300
41 201
46 306
76 489
79 323
65 210
63 377
70 212
87 397
23 426
60 291
63 461
83 222
65 288
48 334
54 308
56 292
25 352
22 394
12 351
29 286
69 416
36 301
75 256
66 483
76 493
18 277
81 466
70 434
21 403
53 367
71 400
66 268
53 255
39 290
32 377
39 466
95 288
82 470
57 411
73 224
27 474
23 304
89 349
59 391
18 254
82 460
63 414
28 455
80 336
78 273
69 318
56 254
52 202
48 500
38 374
85 264
18 273
15 434
99 355
23 422
28 330
11 312
60 306
50 462
94 458
57 404
51 222
96 482
94 380
56 387
71 403
40 349
55 269
92 296
63 355
76 282
27 297
25 478
60 307
32 295
99 423
86 339
45 406
60 369
77 450
22 287
62 405
25 226
14 417
60 347
76 290
64 205
67 470
86 239
60 319
87 289
49 282
79 386
15 498
75 221
97 258
29 248
19 442
28 386
68 346
97 379
68 308
52 221
56 264
67 302
61 344
45 374
41 268
10 311
14 262
82 411
80 338
75 233
61 431
29 438
35 350
79 411
39 449
97 485
38 442
72 344
33 376
16 409
83 226
64 458
99 249
50 359
62 275
84 466
71 259
21 482
27 417
68 265
38 273
22 275
81 233
72 498
90 336
67 301
11 374
21 400
45 325
41 258
38 348
36 305
26 274
21 214
54 427
16 305
97 328
65 463
11 498
80 219
31 314
79 445
47 278
31 308
13 301
96 201
39 237
58 305
32 392
15 301
11 399
21 267
94 434
38 287
65 388
66 213
35 325
71 388
88 449
71 204
71 260
49 397
51 312
18 357
29 219
12 220
89 262
45 344
15 466
93 376
99 384
73 304
56 494
21 310
52 336
50 441
12 269
23 392
86 236
80 282
62 456
89 424
75 238
48 412
97 396
66 356
52 374
44 487
35 300
57 258
55 309
90 280
86 233
63 207
14 220
76 274
40 291
32 443
88 463
84 281
63 391
59 336
41 244
28 330
65 317
97 279
72 284
29 304
15 280
82 285
78 300
38 225
38 306
22 418
83 220
26 376
26 333
67 375
84 282
77 471
60 342
75 275
75 359
95 493
94 389
52 489
14 436
42 226
93 379
21 208
31 340
74 260
28 293
57 300
78 439
13 473
22 218
38 456
90 376
67 214
26 224
16 452
15 465
25 400
20 371
90 492
26 490
41 433
56 486
100 355
75 201
78 403
98 375
74 346
93 254
32 264
67 311
55 437
95 442
87 316
97 442
99 323
93 308
74 411
80 237
90 417
92 342
95 257
36 376
93 466
79 211
53 208
17 494
71 295
68 229
69 497
87 219
93 299
59 375
82 319
92 473
46 399
91 253
36 230
61 257
62 358
97 475
38 289
12 208
31 301
73 295
87 406
56 366
92 340
45 412
97 401
60 444
74 449
35 204
85 323
81 372
42 278
14 245
98 212
86 200
77 240
18 309
88 308
97 400
86 465
69 355
85 445
40 363
49 493
74 269
14 377
33 245
49 236
70 470
98 292
28 209
84 214
55 477
18 492
13 218
99 436
56 220
53 370
95 472
51 449
79 376
77 483
54 479
56 409
24 466
87 367
44 231
87 491
41 452
56 332
68 388
69 292
55 346
100 489
30 272
34 359
58 211
81 317
42 206
79 336
97 476
16 344
89 333
46 213
13 266
26 203
63 310
85 310
22 256
20 223
87 485
96 276
99 421
62 383
29 368
13 348
22 472
72 298
28 275
46 338
26 354
93 294
100 437
87 370
77 350
18 271
94 223
23 278
96 490
12 319
86 429
56 450
79 408
62 204
89 257
82 273
23 484
47 376
67 470
52 363
83 387
59 402
43 229
85 302
26 389
70 326
55 286
10 467
97 221
47 425
77 211
53 491
55 314
84 364
76 258
17 300
11 358
51 303
54 430
35 356
38 274
72 334
74 404
33 302
14 470
18 454
51 423
51 425
68 207
33 217
76 463
18 459
22 267
74 207
47 415
89 213
57 242
75 298
12 346
54 372
30 274
14 245
40 217
46 483
43 457
96 488
25 215
49 238
26 456
19 478
75 307
55 307
38 486
69 296
80 453
64 345
38 491
50 223
77 258
66 379
71 354
44 382
82 260
39 350
59 365
23 334
25 466
72 270
13 244
48 231
53 231
99 222
33 465
12 427
87 400
35 487
46 420
22 320
15 238
78 393
15 497
13 272
76 366
38 362
70 458
25 355
94 217
20 409
25 270
42 455
97 339
39 472
53 309
22 437
56 211
92 397
98 356
99 418
33 261
68 380
28 421
86 406
60 259
55 319
34 298
56 248
34 213
26 394
36 209
51 317
99 461
96 426
91 433
85 236
84 372
87 410
89 298
95 379
84 329
39 435
53 219
54 261
33 401
71 253
25 235
94 329
71 283
72 459
100 398
92 407
61 258
66 210
66 330
50 411
99 335
73 283
27 226
46 335
50 499
62 234
82 458
41 376
23 418
67 454
21 227
23 232
52 374
75 339
38 431
19 361
57 343
95 368
62 437
40 494
10 341
29 315
63 340
51 486
25 273
52 271
29 497
24 283
97 295
96 221
30 420
24 490
13 475
67 381
66 309
83 243
14 352
64 446
24 297
59 499
77 318
45 369
29 270
84 383
11 272
13 340
11 485
24 453
53 435
33 369
94 458
91 443
71 218
27 249
22 217
95 435
41 214
11 348
52 453
39 399
27 333
92 364
77 316
87 276
87 450
54 494
41 306
41 465
52 222
13 389
89 210
70 274
36 324
42 259
72 402
86 449
31 446
34 300
46 428
81 210
46 270
30 483
32 338
42 398
73 411
54 298
42 256
97 344
10 243
64 355
27 361
25 377
42 364
99 316
23 353
65 367
67 228
36 497
99 496
25 425
67 379
49 474
100 344
48 264
38 220
35 229
67 420
56 385
53 331
40 272
87 226
78 355
42 488
95 370
53 495
29 286
41 265
35 256
30 326
94 443
91 437
12 426
86 275
56 337
66 261
20 339
44 298
58 290
72 243
87 466
24 452
88 308
91 208
12 273
12 434
32 431
40 437
50 425
100 416
70 368
98 472
70 212
85 399
34 252
32 461
34 378
80 467
54 328
50 300
97 258
68 417
99 302
16 345
40 315
60 289
33 487
43 387
52 227
73 250
91 427
86 495
40 373
52 239
51 384
57 401
98 271
29 431
76 370
97 349
94 234
70 314
66 396
35 468
47 235
83 400
55 479
68 215
13 252
86 300
64 343
56 328
73 466
73 235
27 482
72 467
41 271
54 434
97 281
68 288
40 266
33 227
36 280
87 293
63 495
47 269
30 292
58 449
85 353
58 291
53 369
38 247
23 287
45 305
78 280
16 433
16 331
18 340
10 400
35 243
29 224
98 430
28 407
96 322
39 363
67 292
36 369
84 318
94 218
22 272
47 317
41 343
39 363
49 358
98 313
56 355
46 412
29 402
25 413
83 277
30 335
90 454
60 407
59 408
17 495
77 422
53 434
62 457
74 496
75 205
38 415
87 395
37 395
54 394
83 219
59 331
38 488
22 307
38 355
95 268
96 444
17 359
96 203
84 371
32 329
39 456
95 486
50 369
85 345
90 436
83 381
87 218
14 299
25 211
87 237
95 202
43 468
84 255
33 375
97 318
95 251
86 246
14 321
74 315
46 326
35 330
65 266
56 273
92 371
28 268
43 261
23 338
78 330
68 348
43 268
36 458
53 437
79 203
65 266
25 473
69 368
83 297
26 349
56 248
63 403
48 327
49 285
36 340
37 256
98 368
21 351
60 342
99 477
38 243
81 463
27 384
58 267
36 463
55 248
44 335
55 276
31 312
23 324
37 224
67 338
20 455
20 416
60 225
62 391
35 383
95 233
45 331
69 445
79 415
15 253
11 392
75 460
71 439
96 355
37 414
31 253
95 431
71 413
13 258
95 423
28 304
98 355
95 455
51 478
60 241
12 317
70 258
47 335
27 258
37 307
58 432
18 288
16 226
59 267
28 202
65 424
60 395
26 440
99 326
44 468
78 346
73 249
40 258
78 249
68 323
29 237
43 216
85 416
70 225
21 276
14 423
50 482
56 226
71 416
88 286
66 469
69 365
65 485
64 350
73 489
27 389
10 226
83 250
62 295
46 324
56 450
66 268
67 363
25 351
29 395
96 410
84 217
39 329
80 447
61 234
77 452
98 308
91 476
80 268
48 331
42 390
28 387
52 211
73 450
75 277
50 499
93 406
51 460
53 466
77 213
36 238
45 269
10 291
83 454
95 212
21 449
40 315
50 257
23 333
66 387
67 300
76 295
20 298
80 489
10 358
29 461
26 315
39 492
16 223
60 463
95 429
53 336
64 245
32 318
69 349
82 487
21 288
48 352
74 284
84 348
91 241
26 286
30 339
86 460
29 371
53 296
33 281
64 291
14 275
80 402
37 261
62 271
72 469
32 435
43 212
35 392
35 391
93 358
22 404
98 239
40 488
71 322
62 216
66 343
74 219
56 465
24 382
12 380
33 407
48 301
94 345
53 422
95 421
36 464
40 295
65 347
90 338
50 300
77 330
87 395
69 387
50 328
66 292
85 368
77 270
72 367
76 412
14 401
76 267
93 354
80 367
40 394
100 418
90 256
49 336
25 294
72 207
53 239
71 379
43 298
77 326
87 314
45 452
75 267
47 327
80 279
78 370
11 396
53 365
15 232
66 352
100 421
12 248
28 408
43 317
90 326
82 420
25 378
29 403
16 288
21 263
45 473
22 237
29 418
36 269
57 301
18 224
46 230
24 483
100 399
41 393
85 440
27 413
55 381
53 460
11 242
10 233
16 353
45 281
41 372
59 469
42 220
60 444
40 464
95 438
49 423
81 386
64 391
86 428
43 311
87 439
56 358
60 317
26 441
50 479
45 248
99 234
29 338
55 268
50 353
15 413
92 335
75 387
47 295
27 495
52 451
95 208
17 303
23 467
66 223
44 254
26 341
79 238
18 214
21 228
53 260
63 341
30 438
54 318
87 290
27 387
38 444
91 497
84 471
31 238
67 407
13 464
25 329
82 475
32 307
98 358
90 342
73 460
87 424
57 209
51 338
28 453
12 241
40 276
39 360
89 454
80 305
96 212
37 367
44 477
86 389
87 238
91 231
11 208
39 223
67 367
32 312
21 392
20 467
74 262
66 482
61 343
53 331
57 470
86 240
55 421
32 479
10 358
55 457
53 362
23 281
64 291
74 247
86 496
80 349
49 340
74 473
43 417
56 236
23 301
44 281
67 455
64 431
41 416
85 376
55 265
73 204
59 299
47 237
84 214
57 200
24 466
87 235
65 224
10 216
91 245
63 246
63 203
40 209
88 312
95 395
76 240
14 432
13 400
33 281
84 304
37 466
64 253
18 451
72 470
60 353
69 463
73 464
93 324
41 334
45 256
22 211
93 376
99 334
85 412
100 387
65 497
29 233
12 302
10 225
25 349
91 486
89 225
31 475
83 320
24 484
88 285
55 371
70 438
39 486
92 369
77 263
65 475
91 312
50 479
95 246
67 465
12 336
65 379
90 237
86 368
82 222
57 215
16 364
96 347
88 200
37 221
59 329
77 259
75 471
40 228
98 314
71 447
70 381
87 209
53 221
26 337
62 229
77 387
15 203
67 241
22 499
74 466
48 457
20 217
83 211
100 393
65 437
97 223
76 413
46 434
18 309
15 376
51 372
92 230
16 245
67 277
15 232
90 319
98 466
84 365
67 331
77 250
32 396
18 334
19 204
79 441
70 287
51 400
28 328
85 232
54 400
16 365
98 500
30 319
22 320
92 390
12 241
64 468
95 462
86 444
80 267
85 478
11 450
24 211
31 455
71 399
66 200
51 485
36 246
21 464
37 236
44 216
33 241
81 414
32 484
86 368
83 440
15 302
59 421
67 364
44 205
71 479
68 274
79 455
100 465
59 334
18 220
83 227
53 232
23 463
82 497
41 413
31 374
48 472
45 226
76 419
59 295
95 487
76 258
37 438
80 307
65 473
79 320
29 236
64 339
24 265
57 278
10 418
17 442
75 495
33 422
47 449
14 209
61 385
67 324
17 489
38 292
34 457
37 358
55 213
66 440
53 280
77 205
54 367
18 335
52 364
87 474
39 272
83 496
87 448
41 427
12 499
46 243
93 329
97 396
81 347
70 371
37 251
40 374
10 221
27 229
59 214
95 446
20 383
40 391
43 259
16 465
57 285
35 411
79 358
50 205
100 340
46 382
72 451
72 208
40 213
78 305
18 489
39 213
65 491
78 399
94 471
98 454
90 269
53 418
71 420
81 381
28 498
60 349
55 216
79 317
36 343
90 456
81 472
25 400
51 271
98 358
94 360
85 495
26 425
14 254
84 233
20 302
28 396
19 428
55 206
38 390
98 416
42 328
63 212
77 247
67 224
48 222
68 467
96 262
77 378
88 485
66 200
80 442
31 435
74 256
39 364
73 489
47 490
68 365
62 241
13 484
72 216
95 400
90 222
77 322
16 227
98 311
25 239
73 321
82 320
75 313
11 271
64 462
15 315
48 212
82 488
11 372
18 201
46 384
49 482
81 322
94 460
44 434
71 384
18 423
15 380
80 335
48 235
18 462
81 320
74 405
23 418
69 209
34 347
46 342
43 298
81 235
21 295
100 256
84 223
88 380
71 413
60 304
26 208
25 496
41 488
75 335
26 426
39 273
64 436
22 300
54 328
51 240
71 304
10 350
74 474
98 430
71 443
16 282
78 247
100 478
73 376
26 439
34 355
56 273
29 376
48 222
79 207
92 375
55 307
20 338
96 203
81 415
81 249
69 345
35 473
30 279
95 384
13 348
91 428
70 278
82 242
46 205
23 311
25 260
45 405
50 448
60 363
96 302
34 308
53 406
85 270
19 326
19 400
61 493
36 344
36 381
91 268
84 386
25 215
35 245
14 292
53 277
22 253
59 264
28 327
95 339
91 454
44 350
80 388
26 430
41 259
39 368
40 395
52 455
92 397
68 330
69 391
77 392
75 236
80 253
53 374
95 458
94 255
97 429
13 348
42 373
27 367
29 484
64 441
28 472
11 336
14 274
59 407
13 369
70 319
79 203
19 212
56 319
28 217
40 409
82 305
65 470
60 220
19 483
19 340
32 247
40 203
44 401
17 236
39 251
30 391
52 348
44 215
96 420
68 413
46 295
61 358
11 388
12 467
51 237
66 323
85 481
63 405
48 435
66 349
63 296
86 491
41 392
30 308
45 437
25 388
53 488
99 495
13 271
83 494
75 466
81 341
97 290
41 225
30 436
39 460
99 414
52 373
60 354
30 365
76 201
39 219
38 496
90 211
92 425
11 323
36 219
42 336
80 459
85 283
87 484
46 323
54 442
42 451
76 476
62 334
23 316
87 314
44 367
45 378
11 279
18 431
83 414
77 408
77 376
78 214
91 483
29 205
28 332
11 417
39 271
62 484
70 352
20 448
78 320
56 208
18 225
32 499
67 204
69 311
77 295
24 438
78 412
11 399
20 347
16 249
82 314
17 203
70 227
18 434
36 475
79 497
81 381
89 388
27 298
98 413
20 221
61 419
71 241
10 426
45 432
83 204
38 406
31 461
71 357
99 479
19 285
95 280
59 469
54 250
56 364
69 409
26 262
34 267
63 394
31 390
58 365
78 320
74 351
10 402
92 373
58 288
94 355
54 373
51 284
81 288
49 335
44 230
49 274
68 398
56 488
63 242
73 483
52 321
39 341
44 290
69 403
86 472
61 495
67 278
91 216
26 424
12 313
20 395
81 200
16 303
30 380
93 238
100 458
92 394
14 331
76 261
82 361
88 489
54 274
98 382
71 332
36 288
90 207
78 229
77 275
60 394
16 376
15 215
51 490
61 330
87 341
44 252
51 321
63 254
92 206
92 384
91 490
88 481
26 404
14 403
13 239
16 331
70 375
42 498
18 453
82 435
99 467
25 243
100 477
60 381
93 482
69 269
85 383
26 315
39 457
20 463
48 211
68 412
37 338
45 500
18 486
57 333
96 319
19 438
14 423
66 477
74 229
96 222
98 494
76 448
59 303
31 395
11 453
31 399
52 465
55 331
99 480
85 299
37 289
69 240
26 201
54 315
21 461
66 392
42 424
99 301
81 447
14 239
73 251
37 440
71 233
92 363
47 483
80 259
33 397
69 483
35 265
19 378
42 383
72 326
33 306
28 282
54 322
48 402
74 207
57 287
20 360
66 202
41 310
85 312
46 259
84 304
82 289
71 498
85 450
51 477
12 200
74 308
17 328
52 393
50 299
78 325
65 277
34 449
96 286
77 292
78 253
12 369
15 276
91 263
15 439
23 280
64 247
44 459
62 296
15 409
48 479
79 201
97 258
62 392
75 409
34 389
51 278
29 252
63 372
63 328
13 356
92 448
63 444
55 477
21 457
42 334
59 368
25 491
78 484
11 419
68 212
21 302
24 262
81 342
12 419
61 443
19 276
36 376
78 246
12 208
94 487
11 386
72 325
62 480
19 456
18 449
51 454
11 457
23 302
59 347
79 467
85 244
62 430
76 211
55 221
45 427
38 260
55 311
42 438
12 442
86 437
44 208
57 287
17 354
81 463
48 410
39 240
63 370
44 272
10 394
86 298
54 500
99 330
40 441
31 299
45 308
70 470
59 324
78 230
49 446
86 428
87 320
20 457
32 386
94 319
59 271
31 297
19 474
28 330
78 393
45 245
73 413
18 317
85 220
15 464
24 238
21 218
69 257
13 296
92 454
39 421
39 280
70 494
98 343
51 417
55 200
67 486
54 425
66 348
42 297
26 359
25 400
20 442
75 251
91 298
75 401
32 427
97 383
69 484
98 492
85 461
58 310
49 303
98 396
58 429
39 460
48 276
27 312
54 464
36 203
74 316
81 478
30 333
68 412
88 284
61 414
33 344
40 440
38 207
41 295
29 225
76 370
41 312
43 267
64 294
46 285
86 423
49 403
19 371
21 270
35 217
86 449
98 457
48 257
16 421
74 246
65 356
19 496
21 347
98 492
37 230
65 301
76 287
45 407
75 266
99 363
44 358
75 344
62 449
67 476
17 202
20 264
97 438
31 224
89 271
46 225
24 241
55 453
15 278
92 287
62 284
96 378
73 209
37 205
46 371
56 276
52 452
80 380
65 348
73 422
46 318
86 419
20 472
67 489
83 479
21 344
64 423
39 402
40 441
77 339
78 337
47 332
14 203
47 426
43 314
39 469
83 493
56 291
17 206
34 413
50 201
87 445
14 476
56 305
63 452
75 425
18 307
76 274
91 217
99 359
86 244
66 212
69 412
23 349
50 281
83 300
45 266
56 456
12 238
48 355
33 402
58 226
87 285
71 466
99 498
100 383
23 350
15 477
93 397
22 378
83 335
85 208
27 421
85 391
41 371
10 397
98 274
22 479
98 421
60 411
69 467
98 408
41 438
81 377
48 459
83 260
14 431
12 444
61 380
68 207
18 329
73 221
80 275
89 262
85 342
90 362
23 465
52 424
53 403
58 486
96 253
21 405
60 463
47 283
63 432
29 342
90 443
39 413
94 313
25 411
82 346
85 212
92 342
66 462
39 486
35 304
16 392
50 472
77 306
94 394
72 243
64 247
31 298
46 402
37 333
93 314
29 334
67 238
30 211
18 368
100 345
46 434
97 430
36 288
90 359
65 471
96 468
75 286
38 377
40 425
88 500
73 438
81 263
28 207
80 373
77 469
87 346
48 203
25 257
72 208
57 274
28 266
72 396
68 255
66 290
64 230
10 416
23 371
83 341
45 201
85 201
58 232
87 373
70 321
33 276
69 294
30 207
31 289
42 462
54 424
12 272
68 289
61 371
47 416
39 287
22 475
56 337
10 335
28 441
61 337
64 484
84 316
33 239
39 342
19 499
43 201
17 469
79 457
99 200
27 299
61 239
67 325
25 428
66 283
90 365
11 334
27 299
90 339
16 252
32 237
28 496
92 219
83 279
19 251
11 348
71 315
83 271
86 211
20 349
58 316
85 463
69 362
99 297
69 247
94 379
84 349
73 272
26 286
61 344
90 379
79 386
41 277
14 384
75 405
31 332
95 496
46 420
88 254
76 204
11 316
63 334
61 456
77 231
99 456
66 277
54 264
11 227
58 317
65 379
11 341
18 493
17 202
59 391
51 327
13 306
74 227
55 306
19 245
64 473
22 410
95 483
80 410
14 264
29 267
77 448
17 402
79 443
93 249
73 410
79 478
12 217
96 354
39 436
42 358
21 247
39 356
20 491
29 438
63 242
83 446
85 362
78 327
67 449
54 337
12 451
69 221
38 268
25 490
86 473
78 310
65 313
29 498
96 431
15 306
66 389
51 360
94 296
67 253
88 362
53 250
60 454
22 230
55 396
73 423
48 214
54 336
36 347
94 431
38 467
81 499
49 487
98 303
13 344
55 226
91 496
98 216
35 297
56 419
10 465
37 309
85 222
67 306
17 425
96 395
21 422
92 495
24 250
55 389
69 404
34 297
61 390
64 297
95 309
46 377
91 255
22 201
17 277
11 395
92 492
39 393
90 431
79 219
36 434
47 272
87 272
18 486
57 433
49 346
81 246
63 213
22 406
62 277
17 469
24 484
23 210
28 271
37 462
16 371
84 448
22 431
79 211
70 379
55 447
93 383
57 496
76 243
47 257
15 332
53 242
32 385
35 390
70 392
10 496
43 495
46 405
16 411
92 289
66 308
47 262
51 478
84 285
26 356
16 239
54 317
67 200
25 232
80 407
72 490
78 436
80 293
76 409
92 255
24 241
29 483
32 252
56 258
49 379
53 428
74 299
67 449
37 496
49 439
84 353
50 201
41 412
38 378
69 246
90 217
56 495
98 339
58 358
11 332
42 259
14 403
68 254
99 407
71 229
65 299
75 272
69 370
50 395
39 203
42 430
18 427
54 418
29 471
22 412
62 260
92 312
76 227
55 263
17 262
38 227
32 374
39 462
73 232
50 290
14 495
84 403
33 394
81 436
57 345
90 416
63 465
55 369
93 291
66 323
41 423
71 214
60 399
17 288
96 229
88 365
56 297
21 343
79 337
48 252
11 272
61 388
71 394
56 478
69 386
63 237
31 400
80 354
13 426
67 479
62 219
98 377
42 359
13 255
26 497
100 479
41 474
45 255
82 320
64 251
28 231
67 263
30 288
30 229
50 258
85 367
58 299
73 342
16 462
64 404
80 402
67 426
39 446
75 493
18 462
78 219
72 331
38 374
43 399
41 331
63 309
48 432
60 490
64 264
12 368
14 308
43 298
18 343
89 463
99 308
38 327
49 315
73 309
17 275
90 290
90 413
63 352
25 255
11 315
41 491
59 236
12 450
33 280
43 378
57 377
89 365
71 212
47 360
68 367
50 277
55 238
25 304
83 282
46 481
36 377
14 328
92 218
57 248
80 268
53 239
86 259
74 399
31 281
53 341
81 341
63 302
48 356
22 218
90 464
31 232
14 418
27 253
95 336
74 433
28 426
64 298
20 222
76 205
65 454
48 450
75 213
88 422
59 407
61 205
75 336
27 209
71 347
76 388
72 262
93 386
29 490
19 371
11 430
51 213
14 471
82 375
16 463
18 251
87 486
67 238
14 293
40 274
27 209
93 371
18 481
96 458
96 491
46 380
91 453
42 451
93 304
90 305
47 371
81 385
84 412
47 377
30 369
25 394
46 361
53 348
57 270
61 209
17 382
65 328
11 230
18 455
20 403
19 349
22 364
97 329
36 406
47 479
75 405
19 351
34 334
45 356
28 201
86 312
19 202
49 415
46 217
68 315
71 378
84 393
66 498
43 465
78 476
64 375
96 212
79 394
52 422
63 449
36 363
21 203
88 200
19 346
87 236
61 337
16 374
95 302
41 449
43 421
70 458
77 252
86 219
48 265
86 445
24 262
12 274
20 371
66 433
95 492
59 376
64 229
15 204
53 318
11 398
18 325
45 282
53 274
58 220
21 441
19 301
18 420
79 267
28 349
10 255
50 366
84 366
40 378
24 476
90 271
85 432
50 477
46 420
12 213
47 338
54 303
67 456
31 264
97 261
96 370
79 201
72 446
49 329
51 236
10 268
42 426
92 401
67 412
38 351
11 208
63 277
48 378
33 231
81 455
34 303
79 358
22 258
28 471
14 375
41 390
63 461
52 341
18 417
61 430
57 376
75 455
70 397
56 436
44 472
21 470
67 412
34 327
56 379
56 256
74 201
81 446
24 210
60 220
57 236
69 393
73 286
95 315
72 378
89 359
40 338
36 424
16 404
92 367
65 246
76 285
89 318
82 408
42 265
88 204
16 327
74 412
15 442
38 293
71 475
45 469
81 479
24 260
48 340
12 414
71 350
59 332
35 478
24 244
35 467
19 241
75 292
37 455
13 429
74 353
45 398
39 465
97 360
66 206
76 401
65 284
100 418
58 416
16 455
55 386
54 356
90 413
10 330
24 482
45 313
41 411
60 303
22 335
40 349
17 413
62 210
69 248
48 413
49 221
15 322
50 487
75 284
40 425
19 466
95 370
96 389
50 238
22 355
81 404
56 464
38 202
23 262
87 301
76 413
70 239
83 479
56 461
11 324
48 374
94 490
81 316
31 223
60 268
100 477
12 279
28 237
81 363
90 230
20 472
55 235
100 375
52 435
10 475
95 418
27 245
44 290
39 484
82 465
62 440
29 223
54 330
21 249
59 308
54 355
30 420
11 238
16 301
92 327
97 379
72 373
91 351
74 485
33 276
72 386
91 288
67 433
18 367
31 308
42 409
53 452
53 250
99 321
61 361
83 427
39 392
87 312
22 262
13 376
69 443
47 200
46 317
19 448
45 263
37 356
31 468
56 249
88 496
87 319
97 467
21 243
39 294
73 400
20 451
13 392
67 485
55 373
54 223
73 234
58 326
45 207
43 396
17 260
98 274
85 445
80 374
47 398
56 292
23 272
48 271
100 335
66 253
71 305
35 277
78 261
97 428
26 395
67 473
77 412
80 232
76 287
20 242
68 322
48 481
87 276
60 204
16 255
56 418
52 232
74 398
65 296
42 209
26 346
67 395
27 228
18 311
22 281
85 498
85 387
77 495
71 478
19 373
14 204
17 291
10 484
76 479
67 211
62 219
33 419
94 363
81 238
59 460
83 225
89 420
82 384
92 374
54 310
83 241
30 485
68 250
50 218
11 497
31 414
16 386
98 328
58 477
64 420
88 435
67 342
68 357
95 467
17 233
77 425
23 392
96 355
43 326
95 368
14 402
60 236
33 363
37 233
89 481
13 224
55 348
68 468
35 238
88 434
27 211
85 346
24 216
38 242
78 374
55 363
11 389
19 210
25 462
68 340
55 446
59 255
95 479
75 497
42 457
24 236
80 487
53 268
41 332
15 243
67 418
54 479
82 203
56 307
26 482
81 305
49 310
33 419
57 280
80 202
77 242
11 403
93 370
67 431
51 230
96 456
12 278
40 204
65 372
98 393
63 207
15 479
18 255
62 304
16 260
70 322
34 294
56 280
41 496
13 415
11 434
54 373
10 203
87 440
86 437
100 427
26 279
67 210
24 250
69 470
59 318
67 361
26 316
63 275
88 350
93 235
27 258
55 493
46 483
46 335
43 213
88 261
30 415
100 426
73 283
28 223
59 487
68 212
60 223
49 312
50 424
53 355
95 403
48 442
56 228
79 202
100 286
10 333
20 233
27 465
30 404
67 366
46 219
71 442
19 363
59 314
14 247
43 467
63 317
55 284
45 383
98 336
90 248
27 419
24 477
99 246
96 269
40 219
17 238
90 229
20 412
38 385
13 312
76 358
70 408
37 422
18 477
49 208
49 475
24 205
26 209
23 280
95 463
52 265
55 208
81 299
42 386
97 328
98 233
27 274
19 376
71 231
96 252
42 326
92 365
23 377
85 382
82 402
44 205
44 242
81 209
70 383
88 325
75 291
92 394
14 248
10 310
82 319
11 216
94 288
86 225
27 204
60 421
12 450
49 270
45 389
79 282
96 373
34 429
13 464
63 278
43 289
99 239
21 200
54 302
19 335
38 201
62 434
51 495
45 246
82 273
19 242
48 404
79 211
38 277
51 403
15 435
16 442
61 399
30 377
49 428
97 278
82 300
28 249
40 292
76 258
59 428
71 471
52 414
70 412
47 355
34 243
58 254
72 411
76 376
77 352
84 298
55 431
85 339
51 443
52 473
35 496
64 249
61 480
24 345
49 402
95 454
29 488
68 380
77 359
46 485
20 257
80 339
85 430
54 366
42 307
14 321
60 437
43 216
37 231
95 205
72 259
12 277
57 365
45 342
29 410
40 433
65 307
58 354
90 447
92 256
61 256
15 305
27 446
48 308
95 382
83 309
47 221
20 386
35 240
43 308
90 201
11 366
99 459
20 242
24 489
73 409
23 425
66 436
25 335
10 245
99 357
39 407
86 387
55 463
58 467
82 377
78 459
18 224
96 211
28 272
46 314
11 442
69 443
53 256
88 421
57 243
90 354
48 303
89 389
12 417
45 234
64 272
30 233
52 309
16 313
88 442
24 310
27 364
20 210
29 279
40 470
47 356
80 420
75 211
42 473
85 363
77 419
15 399
73 231
21 395
81 337
47 220
52 418
40 448
51 201
76 206
53 248
26 442
25 269
16 475
84 329
13 447
92 272
57 397
29 301
59 397
85 275
58 333
40 448
68 319
65 206
78 317
73 487
56 471
11 409
61 245
16 231
99 483
36 286
79 356
95 369
72 274
13 367
31 386
35 387
40 461
31 329
60 396
27 234
99 268
30 209
30 430
40 203
14 293
91 240
38 376
36 450
26 302
46 255
89 328
35 441
23 232
89 315
31 282
95 493
51 240
96 362
68 492
16 331
18 353
17 483
45 479
63 428
90 396
62 217
87 374
60 261
23 477
90 232
55 423
27 358
62 424
30 331
48 283
55 450
86 231
19 363
23 211
99 239
88 221
98 381
26 215
36 500
97 216
74 500
63 204
63 300
67 275
98 292
35 393
78 493
32 372
58 383
22 394
64 239
32 428
36 259
73 260
42 384
95 488
36 413
23 240
35 368
89 445
47 423
55 400
51 460
12 468
38 353
18 212
41 276
17 210
43 332
46 240
65 244
43 399
51 468
96 470
35 453
79 244
24 200
88 489
64 465
64 250
84 317
47 408
67 452
45 375
13 386
37 248
75 391
21 386
26 335
18 443
17 218
40 361
20 380
50 427
33 255
82 411
93 438
85 464
90 485
75 371
27 452
24 248
35 366
71 450
60 239
72 487
29 276
15 475
29 446
29 250
75 276
77 271
84 228
97 300
44 270
29 332
36 391
15 262
70 263
82 456
19 301
12 258
56 487
31 333
25 382
44 280
14 293
75 369
35 334
61 282
96 441
83 375
23 493
100 285
27 397
28 256
89 329
82 375
92 346
35 396
69 340
61 384
97 327
24 202
59 221
53 314
18 397
94 440
77 324
85 393
91 464
47 417
87 262
76 307
47 248
49 283
88 427
42 218
51 218
69 464
85 304
17 349
64 414
95 338
20 314
50 458
44 480
43 268
31 415
26 348
73 326
91 248
27 346
98 255
96 286
30 303
94 444
53 289
55 240
50 293
25 458
66 330
94 374
98 429
70 472
100 500
41 406
19 299
93 211
79 365
89 271
85 385
53 369
93 270
75 401
26 462
50 363
67 244
43 387
21 273
94 397
63 405
27 217
45 302
96 307
61 274
38 384
83 240
36 433
43 411
35 423
72 389
95 412
71 219
18 253
57 406
57 313
35 200
99 262
10 307
100 219
94 447
59 339
72 405
69 246
13 251
27 436
85 452
29 272
65 343
91 262
38 224
48 256
92 454
49 276
56 387
15 390
38 448
43 268
66 499
31 416
75 481
60 439
76 396
67 402
15 285
70 435
75 287
76 333
17 207
57 499
79 454
29 425
80 366
34 201
80 205
31 362
20 216
66 418
60 311
80 298
61 232
25 204
20 421
55 258
32 446
60 220
81 445
34 249
95 388
21 372
30 417
45 379
23 335
79 493
14 366
54 291
61 220
53 217
77 280
68 267
26 282
62 323
98 483
73 235
98 371
46 211
80 390
20 419
46 437
28 420
11 450
68 449
95 453
50 308
72 441
32 207
89 362
47 447
87 400
95 412
56 287
28 307
75 211
81 201
82 334
77 448
88 329
98 451
55 312
69 263
72 333
67 223
91 299
100 236
76 401
79 219
50 268
74 413
35 250
89 426
70 232
52 417
63 219
55 392
13 324
50 281
30 475
89 400
36 222
14 222
98 332
50 308
80 265
25 430
30 384
38 398
87 427
100 226
46 379
20 475
30 322
41 460
30 308
78 268
70 244
75 202
28 229
14 226
54 281
28 308
50 208
27 330
90 268
76 279
34 223
92 400
99 207
21 391
52 468
55 396
87 448
42 338
60 407
65 220
83 217
40 351
93 283
22 359
37 286
34 248
90 391
68 404
11 306
33 463
84 452
83 485
60 205
38 324
78 384
76 298
40 423
99 324
63 327
68 306
24 371
13 422
70 301
55 357
67 318
79 329
18 427
37 468
38 333
40 242
22 385
45 366
74 487
37 211
71 422
79 374
49 421
52 251
16 319
44 327
91 478
39 205
36 217
83 285
32 462
87 315
81 365
12 352
82 420
44 362
51 430
18 281
58 280
25 269
74 490
16 284
34 301
80 320
12 460
78 469
38 481
48 217
65 213
80 394
42 431
16 422
54 490
36 459
37 283
83 367
10 373
82 438
88 439
48 293
76 411
40 269
59 243
93 485
81 353
23 388
49 332
96 392
60 260
21 340
73 276
14 366
99 408
23 372
63 361
39 494
56 425
59 412
64 246
28 423
77 473
21 432
78 318
35 374
92 423
78 222
93 420
53 397
85 440
40 422
98 483
40 321
19 376
58 221
94 326
71 271
87 454
11 300
52 275
55 399
89 387
60 395
85 206
89 382
48 258
71 246
14 417
89 345
15 297
50 465
92 259
85 420
56 436
96 233
39 393
40 357
89 251
25 334
72 241
60 203
86 216
55 288
47 315
67 476
96 247
68 234
80 424
27 268
55 372
32 268
25 483
29 292
68 426
95 239
11 390
12 214
91 242
39 289
53 234
96 468
65 453
51 337
69 354
70 433
81 456
78 239
71 375
80 369
58 206
85 465
44 452
99 200
97 280
24 248
87 251
13 294
36 416
49 328
22 234
35 244
28 211
68 326
26 363
44 385
75 353
49 413
32 328
97 496
37 401
31 370
48 458
28 405
96 292
32 341
39 242
26 266
76 366
100 338
86 336
82 245
79 320
32 241
30 320
30 254
57 479
71 421
56 285
68 258
19 256
22 453
63 483
59 250
77 360
47 276
54 308
21 434
12 228
88 274
26 461
44 317
38 450
30 323
57 261
36 360
95 480
67 364
77 280
12 208
36 500
68 436
32 304
30 485
40 292
74 429
41 335
45 389
76 481
16 318
69 241
51 358
81 239
74 380
50 385
81 208
79 320
73 441
44 261
15 204
26 432
46 253
50 427
43 299
99 353
64 398
45 293
84 363
38 227
52 350
50 329
71 495
71 251
46 322
53 258
42 365
46 208
97 455
22 309
27 292
95 369
41 304
11 495
17 493
89 459
34 383
45 200
20 486
55 261
74 314
23 435
83 259
100 345
25 276
71 216
49 365
40 256
95 296
21 385
88 221
79 431
92 329
33 479
83 432
74 371
92 258
78 422
63 447
53 279
15 471
73 340
43 431
50 452
98 344
19 264
79 378
23 467
65 323
35 270
41 333
19 448
12 496
98 457
43 386
59 413
81 229
18 389
88 346
14 436
37 427
49 304
65 392
38 260
63 364
46 468
79 270
80 336
58 234
62 456
44 475
56 224
95 319
92 464
39 452
46 405
72 347
34 381
48 427
35 202
96 219
20 485
79 283
71 253
30 310
81 486
96 275
42 238
53 321
89 258
82 299
11 400
20 318
97 434
69 470
75 233
56 252
55 226
75 287
61 402
65 487
22 432
84 346
67 354
40 420
35 489
44 272
45 414
43 417
28 385
79 481
82 323
94 385
59 317
15 378
27 319
30 356
46 374
10 418
19 418
76 389
32 305
89 242
43 250
61 212
49 242
70 250
64 423
57 463
85 357
48 208
48 402
21 475
88 314
67 202
31 427
95 386
68 250
19 448
30 284
24 433
63 350
90 440
64 368
55 262
24 441
67 449
23 383
25 317
52 263
60 427
78 459
80 420
91 439
100 207
76 225
80 298
24 373
71 448
68 338
26 264
71 228
23 320
23 384
10 306
21 204
91 334
68 242
88 370
76 319
70 402
28 318
42 468
35 435
20 230
81 323
92 301
35 204
14 211
97 306
29 482
27 247
23 221
97 267
98 219
14 269
76 479
32 369
65 275
73 310
13 326
81 297
74 234
25 245
70 387
45 261
83 461
24 432
64 347
23 271
45 333
44 236
13 425
44 206
40 459
59 253
39 499
54 409
61 349
80 477
45 304
72 352
94 243
40 393
23 231
89 206
87 253
86 425
15 397
74 478
53 446
42 388
78 279
85 375
19 499
21 413
59 235
88 264
86 247
79 418
50 422
19 341
90 365
43 453
78 395
94 366
19 309
65 233
76 248
42 265
84 406
55 298
53 442
10 218
77 319
90 465
46 258
16 465
57 321
46 434
37 495
71 356
29 250
87 492
92 444
96 294
90 433
70 238
99 253
34 209
12 391
55 311
22 280
90 270
27 391
20 365
28 200
54 489
71 256
58 298
76 383
91 297
19 283
98 388
47 290
46 408
98 321
13 379
69 243
97 500
27 402
94 318
51 283
100 403
94 433
91 288
81 342
88 381
57 419
25 210
32 415
22 438
69 386
57 334
17 465
76 362
22 447
88 467
32 434
92 317
24 319
12 482
79 438
66 334
92 380
46 313
58 211
60 228
74 265
53 274
22 445
33 294
14 314
69 369
77 379
70 362
96 238
13 407
78 404
63 280
12 334
63 225
21 290
40 441
46 364
46 334
28 400
100 397
59 489
23 209
82 450
44 313
71 414
13 412
69 208
88 299
29 231
47 387
25 326
95 426
77 342
73 497
63 437
81 204
57 408
11 240
93 284
68 242
45 321
28 212
37 292
54 422
18 384
12 342
85 384
48 398
92 277
72 217
99 235
29 388
63 434
83 248
28 230
35 464
75 442
29 430
75 236
75 305
27 357
70 328
91 465
79 466
81 368
53 203
73 402
88 346
56 217
99 302
74 383
91 347
57 441
12 307
46 275
68 295
71 258
44 372
61 398
97 462
79 217
73 470
74 254
95 453
84 408
57 267
96 219
58 314
19 389
37 334
91 481
34 346
11 251
21 209
97 252
56 464
73 385
44 335
42 447
29 459
84 241
89 292
76 388
85 418
96 225
57 440
32 430
46 494
66 251
48 379
45 372
92 270
75 474
18 393
63 442
48 421
30 325
78 492
35 368
98 488
90 410
70 399
53 211
98 218
44 292
71 212
92 437
50 469
50 488
90 227
12 410
65 361
27 411
44 497
21 460
37 421
50 411
76 355
29 409
64 332
35 218
96 414
50 427
47 263
57 442
19 490
27 438
44 335
71 401
14 324
73 314
46 427
91 210
31 345
12 404
90 318
74 269
17 275
30 311
67 256
98 328
52 302
14 345
76 311
26 216
19 303
37 327
28 253
31 209
55 205
89 221
23 283
83 252
38 485
55 447
96 314
35 235
84 237
32 250
67 324
56 481
54 294
85 406
64 394
39 392
55 276
70 420
79 453
16 417
17 232
65 375
30 335
49 460
45 490
79 469
89 474
41 490
71 455
32 262
48 208
23 496
41 316
78 343
34 284
42 454
62 320
60 412
67 489
48 275
86 279
67 489
14 339
33 468
40 221
25 390
32 434
87 263
74 498
89 318
11 363
55 347
45 349
61 386
66 327
13 462
79 351
42 357
85 327
74 232
37 303
18 326
44 205
39 286
23 494
69 483
48 373
95 288
82 285
48 257
71 384
15 267
38 419
48 424
28 248
91 342
80 327
31 337
58 255
85 285
40 275
48 304
83 295
78 419
14 366
65 292
30 496
77 484
70 232
88 408
15 311
23 330
95 415
62 220
57 389
76 418
15 219
82 309
73 362
15 495
38 204
14 477
93 344
33 362
21 264
29 406
52 216
64 211
39 201
51 248
78 484
90 200
57 385
71 266
47 338
59 224
99 245
50 239
97 307
32 214
47 368
87 393
47 354
52 462
83 334
79 444
73 425
43 270
55 203
11 306
96 346
31 381
76 478
64 478
44 269
42 353
53 311
86 468
48 399
83 269
84 388
44 300
45 356
92 321
60 455
82 449
69 455
11 440
37 498
69 414
67 308
68 401
99 209
63 332
44 495
30 340
59 313
53 394
57 207
83 225
53 339
61 211
84 251
72 474
43 266
44 263
20 402
18 292
72 229
17 217
69 275
49 304
91 245
74 254
89 410
16 464
38 201
69 341
45 323
32 249
87 399
40 212
85 474
68 461
36 428
24 424
66 284
39 288
17 475
20 280
60 370
53 433
47 416
62 372
68 286
23 377
67 431
67 234
72 393
60 355
25 371
20 271
90 306
54 482
15 399
55 415
80 253
69 337
72 319
62 207
31 276
100 340
44 222
55 359
16 267
31 484
41 240
29 341
97 311
80 326
90 384
84 425
85 285
12 355
37 468
65 310
55 444
100 499
46 272
58 279
22 268
91 225
36 215
37 354
99 438
89 234
95 418
19 456
78 470
15 407
38 370
80 379
88 364
35 428
49 433
39 474
79 468
68 259
55 314
54 208
64 290
94 321
31 400
17 459
41 336
30 205
45 229
15 218
95 460
19 228
39 350
58 343
84 450
39 500
36 263
44 264
42 448
11 309
56 412
78 416
84 331
73 202
23 202
68 203
34 415
68 253
78 482
88 332
57 496
52 445
25 287
35 309
93 343
36 280
61 383
52 302
28 365
80 375
18 223
66 279
77 358
21 452
65 426
68 469
41 363
20 377
21 371
84 383
89 301
14 217
78 408
47 447
87 321
91 440
26 397
90 231
60 248
100 292
63 215
53 292
39 423
68 476
63 301
16 255
24 218
54 335
47 238
14 499
71 301
28 453
68 304
97 201
19 365
97 224
26 302
83 405
29 433
22 317
55 487
50 385
20 292
78 431
48 499
81 440
39 214
23 246
71 223
42 368
32 289
68 466
94 407
21 416
54 500
21 321
69 252
48 389
18 372
90 425
60 447
45 419
86 403
12 477
85 461
15 211
35 486
18 390
78 245
96 429
16 485
10 428
85 454
71 280
26 386
28 446
46 266
81 492
75 278
95 293
44 312
29 487
37 230
15 388
57 328
52 268
33 316
91 298
90 261
26 293
74 280
98 228
99 301
96 213
25 436
49 264
53 359
45 244
95 324
10 464
13 248
67 264
58 477
61 332
72 490
70 434
76 362
19 314
46 430
26 489
20 382
36 311
32 252
60 430
21 287
31 328
67 374
32 398
46 452
25 336
77 352
70 409
53 480
42 374
100 349
12 473
23 364
91 219
63 388
26 240
64 291
16 258
35 458
45 212
74 434
96 299
45 367
56 248
98 229
39 403
64 483
70 306
87 356
39 460
64 274
77 217
56 266
48 278
37 430
69 434
96 388
69 399
45 490
82 247
83 216
56 244
69 222
77 243
39 476
58 371
78 402
19 313
34 363
67 441
93 431
42 405
69 305
83 219
42 398
63 210
92 466
24 311
88 405
69 265
22 256
35 328
14 273
76 323
18 282
69 427
48 387
15 229
28 282
38 234
32 264
38 342
26 248
37 366
59 257
46 481
76 315
78 219
31 499
34 472
12 355
94 492
58 428
75 483
67 467
53 489
56 461
11 409
49 232
92 360
52 454
85 402
61 397
24 355
32 462
75 425
58 474
92 256
84 385
99 410
31 205
38 332
85 427
66 423
48 314
47 248
48 371
71 233
10 218
99 464
86 465
73 494
95 253
66 288
84 238
44 289
14 294
100 407
27 410
38 428
76 310
18 489
60 324
94 498
80 360
99 219
64 247
26 210
52 211
52 237
100 245
58 241
20 446
19 308
38 226
20 328
22 461
99 265
24 288
11 324
83 422
76 470
87 304
21 217
91 227
82 365
12 280
56 360
12 303
67 330
66 452
61 414
22 224
29 445
50 492
46 458
83 360
86 331
30 355
78 280
22 301
63 352
14 499
91 356
37 428
27 329
51 393
50 240
91 421
52 427
52 452
80 222
63 208
20 225
78 400
57 444
64 448
68 280
83 256
55 498
85 370
29 262
49 267
88 378
92 486
87 348
27 387
31 499
47 473
26 208
45 277
67 271
84 247
30 369
99 235
38 237
100 391
72 366
80 299
95 446
52 247
13 472
63 413
12 278
82 442
40 456
55 238
79 441
48 326
57 287
90 425
46 414
59 321
91 222
68 221
62 205
82 459
42 401
16 344
23 456
79 265
69 201
12 336
25 235
63 450
50 471
75 345
95 388
94 412
25 336
86 326
88 400
96 215
64 406
80 279
54 393
83 470
99 294
76 233
35 466
13 401
61 256
23 268
64 462
56 303
85 311
56 336
98 463
17 311
16 459
54 478
25 381
89 392
74 451
91 253
73 357
90 249
34 398
41 306
37 496
67 303
81 286
64 317
27 238
18 366
75 466
10 245
51 490
66 270
70 311
94 254
13 476
83 279
13 319
26 380
27 242
31 420
59 422
93 275
19 364
62 355
26 433
90 425
68 235
100 259
11 267
87 211
93 366
97 314
10 424
15 247
95 425
42 493
21 402
82 204
90 407
30 344
22 457
36 209
28 263
34 286
45 280
88 322
97 388
50 328
59 327
41 476
82 291
23 296
61 485
94 207
19 357
19 480
87 317
28 254
88 456
88 410
25 388
76 431
76 366
72 285
71 383
95 494
93 478
62 416
30 339
20 302
33 472
77 259
81 417
78 418
46 454
53 358
19 257
37 366
98 296
73 364
28 461
74 402
92 397
80 349
98 489
67 231
72 379
57 498
92 353
74 469
15 492
16 397
63 312
63 420
58 411
28 337
18 390
12 259
97 305
38 322
35 257
78 202
56 342
67 231
21 363
92 249
74 473
95 300
20 457
50 443
45 252
61 489
76 215
16 478
100 353
29 261
94 299
48 295
85 211
49 384
62 474
39 376
55 328
79 480
43 394
51 351
49 399
48 285
65 284
49 382
15 259
15 245
29 455
10 248
75 364
26 238
61 315
78 232
42 287
88 426
37 383
33 375
40 364
53 394
79 472
76 283
24 218
46 339
50 366
100 388
66 319
67 265
35 237
86 326
54 206
59 305
11 277
74 369
16 390
52 287
73 338
32 341
24 345
83 279
30 316
96 489
61 291
12 267
98 248
16 453
24 393
49 393
64 488
73 360
94 273
18 487
59 464
69 466
61 256
54 267
49 461
31 205
12 207
49 277
38 414
67 208
91 487
30 225
46 361
41 248
16 229
21 294
97 260
92 499
47 253
56 387
48 218
12 412
26 464
12 429
23 468
96 433
93 236
38 376
71 291
30 280
35 357
59 210
37 332
60 483
12 472
76 245
99 261
54 414
47 445
69 300
42 227
81 315
97 439
79 411
40 313
98 247
93 212
68 387
23 413
19 376
49 488
29 323
81 326
24 422
45 378
94 432
64 203
82 367
45 488
26 370
22 467
21 219
88 322
51 470
22 473
80 419
100 265
24 408
34 226
23 410
75 299
63 206
44 338
51 494
59 400
34 374
61 478
93 242
77 497
12 283
95 305
66 328
43 492
90 459
72 262
52 370
18 460
91 413
67 499
48 320
78 467
49 213
71 285
40 442
39 466
16 398
77 475
43 339
52 459
93 381
88 416
22 331
67 375
28 370
60 347
11 221
91 381
66 455
99 438
25 446
55 318
23 424
56 369
58 456
95 258
74 246
12 335
95 246
14 369
18 231
41 303
92 277
76 485
100 399
70 377
65 275
62 488
10 486
88 459
69 381
25 476
27 440
45 201
12 218
87 300
67 334
46 250
29 337
31 392
13 407
59 329
70 461
46 378
81 370
81 336
16 302
99 376
40 319
99 427
99 247
70 336
83 379
39 241
45 269
46 200
32 399
69 355
68 394
24 203
56 266
51 262
17 348
11 309
45 264
98 304
11 210
25 390
36 475
11 354
85 261
72 468
95 381
98 217
100 252
63 286
87 308
70 334
15 485
58 422
34 427
64 308
76 314
89 276
86 327
73 280
90 233
40 297
75 267
99 438
66 283
82 284
82 219
26 346
76 310
54 201
83 493
51 424
49 206
59 292
82 327
21 471
29 317
17 473
43 331
85 350
83 331
68 305
71 352
14 253
20 367
99 449
82 211
13 363
41 269
17 300
10 275
46 205
34 287
40 474
21 285
28 333
43 256
21 465
32 287
12 320
36 471
89 261
29 389
91 449
35 327
35 251
43 216
72 492
77 432
33 222
79 486
99 382
91 491
79 349
34 262
19 430
62 486
84 412
70 313
95 479
88 306
47 490
54 235
88 376
73 344
35 433
80 400
25 321
42 358
46 366
55 387
96 299
33 486
50 393
69 269
51 386
81 400
77 397
59 306
71 351
93 368
89 228
82 346
41 355
24 267
59 322
12 215
38 223
86 330
28 497
93 235
64 224
19 457
23 319
21 391
52 461
97 252
75 223
97 287
18 351
64 348
96 257
75 291
92 312
82 395
31 270
95 390
100 366
78 413
34 357
22 404
56 259
69 306
13 303
54 358
93 498
41 324
36 318
38 233
83 285
53 438
46 308
51 398
13 422
74 356
34 311
66 344
58 465
28 299
16 293
35 470
96 413
66 242
35 457
29 359
29 403
74 295
73 372
26 331
59 201
30 320
93 496
81 381
74 364
64 476
87 387
95 445
71 487
83 278
17 410
29 383
37 483
18 220
70 421
55 448
41 287
29 433
61 482
36 491
24 243
30 250
95 359
62 478
91 379
78 486
100 391
14 350
90 245
52 478
100 471
95 336
35 391
63 288
93 332
36 216
41 493
33 202
50 209
17 394
29 433
55 478
44 498
71 396
34 447
100 457
72 496
64 373
88 208
45 207
32 438
87 413
43 489
15 230
58 343
77 336
23 253
58 247
43 338
44 491
94 264
53 350
53 386
79 395
50 433
20 484
11 325
88 250
32 260
81 260
31 403
56 378
95 407
55 404
48 316
57 228
48 488
23 388
70 349
85 217
31 333
44 402
17 346
47 219
41 481
73 259
91 425
23 288
49 310
75 326
36 233
45 254
47 481
27 344
66 372
42 360
22 310
36 411
24 462
76 312
53 210
70 224
29 455
44 215
67 202
72 388
19 444
29 206
27 281
80 452
65 210
86 407
51 322
23 475
10 248
73 475
90 304
12 391
42 209
40 271
71 497
55 446
17 298
36 262
37 250
33 282
80 274
87 279
84 204
48 428
15 289
91 208
70 299
13 401
93 306
63 218
99 380
43 492
62 365
57 306
91 216
44 425
53 275
54 486
84 205
74 281
29 265
46 437
21 438
16 371
10 257
84 244
94 301
31 313
66 488
98 330
76 205
81 294
25 456
17 257
43 392
13 454
100 377
31 218
52 476
40 256
61 226
68 317
21 284
26 293
84 246
33 276
17 375
40 280
92 297
10 490
29 425
67 343
16 281
92 314
26 449
27 436
62 419
47 303
36 431
50 223
39 467
86 478
94 368
49 370
64 294
89 352
53 250
64 218
44 254
34 336
93 451
53 428
52 273
81 320
70 273
14 379
74 392
62 330
16 313
68 423
14 307
69 323
11 217
33 488
40 422
21 224
24 292
40 240
17 431
97 216
58 204
38 493
55 200
51 405
18 270
47 418
65 350
86 483
91 382
65 388
82 491
69 425
57 312
78 295
37 224
57 445
93 455
70 322
92 207
78 467
83 302
38 352
46 426
66 268
12 303
73 309
23 317
97 273
57 449
50 370
66 428
32 399
44 449
21 287
28 497
52 431
29 438
10 500
75 416
54 369
13 421
24 209
20 410
12 365
49 349
14 228
48 496
79 408
81 448
72 348
95 498
63 491
74 360
78 497
47 455
79 242
10 240
30 311
67 481
41 257
75 408
36 355
35 462
58 295
57 456
32 301
60 220
64 336
65 230
35 404
79 395
15 259
96 395
16 335
74 244
85 454
46 427
24 253
25 218
95 246
18 291
77 375
81 389
54 441
89 292
10 302
45 489
100 371
57 481
20 457
16 296
32 374
69 417
40 360
89 275
20 306
67 203
27 375
81 441
47 259
67 358
37 417
33 472
22 478
42 492
27 374
44 294
53 259
66 475
87 293
34 223
13 313
47 329
56 316
18 252
87 449
56 487
56 204
13 402
76 308
17 366
100 430
96 479
54 317
52 357
69 452
54 258
85 305
56 202
71 354
49 245
18 414
88 416
91 388
87 349
52 410
58 375
45 372
20 277
69 256
99 348
55 262
63 471
59 241
49 237
36 477
95 446
46 263
63 256
90 429
92 344
42 369
63 426
19 321
45 429
51 385
32 283
49 432
15 212
94 476
45 266
42 281
28 290
91 322
30 243
83 450
92 286
78 303
72 258
80 464
82 500
13 211
97 495
51 285
68 314
57 205
82 410
21 340
47 379
43 243
45 411
42 206
56 210
43 459
76 483
88 203
22 469
77 463
97 356
75 470
26 205
29 298
36 209
23 363
96 298
40 309
88 298
83 456
98 373
24 325
17 284
84 236
55 490
92 465
41 445
15 263
50 357
71 314
82 498
12 253
93 230
33 253
67 324
77 385
10 371
54 251
18 235
91 407
13 484
14 319
65 305
18 327
25 442
44 226
80 315
91 433
42 289
69 423
46 393
43 359
52 215
17 417
77 446
77 475
96 495
79 306
17 425
28 408
83 271
83 453
25 463
89 431
49 269
74 464
56 308
85 423
94 482
75 324
52 412
67 255
85 340
24 352
49 493
78 279
20 443
47 297
49 315
10 405
100 228
90 243
80 390
69 409
28 254
23 247
47 279
88 270
79 362
78 383
60 432
65 264
32 391
22 279
54 338
76 338
86 250
24 452
93 296
18 260
80 342
61 214
11 257
66 238
12 457
23 471
51 229
49 261
43 345
61 426
37 222
94 247
55 394
95 411
55 308
22 238
34 425
68 268
75 286
31 349
29 426
56 379
39 252
23 376
18 479
22 278
64 263
21 421
41 222
19 294
72 449
36 478
21 334
11 304
44 302
79 412
84 420
51 432
45 429
85 266
92 307
52 306
29 369
80 225
32 255
62 420
74 401
70 377
100 392
87 353
58 280
23 471
16 252
54 420
45 459
96 338
14 280
98 333
27 420
10 288
29 377
59 428
14 303
95 261
54 483
100 489
10 376
42 211
94 309
21 358
94 417
27 281
71 338
86 394
18 222
90 430
48 388
84 425
84 410
18 435
23 297
92 353
48 330
46 299
36 294
70 456
81 351
45 457
28 400
55 444
69 282
63 269
100 429
76 410
42 378
74 429
19 215
48 346
52 394
51 482
58 351
79 397
24 423
97 388
43 204
31 494
49 402
35 454
47 455
85 418
49 456
13 456
76 325
68 463
52 496
77 404
46 330
55 245
68 404
55 324
20 212
28 392
22 277
61 494
18 458
18 212
19 455
31 231
80 217
29 445
23 387
48 307
50 347
18 269
61 284
71 356
92 408
84 460
60 342
44 365
96 312
41 410
27 344
15 243
67 384
45 323
84 233
93 287
39 231
95 380
81 397
24 310
72 283
93 489
58 471
15 422
42 229
20 297
24 221
73 432
13 276
77 425
54 383
75 490
33 215
90 376
51 406
38 467
27 203
60 312
20 256
44 255
64 263
65 305
86 441
38 388
99 490
40 275
37 472
52 433
90 332
80 348
24 243
70 425
93 467
32 470
48 417
18 256
36 326
60 214
63 296
65 482
57 413
68 355
25 218
98 319
31 344
99 286
11 480
40 383
15 445
60 418
82 325
35 291
94 233
83 416
74 456
71 363
95 351
67 200
65 202
24 469
58 486
30 483
61 214
16 360
39 466
36 219
50 201
44 440
100 364
15 364
27 200
19 386
68 443
31 470
57 404
71 240
38 391
27 303
68 286
18 263
15 490
70 241
58 341
14 475
85 234
84 221
49 313
77 284
33 242
93 450
97 389
48 233
18 462
23 435
68 497
36 499
82 478
44 375
26 418
87 271
74 436
29 385
27 449
84 202
94 471
83 334
56 391
78 337
11 350
94 349
38 217
95 231
41 335
12 261
56 255
75 403
76 374
97 438
90 204
59 261
35 392
36 232
25 461
99 384
21 390
12 406
37 329
76 351
52 292
43 415
30 443
82 235
11 354
15 336
37 363
90 282
96 490
43 235
47 433
55 209
13 400
78 478
17 250
26 391
85 388
75 387
29 321
27 344
87 344
37 283
49 274
38 460
60 429
36 463
30 413
71 432
91 284
81 239
56 385
38 476
18 433
62 300
58 233
38 479
27 372
74 282
100 375
27 208
90 235
55 362
87 340
60 458
27 350
56 258
91 375
67 204
86 294
16 260
60 247
94 403
64 498
96 313
31 225
21 374
29 440
47 457
98 227
10 203
91 411
51 309
39 444
96 291
35 417
20 263
10 338
24 280
33 450
80 406
87 412
82 484
73 212
75 380
79 251
48 314
30 292
66 446
60 235
36 222
81 337
87 313
49 500
98 208
75 234
80 321
84 391
66 496
43 442
79 341
69 457
98 404
33 378
11 233
42 334
85 263
74 289
56 344
36 218
11 486
46 214
61 397
96 359
38 256
74 466
13 241
50 301
49 369
28 492
73 289
41 355
35 245
45 427
45 481
50 490
88 446
81 220
68 306
82 383
67 377
65 208
14 469
89 210
95 236
57 437
29 276
95 325
19 433
88 409
27 445
17 276
76 300
70 381
80 322
55 218
22 360
87 263
41 285
87 363
44 224
19 294
48 288
16 371
97 420
82 331
84 428
44 403
93 401
18 434
71 295
34 470
90 428
27 232
49 255
19 231
64 393
100 329
49 444
75 400
26 228
75 426
61 387
76 382
39 360
41 259
64 466
47 359
94 460
37 303
30 484
79 243
82 358
11 255
11 270
29 363
49 434
44 453
67 366
70 306
21 347
59 481
84 291
82 454
22 428
18 465
71 289
80 486
83 278
74 447
21 393
64 395
50 346
77 345
72 379
29 237
11 264
74 338
37 254
61 355
80 246
82 341
36 276
94 481
60 264
92 451
22 485
84 482
71 442
86 291
61 225
41 295
46 243
63 342
77 424
21 227
99 265
60 254
35 393
43 444
36 359
55 363
98 489
28 422
15 368
63 448
18 289
44 380
24 426
80 327
73 218
64 267
10 421
23 374
84 253
19 468
98 461
75 203
73 423
79 276
97 336
61 432
51 216
75 206
18 282
73 489
98 437
32 282
13 275
33 368
55 473
59 490
23 415
64 280
80 367
27 377
54 278
60 378
52 318
77 434
78 416
58 450
39 427
37 459
79 386
28 278
19 412
38 490
28 459
72 413
51 323
37 277
46 348
52 445
75 237
65 315
86 499
44 254
56 494
57 324
85 238
20 487
32 368
80 224
57 443
48 401
20 477
55 417
78 280
99 488
96 438
21 468
39 264
96 259
26 434
72 387
97 235
57 370
83 247
69 479
42 229
90 204
98 254
25 477
58 481
44 400
94 215
88 252
10 339
33 287
88 496
80 493
93 244
66 331
26 454
68 281
95 386
27 336
18 456
85 274
73 226
35 302
37 291
51 219
58 416
16 201
85 478
46 288
75 253
51 313
36 427
66 388
83 429
40 252
79 337
73 268
59 500
70 302
20 423
76 469
47 377
67 396
84 361
98 377
67 352
67 369
37 333
41 390
69 230
63 394
48 468
51 428
86 280
46 455
84 300
27 239
57 290
14 230
12 368
15 262
29 294
25 246
58 386
28 335
80 277
26 430
32 439
41 460
40 285
67 421
88 234
97 260
84 344
92 422
28 344
72 481
86 312
57 263
60 413
76 312
73 376
74 483
75 348
12 232
44 253
81 216
16 361
83 309
40 265
93 416
87 463
21 296
14 372
85 221
60 457
56 222
68 325
80 345
87 344
100 355
69 227
15 382
19 396
82 292
78 470
23 319
55 301
53 456
56 422
39 206
51 310
91 409
68 381
68 357
33 329
38 320
10 331
83 443
84 340
22 386
56 440
79 440
23 317
77 464
75 372
38 315
54 346
51 315
70 476
84 201
38 381
84 358
55 471
65 487
84 233
53 370
28 325
20 464
69 204
65 431
55 294
76 204
38 218
92 468
34 489
53 496
86 488
17 329
56 403
49 269
11 437
49 359
39 247
24 403
99 447
57 325
35 276
69 481
48 398
78 486
88 365
51 255
20 283
84 260
83 450
75 320
77 216
66 295
35 499
29 264
22 228
94 435
99 468
27 348
39 312
89 451
41 314
53 227
13 339
33 332
22 365
86 322
38 329
95 445
86 364
13 221
54 295
45 497
22 268
15 327
73 428
30 306
50 231
18 388
27 370
93 306
56 369
28 416
84 294
65 274
54 266
66 349
28 449
12 373
79 389
98 346
29 276
18 306
17 483
22 377
20 411
27 336
47 411
14 226
38 309
52 411
90 293
42 235
72 303
64 207
70 357
18 307
42 202
57 440
42 356
91 286
92 247
72 296
32 422
75 411
24 321
96 354
87 279
38 354
36 246
79 374
16 412
84 235
12 292
14 347
26 239
12 465
82 303
62 494
30 280
27 203
69 424
12 213
51 496
84 333
86 426
35 343
48 386
57 500
65 301
64 426
72 279
15 376
95 348
20 305
20 471
22 227
13 415
52 345
72 305
47 400
51 434
66 367
97 319
19 297
37 462
97 459
39 311
15 320
32 452
65 285
16 483
39 265
72 251
81 255
32 338
53 336
53 396
79 340
86 267
64 334
60 408
75 467
25 376
39 376
59 410
97 499
51 421
38 288
32 322
18 227
89 497
27 480
87 264
98 305
46 204
11 258
75 231
49 278
73 210
90 483
52 313
50 312
75 393
31 455
12 442
15 423
70 294
12 227
45 420
45 388
61 271
40 234
39 421
78 407
74 215
87 299
16 269
88 260
31 209
42 374
64 446
96 235
86 447
43 295
61 395
65 239
41 379
100 467
37 386
35 428
43 212
96 428
11 336
48 441
54 452
37 443
43 359
94 283
46 239
12 421
32 259
17 299
24 232
87 435
46 388
68 468
86 338
46 379
45 332
37 267
26 382
22 378
12 436
40 295
60 287
45 307
25 475
98 233
76 370
44 272
21 279
17 356
65 435
48 339
53 303
15 298
55 364
81 475
51 385
21 223
70 284
45 267
25 435
79 463
80 218
28 310
24 274
51 464
96 450
97 473
43 407
17 486
100 444
61 319
80 478
50 249
82 370
51 217
81 315
50 408
96 465
67 329
58 382
15 395
23 241
55 332
84 387
61 468
31 476
87 408
48 326
12 413
38 471
80 249
36 360
85 266
14 373
58 311
76 334
32 335
45 322
100 323
93 433
27 236
35 325
77 259
57 298
56 396
50 352
56 202
34 350
24 284
98 362
54 227
51 299
63 320
70 477
30 327
38 483
39 266
14 205
90 406
11 496
99 219
87 444
27 256
10 239
13 266
66 485
72 294
50 353
19 453
12 307
34 488
40 340
57 244
86 226
59 347
99 200
38 267
28 337
60 488
12 413
81 475
36 244
37 429
93 432
48 425
39 409
51 226
52 364
67 343
62 470
78 361
54 304
62 415
77 449
17 265
91 353
100 206
56 308
19 441
36 264
22 227
47 477
87 420
42 221
43 480
50 450
70 462
79 466
28 495
60 476
87 275
40 248
31 423
75 466
51 293
51 478
45 350
44 271
40 493
93 280
32 284
46 260
89 231
77 268
86 388
96 234
41 269
20 443
76 336
55 252
66 284
97 448
47 382
86 202
69 209
66 294
36 209
100 236
42 277
85 215
66 245
89 326
69 229
75 203
10 323
78 493
26 235
66 341
68 356
57 240
46 324
44 408
78 438
50 324
72 447
37 378
68 338
51 255
41 420
88 482
46 315
60 400
55 362
95 465
84 282
12 332
27 288
19 439
42 383
67 438
84 350
95 270
36 269
94 304
25 334
61 481
62 207
93 497
52 319
83 284
92 415
73 205
84 304
29 426
40 404
83 213
43 428
81 491
76 257
89 384
55 328
68 237
76 494
78 402
64 392
16 411
99 250
80 206
60 258
61 289
47 244
30 364
73 233
65 418
76 398
56 430
18 414
54 310
54 449
11 417
82 396
79 345
50 494
24 248
19 232
70 361
34 287
53 498
55 328
63 411
78 414
67 500
12 256
33 433
96 219
27 243
59 426
73 259
17 240
24 318
79 292
91 247
38 203
27 499
14 306
29 305
14 397
32 295
23 312
27 406
43 326
66 444
94 287
16 369
80 208
45 297
68 414
24 428
31 235
95 497
74 483
35 360
26 304
49 280
28 432
65 445
63 384
69 207
23 289
21 496
96 311
13 295
44 335
76 391
76 346
17 211
47 336
45 456
52 225
55 253
12 471
85 362
95 283
75 223
82 443
63 316
58 260
94 226
64 331
20 215
55 452
97 203
23 296
17 425
41 393
52 426
90 373
61 365
98 405
17 476
38 304
19 349
52 401
95 459
88 491
63 356
49 449
88 478
70 467
43 213
74 277
43 421
39 475
63 303
46 371
68 225
93 319
41 237
96 499
31 449
57 418
42 328
22 363
20 310
40 405
82 437
55 461
84 380
34 391
36 314
70 210
25 486
88 463
24 246
44 468
83 347
82 498
86 200
97 228
38 438
66 281
58 363
50 231
21 476
78 423
61 433
58 378
64 460
85 339
46 448
76 450
73 440
60 217
67 205
71 398
100 376
13 317
10 219
89 229
43 470
21 233
67 334
33 468
32 449
24 248
54 361
12 439
63 342
38 439
35 450
77 239
52 315
82 312
86 352
26 279
52 492
77 422
24 473
56 316
34 444
30 317
23 259
58 353
11 461
22 498
65 378
77 434
32 291
76 225
44 285
91 463
47 417
59 248
83 221
23 258
38 478
11 268
82 380
45 387
25 411
35 499
100 319
50 230
23 376
94 251
72 309
61 435
67 346
86 363
77 295
73 280
58 245
37 258
50 467
76 463
45 477
99 415
29 291
67 404
81 399
17 376
97 366
40 482
40 491
11 276
40 463
92 256
66 453
81 330
53 457
34 246
19 202
87 479
50 304
89 208
66 485
90 209
26 392
24 260
62 232
25 416
16 493
43 452
89 234
41 262
69 323
84 323
13 218
34 316
22 381
91 273
71 457
93 465
27 471
96 479
48 360
71 446
44 315
80 496
81 326
28 488
92 315
45 472
34 411
65 404
61 360
40 406
89 457
34 362
92 343
48 378
56 432
47 304
39 419
40 243
54 357
23 442
39 341
94 253
97 449
25 241
67 331
41 271
40 215
78 463
10 471
77 362
87 412
63 296
58 214
53 323
30 318
10 240
94 375
75 409
69 448
100 329
98 295
44 263
21 281
38 470
90 365
84 301
46 495
18 356
56 485
21 277
43 391
89 210
33 359
79 287
70 266
81 231
34 214
75 422
89 268
73 245
35 420
70 408
57 492
81 372
56 389
96 226
30 266
25 294
65 353
62 430
89 495
18 281
73 255
75 253
50 342
55 455
58 342
45 424
56 272
33 257
70 244
55 240
30 218
60 433
81 413
35 239
16 323
46 416
27 220
93 348
75 215
41 321
62 362
90 439
17 289
36 344
96 477
30 290
68 416
26 264
55 334
71 234
48 322
40 232
98 367
85 403
33 381
58 437
71 217
73 426
23 268
18 338
43 402
50 438
72 401
65 394
34 203
42 441
22 276
91 365
21 251
82 223
17 291
46 425
39 233
56 313
71 369
78 245
18 329
67 286
10 383
61 212
74 306
60 409
27 375
96 275
78 290
37 358
69 457
63 387
45 331
14 241
89 401
72 468
26 217
40 457
76 432
68 433
46 422
90 420
30 364
19 471
25 492
83 283
35 309
82 387
70 419
92 388
31 463
72 246
17 307
81 278
19 421
87 225
29 301
35 336
23 338
48 316
97 333
76 225
83 318
18 280
60 340
64 254
26 222
81 232
90 252
71 266
64 219
17 212
86 434
86 433
94 352
37 298
71 448
38 326
76 236
95 200
64 323
15 428
100 303
30 373
65 418
14 225
10 428
64 456
71 283
85 280
90 387
16 370
40 201
12 298
99 401
41 363
72 301
95 318
49 449
78 208
69 327
48 251
57 470
55 314
69 294
44 437
30 220
72 212
48 250
29 208
88 306
98 425
59 360
48 260
34 483
28 423
23 500
25 313
32 379
50 420
26 218
11 351
34 412
60 459
47 372
72 311
92 236
10 334
78 227
66 203
80 360
58 267
13 298
63 226
60 204
79 348
50 251
40 460
16 311
63 271
32 283
95 462
19 367
27 215
97 439
52 250
30 343
69 407
53 396
76 367
52 328
96 270
88 212
83 489
42 346
64 256
32 443
40 248
53 210
82 351
57 232
78 446
50 468
27 265
32 234
59 463
63 446
28 389
97 211
62 480
99 438
55 285
74 451
25 387
59 347
82 308
84 388
100 452
59 355
43 468
35 397
17 450
63 412
93 448
53 466
87 279
32 361
35 481
42 447
38 471
47 303
61 370
69 332
71 243
40 287
62 274
59 339
53 474
75 260
70 422
52 246
70 377
67 263
33 416
99 423
91 252
34 466
28 414
64 442
37 483
94 417
59 412
74 478
27 255
64 204
30 212
23 427
97 355
10 445
79 449
99 457
97 341
36 320
79 418
68 461
47 240
57 354
29 382
24 484
86 318
50 415
46 436
58 419
96 331
80 361
20 480
23 478
100 438
86 273
57 308
100 453
30 359
16 447
94 386
12 479
98 367
48 284
31 483
93 291
71 314
17 290
49 468
89 312
34 314
43 458
80 418
37 219
52 414
11 266
26 345
41 252
18 386
74 213
37 486
19 431
38 205
43 342
10 288
79 275
21 287
68 273
72 391
16 480
55 456
76 352
38 239
11 262
48 388
93 293
41 328
36 474
81 495
99 203
53 468
69 434
70 310
17 407
12 497
17 253
48 329
45 201
52 259
75 242
75 287
28 320
31 308
91 447
77 256
10 334
47 478
