10000 500 200 500 10 100
59 336
72 324
94 467
49 257
72 239
52 386
90 336
37 354
55 383
18 281
24 497
37 242
52 477
63 479
66 240
16 289
34 275
59 462
64 495
99 237
59 293
50 226
29 364
20 461
100 340
90 288
84 372
95 488
94 281
38 294
11 430
91 345
39 244
70 246
64 274
44 221
72 457
60 295
23 377
82 316
88 245
15 302
15 483
22 213
73 203
75 232
12 388
80 387
31 432
51 421
70 415
97 373
32 439
49 441
80 422
75 332
18 410
18 333
43 421
93 354
89 352
97 306
49 461
48 371
78 324
55 398
37 482
96 410
25 438
57 486
27 355
79 275
65 450
12 355
72 454
29 243
25 241
67 243
91 490
88 393
94 454
69 352
48 311
42 254
61 309
20 356
74 254
13 376
94 289
52 323
27 386
41 245
50 363
23 428
65 452
25 466
97 360
41 489
64 225
23 417
25 480
92 446
40 454
43 487
82 249
14 483
72 322
58 310
59 265
32 287
88 255
72 270
10 268
45 284
93 499
78 326
46 473
59 460
44 341
25 315
93 453
41 273
81 273
56 209
76 369
52 203
41 246
10 288
97 280
58 306
58 272
59 454
20 401
86 368
62 257
87 380
100 228
34 483
69 284
72 338
74 486
61 274
54 414
99 244
60 434
92 470
44 429
27 499
20 285
26 319
83 246
42 249
84 349
24 324
63 473
50 283
63 303
95 389
24 470
36 358
12 482
45 357
30 500
71 489
82 368
28 324
16 255
46 437
42 406
95 286
100 472
48 234
98 425
48 491
88 254
50 495
54 425
16 394
64 404
30 407
27 439
64 383
24 405
76 295
77 329
68 386
68 449
92 324
10 241
40 466
67 412
95 228
28 260
48 459
41 202
27 434
70 295
98 332
98 385
58 207
96 257
50 262
85 211
82 328
52 450
36 246
55 201
29 345
48 396
54 475
90 367
53 288
69 422
60 359
76 347
40 268
50 458
88 359
92 467
35 369
98 478
52 425
100 389
24 490
55 270
43 482
93 218
20 297
36 439
81 496
95 271
36 439
17 344
48 396
100 483
96 424
51 378
48 389
88 315
14 350
84 240
40 272
32 299
54 448
37 274
77 323
99 457
45 272
80 308
31 257
18 431
76 200
43 227
26 324
39 465
26 227
67 254
52 462
23 418
64 340
84 301
51 286
97 474
14 204
85 474
18 372
68 492
70 462
25 459
31 360
70 207
84 326
20 436
42 314
47 446
54 294
90 366
30 452
98 386
79 420
23 467
93 263
88 362
45 425
64 207
74 494
29 370
23 476
99 356
81 357
14 492
83 245
83 229
43 496
91 402
80 274
62 406
47 274
50 209
69 286
10 231
91 482
15 246
23 406
58 495
65 401
81 463
20 343
13 392
24 304
28 452
60 410
82 415
45 272
96 431
88 441
62 285
43 210
44 327
87 482
66 428
72 256
53 276
26 228
51 435
13 209
87 460
65 442
77 300
52 298
67 270
32 340
34 308
12 435
37 215
78 455
95 246
55 230
47 307
56 239
28 339
74 326
76 315
36 473
92 480
78 344
35 457
95 302
81 333
44 448
49 452
63 239
77 310
43 269
60 225
28 357
11 254
46 413
83 398
83 233
68 354
13 325
77 309
68 272
57 464
28 489
77 320
93 311
15 496
84 296
79 437
97 334
56 333
20 309
31 381
84 358
69 417
98 492
10 359
56 417
68 231
70 488
71 381
51 281
52 428
95 295
90 227
100 253
87 374
55 340
28 352
23 487
41 430
49 294
39 490
51 360
85 364
95 372
37 344
32 319
33 227
99 333
34 241
76 363
88 397
44 367
21 399
19 266
85 228
83 366
33 269
74 237
98 271
64 326
29 208
66 435
28 257
29 238
42 352
79 411
24 303
88 246
50 379
77 279
36 371
11 373
99 368
67 272
59 217
84 353
69 240
30 210
84 304
56 344
97 348
98 454
65 280
99 351
63 260
93 263
50 272
10 270
31 295
99 277
14 438
57 235
48 467
78 224
43 243
10 475
21 321
13 240
10 376
98 258
94 218
14 266
83 206
46 428
89 376
46 260
42 333
30 239
87 290
29 267
30 381
60 422
81 419
88 351
28 250
97 429
74 429
19 256
69 279
76 383
15 387
50 267
68 487
44 267
30 319
37 358
46 274
100 450
67 440
61 235
35 357
23 457
21 408
18 418
94 396
36 391
22 492
100 251
63 464
50 203
60 351
88 231
81 391
75 366
90 230
86 218
46 263
23 371
85 387
90 408
31 338
40 313
18 455
39 206
89 381
18 200
20 320
97 405
45 211
92 239
60 420
49 328
92 431
69 404
63 236
71 297
37 307
44 403
56 473
70 480
52 367
46 282
36 460
70 447
30 455
22 412
54 493
93 256
93 436
92 490
73 469
92 245
25 395
45 337
99 254
68 419
100 245
29 306
63 386
23 426
12 238
80 414
49 223
71 352
51 378
49 329
23 325
23 370
29 219
62 337
79 273
84 393
50 205
67 221
17 251
49 431
14 431
82 468
17 262
10 311
68 409
35 433
42 263
36 203
59 258
41 305
35 344
69 297
44 496
41 491
14 214
24 235
24 213
41 348
66 271
43 362
97 347
31 361
69 396
53 442
63 453
35 433
79 243
25 396
82 297
28 484
89 204
74 454
18 369
89 491
99 458
24 317
16 446
86 464
19 291
73 443
39 451
22 239
54 354
84 380
10 218
37 460
61 229
19 438
14 413
97 337
45 228
60 425
72 381
80 212
91 242
16 415
12 280
90 385
74 337
44 283
92 376
26 275
71 354
75 302
86 389
94 387
98 291
35 339
14 397
67 342
73 306
40 381
19 209
84 269
20 278
73 399
51 292
17 257
41 384
12 412
52 497
11 438
65 307
34 457
95 377
81 443
28 355
96 267
95 388
36 409
60 386
15 317
51 480
76 373
94 483
63 385
91 331
10 464
53 348
41 391
80 417
31 457
87 456
88 335
58 257
85 206
75 249
72 369
29 447
62 291
41 224
38 305
41 298
94 492
80 335
11 420
100 214
19 222
11 297
66 210
73 247
84 245
20 488
81 224
55 355
68 260
19 239
34 433
88 331
50 483
14 255
80 416
73 477
53 438
49 493
50 326
76 363
76 286
41 484
78 232
51 374
34 467
95 355
63 449
38 272
66 350
54 282
10 347
87 453
17 479
79 482
27 434
43 425
57 393
66 227
76 496
34 416
30 212
75 309
64 455
49 392
100 408
27 268
37 430
15 236
19 414
72 462
56 261
45 265
96 242
54 277
71 443
34 499
60 412
90 416
12 337
59 318
49 479
64 497
96 355
90 264
70 449
94 314
29 360
45 362
93 473
85 389
84 279
33 319
72 394
73 255
15 290
92 473
60 207
46 425
94 348
23 379
87 413
96 204
62 322
83 424
46 453
88 458
93 450
25 421
88 259
54 220
72 246
63 366
16 359
93 364
50 478
81 252
93 434
58 462
33 321
25 298
24 397
14 203
24 281
51 387
33 297
20 439
57 297
42 345
88 293
80 411
20 449
81 460
90 368
19 438
32 455
98 211
92 241
32 446
84 336
33 361
31 437
64 224
32 303
57 438
100 326
63 416
50 459
38 457
35 444
68 315
36 380
19 248
29 238
86 441
68 223
72 255
68 300
66 391
47 448
62 497
12 375
73 296
21 486
99 460
49 397
56 327
31 298
18 344
22 267
70 408
28 284
68 449
84 241
75 235
63 417
85 210
67 393
34 373
58 308
40 307
90 355
88 428
67 257
78 487
15 305
59 313
97 356
18 222
67 298
64 334
89 289
48 203
96 400
50 309
58 458
67 411
29 298
75 214
67 359
83 429
16 395
96 301
75 200
46 397
13 330
24 262
11 324
10 299
51 392
12 430
85 324
100 411
40 376
16 227
96 427
68 396
84 447
31 321
84 269
53 495
30 499
95 216
46 221
81 494
63 473
49 460
69 461
67 418
38 296
58 269
79 298
52 241
59 411
37 390
40 330
45 277
10 390
81 348
88 307
87 221
61 212
50 223
90 352
81 207
98 334
68 368
70 490
92 426
83 470
23 330
61 500
36 325
51 348
25 499
85 212
96 432
91 200
27 345
69 345
24 447
89 326
42 361
54 422
40 466
68 351
67 440
65 400
43 437
26 436
61 451
23 353
63 372
54 236
100 404
41 318
79 309
21 414
59 208
60 205
19 475
96 467
100 455
31 377
29 363
17 224
12 459
89 395
87 479
99 296
19 260
26 431
40 255
79 288
19 377
40 436
73 449
57 464
87 269
30 493
80 350
49 444
20 291
63 388
33 467
100 350
18 295
47 346
69 322
90 313
16 227
60 247
55 451
13 277
49 299
64 350
61 433
26 207
93 381
31 241
94 328
21 323
62 318
12 472
73 352
26 336
75 282
21 252
46 343
78 201
49 245
29 341
60 393
34 200
78 242
31 370
56 331
36 441
17 411
93 338
47 395
77 339
47 307
57 208
66 419
85 341
82 258
31 442
49 329
47 474
81 433
51 389
27 234
45 412
31 440
32 456
62 473
59 310
49 434
99 479
57 226
73 316
51 250
33 485
66 448
70 398
55 250
73 292
13 365
23 478
24 201
73 438
97 425
55 452
91 213
14 460
90 448
77 272
88 230
84 274
87 465
15 206
80 208
83 498
12 301
70 427
95 306
73 225
27 259
54 287
34 305
55 260
51 470
17 499
11 338
61 377
60 495
45 215
99 481
75 273
77 436
44 332
40 211
80 471
88 483
27 342
98 202
52 340
20 483
94 422
66 309
62 321
74 481
17 203
78 297
36 440
79 475
79 223
94 276
82 255
44 200
19 346
35 497
43 424
36 221
57 448
97 443
70 332
69 303
42 281
21 362
53 382
55 491
62 271
43 348
46 325
43 371
72 300
33 405
66 244
57 318
68 455
48 459
78 382
68 372
69 461
41 331
33 267
97 498
50 387
82 363
71 443
22 380
99 349
27 464
21 409
94 283
44 291
71 399
64 302
85 282
34 451
61 304
27 233
96 254
50 395
33 330
18 348
70 277
44 493
71 289
77 271
88 463
59 414
86 283
50 330
62 477
11 278
85 247
33 279
12 431
19 417
10 209
34 469
88 461
73 277
39 311
39 421
60 460
92 384
28 248
69 306
32 492
19 203
15 395
49 239
68 205
60 232
93 419
54 251
31 361
91 377
66 374
94 444
72 381
78 325
43 238
32 403
34 213
71 467
90 437
64 431
85 360
79 407
77 414
56 356
12 484
20 495
29 279
10 440
16 463
80 338
41 393
14 480
60 344
21 263
11 401
61 473
68 407
25 486
79 234
95 343
33 272
49 272
35 474
43 209
81 224
81 386
96 286
94 273
76 259
58 461
59 279
79 367
65 459
77 254
81 443
78 408
92 433
74 264
83 390
21 290
46 370
92 280
93 238
87 336
69 439
62 456
70 376
60 203
88 425
84 275
60 404
90 280
42 360
31 491
32 417
41 413
14 455
100 493
33 295
83 239
10 322
35 500
75 216
20 331
74 209
48 205
18 235
37 498
16 429
28 394
72 466
60 331
98 497
36 362
62 400
38 222
53 243
48 468
64 474
97 449
69 402
23 344
88 239
81 280
79 277
86 212
20 427
80 361
58 415
54 413
41 322
35 335
61 407
27 374
48 298
51 261
75 276
84 385
84 246
19 483
25 337
66 264
40 286
59 436
31 397
61 263
10 483
99 282
77 398
75 467
93 226
85 444
96 433
84 368
48 491
95 500
88 293
68 340
76 439
31 277
45 322
58 252
86 487
96 442
35 238
39 328
11 334
48 316
98 348
92 443
41 282
24 415
27 405
62 202
61 227
53 427
28 419
94 352
74 210
28 487
75 401
42 211
88 334
89 250
28 260
47 269
84 333
40 217
97 436
19 329
92 498
16 210
80 433
23 219
15 355
14 390
15 269
36 488
80 478
96 283
22 378
20 379
57 284
22 498
59 263
28 431
47 331
23 425
51 202
32 406
84 399
54 310
35 497
46 319
21 483
30 460
36 202
45 319
98 433
54 254
42 392
23 255
59 274
58 485
79 424
74 331
32 435
15 488
23 436
25 302
99 407
58 226
93 348
34 394
67 411
63 224
12 331
94 223
29 208
79 379
47 296
61 452
32 399
26 410
70 494
70 201
57 221
18 258
38 323
92 450
37 348
57 285
48 202
18 231
18 264
65 340
92 420
24 339
44 479
21 403
51 208
88 321
26 330
100 348
56 228
65 385
26 469
76 202
79 476
84 379
33 445
41 349
44 207
37 432
11 435
99 407
84 437
13 422
100 253
70 418
21 315
91 406
100 220
54 453
50 443
27 484
56 299
51 500
67 218
32 241
81 214
37 344
87 322
80 467
61 232
57 456
36 486
62 329
14 218
66 450
59 361
44 245
95 464
59 465
64 375
45 383
27 351
78 289
30 440
16 296
59 439
15 268
11 259
37 327
35 427
76 437
39 407
52 497
96 426
47 249
44 415
73 438
71 306
83 436
60 281
34 216
15 430
19 341
59 379
38 215
93 442
31 393
24 333
17 417
74 298
85 256
52 296
86 226
60 470
30 447
20 391
81 469
47 395
49 257
90 476
43 379
81 424
29 464
91 409
30 212
97 245
88 468
24 210
24 493
95 404
46 480
53 300
47 312
33 455
49 269
25 392
20 495
100 418
17 269
28 287
70 282
59 247
25 423
85 493
64 487
92 302
64 389
80 260
50 347
49 370
41 343
35 261
23 325
43 243
41 254
76 424
92 361
21 334
24 478
27 447
92 472
42 327
15 350
18 258
78 350
98 259
74 439
23 227
37 248
89 356
88 300
31 336
14 500
12 443
92 245
24 338
37 285
91 274
30 300
14 329
72 209
33 290
51 458
13 360
18 338
99 205
18 244
38 296
25 259
58 419
23 275
16 269
81 420
100 244
22 425
25 369
31 210
47 280
47 225
12 422
41 405
68 499
84 216
78 391
90 231
32 329
61 214
69 416
53 491
97 403
88 281
29 246
23 480
98 207
69 215
32 317
27 304
65 267
49 359
80 294
86 415
57 395
57 320
41 363
10 218
45 423
12 235
24 289
30 495
38 468
92 475
52 328
14 298
90 246
66 250
45 245
34 262
51 343
34 250
98 340
73 470
77 267
96 431
53 468
82 402
31 383
95 418
46 303
59 303
52 421
95 439
29 268
95 356
25 230
69 366
17 373
54 383
32 288
37 245
45 237
18 388
45 471
18 329
11 269
70 321
46 234
56 406
99 407
15 463
87 365
90 257
31 361
77 427
63 201
81 453
38 317
81 305
55 395
71 208
20 315
26 403
20 286
91 401
94 318
49 328
32 389
73 471
88 222
59 447
32 318
12 409
45 437
13 369
89 397
63 244
68 205
71 310
32 204
67 483
20 271
95 203
60 343
12 458
86 320
52 287
17 200
84 270
53 459
59 467
25 316
94 316
17 406
78 311
80 334
54 431
67 250
49 313
31 306
82 207
67 372
40 312
94 437
43 207
65 269
41 450
12 382
25 405
16 390
12 345
55 456
92 429
21 407
92 348
100 261
12 438
22 347
93 254
20 380
69 428
26 433
17 232
51 392
56 248
42 401
96 253
68 417
99 311
45 473
76 336
26 262
63 364
37 221
98 390
44 326
75 499
82 444
59 270
31 468
43 314
80 211
50 423
43 298
43 201
54 441
75 451
13 309
62 309
99 431
95 380
41 265
73 264
68 357
99 492
53 403
68 391
88 423
49 291
18 346
24 490
17 379
86 487
42 453
68 466
76 293
90 441
47 421
46 266
46 237
19 351
93 312
91 303
48 354
63 454
76 385
36 484
82 280
57 449
76 213
17 417
39 458
21 364
21 208
98 406
17 436
63 435
47 298
43 481
46 330
59 299
90 274
58 226
59 451
85 337
82 287
39 219
51 257
12 322
23 210
73 260
33 283
84 393
41 482
72 481
40 455
15 325
68 310
91 281
30 224
14 474
84 318
38 203
100 274
87 390
20 301
60 429
10 394
30 413
77 393
36 436
76 472
90 273
95 259
23 240
72 221
80 293
41 456
44 464
28 371
70 211
97 201
35 254
26 210
92 469
47 309
63 448
59 364
72 261
48 325
84 456
30 315
29 435
88 293
55 498
100 450
98 334
98 398
56 244
78 253
33 209
65 366
53 393
54 428
46 453
64 254
65 296
83 405
61 286
100 328
92 309
48 491
58 427
76 228
22 245
14 432
85 394
47 411
99 276
15 239
82 339
63 334
69 361
47 415
85 435
53 480
63 218
29 435
89 357
78 313
10 443
62 356
13 240
22 422
89 353
62 243
13 203
34 324
40 365
18 310
71 480
54 291
14 258
98 340
30 438
20 466
19 396
69 466
71 336
94 201
25 297
10 378
32 372
53 413
58 490
40 285
39 261
15 365
20 351
54 382
94 356
24 366
36 417
95 386
27 468
74 439
42 330
60 313
61 267
43 488
82 446
91 373
20 397
71 224
25 442
77 284
79 202
38 247
75 230
28 370
20 217
88 210
82 374
88 298
30 246
14 344
20 306
39 397
54 204
67 500
24 225
42 492
88 484
23 344
93 420
71 211
50 322
73 234
21 243
64 334
43 316
97 230
26 444
90 323
89 246
39 393
53 356
21 247
41 321
56 301
29 354
53 377
37 232
92 369
38 390
43 313
77 379
41 326
82 220
25 219
94 470
35 236
79 495
40 362
34 424
60 204
28 474
76 452
82 490
19 229
39 221
61 283
100 436
61 421
40 306
14 369
47 300
33 299
76 438
52 258
65 323
15 388
31 341
54 200
65 410
92 407
69 270
62 229
62 398
12 308
15 338
78 479
45 382
85 380
43 488
36 430
55 449
97 356
94 355
58 317
13 283
52 343
19 213
94 308
80 219
62 263
65 394
90 493
20 267
91 293
65 208
14 263
38 487
66 445
51 473
80 304
26 286
79 410
88 216
59 358
84 383
14 341
67 411
65 250
32 456
83 432
88 263
59 319
88 312
10 289
92 326
45 289
27 289
60 358
66 415
72 341
46 386
51 323
34 265
42 224
40 414
96 382
65 348
60 424
86 214
43 494
20 356
10 399
17 480
43 500
86 471
76 440
98 221
87 403
11 333
40 454
59 280
75 421
97 234
28 286
66 307
21 235
55 259
13 356
52 440
52 381
68 395
21 215
60 332
50 349
96 242
18 410
69 335
31 449
72 374
100 265
27 262
66 341
48 484
51 309
32 250
43 282
37 259
18 258
68 215
65 204
54 407
71 278
57 443
40 259
20 209
72 444
66 374
26 290
60 230
20 229
23 287
35 475
61 358
92 385
17 287
99 328
83 252
37 434
77 381
37 459
23 465
41 308
53 487
10 394
24 496
48 245
27 484
95 327
33 400
24 463
59 350
93 429
45 446
88 294
13 202
25 415
40 455
60 254
13 371
48 355
33 320
35 347
23 318
83 394
32 383
40 203
72 346
38 383
69 493
82 367
57 479
52 411
16 305
32 220
24 413
54 239
56 474
52 234
62 257
69 257
47 484
81 422
85 390
79 369
51 481
78 276
73 267
47 239
48 401
53 245
38 435
64 243
39 420
70 448
56 456
37 366
54 213
64 466
79 240
98 484
18 268
80 377
58 496
24 354
48 476
22 458
80 433
41 215
98 227
62 226
56 416
62 319
59 379
54 229
21 368
20 388
79 471
64 470
33 379
87 259
61 472
65 462
91 467
66 403
22 388
20 426
33 270
84 430
50 278
74 316
95 319
98 330
37 467
64 454
93 321
86 448
28 479
64 343
62 283
22 337
65 423
22 472
57 255
87 340
50 257
75 227
61 409
71 416
86 355
11 418
54 280
11 415
53 421
97 402
48 251
59 423
57 249
17 366
29 243
27 438
17 411
30 478
26 221
18 342
96 460
97 250
23 323
75 498
62 472
51 497
97 387
29 395
33 262
74 490
47 465
38 407
45 291
38 393
66 475
25 488
73 244
63 372
18 452
70 309
25 217
88 343
74 475
81 288
60 497
66 291
61 404
67 285
15 279
19 306
94 462
85 386
46 229
16 322
92 376
42 301
49 486
44 245
15 380
73 395
86 309
78 235
86 433
96 206
38 247
79 464
40 355
52 413
28 355
47 211
87 363
26 372
24 204
11 206
92 449
11 460
11 336
41 270
23 264
42 478
41 338
91 467
91 238
64 274
53 362
28 373
97 346
81 323
20 411
57 433
18 230
97 417
38 285
24 332
63 211
19 307
83 500
45 290
95 453
45 380
26 347
56 288
60 247
86 241
72 490
90 266
55 213
17 283
22 418
50 345
94 473
86 227
76 474
12 459
83 329
34 439
64 289
74 418
71 387
65 493
19 279
39 293
93 240
63 339
84 489
96 335
79 435
70 382
29 378
79 232
36 325
64 431
100 498
31 449
13 204
29 458
93 499
39 325
58 324
15 394
58 448
72 221
99 289
81 490
66 441
83 422
79 493
46 430
53 450
11 271
15 268
32 437
78 477
45 203
53 475
30 259
67 324
91 203
49 382
46 329
47 463
60 286
44 353
56 342
25 292
44 455
40 288
44 375
81 402
60 262
45 474
51 247
51 300
68 210
66 441
58 201
49 340
44 256
67 252
33 243
64 209
29 453
87 338
28 260
96 404
54 365
38 342
42 424
90 361
69 372
30 222
74 403
88 411
68 303
24 307
89 205
21 345
34 312
71 433
28 472
48 394
59 463
84 446
18 478
54 269
99 357
20 472
59 352
97 468
14 294
18 301
51 289
27 455
44 327
45 472
70 474
13 383
75 401
74 220
78 384
78 476
18 278
65 248
12 278
84 334
35 239
80 420
38 279
69 377
11 262
50 453
12 213
54 369
94 412
77 490
98 427
64 284
59 310
36 435
43 298
47 459
28 453
25 364
78 202
44 335
13 337
67 498
90 371
99 462
91 204
17 378
83 263
20 385
16 243
18 460
19 286
88 377
90 246
100 468
12 479
62 210
80 338
37 415
93 322
15 240
65 225
89 456
10 328
96 359
45 409
19 462
76 487
98 483
63 276
85 229
19 451
34 370
29 445
74 496
50 358
58 291
56 351
15 369
99 335
26 249
67 245
13 489
48 247
98 212
77 268
29 327
83 479
37 206
67 479
76 438
43 436
75 418
87 473
62 214
80 212
81 301
29 473
43 237
64 458
85 342
39 489
79 495
73 414
39 287
33 451
63 427
56 452
72 473
71 328
81 482
27 449
14 347
62 269
29 440
40 332
73 201
33 449
44 486
74 496
52 453
42 497
25 281
96 472
46 219
73 439
71 389
95 481
52 307
75 370
88 276
92 225
37 271
65 222
74 234
99 228
88 362
30 263
44 319
16 395
45 333
60 288
86 469
97 207
26 318
62 219
39 327
81 370
32 366
54 354
36 307
75 284
45 253
42 311
36 330
22 210
81 288
94 435
42 317
56 230
78 267
78 227
79 493
90 241
56 487
59 457
49 424
21 461
81 337
26 349
55 226
96 380
80 356
17 370
96 454
49 408
89 348
43 363
38 229
67 397
66 447
83 257
12 344
51 347
10 488
16 346
75 253
44 327
54 487
82 382
69 295
22 409
10 422
77 232
41 324
38 364
21 481
64 390
31 337
23 203
52 431
40 338
31 222
88 342
80 361
77 398
53 460
21 348
62 276
98 229
84 206
53 420
63 262
89 260
92 295
69 474
84 260
78 408
36 475
96 290
88 420
70 240
42 243
10 458
85 466
49 469
51 328
80 357
79 446
14 438
32 328
30 466
34 471
74 470
26 321
29 229
58 446
24 369
87 406
46 257
40 262
93 491
94 311
10 428
56 463
59 246
40 224
47 479
40 283
25 390
59 407
76 393
50 387
23 239
69 337
62 362
62 219
42 487
97 397
44 335
10 228
84 451
34 342
95 498
20 275
73 277
71 203
93 232
39 481
64 381
29 265
59 215
87 292
89 363
49 315
34 348
78 379
43 345
17 426
66 344
27 376
13 432
41 290
24 468
11 433
84 388
57 339
10 230
49 303
79 369
75 390
91 210
37 213
18 438
40 345
79 388
66 401
98 349
78 481
83 261
54 465
63 410
61 249
98 433
69 281
51 469
42 267
13 439
44 232
31 468
11 355
85 346
82 424
81 445
20 261
54 317
29 352
65 227
87 416
97 203
91 460
15 417
58 349
56 255
100 429
29 456
76 327
32 238
48 245
32 454
29 438
22 281
46 496
46 440
55 416
95 356
97 313
32 351
35 377
100 240
54 378
89 288
85 245
94 203
77 257
44 346
18 426
61 483
50 383
94 280
93 263
58 474
51 459
59 235
20 481
26 288
39 469
100 261
79 451
100 253
89 369
68 401
53 474
68 414
25 254
69 455
12 380
76 391
59 201
45 320
100 348
49 238
30 233
69 278
21 261
17 391
64 430
59 475
56 424
27 259
42 280
95 493
65 339
51 496
21 456
99 470
10 474
65 419
11 255
83 389
54 226
21 497
27 320
79 308
14 205
61 368
98 278
43 495
42 441
92 405
87 255
43 448
90 382
71 433
48 260
13 453
96 401
63 492
11 266
11 411
53 415
14 357
71 336
65 308
48 291
72 370
99 336
75 272
28 381
96 354
51 326
21 478
39 402
75 395
32 217
100 488
55 333
42 323
15 446
44 495
70 341
78 280
36 431
73 394
13 356
20 202
29 251
53 408
21 346
52 369
19 408
35 494
19 450
42 460
26 445
30 329
98 267
71 211
66 209
41 310
64 350
76 246
89 439
94 302
62 255
97 346
14 225
89 403
88 302
91 268
23 264
16 280
72 204
98 330
73 344
60 277
42 399
35 344
17 225
84 370
44 315
94 494
64 252
24 264
84 206
71 349
42 427
71 351
16 369
57 343
60 318
31 206
96 442
39 302
92 496
34 247
55 386
74 400
27 334
22 241
19 494
97 309
60 218
71 249
90 339
99 399
88 209
58 372
93 455
48 418
100 344
19 458
53 404
26 418
50 218
70 327
76 298
63 381
51 344
55 452
68 270
59 389
54 455
91 480
95 432
30 256
63 310
28 255
38 269
39 200
37 380
91 498
83 410
91 493
94 256
43 486
70 244
69 303
62 332
22 254
13 377
30 288
34 221
35 399
46 264
57 276
27 373
92 321
16 400
12 285
99 206
23 480
90 291
98 396
57 212
24 384
52 208
80 274
46 264
55 218
69 270
72 222
11 316
11 475
62 354
17 420
11 278
81 309
29 329
60 240
51 404
53 479
35 346
31 341
36 226
69 488
40 403
98 489
57 250
12 484
66 472
32 214
56 200
76 368
98 277
31 470
62 231
94 292
96 450
74 485
17 240
43 471
73 431
96 411
57 371
55 335
33 245
97 342
59 421
71 374
60 265
20 378
28 490
25 320
45 351
61 364
32 226
69 283
52 241
95 387
24 336
37 454
96 319
43 376
22 452
27 238
21 291
11 211
58 334
15 468
69 386
61 375
23 363
66 317
47 400
80 215
25 424
25 417
58 462
81 283
24 239
96 328
52 435
64 308
77 421
18 201
51 254
53 217
88 232
46 271
31 236
12 468
87 402
19 203
75 374
67 224
51 305
77 442
22 442
18 256
79 223
88 468
48 331
47 445
65 216
77 295
63 500
85 213
96 293
46 212
100 251
38 277
28 287
59 344
61 217
83 339
100 355
21 267
26 489
36 298
96 425
29 207
44 302
23 222
77 486
79 310
78 470
43 290
74 355
91 484
76 481
80 361
97 327
76 218
12 287
57 269
30 407
72 334
97 245
73 352
97 289
66 414
20 298
88 213
55 335
34 273
67 267
22 348
58 209
93 459
70 432
21 258
41 253
71 245
31 498
81 477
11 308
18 243
45 394
22 307
90 201
37 242
67 212
73 412
54 205
92 267
30 296
68 475
48 467
69 345
89 315
50 449
86 211
66 227
17 248
37 331
41 413
53 217
29 212
76 396
98 248
14 353
32 288
97 442
80 245
93 416
14 306
22 482
54 357
73 420
72 242
20 302
80 322
11 329
97 498
53 300
61 436
75 287
45 229
70 476
90 212
100 384
21 256
46 384
15 323
42 465
35 303
81 269
33 335
30 207
38 371
39 326
83 459
52 279
92 390
22 211
91 395
37 470
87 459
84 261
62 406
32 396
86 242
17 382
10 311
17 459
64 395
44 236
67 396
44 290
61 268
56 386
31 344
70 363
73 408
25 333
87 348
37 271
67 442
97 466
36 291
77 483
12 406
53 236
60 482
45 285
97 327
41 461
91 224
88 472
72 497
14 495
68 332
83 484
40 467
72 274
99 270
18 441
22 422
87 476
12 253
62 401
39 378
80 248
57 434
63 283
50 323
39 223
63 240
59 426
70 353
21 213
32 454
32 296
44 381
69 227
57 229
62 262
76 239
31 259
24 228
14 352
15 318
89 204
35 228
77 314
31 328
63 201
16 481
87 406
20 267
13 243
92 362
69 402
59 313
53 322
37 201
92 442
72 496
80 375
81 273
92 302
97 215
17 432
19 299
71 305
65 219
49 411
39 351
76 429
24 222
24 203
57 423
10 490
49 288
78 289
90 252
47 211
41 444
15 461
10 427
87 357
50 311
74 225
97 330
29 323
31 455
24 274
66 219
59 443
21 377
50 367
60 373
12 445
40 468
57 257
84 419
58 289
32 431
28 389
71 468
55 362
62 287
87 497
10 448
86 261
35 370
38 202
39 254
92 307
11 250
63 365
82 477
35 397
96 217
85 417
72 247
37 355
62 412
13 339
76 439
90 382
95 277
49 299
20 230
55 251
42 469
24 499
45 319
81 300
73 431
22 219
21 493
30 260
26 373
51 411
39 448
55 419
20 426
56 254
51 373
23 486
35 420
60 234
93 328
26 273
23 249
63 485
95 364
61 293
34 292
28 297
96 295
50 212
84 483
16 375
23 322
70 343
19 293
89 479
61 410
85 429
60 241
61 398
84 356
81 391
40 443
88 436
35 454
57 458
49 465
59 490
100 391
28 225
48 459
92 353
75 203
89 224
22 393
42 399
78 362
84 395
21 277
96 240
61 227
71 416
33 228
80 476
11 486
21 351
67 454
65 209
78 433
30 451
19 405
13 271
38 439
58 319
21 245
12 496
60 255
35 213
19 264
85 349
65 439
77 392
99 402
81 299
64 384
84 408
42 348
24 303
90 394
37 449
79 480
36 409
29 303
91 466
83 360
29 315
72 263
49 440
53 356
63 497
46 487
44 276
49 281
12 267
46 250
93 362
31 409
70 463
97 442
60 328
90 442
42 297
38 347
47 419
64 474
51 492
26 268
59 492
96 396
58 272
53 223
74 373
32 402
95 443
57 463
60 291
87 411
23 357
90 324
21 459
78 440
71 456
47 466
22 254
43 455
92 204
20 407
39 358
24 463
23 350
41 269
71 226
81 278
58 385
62 408
78 449
86 292
86 201
30 248
82 266
31 279
65 429
17 397
90 492
81 285
57 482
38 231
19 231
65 340
43 410
54 258
18 343
21 460
24 255
73 348
74 460
49 340
52 310
48 373
79 294
98 392
21 260
15 482
61 430
51 406
13 368
67 395
87 462
87 252
89 311
78 235
15 224
16 356
36 310
89 385
37 384
93 430
74 397
31 434
49 482
45 415
84 450
81 258
97 413
89 376
79 358
64 492
45 485
41 415
25 325
39 499
68 324
16 402
10 237
84 295
80 372
17 316
84 217
51 482
18 332
83 402
21 467
35 320
16 489
44 494
49 282
53 220
76 267
65 324
67 455
78 271
84 327
63 345
36 460
10 222
59 382
86 229
83 265
43 497
39 333
91 316
13 329
11 219
19 206
17 450
31 462
75 485
33 358
34 382
58 354
57 307
34 277
40 230
15 435
22 345
13 415
39 382
99 246
49 440
60 443
100 412
95 360
11 391
66 425
39 232
23 374
30 212
45 476
17 242
13 218
12 427
48 297
40 425
89 459
34 295
51 453
45 203
99 352
79 278
34 364
40 304
21 399
49 438
92 307
23 482
56 264
65 206
74 415
57 404
36 245
63 473
69 204
39 258
60 318
47 382
42 344
85 468
54 500
26 263
60 333
94 381
72 352
62 458
52 268
23 389
17 308
71 259
90 285
59 367
71 351
86 333
89 433
73 436
57 205
41 489
81 493
75 434
82 205
67 309
63 200
27 284
18 307
25 370
88 358
100 493
86 484
24 402
56 425
70 247
38 284
36 416
89 353
41 319
91 490
20 330
78 374
93 247
80 206
47 219
98 402
96 271
31 336
20 200
22 309
97 338
98 282
75 369
86 352
74 492
13 314
100 279
38 486
29 367
63 492
55 254
66 347
97 478
22 298
27 442
13 474
37 500
99 282
13 388
71 253
23 223
41 451
71 304
69 327
57 376
73 254
99 411
14 256
78 333
28 263
67 460
71 303
49 240
21 224
16 268
100 256
72 343
96 293
62 391
49 315
12 488
73 447
66 219
22 433
19 254
92 376
42 481
86 320
48 262
13 398
96 321
36 321
42 410
26 360
12 282
29 316
56 293
86 366
86 463
18 363
18 493
88 379
78 416
85 443
50 292
32 257
53 243
30 326
98 240
96 201
28 358
85 291
69 278
49 463
30 454
66 406
36 262
43 369
42 231
83 404
32 350
82 384
80 237
23 243
10 393
40 248
49 209
56 452
47 494
25 227
68 437
22 292
87 466
60 476
90 419
27 468
64 489
12 308
26 310
20 201
50 294
99 203
81 286
97 340
65 266
47 426
18 248
79 201
68 325
39 409
88 203
85 261
72 477
48 467
66 419
15 239
78 416
95 264
38 395
38 230
82 220
42 412
88 371
47 231
66 237
29 489
50 214
21 482
18 316
100 226
87 262
43 496
35 205
75 429
99 414
18 258
41 313
33 401
24 281
91 378
64 219
50 257
41 313
78 224
37 384
39 413
99 214
78 373
27 417
12 369
18 458
22 463
24 295
31 453
33 443
35 393
85 394
16 496
90 437
81 384
78 469
41 266
46 204
26 451
78 489
58 450
94 445
89 415
70 422
63 314
31 395
42 276
79 406
48 243
48 490
49 463
92 223
56 338
14 365
70 295
54 357
32 498
89 354
72 238
30 227
13 390
38 309
73 408
100 486
75 306
93 326
80 330
19 496
38 274
24 256
60 412
79 363
32 412
55 320
78 242
81 200
42 467
42 397
78 273
42 273
42 255
83 397
35 498
10 353
70 202
77 340
45 219
64 323
76 418
23 227
10 438
51 340
65 337
10 477
24 317
12 289
30 398
85 205
40 327
88 315
25 465
82 442
74 355
81 261
71 405
19 431
51 317
66 496
98 455
65 262
63 419
85 341
52 285
18 411
70 454
45 440
23 378
98 249
79 394
16 203
35 349
36 339
39 404
98 317
21 254
11 379
29 479
37 239
34 315
70 324
94 424
95 386
47 394
74 282
87 495
27 233
22 419
13 257
99 456
95 480
63 202
10 382
98 327
70 444
89 268
41 409
60 279
15 491
80 428
22 408
76 256
40 214
100 313
56 296
98 344
71 478
99 332
59 476
24 228
43 350
75 384
84 236
99 302
32 334
49 247
44 400
54 431
66 227
71 384
14 211
24 298
44 272
99 296
34 338
39 415
24 369
94 495
55 210
68 380
32 223
92 283
84 429
57 235
89 405
77 229
11 396
31 302
66 205
55 465
96 420
56 279
68 376
35 442
94 217
16 428
62 447
99 363
96 422
11 229
89 266
41 492
32 334
15 327
99 390
78 432
61 369
68 398
36 433
57 379
11 359
99 491
23 316
24 379
15 200
20 313
57 416
64 477
29 297
66 287
83 344
76 296
30 378
78 455
52 232
38 259
51 439
69 395
88 301
90 490
62 379
67 316
67 255
50 242
53 345
31 287
66 496
48 399
93 276
95 432
13 435
13 346
22 389
34 325
17 211
19 240
40 264
94 383
60 449
47 420
66 453
18 480
27 289
70 219
35 480
70 371
12 340
45 235
98 206
95 468
10 321
91 306
97 363
91 454
44 363
76 302
21 330
47 462
95 459
64 232
50 329
75 300
59 368
84 396
96 393
78 290
45 370
90 349
14 385
51 242
71 425
64 312
27 375
74 422
33 202
58 470
78 305
79 500
58 303
46 245
94 258
12 409
44 481
33 359
35 257
13 311
17 496
40 486
85 446
26 453
21 310
98 479
22 391
24 287
91 372
23 388
36 366
77 307
71 251
35 409
37 265
54 240
21 393
85 380
14 382
30 235
37 453
67 306
56 491
19 286
95 474
84 241
65 219
17 383
23 212
31 328
87 261
47 287
23 343
20 240
49 446
60 466
74 238
79 440
98 413
83 290
90 449
94 424
80 378
81 436
60 297
96 416
40 381
61 209
80 367
88 498
82 223
58 461
63 484
92 490
94 375
33 481
94 308
37 438
43 410
65 375
73 386
19 262
18 242
73 239
58 269
33 222
60 398
49 304
87 280
90 475
68 270
62 476
55 258
33 364
60 235
61 423
64 227
15 386
94 204
76 429
91 360
44 315
59 280
79 336
77 410
24 264
98 465
95 307
83 402
21 490
68 356
82 255
96 345
19 403
27 265
39 371
64 429
74 432
19 303
21 317
37 276
29 391
28 370
58 262
94 366
60 406
94 412
99 406
81 300
77 303
73 286
31 239
97 359
11 472
26 436
55 373
11 368
96 201
51 210
47 206
38 213
59 399
91 270
74 329
82 259
85 434
73 356
43 308
26 341
92 374
57 265
12 488
73 260
57 419
67 400
21 396
53 234
43 237
43 245
30 374
19 298
31 449
36 229
68 366
99 233
11 345
21 236
29 231
65 219
24 264
87 324
43 281
21 453
90 413
45 434
69 251
78 291
16 384
17 455
73 389
50 289
77 236
77 315
100 370
89 467
80 451
12 293
67 399
14 248
68 442
29 244
19 463
44 341
26 405
54 344
20 482
62 275
18 207
46 234
87 422
48 460
62 240
58 303
63 246
38 448
27 282
38 329
70 276
16 288
39 213
75 472
33 314
53 212
28 335
66 347
39 497
51 378
16 358
72 374
24 230
17 239
73 211
32 254
33 337
28 415
14 222
28 295
82 381
32 357
76 303
86 221
55 258
58 233
35 278
48 217
46 427
45 369
16 374
14 474
58 213
17 311
41 222
15 321
76 462
93 317
43 430
18 261
68 486
66 352
66 451
96 371
21 325
36 263
23 411
73 459
42 373
49 409
86 373
66 497
46 406
66 297
90 400
83 221
57 352
12 398
69 492
40 378
55 206
24 264
23 427
93 290
48 491
45 342
50 426
48 396
59 400
44 365
42 250
58 433
82 207
28 453
21 297
85 213
78 220
52 469
12 499
10 444
39 455
37 249
46 372
44 410
42 388
59 268
58 409
80 288
29 229
43 365
18 320
78 327
43 354
41 485
26 303
12 238
39 412
51 388
30 482
86 253
80 321
53 255
13 220
30 395
46 333
44 274
98 336
95 491
40 447
38 239
66 300
28 256
49 313
33 244
72 491
49 362
16 367
42 289
41 459
59 285
41 442
31 442
67 459
68 215
13 355
70 404
16 280
27 467
20 302
25 387
21 256
50 352
18 313
54 209
60 323
80 312
22 351
29 240
80 435
93 214
100 208
15 495
12 276
62 381
89 421
75 419
57 463
44 298
59 358
31 348
16 299
100 445
64 412
24 260
68 490
43 386
85 340
91 236
87 289
80 492
99 382
91 385
32 378
36 420
75 489
53 415
57 375
26 436
87 293
71 382
63 418
39 229
68 396
51 422
88 482
45 393
38 220
40 457
60 459
59 331
77 342
33 432
71 354
61 302
43 261
65 479
52 200
60 485
39 273
27 331
47 216
11 316
89 250
16 383
24 397
90 353
29 260
77 254
25 350
47 310
77 290
16 339
22 244
92 436
83 479
68 270
89 239
76 231
64 407
41 496
46 429
31 240
60 381
55 300
52 349
86 392
19 447
64 428
75 303
36 257
44 379
58 226
25 411
62 405
68 421
73 319
41 446
31 485
18 351
66 306
47 444
96 388
97 478
41 331
84 428
46 311
77 414
13 473
80 344
51 340
22 475
13 261
34 215
43 495
81 330
56 315
13 497
37 414
80 267
88 453
15 279
44 300
80 299
92 215
67 296
59 405
73 262
85 439
67 211
39 341
43 382
81 364
15 460
99 250
94 219
11 471
73 413
98 240
100 241
28 454
85 359
61 357
19 324
17 396
26 427
76 426
48 494
58 436
28 265
38 377
59 335
36 332
92 367
55 259
76 377
74 494
67 269
34 406
33 344
52 427
41 237
61 328
38 340
33 381
44 447
84 438
71 303
42 328
97 392
69 275
76 298
86 253
30 317
19 209
14 460
55 480
96 487
78 476
94 319
96 429
79 311
84 346
52 386
64 332
28 259
74 493
82 425
91 474
32 404
17 451
77 317
35 257
47 487
22 328
30 286
30 320
50 373
10 209
46 338
40 483
12 498
76 203
26 470
48 361
28 307
92 383
33 439
30 426
83 421
63 429
51 209
64 251
14 463
46 287
98 350
85 397
42 442
10 467
79 275
24 483
57 285
55 203
86 254
67 347
71 382
87 329
29 272
29 420
30 389
54 234
94 224
43 284
52 279
64 275
45 225
44 485
47 322
88 284
80 367
70 249
91 206
79 337
59 207
60 211
25 211
22 385
95 374
24 399
89 367
84 205
19 482
78 203
69 377
58 428
36 467
15 490
36 356
89 450
45 280
80 208
68 354
86 224
100 260
62 430
41 346
37 268
79 324
59 328
87 307
12 493
87 233
92 445
55 455
23 450
99 253
14 274
10 249
28 383
16 470
68 486
42 447
87 341
26 274
21 219
68 475
78 353
85 391
29 243
28 390
29 328
51 349
83 298
94 449
30 457
98 493
46 432
46 445
68 458
84 441
27 297
56 437
58 320
80 447
32 370
35 253
24 478
92 348
43 301
23 205
47 412
68 449
68 385
68 315
28 309
67 267
18 368
93 203
69 228
59 248
69 485
97 344
76 203
42 486
90 486
89 260
30 387
73 491
22 248
76 363
99 207
92 211
18 332
73 260
18 414
31 457
69 307
77 308
32 491
70 313
27 484
47 374
67 228
51 340
13 316
35 433
22 383
71 396
63 358
23 273
82 462
64 368
25 280
10 328
12 468
21 246
81 462
84 219
85 431
42 266
14 311
52 318
100 342
63 407
73 418
49 418
74 209
57 397
60 460
53 360
81 364
45 276
77 474
25 265
15 454
12 400
41 228
52 207
84 231
19 267
44 394
64 226
79 219
77 442
32 396
54 304
85 354
81 284
33 475
75 231
71 429
65 442
48 397
96 276
75 312
41 275
27 227
42 307
16 473
50 424
93 247
57 326
99 407
91 228
88 207
77 206
42 388
22 343
10 347
64 411
77 410
100 363
91 485
15 433
68 467
51 273
12 383
90 363
89 207
86 368
44 348
50 350
56 271
72 218
34 258
48 275
85 312
20 354
96 356
88 451
87 391
39 233
52 321
90 260
98 236
33 242
90 302
34 318
90 282
17 490
32 213
77 257
19 451
44 268
28 447
85 275
76 491
94 360
42 453
75 390
37 297
34 322
89 272
78 471
18 224
17 443
57 473
63 260
87 361
33 376
44 295
18 394
85 207
16 346
64 424
72 398
97 365
70 369
72 357
79 489
86 298
36 316
32 330
61 391
48 402
76 496
18 216
17 230
66 393
35 381
58 310
74 285
19 496
55 310
44 241
77 431
35 378
24 307
91 371
82 396
75 263
73 268
58 280
38 200
94 374
96 237
77 409
59 357
66 225
84 404
54 414
45 355
63 381
53 247
50 460
82 273
45 333
98 251
88 339
69 335
15 383
85 394
87 445
84 343
64 417
68 236
27 331
49 370
24 354
86 462
80 308
41 234
38 326
70 303
81 236
59 375
55 260
84 357
94 217
46 474
34 497
81 462
69 351
47 287
38 497
100 215
16 284
85 495
86 234
22 221
99 485
68 387
30 362
85 248
72 493
87 211
88 482
100 264
50 253
93 234
31 401
48 252
12 248
34 292
39 293
17 250
70 458
43 271
80 328
30 448
11 290
100 207
74 382
61 301
61 423
54 383
62 334
36 205
77 380
15 363
60 359
96 500
52 498
37 334
19 338
90 343
27 439
25 398
14 422
68 204
83 283
10 315
67 470
62 248
51 367
12 271
43 471
10 490
91 238
87 241
11 302
37 203
27 484
73 361
82 298
50 397
70 451
62 247
40 280
87 218
98 404
99 320
14 207
96 240
90 381
20 321
20 365
18 223
53 423
22 452
39 397
15 301
65 308
14 466
98 291
93 233
44 472
52 267
90 411
59 424
82 339
32 222
70 266
82 249
38 329
63 408
72 297
45 322
53 255
86 492
95 219
62 238
32 275
93 369
67 414
53 225
36 336
93 454
31 293
34 339
48 453
43 346
73 454
100 353
28 453
28 252
80 266
67 361
46 346
39 275
26 270
67 209
19 347
11 256
50 363
53 260
39 290
23 263
65 271
80 400
78 208
21 394
41 441
75 364
53 483
97 294
48 238
20 408
76 413
14 223
64 206
29 289
97 388
58 238
73 466
60 381
89 338
24 497
28 227
24 314
56 247
93 460
37 410
14 369
41 229
99 348
28 425
51 230
78 488
39 471
35 455
16 376
77 324
61 269
19 431
29 258
11 241
58 462
42 283
59 222
87 471
85 245
92 205
30 407
33 343
35 394
65 477
52 288
62 391
54 349
40 240
35 247
11 323
34 482
25 287
87 467
56 272
17 352
96 287
70 218
12 384
56 426
37 431
26 359
10 370
60 442
59 364
36 441
48 447
20 341
96 273
29 490
67 318
52 371
43 348
97 233
17 499
29 341
51 421
86 499
31 456
45 450
10 327
95 203
84 460
28 204
65 400
47 326
53 233
10 321
10 283
48 362
12 261
68 409
29 451
21 221
69 296
84 475
44 259
34 394
46 271
23 450
16 240
48 439
11 221
99 455
99 363
36 234
29 268
71 304
28 350
52 375
54 494
19 267
67 276
32 471
48 258
66 268
21 445
30 320
15 464
78 419
81 341
84 398
25 395
11 326
52 275
83 390
78 299
10 219
88 316
100 472
47 308
97 421
86 444
34 468
98 265
74 432
69 287
41 212
65 279
43 477
48 339
29 321
71 220
77 211
69 478
11 460
58 421
27 337
78 371
13 220
16 389
70 239
33 480
76 408
59 339
58 311
51 448
75 314
23 420
88 253
44 308
15 482
49 343
51 341
37 270
18 398
84 462
34 385
95 437
58 449
35 425
49 203
62 441
51 288
82 392
21 205
80 304
33 426
11 203
62 409
44 326
34 482
64 441
87 478
75 458
10 351
29 486
39 202
43 370
57 485
35 382
56 209
47 477
50 330
32 399
77 202
35 242
46 261
39 299
10 206
84 414
67 388
67 410
47 223
39 379
77 289
24 499
31 444
27 482
63 302
37 260
68 304
19 236
31 432
53 302
53 341
50 296
92 312
69 316
33 234
49 293
78 204
49 371
41 413
87 471
69 431
86 267
56 231
57 349
44 337
62 402
89 415
22 404
72 401
35 311
58 215
20 258
55 393
51 417
79 479
80 269
68 368
53 393
23 339
90 311
62 441
23 352
16 408
84 331
33 224
89 493
100 244
70 458
58 377
40 441
48 210
53 214
91 296
82 476
59 398
78 308
39 498
61 443
81 465
40 463
33 362
48 478
28 404
40 292
28 257
29 386
96 492
88 344
31 255
53 420
57 355
92 240
39 437
48 205
67 403
39 339
61 271
75 471
49 500
71 454
91 493
50 222
79 437
72 470
23 486
43 394
62 316
18 390
57 365
26 352
89 211
29 281
87 204
81 205
25 211
18 407
58 247
92 386
12 296
89 426
94 495
48 320
19 202
63 209
66 303
96 333
35 249
19 396
35 414
100 455
95 310
18 275
83 240
41 290
79 317
63 366
14 284
45 268
73 394
97 351
77 439
100 311
70 346
39 440
62 306
98 382
63 454
24 472
69 368
83 329
38 476
74 494
62 379
19 243
15 287
26 218
25 327
10 412
35 233
43 482
31 443
60 454
46 218
82 339
46 436
16 268
62 362
69 368
88 220
48 211
11 253
92 282
43 307
64 302
49 242
72 378
37 344
17 331
21 205
95 447
16 387
84 249
80 475
45 488
85 327
77 201
63 477
28 209
77 476
27 321
79 292
86 202
73 280
58 498
98 303
95 425
53 357
35 437
31 340
16 225
69 371
71 245
51 207
27 328
70 315
43 200
87 397
70 293
37 234
61 461
34 432
92 224
33 307
26 370
49 333
39 363
15 319
38 248
88 412
91 258
54 325
22 333
31 459
16 397
27 414
99 227
76 241
44 434
69 462
70 244
47 345
78 247
62 212
79 239
79 421
60 299
72 304
79 466
18 255
67 204
69 218
39 262
18 232
60 305
87 447
11 238
44 454
93 204
11 279
45 289
93 340
28 495
30 268
19 405
100 270
63 490
94 389
29 296
28 395
96 365
24 449
92 434
38 437
17 267
17 431
36 466
100 442
80 413
15 318
58 230
27 475
89 426
29 469
39 233
12 321
15 455
84 300
38 371
43 274
68 452
50 492
12 474
49 274
32 391
33 202
75 479
72 287
77 288
88 323
92 317
39 469
70 362
56 408
88 454
96 368
55 385
49 219
10 240
92 493
58 384
67 499
81 369
49 464
82 289
63 478
79 429
86 427
31 413
99 271
46 465
80 219
55 246
10 406
33 281
42 364
32 342
67 224
53 396
23 366
41 273
61 341
47 238
21 241
95 300
39 266
30 251
31 363
92 222
85 282
40 415
59 216
78 308
28 216
85 477
17 439
33 475
90 200
85 244
92 361
74 304
18 358
93 411
33 402
78 237
25 485
50 380
32 458
16 439
64 441
98 254
17 413
19 407
17 439
60 354
72 245
45 425
45 261
36 373
38 466
55 397
91 311
44 348
75 212
80 492
41 450
25 281
24 222
61 224
27 338
46 209
25 284
86 285
72 467
44 258
95 317
70 279
83 429
60 497
17 462
11 292
70 483
13 272
14 209
31 415
92 373
37 229
10 255
29 252
50 471
90 351
51 463
82 464
26 356
43 280
34 398
34 477
78 394
94 283
55 494
29 249
44 320
16 272
85 290
33 295
89 434
85 245
89 376
26 235
61 470
91 247
74 387
41 394
15 472
86 432
11 374
22 330
78 457
96 267
17 476
50 205
95 258
88 203
91 259
50 313
43 253
52 242
72 283
57 418
33 363
16 218
100 278
86 428
10 449
93 229
100 256
66 232
66 234
40 395
74 223
77 220
91 318
22 414
64 397
18 404
27 429
37 494
97 468
57 240
94 315
13 239
44 253
13 383
38 255
73 330
95 234
71 253
31 310
10 201
68 247
89 465
87 224
28 432
92 329
79 307
77 441
94 263
67 315
73 230
21 222
60 347
48 357
53 358
84 266
16 423
79 463
53 488
74 295
10 429
99 290
12 316
40 279
48 473
73 273
54 462
19 260
15 250
14 408
79 282
82 467
92 434
97 341
41 365
68 239
34 257
36 277
94 308
11 200
25 448
52 482
21 267
90 417
34 357
39 424
81 445
13 392
34 268
87 248
69 316
23 425
37 365
99 246
69 256
25 452
38 218
16 362
44 372
66 301
53 300
33 416
32 364
23 372
90 489
37 262
17 457
31 478
53 438
29 493
84 470
58 395
65 274
60 421
24 233
30 424
91 495
54 327
43 345
31 437
84 368
62 438
62 435
89 343
66 337
25 212
15 426
23 493
55 414
31 395
70 383
52 479
58 355
36 383
80 202
94 231
32 267
17 392
38 282
89 221
30 268
60 475
95 442
58 494
63 328
34 500
84 353
46 285
89 483
48 407
45 236
85 253
87 356
52 203
68 480
35 305
61 208
76 492
20 495
20 452
65 271
59 281
37 327
42 381
46 334
47 493
76 475
12 423
94 490
40 216
10 349
11 416
49 350
70 204
63 289
49 467
41 356
83 483
19 363
84 241
76 400
91 316
32 227
12 402
100 363
77 384
60 437
24 318
18 455
75 380
28 227
16 353
75 291
27 263
84 448
57 401
10 235
100 368
93 454
49 228
61 385
17 276
57 461
90 306
16 466
91 408
41 229
46 222
11 294
70 223
43 288
98 235
80 339
67 335
26 421
80 357
47 223
68 376
19 276
23 297
75 416
66 432
26 464
38 213
82 488
29 498
78 410
21 399
41 385
46 238
100 294
50 360
66 328
95 500
29 466
70 394
91 249
63 274
54 227
87 470
51 274
12 239
50 398
93 431
55 369
91 338
70 313
18 228
65 483
27 242
36 272
41 227
39 209
86 233
47 287
71 449
95 367
33 493
51 374
24 297
70 340
30 454
25 432
28 291
94 459
81 311
13 217
62 302
31 337
25 461
36 235
72 484
76 346
65 416
36 347
93 211
64 396
89 338
51 346
58 491
32 262
81 233
66 337
31 204
43 368
17 348
48 273
52 305
91 256
57 337
12 483
39 288
62 263
44 404
51 305
63 462
47 394
62 345
76 228
53 455
82 213
40 299
93 280
97 403
15 323
64 489
56 389
36 381
37 452
73 258
41 429
67 373
32 413
98 302
64 265
32 338
63 205
82 313
61 239
93 371
48 256
36 314
65 283
65 294
48 478
32 240
81 269
74 427
71 328
64 373
20 484
87 421
65 345
82 473
26 500
44 444
46 350
75 398
48 201
56 417
85 241
27 283
68 318
30 491
61 487
26 237
87 322
61 306
88 493
29 300
33 320
85 496
49 250
87 403
52 333
35 429
75 224
17 382
43 470
33 436
38 485
45 324
16 431
28 223
54 457
78 312
80 265
63 497
74 449
68 265
45 417
32 353
45 403
14 482
31 357
51 277
41 338
37 346
44 228
20 390
19 391
82 460
12 258
71 220
10 253
19 487
85 478
72 308
34 273
23 252
67 404
31 219
13 428
61 260
29 433
89 339
59 401
44 478
68 203
92 314
59 482
67 424
95 338
25 340
67 469
91 289
19 369
48 363
86 373
22 451
71 322
23 327
35 336
44 329
78 500
24 293
52 493
33 339
72 447
29 491
40 268
79 235
48 337
24 483
26 270
55 213
92 471
32 313
42 342
72 395
18 385
10 220
29 454
61 405
72 286
46 212
15 424
68 240
95 395
94 418
73 404
23 306
33 219
43 430
29 361
76 400
91 260
14 371
62 228
81 260
24 420
53 419
57 269
90 250
19 431
79 378
48 347
99 407
55 352
36 425
100 409
81 206
94 495
25 330
67 351
43 286
75 412
65 260
76 311
37 342
91 227
30 273
24 352
62 490
77 315
59 466
70 488
82 391
79 497
36 204
56 359
43 315
71 443
70 449
15 383
85 243
28 459
50 483
51 245
65 262
16 334
20 282
17 398
57 303
52 442
47 490
14 245
46 320
41 326
74 240
28 206
58 317
81 348
42 274
26 270
65 202
38 313
25 475
30 205
10 353
17 232
87 445
44 293
12 264
91 231
38 377
52 285
18 452
47 292
16 224
27 260
49 464
100 259
16 282
90 415
54 358
71 476
72 474
26 316
43 437
67 240
42 283
21 306
40 457
54 458
75 208
71 457
80 290
40 309
52 428
19 205
80 368
53 338
47 449
41 328
94 500
69 499
70 442
39 214
91 401
63 278
70 388
41 279
93 398
15 248
54 309
57 361
57 382
91 267
86 401
54 215
84 211
31 329
55 215
70 250
59 213
27 223
56 209
85 226
84 440
100 483
67 225
78 475
73 239
87 237
53 386
54 238
16 413
97 249
51 460
78 242
89 325
81 271
16 317
10 491
71 320
98 253
36 213
13 202
96 469
36 391
85 440
92 450
71 244
32 479
17 246
74 374
58 235
57 404
36 441
71 357
37 265
88 305
96 286
78 280
99 244
19 357
47 348
53 234
15 254
83 294
75 483
35 370
27 311
13 319
56 417
68 262
58 285
62 208
63 423
23 374
59 207
23 349
88 235
30 446
42 395
69 340
75 456
56 345
92 232
63 268
49 389
46 379
92 497
66 293
16 425
86 283
11 345
41 486
66 314
45 419
80 419
30 285
23 467
64 390
14 393
69 396
63 236
12 454
83 461
25 349
47 412
17 215
10 313
54 386
63 380
80 335
18 210
68 421
56 298
89 424
64 467
13 471
79 342
33 434
91 370
49 386
13 465
92 287
22 350
86 403
33 424
34 276
27 406
25 308
76 205
87 342
78 248
72 425
21 435
16 391
98 390
92 335
83 375
67 330
28 292
86 452
70 219
100 348
28 422
77 276
46 437
50 400
15 479
33 324
71 431
82 467
11 489
31 373
73 421
41 234
56 485
60 427
91 411
28 275
91 229
66 208
20 268
13 400
82 481
59 359
28 487
73 482
29 325
67 485
61 255
47 457
25 351
85 441
18 406
77 291
61 316
52 350
66 457
50 329
44 221
15 247
92 211
46 329
88 280
66 279
64 229
71 272
62 367
10 390
74 427
87 406
37 229
59 375
47 253
19 373
60 390
97 480
18 346
24 384
62 370
60 460
83 397
58 227
38 494
32 234
89 346
53 411
100 444
88 362
63 488
81 469
74 301
26 426
90 454
40 321
20 472
29 369
73 261
55 279
89 261
29 372
48 202
73 283
36 265
47 341
20 326
27 278
20 405
83 322
90 211
67 329
29 422
20 249
26 394
19 435
95 391
62 261
26 337
42 238
47 487
57 353
22 336
21 437
33 384
49 298
32 450
76 276
93 374
97 302
67 402
40 371
60 291
19 385
79 224
81 228
84 500
90 220
64 210
83 326
57 464
25 487
37 498
84 483
57 336
18 338
65 270
92 280
93 389
90 488
16 336
12 372
60 294
49 420
18 246
80 396
16 367
61 320
49 343
43 435
40 336
74 416
52 229
72 465
29 358
31 279
84 365
79 277
42 240
73 462
12 492
69 494
46 439
68 422
26 365
99 459
51 377
67 253
53 267
53 221
52 368
61 367
24 449
31 390
20 391
22 473
45 408
84 439
63 227
46 325
15 465
51 290
69 407
66 445
45 310
48 348
46 464
75 408
92 409
32 298
52 348
77 430
79 485
48 299
64 427
74 302
28 406
79 431
32 485
25 486
52 290
71 470
62 297
64 415
58 425
17 253
84 232
13 225
97 301
56 479
88 446
83 317
44 422
19 363
58 373
12 399
88 379
14 415
89 496
55 431
71 292
62 390
99 468
69 239
32 437
17 494
44 497
25 483
13 308
60 273
59 391
24 341
52 290
11 496
12 335
39 454
34 410
26 398
73 206
43 343
63 404
14 273
57 397
91 267
71 299
75 434
28 261
82 209
33 279
26 385
92 379
99 488
63 430
64 415
26 323
29 327
64 344
55 376
71 406
33 494
11 231
24 393
49 450
16 342
79 304
98 341
95 314
12 221
36 464
82 429
80 443
10 261
51 406
70 224
53 379
53 213
54 342
37 453
25 206
28 219
28 270
27 493
37 387
69 378
11 398
86 385
68 311
40 325
95 383
30 276
93 265
92 422
56 446
92 449
61 366
65 410
51 225
55 270
81 364
21 262
27 202
26 301
45 343
56 279
19 474
77 236
65 395
64 396
49 229
45 439
82 260
95 281
61 500
81 498
26 497
76 324
51 406
44 210
65 248
79 222
83 395
92 460
39 466
75 378
63 448
94 340
35 414
84 241
54 220
80 226
18 498
29 413
10 473
98 349
69 463
55 390
47 379
15 446
54 453
70 289
15 337
68 356
68 298
79 465
68 386
44 283
66 488
88 484
79 317
47 378
78 452
15 385
54 417
17 425
70 351
68 218
94 391
68 489
39 221
35 255
20 341
89 238
85 231
59 236
77 251
26 377
14 431
86 282
58 290
56 416
69 469
55 379
65 257
39 245
38 268
70 434
86 336
78 435
50 391
49 415
85 333
51 394
13 251
47 310
82 483
42 232
86 408
29 458
80 476
23 442
39 201
19 350
94 296
65 403
76 203
39 378
32 307
12 247
69 247
51 449
58 331
54 327
50 238
100 352
47 486
38 205
58 418
71 221
88 337
64 400
38 491
77 375
90 298
13 354
82 228
62 221
53 482
90 245
95 382
77 483
65 440
88 251
68 241
27 269
83 497
72 468
38 496
52 432
81 462
39 336
62 337
56 497
23 454
24 235
88 388
30 400
58 404
29 382
29 223
34 220
44 369
39 354
61 227
53 304
89 371
57 377
90 245
72 223
11 364
38 283
40 475
95 276
65 332
67 220
23 358
49 273
13 478
83 238
76 462
59 393
70 231
31 238
72 290
26 225
95 219
24 454
11 490
76 321
86 436
13 426
13 280
19 219
46 324
88 462
43 349
93 367
69 270
79 407
32 417
29 262
11 438
14 429
15 494
49 499
92 289
53 473
20 321
66 376
33 447
85 479
16 389
32 477
53 251
68 268
22 263
17 352
83 295
43 377
71 228
97 468
87 447
21 435
28 278
69 461
46 346
71 320
83 284
80 393
19 377
26 200
50 240
62 390
62 382
38 374
93 340
12 476
36 428
92 302
16 368
22 229
67 450
21 448
92 344
92 267
92 249
86 410
58 369
81 375
58 264
60 409
96 338
82 490
92 493
93 219
86 302
66 272
50 296
18 484
68 308
96 360
16 268
70 346
44 267
92 437
76 217
95 234
66 428
20 369
65 212
17 228
34 385
19 212
13 269
32 371
26 497
100 434
24 248
13 399
73 248
12 395
99 379
37 369
89 350
37 475
66 374
19 323
34 252
27 489
62 281
24 449
29 338
27 239
45 359
54 400
42 472
74 370
69 473
21 354
10 224
80 383
100 228
19 405
34 342
23 301
92 451
27 449
67 329
16 374
27 374
90 292
32 317
16 393
26 449
64 413
28 272
46 268
85 250
67 280
44 213
58 263
33 379
99 202
18 448
18 393
27 398
11 365
24 344
93 254
51 202
20 412
15 460
13 274
64 299
25 351
13 433
86 277
47 324
80 216
14 404
60 292
48 240
87 214
85 413
93 374
51 433
21 440
21 463
62 403
84 265
35 323
12 417
77 257
74 377
74 211
97 380
62 280
11 458
60 252
80 261
38 235
17 409
39 386
63 335
56 279
31 291
50 346
71 251
90 447
35 374
21 407
87 408
83 422
37 230
92 435
84 297
90 233
69 342
35 223
35 457
85 325
78 454
97 204
14 322
45 332
48 256
78 447
45 225
77 227
55 290
41 244
50 380
45 239
65 446
94 447
67 313
26 399
29 491
99 471
98 201
81 205
52 289
87 470
35 268
75 267
84 459
35 443
52 287
96 309
57 442
23 333
47 276
75 271
14 333
53 277
70 241
63 340
62 433
25 394
66 256
29 308
59 471
37 251
78 431
71 437
92 315
10 377
39 200
94 356
11 387
98 417
50 364
99 257
100 264
88 246
67 361
69 233
24 304
79 235
44 394
79 356
49 440
26 298
17 429
20 222
74 285
96 492
31 393
79 495
71 449
12 226
90 344
69 287
83 293
22 432
13 243
69 394
71 320
30 372
22 394
50 313
65 281
25 326
93 302
87 380
77 310
17 207
77 415
50 351
41 366
56 393
54 318
50 290
27 277
55 385
28 355
78 348
94 250
49 358
13 493
49 251
40 394
62 455
87 302
83 214
28 285
24 326
16 493
49 290
89 326
25 387
52 421
69 365
12 408
84 221
96 261
48 452
97 280
59 211
28 460
26 350
33 381
34 396
58 290
80 289
84 409
69 397
14 461
87 249
99 234
21 267
56 241
47 499
75 373
51 452
91 485
56 325
24 477
69 437
70 456
35 432
97 201
41 443
48 340
70 329
51 461
58 418
56 313
66 271
53 374
40 267
91 273
36 422
84 363
93 265
97 383
97 432
38 274
19 295
18 264
76 486
22 219
72 475
81 216
52 267
61 467
47 447
85 477
72 488
32 475
21 406
99 498
38 492
61 462
28 333
43 460
44 500
44 420
77 260
60 418
66 225
63 411
78 321
76 488
69 475
30 309
80 268
67 468
34 226
71 295
13 403
100 427
22 432
34 274
76 482
70 267
58 273
97 325
87 314
92 401
87 274
52 419
19 214
90 300
91 212
48 349
27 296
58 266
99 320
27 468
29 229
14 205
36 412
28 445
90 443
31 263
10 253
42 257
46 265
52 206
46 450
83 442
92 379
56 222
39 245
26 499
77 423
88 325
84 284
41 309
42 313
50 442
90 252
15 382
30 253
24 344
65 492
46 497
91 491
99 268
81 458
41 207
98 469
76 413
52 248
71 228
33 342
43 476
19 315
10 211
23 444
22 319
74 338
87 204
66 232
11 210
25 236
57 267
24 247
19 206
56 450
67 355
54 402
54 435
65 386
56 333
85 499
55 214
96 415
40 413
79 489
97 385
36 389
69 479
93 330
33 430
22 418
81 320
16 312
29 285
59 450
49 277
22 268
18 233
52 207
68 378
42 267
41 469
88 362
36 290
41 331
44 219
66 201
19 317
66 344
59 261
29 219
20 440
18 327
11 469
30 369
97 278
12 307
48 290
37 392
32 409
49 298
75 220
98 216
56 363
38 239
94 352
29 210
14 295
87 213
50 420
91 358
49 216
74 493
46 382
77 436
86 356
88 417
47 283
23 463
65 492
25 318
24 459
26 332
35 363
50 214
35 375
38 228
49 286
24 396
29 303
16 457
71 314
44 233
96 254
81 240
61 447
73 286
40 333
19 356
54 463
56 226
69 491
70 478
50 474
56 443
39 453
54 383
73 470
87 362
99 361
45 468
26 459
88 410
96 370
37 236
73 384
45 470
68 266
12 400
52 268
93 214
37 388
97 236
88 262
85 279
14 500
98 429
91 498
94 448
99 302
52 500
13 497
28 310
54 364
58 200
43 301
40 402
50 309
33 295
37 234
76 494
90 369
41 390
21 459
83 483
55 270
60 497
74 400
100 227
63 264
40 394
61 389
82 252
24 432
92 267
75 470
62 398
41 330
61 402
81 373
42 247
30 316
100 408
70 247
38 478
19 360
44 426
55 365
34 496
84 222
36 461
47 471
40 227
98 343
46 286
88 212
66 408
33 275
28 241
27 500
79 435
77 238
22 357
92 236
54 398
26 313
51 500
48 363
57 383
34 303
76 470
34 251
46 341
23 392
12 450
73 249
83 500
20 391
34 439
95 458
94 435
39 341
53 353
78 307
39 458
56 403
40 475
63 254
53 229
93 448
32 285
53 260
31 232
62 391
81 327
50 455
47 368
72 393
73 498
90 455
69 411
32 331
41 259
92 450
23 279
56 267
66 291
12 399
78 228
95 493
38 386
12 366
94 440
65 473
41 207
30 341
16 283
24 201
91 306
48 380
53 496
12 499
18 474
58 308
87 435
24 305
13 445
52 272
54 377
80 219
79 471
47 450
16 280
12 294
67 299
27 470
61 319
81 330
52 365
18 242
44 487
52 369
12 466
61 263
64 435
95 425
58 391
98 357
56 273
77 255
13 323
49 416
41 493
88 484
21 483
20 354
45 271
73 348
72 363
93 277
81 392
85 452
82 375
55 202
45 458
67 269
43 481
66 472
90 229
56 227
66 429
36 429
44 354
47 436
85 385
58 262
43 464
57 359
78 221
14 235
51 266
78 458
41 288
57 219
13 332
47 277
48 378
32 459
34 480
13 497
24 356
38 441
58 471
34 406
13 358
65 318
27 244
91 421
38 402
41 347
66 385
100 492
14 327
11 242
53 242
10 471
67 445
41 415
40 408
66 305
21 210
14 388
62 396
86 285
59 498
31 228
57 254
45 394
69 368
53 488
51 322
97 257
45 317
48 430
56 242
88 239
88 304
58 205
50 485
94 245
39 422
76 312
62 492
64 357
20 289
60 269
23 251
86 426
100 498
12 291
54 237
39 490
82 456
82 290
10 485
83 370
52 307
80 330
32 335
52 457
13 230
19 283
74 251
91 348
45 261
45 486
82 468
30 389
79 419
10 311
93 211
72 308
58 361
66 365
11 324
38 368
35 246
84 384
42 408
34 243
66 421
28 216
61 202
64 260
67 332
34 273
64 250
58 411
64 218
54 304
84 346
32 496
28 320
70 387
79 360
53 394
80 407
99 367
74 263
86 229
42 496
53 238
70 433
16 354
77 473
15 241
95 276
31 409
97 365
90 321
11 475
36 254
68 374
38 490
49 245
34 332
87 269
94 485
41 216
97 402
23 444
85 257
38 429
47 365
23 210
63 318
33 450
76 214
39 440
85 210
80 471
75 423
12 411
76 440
31 393
69 365
36 484
68 304
76 337
15 205
96 404
84 480
73 342
35 375
62 446
42 265
44 426
62 303
38 293
44 211
26 333
56 270
72 298
33 478
83 292
54 481
23 203
22 246
50 352
14 426
19 255
60 412
71 376
53 265
66 205
21 352
15 403
50 353
98 296
79 334
66 261
74 332
76 421
82 358
49 248
98 319
87 472
65 483
86 443
55 214
58 274
12 485
13 237
94 375
79 366
98 470
20 220
77 441
37 429
82 463
98 280
34 479
53 260
94 298
22 459
96 349
31 377
50 407
12 420
52 247
32 489
79 463
36 216
45 399
30 400
39 320
22 392
65 482
68 458
93 353
60 340
67 346
11 284
32 381
12 232
49 488
76 343
30 427
36 251
28 253
99 386
36 380
36 421
76 428
12 389
37 243
36 481
60 445
63 340
96 217
56 451
90 290
61 353
88 403
91 291
96 303
26 278
27 453
22 492
63 274
78 359
94 308
46 405
96 404
89 275
26 314
88 324
84 217
41 369
52 380
39 325
38 335
69 313
24 299
64 417
22 384
29 440
63 415
22 442
80 337
65 438
99 440
65 303
70 487
15 326
44 330
59 247
70 302
43 201
25 363
77 274
56 494
97 487
77 306
83 374
73 342
15 291
15 322
70 489
82 263
50 424
90 214
14 308
42 229
97 217
99 477
12 439
32 202
25 275
71 302
72 449
98 210
84 475
26 382
57 339
99 476
41 236
21 432
10 305
46 403
28 251
34 260
14 297
82 363
35 268
80 219
65 358
91 454
59 209
18 494
32 479
66 309
21 407
98 308
11 400
72 232
95 338
12 389
32 304
82 454
53 415
17 236
55 401
73 252
69 223
74 207
14 463
16 465
33 306
91 278
64 231
16 355
75 352
75 451
19 495
16 225
71 327
86 380
39 200
47 438
94 426
14 474
66 209
77 455
77 460
40 220
45 343
16 258
18 368
32 348
36 362
96 271
16 384
94 216
40 382
96 305
67 347
47 444
73 465
38 421
97 379
43 364
69 265
68 414
29 328
21 295
83 384
70 479
51 214
87 349
19 346
30 452
98 481
24 298
98 491
72 318
75 409
53 289
17 301
36 406
64 213
46 419
17 264
88 413
48 290
93 423
35 464
86 378
97 467
55 337
69 444
69 474
49 385
93 274
85 463
83 415
29 379
48 321
13 429
85 471
63 493
61 405
15 216
74 297
63 207
77 338
63 338
82 200
19 271
57 208
56 401
59 459
38 455
11 421
33 211
46 351
42 283
37 358
97 236
30 481
84 338
98 392
95 327
47 449
69 364
23 380
50 278
54 242
70 367
74 313
21 353
41 279
16 418
54 383
33 341
42 395
33 379
15 353
34 427
84 352
62 457
35 202
33 319
44 465
50 456
11 312
80 440
14 391
27 226
16 260
49 385
73 243
95 491
16 217
46 447
38 355
13 350
27 386
95 350
45 403
31 326
96 311
96 303
13 372
38 275
80 445
75 286
65 473
84 385
50 392
78 308
44 484
95 353
88 426
38 469
88 206
86 240
77 308
100 320
56 473
53 311
67 253
41 406
49 422
19 466
97 319
84 310
84 481
18 472
31 415
20 433
59 381
54 489
39 316
69 418
43 350
37 456
92 374
85 328
45 349
82 410
43 264
89 219
61 431
14 349
98 277
16 466
73 202
45 446
67 460
49 357
78 290
63 411
97 320
25 209
94 229
90 385
79 336
32 287
92 292
74 310
13 466
62 326
94 427
77 236
26 283
22 445
18 403
79 286
75 343
63 389
53 361
20 415
10 376
61 212
32 336
98 286
68 296
11 219
72 382
37 358
21 397
44 287
41 406
14 219
69 316
91 319
36 379
43 474
98 434
45 472
46 455
18 321
71 418
82 222
15 344
83 213
38 431
25 487
55 372
39 283
51 311
34 413
47 384
30 494
79 269
27 337
77 221
44 223
25 496
79 437
14 374
63 277
57 449
65 339
62 416
78 256
40 272
42 465
49 253
75 222
43 371
95 245
43 265
56 229
71 263
42 348
65 314
17 389
37 335
39 332
29 398
54 225
35 256
35 374
65 397
55 330
17 204
71 358
41 444
63 279
68 251
77 290
16 500
61 377
19 205
85 385
60 347
50 219
78 350
21 410
92 239
93 212
69 415
12 211
43 456
65 262
23 417
86 321
42 331
26 250
90 206
42 387
56 295
87 403
74 249
82 440
81 302
26 479
91 272
65 273
47 230
87 484
79 437
97 260
35 250
79 252
39 445
26 257
19 294
34 433
26 222
27 329
97 273
62 238
79 247
73 322
64 396
93 422
10 307
69 298
27 440
66 363
21 289
58 321
84 330
83 425
14 375
60 374
96 361
13 492
93 223
54 434
51 316
51 500
52 485
94 228
20 448
79 257
41 261
31 318
36 381
42 441
66 244
95 350
67 475
89 211
37 352
68 314
96 448
46 339
45 361
69 305
16 208
93 243
92 438
42 358
80 301
20 271
83 310
59 449
66 211
62 481
97 253
87 280
55 357
55 382
43 236
61 275
79 246
49 313
29 377
50 200
18 217
60 220
82 391
94 360
36 328
93 215
54 384
78 330
82 413
14 207
64 396
26 493
17 349
28 375
64 224
14 452
44 344
80 266
53 390
25 438
44 465
65 347
13 395
13 287
83 387
100 256
36 376
41 474
44 303
87 499
43 421
33 216
35 421
56 300
38 408
19 226
42 337
39 419
34 249
83 288
13 248
52 417
61 292
35 397
58 437
19 370
29 293
84 321
61 419
85 222
64 305
77 345
85 321
94 422
11 467
24 453
75 253
97 387
65 209
46 438
97 427
29 201
13 444
86 432
59 441
69 386
80 401
71 436
68 493
73 238
57 266
36 474
16 361
19 362
16 393
64 264
81 356
81 288
13 286
65 359
52 371
75 221
86 474
87 492
26 264
75 424
46 471
57 347
86 206
41 450
91 205
58 467
41 478
72 359
21 472
60 240
22 211
85 364
86 468
67 450
30 334
37 259
95 219
35 384
29 312
35 373
78 245
44 378
37 292
16 485
95 203
11 305
53 485
31 449
74 221
94 433
83 471
76 358
31 296
20 465
84 324
23 373
81 426
33 290
26 486
19 430
58 498
45 453
23 401
55 382
17 249
97 476
32 204
31 458
90 325
19 406
40 458
88 216
44 278
45 299
66 227
88 201
82 211
40 404
52 304
98 283
87 247
12 270
29 290
78 300
28 348
45 262
74 484
85 438
60 282
84 274
92 214
56 232
57 478
85 387
35 420
75 384
39 477
84 468
27 381
66 431
65 473
56 334
88 219
62 466
77 256
80 360
34 263
58 245
39 276
97 323
77 401
38 464
10 359
63 342
53 397
25 217
84 214
63 273
28 371
88 233
77 227
80 447
20 233
62 281
86 372
12 255
82 308
31 347
32 347
26 405
29 461
82 362
29 221
53 458
22 424
58 217
62 333
70 491
44 353
20 375
42 373
45 245
32 295
21 347
66 279
28 435
86 423
14 464
61 482
68 234
52 310
42 304
33 362
38 208
86 264
50 488
40 210
57 317
13 322
70 496
59 413
17 339
14 477
65 478
33 422
18 362
10 461
41 373
14 459
54 285
87 411
33 410
78 202
41 424
48 388
12 373
15 299
20 385
86 263
92 482
60 220
100 415
13 206
10 200
25 367
24 438
10 255
81 448
27 322
75 279
39 239
41 258
13 414
70 311
79 452
23 411
79 333
52 401
15 361
16 254
22 435
48 305
32 287
16 496
57 321
31 367
74 477
46 397
67 266
83 366
84 249
37 490
18 350
98 421
47 240
61 488
51 415
88 465
81 242
39 359
91 484
39 423
38 399
58 349
44 276
57 483
91 490
80 407
79 259
39 300
97 500
91 274
53 329
74 364
88 447
24 382
79 247
58 339
82 424
65 360
10 453
42 223
21 461
15 230
14 455
68 319
89 367
66 316
52 329
27 213
59 451
33 404
11 500
98 342
51 481
24 321
91 491
58 323
85 223
55 470
61 382
16 381
88 328
97 442
28 375
86 431
72 300
30 272
54 275
72 421
98 313
99 437
96 334
53 202
72 261
85 233
75 459
89 441
80 308
18 442
26 286
91 257
67 404
78 435
39 390
68 484
89 345
77 254
38 328
80 484
82 477
12 280
72 328
34 420
94 403
66 317
91 482
60 324
31 350
84 262
40 311
12 491
33 365
28 332
62 249
40 279
78 280
69 359
51 380
55 242
36 388
53 418
30 431
90 202
94 248
64 319
77 209
14 263
99 302
40 264
83 409
74 274
66 451
26 295
35 409
13 259
99 445
94 363
76 218
33 455
18 329
92 324
70 280
10 461
27 482
44 482
10 316
39 277
13 387
36 295
80 459
16 290
12 331
60 227
46 268
46 315
86 403
56 234
32 224
76 365
50 468
28 243
44 301
32 247
12 391
39 232
14 446
23 452
98 276
84 375
18 359
14 490
19 276
12 495
15 467
60 204
15 404
21 415
88 316
50 493
55 253
36 255
23 296
28 223
39 434
17 465
47 235
58 253
34 426
67 361
19 355
48 223
57 361
26 263
56 298
35 382
44 479
77 298
26 392
31 396
77 418
19 317
66 212
87 264
44 315
82 228
33 488
30 427
96 439
79 223
66 444
15 336
81 291
20 446
95 453
69 257
49 450
11 324
98 442
94 298
59 461
48 476
58 377
25 495
69 290
58 249
60 371
88 405
62 216
54 343
19 440
44 289
53 473
63 249
87 448
62 420
49 473
81 305
32 495
67 363
53 265
41 319
94 496
97 296
44 323
65 380
25 236
11 350
98 228
88 423
38 246
83 282
13 435
36 267
21 384
42 213
70 240
30 282
55 254
19 447
29 265
42 388
90 442
28 259
24 387
87 394
55 221
28 350
85 260
100 334
10 245
23 341
31 378
88 219
22 250
82 257
87 439
92 316
73 432
42 298
42 306
93 450
51 366
62 482
83 415
86 370
56 411
70 392
96 384
69 219
16 275
29 499
80 471
49 292
47 439
94 419
64 332
28 269
60 365
94 373
95 314
42 437
41 203
43 313
22 490
23 269
69 307
92 477
16 280
91 378
76 409
85 461
33 362
97 487
100 229
42 204
69 352
23 318
92 218
52 491
74 462
49 471
61 225
44 244
34 465
90 222
35 365
92 311
94 463
57 202
79 407
66 335
79 396
64 311
88 282
74 371
51 258
57 210
70 487
86 288
78 375
20 273
66 242
77 215
53 431
68 497
76 422
49 293
11 483
25 431
88 403
13 256
82 341
95 495
13 220
98 226
72 290
10 333
73 382
50 337
10 213
64 348
95 363
85 452
31 243
11 358
68 432
10 356
81 379
90 348
92 330
28 243
58 372
54 253
58 423
100 264
66 473
52 321
82 500
73 378
52 403
74 438
96 398
59 356
32 393
60 425
89 225
40 392
22 242
30 349
95 233
83 401
99 222
37 238
23 242
45 463
91 400
91 228
10 494
26 323
14 234
63 306
71 465
93 407
93 341
70 421
59 418
10 277
39 241
91 360
91 429
87 427
25 472
30 324
80 236
64 299
76 393
40 279
35 353
99 262
62 491
69 266
20 253
32 245
60 357
72 224
65 427
47 312
36 354
58 312
30 280
53 359
92 214
58 280
68 271
99 310
25 274
58 367
89 468
55 319
55 215
14 308
39 243
53 340
73 253
87 486
40 311
52 306
75 429
65 442
73 478
80 209
46 325
40 276
70 237
90 315
28 487
51 444
100 240
38 325
22 484
81 325
17 352
90 318
49 215
42 280
71 209
26 442
48 415
59 377
57 310
85 453
59 313
86 224
47 428
100 345
56 408
27 353
29 349
62 339
24 480
97 305
68 407
19 324
85 462
39 221
86 390
33 317
67 319
19 356
50 490
25 305
16 419
21 405
11 428
57 381
30 361
28 346
82 431
20 388
21 368
60 464
27 280
95 260
56 421
50 344
77 314
54 204
23 355
71 498
55 452
94 439
50 313
81 328
65 452
50 435
40 322
36 275
10 478
94 500
88 398
14 205
61 490
63 442
39 418
52 376
68 317
23 380
74 297
93 422
47 422
68 266
60 254
88 345
77 425
69 328
24 437
45 282
10 292
12 219
86 411
77 277
70 458
78 355
100 415
88 252
30 433
78 329
65 408
56 416
46 267
60 352
13 326
53 327
56 355
96 376
26 439
65 492
42 309
82 349
29 372
42 257
41 468
99 438
37 258
37 405
31 346
51 226
45 439
54 338
65 398
49 308
39 416
83 483
99 343
29 497
50 482
47 216
87 390
76 222
90 256
14 222
16 484
62 271
65 351
59 465
19 371
81 335
64 320
35 260
44 397
60 427
69 209
81 225
43 295
33 244
76 423
97 400
99 264
50 277
28 379
45 413
22 262
92 234
96 364
55 293
34 250
39 337
11 310
66 356
28 358
84 403
42 416
94 436
55 272
56 343
59 452
63 398
33 303
10 293
34 477
57 376
22 253
68 484
58 324
75 466
38 238
87 262
55 470
63 382
40 409
73 390
63 230
22 323
43 220
13 448
84 201
78 472
62 285
37 418
86 242
11 339
77 200
84 433
31 298
30 461
18 237
12 367
82 387
56 299
91 305
81 352
89 319
88 360
57 476
76 312
79 359
20 247
29 301
39 226
57 492
11 355
15 235
36 245
82 410
10 278
21 340
10 269
93 452
67 311
65 405
99 394
74 322
15 269
29 318
42 220
57 231
41 287
10 295
49 438
30 426
17 219
84 343
95 422
21 467
96 420
58 404
36 282
29 452
23 348
92 448
77 327
15 442
11 444
93 497
13 240
53 345
16 386
45 246
29 430
26 238
49 282
89 360
58 417
32 466
18 329
96 382
26 238
19 319
69 308
67 362
77 487
47 306
64 393
48 326
55 313
78 420
54 255
86 459
36 339
52 486
49 484
45 321
11 388
45 203
19 204
96 241
38 270
33 209
95 499
92 483
14 449
60 406
34 379
76 425
71 486
20 383
81 424
37 490
63 342
15 255
90 256
22 485
60 393
73 436
32 279
56 401
86 268
47 379
15 368
86 413
19 411
11 321
14 497
35 394
26 201
93 384
94 443
33 230
66 311
23 425
23 383
77 265
93 330
35 295
15 496
90 351
70 450
68 239
45 481
95 234
32 279
66 387
18 234
86 306
12 383
25 485
85 304
41 364
86 442
37 432
78 365
69 342
70 452
75 210
45 211
65 313
35 360
99 261
37 366
71 489
100 346
71 463
94 421
61 384
69 484
33 299
68 346
100 413
98 220
96 479
22 365
62 220
98 490
44 367
24 397
80 302
53 227
97 442
16 340
42 259
99 389
91 421
36 249
56 280
81 454
28 500
28 498
94 240
57 250
67 240
96 212
47 388
13 356
66 436
17 403
10 267
80 303
34 274
44 219
93 268
48 261
33 490
54 487
44 495
72 387
88 382
64 325
86 336
30 348
94 374
12 465
96 291
48 328
50 266
26 368
22 218
53 301
83 436
42 488
23 221
44 362
88 221
88 372
27 366
78 275
99 469
68 431
61 205
40 324
13 354
97 356
36 318
77 279
62 493
51 382
93 440
38 366
82 429
70 465
49 456
73 335
26 228
58 433
99 272
94 255
60 446
80 497
92 316
74 266
46 290
44 270
63 389
72 388
13 423
60 413
78 341
16 251
26 261
87 352
68 388
80 457
87 215
83 346
87 427
48 337
71 257
60 496
17 293
30 263
62 434
26 292
67 472
49 342
50 474
24 314
32 299
52 444
34 474
49 344
81 399
42 366
32 388
37 350
77 495
49 344
55 338
48 452
52 477
20 291
39 485
63 209
46 426
32 296
40 440
43 497
75 420
25 242
83 224
89 436
26 254
68 395
56 464
45 401
55 337
53 288
44 295
98 303
74 499
66 266
71 236
41 224
90 324
58 412
24 407
11 264
36 376
28 201
37 203
43 478
73 291
83 360
55 260
66 305
26 260
86 394
46 282
48 202
89 433
77 202
95 209
97 499
100 423
12 474
42 350
89 215
85 363
91 226
13 236
21 379
40 401
69 343
76 439
27 337
65 457
29 408
89 354
80 249
58 304
41 452
44 371
20 345
53 240
58 354
56 400
76 322
28 253
78 232
68 457
74 311
14 458
99 226
36 323
98 287
39 246
36 331
20 404
93 297
100 295
72 469
36 432
57 494
99 403
28 425
99 345
68 420
11 452
22 261
60 470
37 202
10 285
26 279
25 257
90 381
38 275
86 244
62 338
35 440
83 213
96 248
61 297
10 358
83 363
70 324
31 216
11 496
77 408
58 238
52 400
87 265
61 467
98 431
31 296
89 243
92 433
11 365
47 208
32 278
77 392
41 401
15 477
45 408
23 420
92 297
93 263
46 492
13 319
83 231
83 491
93 423
55 264
26 452
59 310
37 341
57 330
87 308
65 336
98 389
78 359
43 272
30 496
40 400
39 384
21 428
48 456
48 245
61 437
48 241
29 375
98 447
97 322
38 209
69 468
39 412
41 283
86 498
31 447
47 291
56 227
88 403
25 368
86 400
53 292
65 300
99 221
48 421
100 500
19 250
82 277
84 243
36 345
36 337
49 387
33 319
85 446
88 294
46 317
56 366
60 384
61 274
37 463
69 498
55 322
21 378
42 408
11 458
27 462
79 241
10 221
23 461
22 280
65 228
91 498
10 204
86 259
78 286
77 471
11 432
78 229
21 441
34 480
41 388
50 442
71 488
39 238
15 328
48 400
26 363
44 450
95 279
40 343
58 479
71 296
56 304
89 418
75 460
43 392
81 287
42 475
50 246
51 420
39 229
42 480
43 467
88 208
22 437
62 308
51 414
83 223
88 427
27 211
10 287
31 432
97 486
48 398
14 368
18 406
41 387
14 289
43 263
28 296
72 399
78 313
67 206
19 228
12 475
16 217
13 340
10 386
70 304
63 357
91 299
70 267
38 346
23 236
65 352
79 357
21 486
13 210
34 254
86 373
66 226
55 240
45 238
31 441
57 407
79 212
19 258
32 390
76 333
72 312
77 207
30 485
60 388
83 433
100 482
36 370
59 344
87 272
90 233
61 473
55 208
47 395
95 462
28 420
68 461
26 229
93 400
48 410
33 458
16 428
51 346
13 345
78 456
19 320
61 327
13 378
26 476
50 352
72 306
60 482
74 451
90 484
77 473
35 387
75 484
49 267
75 361
42 268
59 226
72 254
39 431
41 438
41 453
46 241
65 259
96 223
72 431
95 309
40 348
65 231
24 258
47 411
72 459
57 485
48 316
56 287
20 419
11 402
85 263
18 328
97 415
41 229
15 256
33 447
72 282
67 486
71 225
92 208
100 272
80 418
84 480
94 435
39 479
100 468
96 228
27 261
37 294
77 486
47 429
41 204
67 360
20 300
28 283
32 369
67 250
82 243
91 490
61 377
33 212
97 458
84 338
37 381
35 309
17 231
29 498
97 446
63 423
76 241
72 355
61 259
63 396
95 384
71 479
36 302
69 303
76 430
63 227
81 322
70 376
22 271
89 236
38 479
41 211
48 363
29 328
94 220
58 473
52 307
98 414
39 392
26 366
35 356
71 381
29 427
56 229
47 327
66 464
66 473
96 223
63 239
67 205
23 273
62 361
97 379
22 487
78 491
93 340
71 495
35 273
21 425
48 368
97 316
49 306
27 203
66 373
76 430
17 250
47 305
70 280
27 436
31 202
74 367
24 220
40 211
50 231
48 344
79 437
18 479
96 498
80 321
32 474
47 446
61 201
98 384
43 484
29 296
90 443
41 227
53 222
70 205
39 423
44 401
14 207
89 352
94 310
79 272
40 223
18 255
26 468
37 204
10 457
77 386
11 462
57 312
41 349
10 487
51 314
41 381
49 266
72 275
51 204
21 408
29 213
88 400
16 352
20 431
34 402
60 457
20 377
43 246
49 284
38 497
40 420
99 469
52 358
37 209
74 290
90 237
86 330
17 232
54 289
61 238
68 427
30 252
80 462
46 279
22 280
72 342
43 401
47 384
20 303
40 369
39 260
93 394
59 291
69 269
80 287
44 269
94 200
42 266
43 369
56 457
52 369
23 397
68 358
87 327
88 373
24 252
100 249
95 220
69 219
25 419
100 294
49 268
40 207
67 257
58 429
45 273
56 261
12 367
72 449
54 328
69 338
92 452
37 474
44 477
66 209
44 298
34 332
21 348
26 450
54 464
16 367
91 426
100 405
93 346
45 434
100 424
31 252
35 357
57 347
17 217
81 427
95 358
50 380
32 296
47 410
57 355
81 495
69 454
94 220
68 252
62 473
95 424
39 299
95 449
15 311
62 200
33 480
55 246
24 313
93 335
70 300
14 498
50 469
47 494
88 450
34 392
53 470
86 344
65 293
67 464
62 457
20 391
91 220
59 493
58 478
66 253
17 215
85 321
97 401
90 473
53 309
87 470
95 377
77 246
31 304
84 323
42 372
32 445
21 349
92 423
48 462
13 352
44 476
11 411
72 237
