  0   0   0   0   0   0   0   0   0   0   0   0   0   0   0   0   0   0   2   0   0   0   0   0   0   0   0   0   0   0   0   0   0   0   0   0   0   0   0   0   0   0   0   0   0   0   0   0   0   0   0   0   0   0   0   0   0   0   0   0   0   0   0   0   0   0   0   0   0   0   0   0   0   0   0   0   0   0   0   0   0   0   0   0   0   0   0   0   0   0   0   0   0   0   0   0   0   0   0   0   0   0   0   0   0   0   0   0   0   0   0   0   0   0   0   0   0   0   0   0   0   0   0   0   0   0   0   0   0   0   0   0   0   0   0   0   0   0   0   0   0   0   0   0   0   0   0   0   0   0   0   0   0   0   0   0   0   0   0   0   0   0   0   0   0   0   0   0   0   0   0   0   0   0   0   0   0   0   0   0   0   0   0   0   0   0   0   0   0   0   0   0   0   0   0   0   0   0   0   0   0   0   0   0   0   0   0   0   0   0   0   0   0   0   0   0   0   0   0   0   0   0   0   0   0   0   0   0   0   0   0   0   0   0   0   0   0   0   0   0   0   0   0   0   0   0   0   0   0   0   0   0   0   0   0   0   0   0   0   0   0   0   0   0   0   0   0   0   0   0   0   0   0   0   0   0   0   0   0   0   0   0   0   0   0   0   0   0   0   0   0   0   0   0   0   0   0   0   0   0   0   0   0   0   0   0   0   0   0   0   0   0   0   0   0   0   0   0   0   0   0   0   0   0   0   0   0   0   0   0   0   0   0   0   0   0   0   0   0   0   0   0   0   0   0   0   0   0   0   0   0   0   0   0   0   0   0   0   0   0   0   0   0   0   0   0   0   0   0   0   0   0   0   0   0   0   0   0   0   0   0   0   0   0   0   0   0   0   0   0   0   0   0   0   0   0   0   0   0   0   0   0   0   0   0   0   0   0   0   0   0   0   0   0   0   0   0   0   0   0   0   0   0   0   0   0   0   0   0   0   0   0   0   0   0   0   0   0   0   0   0   0   0   0   0   0   0   0   0   0   0   0   0   0   0   0   0   0   0   0   0   0   0   0   0   0   0   0   0   0   0   0   0   0   0   0   0   0   0   0   0   0   0   0   0   0   0   0   0   0   0   0   0   0   0   0   0   0   0   0   0   0   0   0   0   0   0   0   0   0   0   0   0   0   0   0   0   0   0   0   0   0   0   0   0   0   0   0   0   0   0   0   0   0   0   0   0   0   0   0   0   0   0   0   0   0   0   0   0   0   0   0   0   0   0   0   0   0   0   0   0   0   0   0   0   0   0   0   0   0   0   0   0   0   0   0   0   0   0   0   0   0   0   0   0   0   0   0   0   0   0   0   0   0   0   0   0   0   0   0   0   0   0   0   0   0   0   0   0   0   0   0   0   0   0   0   0   0   0   0   0   0   0   0   0   0   0   0   0   0   0   0   0   0   0   0   0   0   0   0   0   0   0   0   0   0   0   0   0   0   0   0   0   0   0   0   0   0   0   0   0   0   0   0   0   0   0   0   0   0   0   0   0   0   0   0   0   0   0   0   0   0   0   0   0   0   0   0   0   0   0   0   0   0   0   0   0   0   0   0   0   0   0   0   0   0   0   0   0   0   0   0   0   0   0   0   0   0   0   0   0   0   0   0   0   0   0   0   0   0   0   0   0   0   0   0   0   0   0   0   0   0   0   0   0   0   0   0   0   0   0   0   0   0   0   0   0   0   0   0   0   0   0   0   0   0   0   0   0   0   0   0   0   0   0   0   0   0   0   0   0   0   0   0   0   0   0   0   0   0   0   0   0   0   0   0   0   0   0   0   0   0   0   0   0   0   0   0   0   0   0   0   0   0   0   0   0   0   0   0   0   0   0   0   0   0   0   0   0   0   0   0   0   0   0   0   0   0   0   0   0   0   0   0   0   0   0   0   0   0   0   0   0   0   0   0   0   0   0   0   0   0   0   0   0   0   0   0   0   0   0   0   0   0   0   0   0   0   0   0   0   0   0   0   0   0   0   0   0   0   0   0   0   0   0   0   0   0   0   0   0   0   0   0   0   0   0   0   0   0   0   0   0   0   0   0   0   0   0   0   0   0   0   0   0   0   0   0   0   0   0   0   0   0   0   0   0   0   0   0   0   0   0   0   0   0   0   0   0   0   0   0   0   0   0   0   0   0   0   0   0   0   0   0   0   0   0   0   0   0   0   0   0   0   0   0   0   0   0   0   0   0   0   0   0   0   0   0   0   0   0   0   0   0   0   0   0   0   0   0 
REMAINING SPACE:      0
ACCUMULATED PRIORITY: 200
EXECUTION TIME:       0.690322900
QTY PRI VAL
[0]  95 200
[0]  95 202
[0]  99 217
[0]  93 205
[0]  94 209
[0]  96 214
[0]  99 221
[0]  98 225
[0]  96 221
[0]  93 215
[0]  97 227
[0]  88 206
[0]  99 232
[0]  95 224
[0]  99 236
[0]  99 240
[0]  98 240
[0]  91 225
[2] 100 250
[0]  90 225
[0]  98 246
[0]  99 249
[0]  85 217
[0]  91 234
[0]  98 253
[0]  80 207
[0]  81 212
[0]  90 237
[0]  77 204
[0]  93 247
[0] 100 267
[0]  76 203
[0]  93 249
[0]  88 238
[0]  96 261
[0]  78 213
[0]  76 208
[0]  84 230
[0]  88 241
[0]  93 255
[0]  90 248
[0]  77 213
[0]  74 205
[0]  94 262
[0]  95 265
[0]  91 254
[0]  99 279
[0] 100 282
[0] 100 285
[0]  95 273
[0]  81 233
[0]  92 265
[0]  69 201
[0]  76 222
[0]  89 262
[0]  72 216
[0]  97 293
[0]  90 273
[0]  76 231
[0]  79 241
[0]  95 292
[0]  89 274
[0]  83 258
[0]  88 274
[0]  86 268
[0]  73 228
[0]  92 288
[0] 100 316
[0]  79 250
[0]  71 225
[0]  88 279
[0]  83 264
[0]  73 233
[0]  68 218
[0]  63 202
[0]  99 318
[0]  98 315
[0]  83 269
[0]  99 322
[0]  95 309
[0]  74 242
[0]  81 265
[0]  84 275
[0]  64 211
[0]  85 282
[0]  69 229
[0]  97 322
[0]  93 309
[0]  68 227
[0]  96 323
[0]  63 212
[0]  99 334
[0]  83 281
[0]  80 271
[0]  74 251
[0]  89 303
[0]  66 225
[0]  61 209
[0] 100 343
[0]  90 310
[0]  81 279
[0]  87 300
[0]  96 332
[0]  95 329
[0]  92 320
[0]  84 294
[0]  66 231
[0]  73 256
[0]  70 246
[0]  99 348
[0]  62 218
[0]  85 299
[0]  95 335
[0]  97 343
[0]  82 291
[0]  91 323
[0]  67 238
[0]  87 310
[0]  90 321
[0]  81 289
[0]  95 339
[0]  84 300
[0]  80 286
[0]  83 297
[0]  95 340
[0]  59 212
[0]  72 259
[0]  99 358
[0]  81 295
[0]  85 310
[0]  89 325
[0]  81 296
[0]  98 359
[0]  58 213
[0]  62 228
[0] 100 368
[0] 100 368
[0]  63 234
[0]  67 249
[0]  70 261
[0]  77 288
[0]  91 342
[0]  72 271
[0]  89 335
[0]  56 211
[0]  72 272
[0]  83 314
[0]  79 300
[0]  99 376
[0]  60 228
[0]  85 323
[0]  77 293
[0]  57 217
[0]  59 225
[0]  83 317
[0]  98 375
[0]  96 369
[0]  78 300
[0]  76 293
[0]  86 332
[0]  59 230
[0]  85 332
[0]  97 379
[0]  70 274
[0]  81 318
[0]  94 370
[0]  67 265
[0]  91 360
[0]  77 305
[0]  80 317
[0]  63 251
[0]  76 304
[0]  60 240
[0]  69 277
[0]  56 225
[0]  84 338
[0]  80 322
[0]  54 218
[0]  70 285
[0]  70 285
[0]  63 257
[0]  69 282
[0]  53 217
[0]  89 365
[0]  87 358
[0]  63 260
[0]  71 294
[0]  49 203
[0]  71 295
[0]  95 396
[0]  83 346
[0]  77 321
[0]  85 355
[0]  89 372
[0]  87 364
[0]  86 360
[0]  74 310
[0]  78 327
[0]  91 382
[0]  60 252
[0]  55 231
[0]  84 353
[0]  93 391
[0]  56 236
[0]  91 384
[0]  77 325
[0]  79 334
[0]  70 296
[0]  77 327
[0]  72 306
[0]  76 323
[0]  95 404
[0]  66 282
[0]  68 291
[0]  68 292
[0]  61 262
[0]  81 348
[0]  47 202
[0]  79 340
[0]  93 402
[0]  98 424
[0]  91 394
[0]  66 286
[0]  98 425
[0]  98 428
[0]  86 376
[0]  96 420
[0]  69 302
[0]  62 272
[0]  49 215
[0]  64 282
[0]  78 344
[0]  52 230
[0]  55 244
[0]  90 400
[0]  90 400
[0]  70 312
[0]  69 308
[0]  68 304
[0]  63 282
[0]  88 394
[0]  70 314
[0]  74 332
[0]  51 229
[0]  71 319
[0]  81 364
[0]  60 271
[0]  64 290
[0]  79 358
[0]  67 304
[0]  61 277
[0]  59 268
[0]  46 210
[0]  94 430
[0]  66 302
[0]  90 412
[0]  86 394
[0]  63 289
[0]  61 280
[0]  99 455
[0]  82 377
[0]  95 438
[0]  93 429
[0]  73 337
[0]  92 425
[0]  46 213
[0]  88 408
[0]  97 450
[0]  95 441
[0]  96 446
[0]  83 386
[0]  90 420
[0]  51 238
[0]  45 211
[0]  90 422
[0]  94 442
[0]  91 428
[0]  85 400
[0]  80 378
[0]  59 281
[0]  99 473
[0]  89 426
[0]  69 331
[0]  99 475
[0]  77 370
[0]  67 322
[0]  78 375
[0]  58 279
[0]  69 332
[0]  55 265
[0]  99 480
[0]  58 282
[0]  44 214
[0]  53 258
[0]  81 395
[0]  55 269
[0]  83 406
[0]  77 377
[0]  73 358
[0]  77 378
[0]  44 216
[0]  88 433
[0]  93 458
[0]  54 266
[0]  81 399
[0]  62 306
[0]  99 489
[0]  55 272
[0] 100 495
[0]  92 456
[0]  74 367
[0]  74 368
[0]  99 497
[0]  87 437
[0]  77 387
[0]  96 483
[0]  97 490
[0]  56 283
[0]  62 314
[0]  60 304
[0]  44 223
[0]  43 218
[0]  70 355
[0]  49 249
[0]  71 361
[0]  74 377
[0]  94 479
[0]  62 316
[0]  52 266
[0]  58 297
[0]  39 200
[0]  39 200
[0]  62 318
[0]  85 436
[0]  82 421
[0]  42 216
[0]  88 453
[0]  53 273
[0]  71 366
[0]  95 490
[0]  89 460
[0]  68 352
[0]  82 425
[0]  65 338
[0]  44 229
[0]  94 490
[0]  51 266
[0]  60 313
[0]  77 402
[0]  57 298
[0]  91 476
[0]  90 472
[0]  83 436
[0]  75 394
[0]  94 494
[0]  75 395
[0]  93 490
[0]  80 422
[0]  78 412
[0]  70 370
[0]  71 376
[0]  91 483
[0]  77 409
[0]  48 255
[0]  83 441
[0]  83 441
[0]  79 420
[0]  90 479
[0]  83 442
[0]  82 437
[0]  48 256
[0]  56 299
[0]  74 396
[0]  66 354
[0]  64 344
[0]  40 215
[0]  84 452
[0]  90 486
[0]  87 470
[0]  84 454
[0]  37 200
[0]  63 341
[0]  92 498
[0]  79 428
[0]  89 483
[0]  44 239
[0]  39 212
[0]  61 332
[0]  54 294
[0]  54 294
[0]  75 409
[0]  37 202
[0]  56 306
[0]  56 306
[0]  71 389
[0]  49 269
[0]  61 335
[0]  63 346
[0]  89 489
[0]  44 242
[0]  57 314
[0]  56 309
[0]  64 354
[0]  79 437
[0]  58 321
[0]  84 465
[0]  87 482
[0]  77 427
[0]  69 383
[0]  84 467
[0]  53 295
[0]  78 435
[0]  85 476
[0]  53 297
[0]  57 320
[0]  57 320
[0]  59 332
[0]  61 344
[0]  67 378
[0]  84 474
[0]  75 424
[0]  41 232
[0]  56 317
[0]  73 414
[0]  58 329
[0]  80 454
[0]  88 500
[0]  69 393
[0]  56 319
[0]  80 456
[0]  80 456
[0]  38 217
[0]  45 257
[0]  43 246
[0]  67 384
[0]  42 241
[0]  77 442
[0]  43 247
[0]  71 408
[0]  76 437
[0]  78 451
[0]  46 266
[0]  61 353
[0]  61 353
[0]  76 440
[0]  68 394
[0]  61 354
[0]  68 395
[0]  72 419
[0]  50 291
[0]  40 233
[0]  80 467
[0]  71 415
[0]  35 205
[0]  81 475
[0]  75 441
[0]  59 348
[0]  61 360
[0]  65 384
[0]  76 449
[0]  66 391
[0]  41 243
[0]  76 451
[0]  81 481
[0]  66 392
[0]  83 493
[0]  47 280
[0]  79 471
[0]  53 319
[0]  37 223
[0]  76 459
[0]  69 417
[0]  64 387
[0]  60 363
[0]  70 424
[0]  78 473
[0]  57 347
[0]  50 305
[0]  70 428
[0]  59 361
[0]  46 282
[0]  46 282
[0]  73 448
[0]  71 436
[0]  76 467
[0]  75 461
[0]  60 369
[0]  71 437
[0]  41 253
[0]  64 395
[0]  68 420
[0]  76 470
[0]  59 366
[0]  73 454
[0]  46 288
[0]  34 213
[0]  79 495
[0]  75 470
[0]  48 301
[0]  65 409
[0]  37 233
[0]  53 334
[0]  75 473
[0]  60 379
[0]  69 436
[0]  70 443
[0]  77 488
[0]  72 457
[0]  59 375
[0]  58 369
[0]  66 420
[0]  52 331
[0]  54 345
[0]  53 339
[0]  34 218
[0]  36 231
[0]  71 456
[0]  63 405
[0]  60 387
[0]  72 465
[0]  69 446
[0]  42 272
[0]  63 408
[0]  34 221
[0]  44 286
[0]  76 495
[0]  56 365
[0]  59 387
[0]  47 309
[0]  74 489
[0]  60 398
[0]  41 272
[0]  52 345
[0]  55 365
[0]  69 458
[0]  67 446
[0]  43 287
[0]  31 207
[0]  36 241
[0]  44 296
[0]  42 283
[0]  70 472
[0]  72 486
[0]  51 345
[0]  40 271
[0]  49 332
[0]  58 393
[0]  54 366
[0]  62 421
[0]  59 401
[0]  55 374
[0]  56 381
[0]  49 334
[0]  41 280
[0]  50 342
[0]  63 431
[0]  70 479
[0]  46 315
[0]  70 480
[0]  58 398
[0]  49 337
[0]  36 248
[0]  46 317
[0]  37 256
[0]  51 353
[0]  67 464
[0]  71 492
[0]  72 499
[0]  60 416
[0]  44 306
[0]  69 483
[0]  58 406
[0]  58 407
[0]  47 330
[0]  44 309
[0]  38 267
[0]  69 487
[0]  34 240
[0]  61 432
[0]  64 456
[0]  47 336
[0]  56 401
[0]  65 467
[0]  32 230
[0]  66 476
[0]  57 413
[0]  61 443
[0]  51 371
[0]  58 422
[0]  47 342
[0]  50 364
[0]  56 408
[0]  59 430
[0]  46 336
[0]  31 227
[0]  51 374
[0]  55 404
[0]  45 331
[0]  29 214
[0]  39 288
[0]  46 340
[0]  59 437
[0]  48 358
[0]  45 336
[0]  61 457
[0]  53 399
[0]  30 226
[0]  36 273
[0]  46 349
[0]  63 478
[0]  30 228
[0]  61 464
[0]  31 236
[0]  64 489
[0]  37 284
[0]  45 346
[0]  49 377
[0]  46 354
[0]  33 254
[0]  33 254
[0]  33 254
[0]  37 285
[0]  37 285
[0]  27 209
[0]  63 489
[0]  40 311
[0]  51 398
[0]  63 492
[0]  53 415
[0]  57 447
[0]  59 464
[0]  48 378
[0]  51 403
[0]  49 388
[0]  40 317
[0]  56 444
[0]  58 460
[0]  48 382
[0]  50 398
[0]  55 438
[0]  34 271
[0]  47 375
[0]  47 375
[0]  48 383
[0]  59 472
[0]  58 464
[0]  59 472
[0]  46 370
[0]  31 250
[0]  57 462
[0]  56 454
[0]  37 301
[0]  37 302
[0]  61 498
[0]  33 270
[0]  26 213
[0]  51 418
[0]  33 271
[0]  27 222
[0]  35 288
[0]  26 214
[0]  42 346
[0]  56 465
[0]  46 382
[0]  34 283
[0]  40 333
[0]  53 442
[0]  41 342
[0]  58 484
[0]  36 305
[0]  37 315
[0]  29 247
[0]  35 299
[0]  27 231
[0]  39 334
[0]  25 215
[0]  50 430
[0]  56 482
[0]  41 354
[0]  36 311
[0]  45 389
[0]  53 459
[0]  56 485
[0]  27 234
[0]  44 383
[0]  26 227
[0]  51 446
[0]  51 447
[0]  52 456
[0]  55 483
[0]  26 229
[0]  55 485
[0]  23 203
[0]  47 416
[0]  55 491
[0]  39 352
[0]  42 380
[0]  55 498
[0]  43 390
[0]  51 465
[0]  54 493
[0]  23 211
[0]  45 415
[0]  43 398
[0]  35 325
[0]  52 484
[0]  42 391
[0]  35 326
[0]  29 271
[0]  51 479
[0]  53 498
[0]  48 457
[0]  44 419
[0]  34 324
[0]  27 260
[0]  36 348
[0]  46 445
[0]  44 427
[0]  33 321
[0]  37 361
[0]  51 499
[0]  30 294
[0]  47 462
[0]  48 472
[0]  21 208
[0]  32 318
[0]  43 430
[0]  47 471
[0]  33 331
[0]  31 311
[0]  24 241
[0]  48 482
[0]  20 201
[0]  20 201
[0]  49 493
[0]  47 477
[0]  45 460
[0]  47 482
[0]  45 464
[0]  21 217
[0]  22 229
[0]  43 448
[0]  33 344
[0]  30 315
[0]  44 462
[0]  37 389
[0]  26 275
[0]  29 307
[0]  28 301
[0]  37 398
[0]  22 237
[0]  43 464
[0]  43 464
[0]  20 216
[0]  40 437
[0]  37 405
[0]  41 450
[0]  43 474
[0]  39 431
[0]  34 377
[0]  21 233
[0]  39 433
[0]  37 411
[0]  45 500
[0]  39 435
[0]  39 435
[0]  42 470
[0]  41 461
[0]  37 417
[0]  18 203
[0]  36 408
[0]  22 250
[0]  20 228
[0]  30 343
[0]  39 448
[0]  26 299
[0]  39 453
[0]  40 466
[0]  31 362
[0]  22 257
[0]  34 400
[0]  22 259
[0]  36 424
[0]  22 260
[0]  42 498
[0]  26 309
[0]  36 428
[0]  30 358
[0]  38 454
[0]  29 348
[0]  30 360
[0]  31 375
[0]  36 436
[0]  34 414
[0]  32 390
[0]  40 490
[0]  37 456
[0]  30 370
[0]  37 458
[0]  23 285
[0]  33 410
[0]  40 497
[0]  29 361
[0]  21 262
[0]  38 478
[0]  35 441
[0]  34 431
[0]  38 483
[0]  19 243
[0]  22 282
[0]  17 218
[0]  31 402
[0]  36 468
[0]  23 300
[0]  22 287
[0]  29 379
[0]  33 434
[0]  23 303
[0]  32 422
[0]  32 422
[0]  34 454
[0]  21 281
[0]  18 241
[0]  27 362
[0]  26 352
[0]  24 325
[0]  33 447
[0]  31 424
[0]  29 397
[0]  33 453
[0]  31 426
[0]  32 445
[0]  30 418
[0]  20 280
[0]  19 267
[0]  25 353
[0]  32 452
[0]  29 410
[0]  20 283
[0]  19 270
[0]  33 469
[0]  22 315
[0]  25 358
[0]  17 244
[0]  30 433
[0]  18 260
[0]  20 289
[0]  20 291
[0]  21 306
[0]  19 277
[0]  29 423
[0]  27 395
[0]  30 440
[0]  31 455
[0]  30 444
[0]  29 436
[0]  32 482
[0]  33 499
[0]  19 290
[0]  24 369
[0]  17 262
[0]  14 216
[0]  13 201
[0]  25 391
[0]  25 399
[0]  24 386
[0]  22 361
[0]  22 364
[0]  27 451
[0]  28 478
[0]  21 360
[0]  12 206
[0]  25 430
[0]  27 465
[0]  19 328
[0]  21 363
[0]  19 330
[0]  15 262
[0]  20 350
[0]  25 438
[0]  15 265
[0]  28 496
[0]  13 233
[0]  14 251
[0]  16 288
[0]  25 453
[0]  27 490
[0]  27 491
[0]  22 401
[0]  25 456
[0]  22 404
[0]  14 258
[0]  16 295
[0]  25 462
[0]  24 451
[0]  23 433
[0]  20 379
[0]  25 474
[0]  17 323
[0]  24 457
[0]  20 381
[0]  15 288
[0]  20 384
[0]  20 388
[0]  14 272
[0]  18 350
[0]  19 373
[0]  20 394
[0]  19 375
[0]  13 260
[0]  24 481
[0]  21 421
[0]  18 361
[0]  20 402
[0]  16 322
[0]  23 470
[0]  19 391
[0]  21 433
[0]  14 290
[0]  11 229
[0]  18 377
[0]  23 493
[0]  11 236
[0]  21 457
[0]  20 436
[0]  19 415
[0]  10 219
[0]  10 220
[0]  12 264
[0]  17 375
[0]  21 465
[0]  14 312
[0]  18 406
[0]  12 272
[0]  17 389
[0]  11 254
[0]  19 440
[0]  16 371
[0]  10 233
[0]  18 421
[0]  20 468
[0]  20 469
[0]  21 498
[0]  19 451
[0]  18 433
[0]  16 388
[0]  11 267
[0]  10 245
[0]  20 497
[0]  14 348
[0]  17 425
[0]  15 379
[0]  19 486
[0]  17 441
[0]  13 339
[0]  15 397
[0]  12 318
[0]  16 427
[0]  12 321
[0]  11 296
[0]  17 458
[0]  17 459
[0]  14 383
[0]  14 386
[0]  16 445
[0]  16 448
[0]  17 478
[0]  12 341
[0]  12 347
[0]  14 406
[0]  16 467
[0]  15 447
[0]  12 358
[0]  13 391
[0]  12 370
[0]  15 465
[0]  11 352
[0]  13 421
[0]  13 422
[0]  14 458
[0]  15 492
[0]  15 493
[0]  10 331
[0]  13 431
[0]  12 402
[0]  10 339
[0]  13 449
[0]  13 452
[0]  14 495
[0]  11 390
[0]  13 463
[0]  14 500
[0]  12 430
[0]  10 387
[0]  10 388
[0]  10 396
[0]  11 457
[0]  11 472
[0]  10 447
[0]  10 458
