100 500 200 500 10 100
16 305
58 206
39 347
34 346
44 498
19 459
47 307
95 290
90 364
25 408
88 257
72 495
83 207
18 378
33 434
20 468
37 418
93 223
72 458
69 298
64 456
51 450
76 459
98 264
77 386
69 392
22 457
48 216
85 297
33 442
71 424
100 218
28 281
27 303
71 309
60 494
27 407
35 275
63 330
74 437
25 209
57 356
35 465
48 328
51 215
44 490
85 428
73 479
35 448
57 446
39 432
48 218
87 280
29 401
22 331
43 324
52 365
27 203
85 352
14 288
52 350
10 203
82 234
94 485
80 212
30 385
73 318
82 480
57 445
62 206
21 217
59 313
48 309
40 460
20 397
21 276
46 274
53 273
65 210
51 488
12 437
16 364
55 223
87 402
15 223
34 442
97 237
80 321
39 269
30 256
71 226
66 411
70 311
87 306
17 491
32 242
62 363
47 431
80 249
19 200
