100 500 200 500 10 100
41 494
84 284
99 417
88 201
52 220
68 291
17 376
29 241
36 246
88 255
18 397
56 326
86 405
38 296
59 327
79 327
44 357
11 218
62 408
82 399
25 238
75 279
12 250
22 289
42 485
79 275
90 471
65 238
37 251
75 220
46 234
38 397
69 457
76 363
29 332
87 491
23 500
30 483
18 339
70 244
59 365
17 454
90 418
77 409
28 224
12 297
57 476
60 348
34 256
63 245
10 271
50 457
65 253
19 468
29 408
40 465
44 280
43 306
36 308
51 417
77 342
71 339
10 405
12 499
74 497
40 247
69 227
13 486
67 340
22 371
55 414
81 269
17 202
76 442
49 287
51 391
87 320
11 496
59 415
38 384
87 236
59 377
11 383
95 293
92 315
17 269
22 248
52 472
27 462
80 259
98 219
98 428
58 328
87 211
84 417
39 403
83 274
78 466
31 391
69 428
