100 500 200 500 10 100
96 414
90 350
25 239
74 487
17 251
81 411
34 393
44 443
87 328
53 294
25 292
72 236
78 470
100 319
58 270
20 247
26 222
42 274
91 364
77 469
63 324
38 429
27 348
83 200
76 236
59 405
47 428
16 344
77 235
37 346
77 377
95 438
63 290
88 359
58 272
15 268
20 405
25 310
15 317
21 426
49 353
89 380
54 220
64 376
64 436
73 209
54 364
87 460
57 407
77 306
37 344
79 272
79 320
56 249
54 442
82 437
54 254
42 223
81 289
83 279
49 319
39 285
75 484
80 334
90 312
36 267
92 263
44 454
25 421
16 217
74 376
79 304
74 469
79 204
70 476
53 480
32 270
28 475
97 309
82 342
71 248
29 275
39 448
85 393
16 431
39 428
42 263
60 236
29 308
23 488
53 221
24 326
10 231
36 294
57 358
46 459
79 294
42 416
82 212
78 307
