100 500 200 500 10 100
83 346
45 210
12 225
33 229
69 407
12 427
53 261
90 242
73 399
59 204
90 500
86 288
63 325
24 448
75 275
97 495
40 385
99 362
75 386
39 310
81 392
16 313
65 243
91 285
43 225
55 226
45 325
69 243
89 370
46 442
41 321
90 265
90 338
13 262
36 266
77 265
54 358
57 308
96 432
100 292
14 380
78 431
65 330
10 404
83 311
32 395
58 479
48 335
26 335
64 239
100 219
38 307
76 432
25 227
50 456
26 219
48 335
93 340
94 322
73 414
18 287
53 263
33 466
12 230
58 244
17 450
22 322
64 390
85 319
77 316
73 434
78 409
50 483
23 482
43 492
72 436
99 351
71 242
68 396
34 366
19 341
36 453
94 219
36 467
48 457
65 412
59 315
30 356
83 268
95 351
47 432
29 235
44 284
29 348
43 248
81 369
11 228
36 302
76 362
36 386
