100 500 200 500 10 100
95 352
21 324
59 494
80 336
57 385
84 305
54 284
11 366
81 363
25 297
91 484
61 245
13 219
66 344
42 445
36 474
70 443
91 341
35 329
98 491
77 298
73 292
77 358
37 255
57 455
24 451
61 231
44 412
28 479
14 381
57 369
50 468
95 299
26 447
63 234
28 339
94 430
39 464
28 286
43 205
35 320
77 478
85 452
14 350
73 343
63 500
11 232
64 221
59 224
80 207
93 302
67 288
52 225
72 216
25 219
63 300
24 478
90 388
12 415
11 205
28 466
21 218
84 421
43 277
17 457
17 401
73 379
65 489
70 439
49 413
57 476
52 495
94 289
33 229
52 368
50 210
52 489
16 280
53 217
86 302
24 340
77 430
67 390
12 321
85 372
38 484
15 246
66 499
38 308
20 237
23 212
66 206
75 225
71 359
38 342
96 414
49 362
94 449
30 210
59 328
