100 500 200 500 10 100
70 409
57 304
31 321
92 328
22 233
46 200
30 388
24 431
53 447
78 249
13 494
51 428
84 380
97 375
47 216
88 439
94 437
17 485
64 436
25 352
27 365
60 368
53 293
96 395
58 235
29 439
36 446
16 335
87 293
62 397
54 202
94 433
10 326
78 396
99 428
58 428
71 349
26 242
44 344
89 380
49 329
70 305
41 433
48 349
60 399
14 234
65 329
67 239
61 282
47 465
53 380
92 250
11 437
53 369
84 478
53 357
49 264
60 330
16 352
23 421
60 422
86 350
78 320
44 403
49 221
14 360
38 457
69 328
13 451
91 372
53 443
35 483
73 441
88 402
46 239
61 240
45 476
75 460
51 478
14 395
15 427
45 299
13 413
89 476
24 373
74 290
38 325
75 220
48 334
97 306
80 442
43 232
20 487
90 359
42 252
51 310
65 256
97 311
52 285
56 280
