100 500 200 500 10 100
43 316
85 339
67 364
98 239
38 474
76 495
72 425
52 348
71 221
44 293
76 422
47 438
70 236
62 312
45 372
46 360
97 350
73 281
93 426
34 300
74 207
74 346
45 324
64 271
67 210
10 261
27 335
48 342
53 338
61 494
49 486
82 446
97 250
62 298
41 245
74 375
49 391
30 382
79 413
70 309
45 214
40 253
71 215
66 470
42 498
27 312
94 213
80 266
70 483
42 489
45 212
31 478
15 281
85 367
89 260
82 315
78 494
12 373
54 462
24 363
10 253
83 441
94 380
47 279
21 321
80 288
48 379
93 485
69 374
91 352
86 226
43 458
47 232
11 228
66 370
56 402
20 213
77 439
18 299
83 204
19 233
38 201
79 308
26 269
61 286
57 365
96 285
100 281
89 351
50 261
42 348
38 342
88 254
35 202
45 496
78 221
86 249
27 338
90 458
65 338
