100 500 200 500 10 100
70 328
50 387
28 338
83 215
20 251
96 466
79 425
50 441
76 225
69 406
89 480
62 461
70 436
15 203
54 486
24 409
54 239
89 457
79 492
24 387
83 494
32 202
55 258
70 212
25 365
69 282
31 362
23 274
24 419
40 421
25 272
44 468
71 323
59 437
19 293
55 305
46 373
15 454
66 398
38 361
30 333
11 306
43 486
96 241
60 457
78 258
96 490
99 237
23 296
31 324
29 495
23 425
33 435
73 496
19 242
50 345
77 299
44 319
84 279
29 439
81 219
18 411
34 420
58 218
26 370
32 353
72 220
27 429
80 355
46 236
70 279
82 221
92 229
55 362
17 347
71 241
87 495
26 324
12 348
20 327
15 485
28 279
94 456
34 408
52 431
25 457
20 274
58 287
75 465
93 361
94 447
32 477
96 354
54 201
75 443
81 469
23 205
20 329
60 204
97 470
