100 500 200 500 10 100
50 269
45 344
20 215
70 299
73 376
68 382
87 401
82 232
30 479
71 283
17 416
32 318
77 498
66 463
50 354
50 461
21 356
76 352
49 249
44 256
50 414
52 472
41 393
55 293
30 454
61 304
64 276
83 404
92 496
53 363
56 314
49 472
40 325
51 289
76 472
53 497
12 482
70 398
82 471
57 494
93 265
93 242
53 469
50 364
41 261
94 211
48 247
70 293
73 254
19 495
21 476
27 309
58 407
73 228
64 395
95 499
37 217
30 250
26 436
41 398
80 338
97 371
29 341
22 256
93 294
94 319
84 490
43 476
61 383
88 471
34 424
34 487
86 209
95 375
41 348
21 391
77 432
54 268
90 424
14 366
51 272
48 237
34 362
46 355
86 415
100 221
31 294
34 228
95 494
72 447
34 426
62 475
71 298
22 378
89 265
96 489
40 479
80 297
78 437
49 334
