100 500 200 500 10 100
63 303
10 479
84 487
83 382
55 454
17 218
69 468
49 416
26 260
79 434
66 433
97 332
62 491
37 294
48 350
51 332
90 380
85 500
16 486
11 460
76 249
82 354
100 401
96 408
95 292
32 311
64 437
82 268
72 222
61 327
57 432
37 472
69 468
74 478
42 301
90 391
10 262
70 316
73 211
78 423
55 313
43 226
46 425
87 375
32 354
44 467
29 410
80 346
47 307
27 278
81 407
13 206
95 412
44 431
91 493
87 476
39 233
16 253
98 244
45 303
21 379
26 382
14 405
28 363
11 498
46 368
15 307
26 322
39 344
84 340
53 253
82 391
16 265
19 494
62 321
51 405
87 263
12 486
79 461
58 429
29 487
24 311
24 369
51 460
18 332
90 350
20 363
96 421
77 434
48 384
21 459
64 452
72 273
15 387
13 233
83 441
38 361
74 460
54 331
21 242
