100 500 200 500 10 100
30 393
91 407
80 360
37 310
41 266
32 444
86 202
59 287
70 397
29 407
37 302
33 433
18 263
45 387
63 291
77 210
58 320
46 208
58 255
24 289
82 467
90 353
40 293
90 467
83 267
96 243
18 466
52 484
87 231
48 485
52 497
49 305
45 311
90 245
37 381
99 334
29 265
77 213
53 376
76 347
37 251
62 261
52 264
26 245
17 313
96 366
41 424
21 374
46 483
32 298
30 452
82 409
72 316
62 374
77 403
12 333
62 258
13 420
85 286
60 315
46 394
50 406
52 349
16 300
24 397
61 445
21 227
46 314
17 224
60 233
90 407
51 279
43 407
72 235
90 413
18 340
39 279
29 423
72 223
69 209
80 318
83 217
42 204
74 336
44 218
32 405
49 382
91 339
44 483
63 281
47 474
76 451
83 365
58 430
46 294
94 256
26 341
16 405
76 304
97 324
