100 500 200 500 10 100
47 298
46 374
74 408
46 278
43 279
37 229
45 311
19 385
72 365
70 474
64 444
58 331
41 281
48 312
94 309
14 237
51 285
42 289
98 424
73 359
28 209
33 389
32 344
40 363
67 450
91 351
24 451
48 364
95 224
50 487
80 256
46 489
57 333
99 282
55 342
85 458
35 226
89 422
29 266
67 328
98 318
15 408
59 358
29 249
57 395
58 413
22 406
74 291
71 376
77 494
98 262
68 319
48 495
42 408
38 222
15 224
18 464
47 306
81 402
37 402
89 288
81 247
42 465
87 431
80 410
99 358
40 272
62 459
22 415
98 275
18 351
40 475
77 481
10 384
23 385
65 479
76 349
67 366
15 263
36 453
70 470
79 343
91 486
41 257
51 417
70 235
95 432
94 330
57 490
44 242
85 498
35 245
60 395
30 408
99 457
68 379
44 319
84 467
40 273
53 403
