100 500 200 500 10 100
31 395
75 473
71 383
42 496
28 479
59 468
58 380
38 419
11 388
12 377
81 369
52 493
45 299
27 205
46 213
27 491
68 318
94 386
79 201
17 233
43 238
58 228
45 204
14 316
65 327
94 316
76 319
52 346
14 201
59 329
45 484
88 320
85 231
96 251
71 335
76 461
31 483
58 490
73 282
28 278
85 298
36 303
21 451
87 233
100 248
46 415
91 431
48 231
69 490
55 443
99 264
96 396
18 238
11 381
31 388
35 427
95 301
82 301
93 427
48 452
83 395
37 405
71 299
49 235
34 416
85 310
78 227
68 425
50 288
84 334
14 213
94 411
70 239
31 315
60 244
18 390
33 331
16 212
90 429
50 467
65 423
62 273
68 231
45 413
14 201
43 295
37 255
88 226
65 467
76 459
58 306
21 398
45 341
38 315
89 355
64 415
65 306
49 425
98 384
95 457
