100 500 200 500 10 100
20 453
64 328
32 417
16 273
34 414
47 283
45 284
12 443
83 435
99 200
63 451
78 430
69 474
51 294
63 425
10 283
18 352
56 499
88 244
28 413
75 420
90 325
61 214
97 287
74 259
31 229
22 303
70 359
66 481
40 285
94 260
54 480
57 278
95 379
24 499
74 479
41 236
25 370
71 269
89 449
69 494
34 287
72 334
62 220
31 297
55 469
12 423
80 218
25 375
20 221
14 438
46 489
63 200
37 223
36 264
86 347
53 348
76 251
30 277
52 246
99 326
30 481
76 361
23 498
54 294
48 256
34 416
94 204
98 352
37 435
63 398
82 422
86 413
47 427
64 443
20 314
11 385
26 214
57 441
86 430
79 429
22 265
70 230
53 210
52 495
54 247
56 476
37 286
99 341
100 327
25 434
77 301
13 383
75 262
85 276
78 306
46 478
29 299
21 338
35 288
