100 500 200 500 10 100
13 391
14 458
75 369
66 461
93 415
72 277
96 427
54 387
28 305
40 257
32 483
20 437
45 349
12 220
60 396
75 462
40 267
20 456
93 462
60 239
33 273
36 459
41 393
20 452
79 215
63 476
12 338
64 401
56 363
94 383
26 267
32 243
64 461
78 219
73 364
58 297
22 272
77 386
27 248
66 310
54 494
23 209
18 498
57 267
97 280
87 317
72 492
32 431
69 308
100 374
91 406
90 357
58 375
72 289
70 228
87 487
73 435
32 353
40 355
62 241
83 268
12 481
74 417
97 462
87 309
36 445
70 454
96 339
62 243
18 251
59 226
61 292
58 431
66 392
25 264
23 369
82 440
68 290
12 209
14 330
77 285
83 231
73 325
80 316
63 446
72 439
46 302
96 432
69 375
81 466
95 405
98 219
36 433
49 500
83 310
44 208
47 353
22 383
22 257
61 295
