100 500 200 500 10 100
10 441
78 360
65 381
36 381
93 491
87 234
95 248
39 459
54 241
28 202
34 344
24 461
93 391
46 430
19 209
64 422
34 305
51 264
99 314
14 246
49 394
63 457
85 301
62 204
93 303
66 359
24 230
27 214
14 261
45 258
65 367
86 470
57 461
77 407
67 428
47 276
35 483
66 211
18 396
64 376
77 472
44 343
62 251
24 270
95 499
96 332
76 207
47 286
35 283
41 491
20 394
24 280
95 248
72 359
23 256
84 443
18 467
97 377
96 392
53 279
88 224
11 204
84 211
48 448
78 481
63 254
74 403
51 449
19 375
51 394
11 290
38 306
69 371
98 223
63 379
71 350
15 212
66 333
74 291
23 266
100 417
94 344
16 404
58 218
19 298
28 357
50 447
85 343
99 395
90 277
48 417
64 426
33 480
59 350
86 236
11 240
66 486
22 220
18 374
14 314
