100 500 200 500 10 100
65 417
47 493
79 433
47 356
25 491
84 258
38 485
89 399
95 323
30 491
17 233
67 266
95 459
78 211
31 244
31 421
27 366
73 202
62 291
89 312
40 328
39 213
24 214
89 411
29 342
80 230
29 351
54 416
98 276
79 319
35 295
68 428
85 401
64 208
67 488
39 221
24 440
82 377
49 345
10 490
43 438
75 310
43 264
38 295
50 403
75 359
33 454
44 357
54 415
16 295
13 383
34 467
67 250
72 225
94 329
54 331
69 233
51 253
47 416
21 386
12 212
78 464
46 280
60 218
19 434
63 346
29 380
93 388
20 353
18 324
53 427
39 448
80 345
40 205
75 349
66 226
55 385
84 276
18 309
43 357
80 357
93 256
100 212
48 364
66 305
76 246
17 341
84 440
10 443
30 445
29 285
33 351
46 409
27 281
29 420
72 458
35 339
61 211
66 407
61 364
