100 500 200 500 10 100
66 407
25 267
75 276
79 226
75 213
90 415
99 218
50 419
16 296
66 393
61 223
95 280
100 218
14 228
54 325
95 377
84 313
66 231
11 275
49 345
62 299
15 215
95 355
14 328
100 429
57 364
58 339
62 473
87 269
90 368
94 333
67 324
58 336
53 284
85 310
52 499
84 437
22 226
66 295
59 390
14 323
41 374
58 446
73 267
22 295
54 307
10 378
100 323
98 234
70 424
98 284
98 202
32 283
39 209
90 332
33 300
58 401
73 315
74 268
66 310
24 267
17 489
84 296
35 408
76 467
79 424
87 401
34 469
49 353
23 260
14 275
49 339
26 231
30 272
73 336
92 309
59 299
65 246
33 358
77 475
66 233
89 222
48 221
24 317
38 368
78 309
90 436
58 368
54 350
59 414
81 322
68 287
66 320
35 213
39 286
51 451
73 283
64 453
51 413
60 429
