100 500 200 500 10 100
26 383
50 471
82 341
19 472
94 310
67 245
80 373
13 316
34 218
52 471
13 478
30 498
96 439
17 452
28 293
67 379
45 351
15 331
49 238
100 415
47 328
32 247
83 487
70 258
45 288
89 223
85 309
34 248
15 228
80 469
94 482
84 445
71 445
18 222
30 326
68 229
91 346
10 404
42 389
42 286
62 491
79 492
19 229
25 244
43 438
10 276
58 308
82 399
91 244
54 434
61 357
95 324
65 438
78 234
81 490
37 201
21 379
41 427
72 430
99 414
68 433
58 485
46 409
61 243
82 303
10 323
80 338
48 311
15 373
58 299
52 414
82 240
54 491
84 450
32 388
100 237
43 201
31 310
49 303
69 363
50 228
27 264
80 331
81 339
43 469
88 264
77 437
48 425
98 470
62 296
29 385
35 427
72 253
96 296
38 288
96 210
13 343
61 380
40 399
31 376
