100 500 200 500 10 100
14 462
70 493
57 395
32 291
34 482
31 202
19 466
95 367
10 212
37 445
49 480
34 426
75 284
25 238
81 209
77 339
50 303
12 493
93 236
98 362
70 389
50 293
60 444
91 221
71 332
30 222
48 256
65 263
11 441
99 368
100 398
29 370
74 338
100 397
73 394
99 341
41 372
74 386
47 342
67 219
98 219
43 233
57 438
20 365
41 346
93 277
47 489
43 443
44 258
94 450
56 346
12 484
58 423
95 231
94 474
28 488
28 491
90 466
22 266
87 204
35 262
46 354
55 478
64 326
76 384
58 436
66 212
35 446
90 486
17 500
99 427
36 349
13 405
55 243
79 395
85 230
75 278
56 206
63 429
71 489
67 254
77 489
96 292
100 201
85 310
30 435
59 385
63 351
72 399
40 459
12 392
33 499
98 321
22 424
52 235
15 259
28 234
95 356
84 381
61 303
