100 500 200 500 10 100
11 467
39 348
90 280
56 455
92 431
57 466
45 376
82 308
39 353
19 380
30 310
29 252
14 269
63 449
34 431
37 312
39 230
64 425
54 477
47 272
12 467
66 494
67 403
70 489
50 244
92 339
33 387
28 222
30 352
50 305
73 412
42 377
97 325
46 252
69 430
50 406
39 311
35 436
15 398
54 468
74 490
25 495
73 447
52 332
42 437
100 329
85 302
69 239
92 256
86 426
50 262
85 330
94 479
37 336
69 387
53 215
80 358
56 252
66 425
99 300
69 468
65 408
94 333
52 445
54 385
61 374
25 450
89 269
73 467
16 451
22 406
36 478
81 374
99 215
97 311
23 306
21 494
73 296
27 358
15 214
14 308
44 439
29 289
37 383
10 310
86 357
18 248
69 477
57 364
52 367
80 256
73 452
97 436
59 324
76 436
65 234
85 373
62 500
85 327
21 466
