100 500 200 500 10 100
35 240
65 210
43 395
29 374
70 310
76 328
98 461
100 385
12 222
55 291
24 431
45 338
69 238
83 326
31 299
87 308
52 217
96 316
48 399
74 324
81 317
11 293
97 492
98 298
87 315
34 374
47 221
40 236
67 478
17 245
31 489
62 366
61 422
37 366
34 420
86 227
67 391
99 263
51 247
79 294
66 449
55 357
89 377
71 429
60 454
61 380
88 276
70 345
69 425
26 216
25 449
24 279
52 312
99 471
72 402
84 471
44 430
93 270
76 367
95 359
95 421
70 210
67 483
47 444
16 365
45 399
29 452
67 403
34 217
27 372
59 285
87 219
55 316
42 270
43 486
18 303
45 365
73 301
88 418
91 453
91 403
79 295
47 277
97 317
26 217
84 463
40 229
85 317
13 219
68 277
70 213
90 309
71 393
69 475
90 353
52 291
47 226
69 360
82 281
18 346
