100 500 200 500 10 100
69 202
85 372
30 254
72 315
12 419
43 478
44 230
25 369
66 292
78 434
49 423
68 271
61 308
16 254
76 428
52 425
37 428
75 357
28 203
56 376
70 261
66 223
25 279
69 402
33 272
86 488
55 374
73 241
56 378
58 325
73 438
28 435
15 295
74 295
55 462
72 471
71 222
46 211
34 233
31 421
13 247
82 498
76 365
44 300
86 333
16 247
54 423
75 334
98 221
46 215
84 298
30 352
61 326
57 319
33 275
95 464
47 295
65 441
83 448
61 401
53 363
80 250
17 327
73 202
18 211
57 229
43 401
99 328
97 494
42 386
87 385
73 289
66 208
63 389
90 418
33 486
43 436
93 265
19 318
55 309
37 483
72 388
96 419
26 358
79 413
37 379
48 291
53 226
55 397
68 203
83 402
40 344
56 474
66 298
14 323
99 370
93 495
27 386
94 222
96 274
