100 500 200 500 10 100
48 414
25 350
71 456
99 281
13 267
89 442
33 369
91 270
22 287
60 296
68 430
47 465
78 450
72 212
13 243
64 462
79 498
60 367
25 386
30 471
26 344
28 474
86 202
85 215
58 386
11 261
77 339
84 315
100 489
32 364
37 452
70 438
65 385
72 402
96 201
62 422
64 232
23 205
52 337
10 323
96 281
42 486
67 358
42 208
34 326
32 276
51 396
84 226
75 266
49 301
100 498
44 311
98 265
66 462
72 337
66 324
84 367
56 237
39 308
70 320
52 316
78 462
100 358
25 242
32 263
61 492
82 263
48 489
15 368
82 481
49 433
61 270
61 311
90 325
57 302
53 354
67 290
55 379
61 450
57 372
88 462
14 222
13 313
11 303
72 409
12 384
47 336
96 442
32 261
89 315
97 409
41 229
42 482
46 345
73 227
76 444
64 227
46 464
48 425
93 270
