100 500 200 500 10 100
61 248
25 219
33 254
36 216
61 435
52 218
21 352
13 230
21 239
73 411
34 256
62 270
62 422
36 492
44 226
14 433
29 486
98 479
51 445
68 305
76 500
22 319
19 333
57 409
37 204
96 289
49 286
60 210
25 298
64 288
21 401
71 348
15 370
45 375
72 218
75 392
76 202
33 319
28 309
86 207
63 245
70 221
55 304
65 289
31 483
100 476
14 296
73 218
55 398
28 229
75 221
26 332
42 329
52 307
46 326
32 450
36 259
26 401
74 451
68 213
26 214
92 214
54 260
56 224
35 324
78 272
30 372
67 317
23 202
40 388
63 438
20 397
71 256
87 308
33 486
56 389
38 259
87 258
65 385
81 226
71 285
16 303
32 349
70 408
98 242
57 428
79 433
12 425
19 321
46 445
60 252
100 255
93 236
70 430
82 345
64 379
80 452
97 337
59 299
10 401
