100 500 200 500 10 100
54 203
97 292
35 445
82 452
76 257
87 379
73 349
50 359
66 472
32 223
55 382
37 205
18 425
82 280
17 261
88 442
71 291
95 436
15 312
82 350
92 276
18 214
22 295
88 452
59 248
28 483
72 320
73 385
43 352
77 454
93 254
65 427
11 429
22 331
51 498
13 359
78 356
23 448
34 246
32 467
75 271
12 371
58 283
42 334
83 419
95 297
90 432
93 268
88 386
24 349
25 226
87 406
93 330
100 333
65 200
79 368
88 395
92 412
20 493
53 412
96 281
85 333
76 233
38 321
99 498
54 200
33 428
32 355
58 458
22 383
16 485
14 428
35 437
57 356
82 282
55 339
10 225
24 325
33 322
93 325
21 366
61 241
94 379
77 299
31 332
26 244
42 380
49 444
79 209
66 244
58 265
91 404
67 304
88 497
38 425
37 394
42 344
10 332
50 331
40 309
