100 500 10 200 10 100
97 50
13 128
47 169
30 104
53 16
47 151
57 134
97 143
38 181
94 61
13 59
58 46
96 195
81 172
63 15
83 108
91 100
68 27
77 182
20 61
56 72
64 103
71 92
78 18
45 137
52 182
36 191
77 146
77 19
10 151
35 164
52 91
86 151
69 144
24 50
99 141
52 50
36 152
76 79
74 71
91 73
23 45
79 91
64 69
10 98
49 114
63 135
67 136
64 147
27 38
30 97
10 143
95 11
48 113
56 98
44 130
91 47
25 67
10 190
42 49
59 12
52 182
34 192
24 43
60 18
28 146
74 39
14 86
18 196
91 155
27 38
64 98
45 93
94 25
75 147
62 12
69 61
100 107
38 145
44 11
71 32
30 102
45 57
65 136
40 41
34 180
98 187
28 135
85 75
41 196
10 57
100 161
60 35
62 150
38 29
93 145
22 120
97 125
64 67
63 41
