100 500 10 200 10 100
50 97
40 54
93 14
24 134
97 74
21 33
30 112
45 200
95 147
65 166
76 48
42 86
38 15
100 52
33 144
48 12
63 76
57 64
10 60
22 27
55 170
78 175
94 141
49 91
91 188
54 130
31 68
79 179
19 166
24 15
88 146
69 140
95 85
76 135
49 34
17 103
75 193
86 97
77 96
18 42
55 77
32 153
66 21
52 29
42 173
33 86
83 86
87 152
34 62
34 119
12 60
31 101
97 133
98 28
95 19
40 146
32 66
80 21
63 72
25 75
51 110
40 196
94 19
26 147
41 77
55 191
99 143
74 22
45 102
30 116
41 135
43 19
22 24
67 111
60 84
86 186
46 149
14 191
96 194
21 73
34 46
87 40
95 167
43 76
49 126
86 23
23 108
22 94
57 75
80 51
77 193
35 176
98 60
15 142
60 126
99 135
62 90
33 163
63 60
12 137
