100 500 10 200 10 100
83 137
42 45
85 189
38 60
64 153
78 73
71 105
48 188
38 98
62 92
95 96
48 194
44 55
98 11
16 154
49 99
73 25
42 113
32 44
20 162
61 77
26 94
17 135
71 161
68 199
96 170
72 197
51 91
97 122
76 94
31 99
56 200
59 140
67 139
75 97
84 182
44 170
19 179
81 190
49 170
28 14
26 125
94 123
22 118
32 142
57 133
65 16
63 166
53 88
21 141
76 48
15 161
21 40
60 133
74 101
56 60
59 62
99 127
93 12
60 42
61 68
85 196
72 162
56 42
47 108
59 47
78 139
32 198
59 159
60 20
98 76
78 176
41 45
63 148
49 181
65 12
45 19
41 135
14 180
47 20
16 183
27 77
77 77
53 90
86 27
20 151
72 182
93 87
26 72
53 85
47 57
81 91
74 106
51 37
62 35
46 185
10 139
70 129
66 148
28 84
