100 500 10 200 10 100
78 115
14 24
78 81
20 29
95 37
61 148
32 175
87 191
27 161
79 128
23 87
52 99
76 140
55 171
30 99
56 148
65 65
28 17
35 171
69 133
31 109
90 125
66 108
64 10
83 184
88 117
75 17
36 171
11 84
61 190
80 101
83 29
29 165
94 136
56 128
90 155
99 161
48 131
34 17
100 126
97 125
29 104
79 114
74 123
90 36
27 13
94 94
29 105
28 80
29 15
92 120
68 55
67 62
16 138
70 151
25 103
92 162
54 50
90 92
29 85
69 98
10 66
63 133
92 83
96 44
72 54
46 93
39 56
99 119
58 57
50 91
51 156
70 168
81 140
94 181
91 20
99 124
41 125
37 81
59 103
98 153
72 91
23 67
63 33
62 144
96 66
100 73
59 99
22 61
82 133
92 96
30 154
80 40
14 110
85 120
92 70
84 171
41 129
80 110
34 13
