100 500 10 200 10 100
30 188
11 20
73 68
42 52
95 104
71 38
36 24
17 104
37 165
58 56
95 43
68 184
18 190
95 72
88 172
29 106
30 34
30 138
61 166
16 129
21 185
92 191
35 163
33 32
44 118
10 108
28 85
29 190
56 13
22 74
65 72
15 155
42 129
41 200
50 93
65 197
77 107
26 121
17 125
82 186
84 43
97 14
13 197
93 14
94 121
20 27
62 91
96 100
13 86
50 126
37 48
31 90
23 153
70 13
50 188
36 153
86 126
35 182
11 26
66 165
48 85
69 141
17 176
21 198
55 151
80 73
29 88
49 134
11 198
63 173
76 170
75 58
75 148
68 39
44 47
34 122
79 198
99 132
20 114
59 55
34 117
64 74
56 116
48 79
38 179
62 142
16 20
28 65
53 51
74 143
35 133
85 55
53 138
52 125
56 172
45 149
56 132
86 105
65 42
22 195
