100 500 10 200 10 100
52 158
74 51
92 28
80 149
48 139
95 125
54 81
13 17
75 20
50 125
38 155
21 190
89 31
83 186
39 17
18 43
75 110
90 112
54 91
72 100
10 63
38 73
65 49
20 171
72 53
83 77
80 160
12 95
89 52
62 200
29 43
62 46
69 161
40 93
74 30
31 116
30 51
82 38
53 125
78 183
14 138
24 188
71 160
15 100
65 29
93 83
54 176
95 27
22 68
51 32
89 138
22 184
31 160
20 135
49 64
53 74
65 20
55 88
47 156
47 24
44 99
12 59
10 17
63 32
47 199
61 197
39 13
61 159
31 45
52 69
76 31
40 90
24 185
29 54
62 168
81 159
23 157
46 174
97 105
90 82
65 72
86 61
77 102
72 61
33 124
85 57
17 53
94 30
26 148
100 42
59 134
73 24
26 29
49 97
33 16
72 50
41 90
45 144
19 133
69 162
