100 500 10 200 10 100
65 38
27 14
88 65
51 35
37 47
64 100
58 104
97 14
26 112
94 92
96 147
94 86
31 85
85 153
82 142
28 141
80 78
92 122
69 148
18 161
70 161
16 167
11 43
51 20
25 112
94 12
91 49
33 39
11 108
37 52
30 20
28 85
17 150
84 42
14 187
35 148
81 97
19 34
60 85
63 96
21 181
48 67
61 30
40 166
96 121
45 21
39 44
79 41
90 137
22 126
70 88
85 93
58 31
86 104
71 195
46 137
58 132
10 48
18 133
34 102
61 65
29 198
48 53
36 105
22 124
48 126
65 138
86 177
80 169
29 87
36 115
85 182
12 39
19 20
80 55
24 38
28 68
84 200
41 85
20 114
74 169
90 11
43 69
50 86
26 102
25 21
51 200
52 97
66 45
26 44
20 40
92 191
38 97
58 31
47 137
39 194
79 186
11 32
20 194
88 103
