100 500 10 200 10 100
92 112
65 92
90 174
54 200
89 17
76 103
16 102
43 99
71 176
54 123
61 161
29 163
17 38
84 23
14 41
15 46
67 154
16 172
72 84
14 198
22 140
25 12
85 106
15 194
41 196
94 102
98 45
36 130
15 177
35 96
16 18
70 151
65 82
46 110
15 136
50 69
84 50
99 151
77 38
40 70
80 126
63 33
100 69
44 57
78 118
42 97
64 119
21 109
94 12
17 190
61 137
79 57
39 165
28 166
43 187
39 48
100 63
53 117
97 45
30 11
74 151
22 100
26 157
72 81
43 38
34 118
53 163
37 185
42 186
50 142
68 51
15 127
34 94
28 47
62 29
21 148
27 158
79 60
73 90
70 72
46 45
100 105
60 168
33 147
100 105
85 190
14 133
50 71
27 172
39 20
33 191
31 14
91 27
48 62
13 39
32 24
65 148
91 94
76 74
34 133
