100 500 10 200 10 100
38 91
20 142
17 73
24 188
58 161
22 168
76 158
87 48
36 118
84 78
11 33
42 96
38 143
84 35
42 71
47 103
92 33
76 21
30 71
34 114
63 156
25 109
45 88
63 179
79 35
31 92
84 177
41 137
70 71
49 77
78 59
89 128
97 35
85 23
16 183
94 140
72 198
23 72
90 17
78 124
38 140
64 135
79 36
33 78
72 55
67 52
20 137
35 200
72 153
86 80
45 161
100 94
13 59
76 86
51 71
77 143
70 58
53 138
51 160
13 194
10 151
80 132
41 59
81 70
41 187
43 181
99 173
45 148
17 96
21 131
27 76
90 180
45 162
52 51
72 123
63 149
41 146
100 194
100 32
37 50
10 47
69 199
11 160
27 106
41 22
83 34
44 144
62 55
67 120
28 49
75 197
27 171
76 67
40 159
60 71
32 163
90 72
22 184
21 128
25 99
