100 500 10 200 10 100
18 184
43 61
14 56
36 85
65 37
33 184
84 181
29 42
74 41
87 126
99 20
89 116
57 178
92 190
92 144
19 145
50 56
36 26
65 148
57 134
26 51
31 133
86 193
100 188
73 70
52 199
64 143
80 60
81 151
21 39
93 14
34 66
89 23
50 174
38 26
89 181
39 90
35 111
24 100
36 149
37 32
38 62
89 104
65 150
95 174
95 162
22 175
46 60
59 121
16 171
99 175
96 47
68 64
15 158
17 89
49 158
91 97
35 120
48 165
48 45
28 48
83 138
42 45
94 32
31 64
78 136
21 166
21 114
19 165
78 26
38 43
25 200
56 36
98 142
57 32
90 151
58 196
32 105
71 119
81 18
42 142
39 33
11 162
31 148
83 52
91 192
78 182
93 36
73 154
81 30
52 190
57 68
22 103
53 69
58 134
38 39
98 44
42 25
70 21
73 143
