100 500 10 200 10 100
41 94
67 104
21 116
60 182
48 164
59 87
74 117
10 39
76 160
34 161
24 126
86 171
31 187
88 186
88 98
14 19
53 72
76 17
11 150
81 77
33 136
58 130
51 158
10 69
35 98
10 171
76 142
48 197
26 193
79 116
13 173
48 94
34 81
73 66
13 134
75 155
100 108
49 134
98 64
46 26
92 44
52 19
50 149
26 148
80 18
49 74
95 31
92 68
64 81
54 166
87 100
19 96
31 26
53 85
62 67
30 76
53 109
36 121
26 134
75 41
100 165
41 166
63 85
77 153
12 192
10 182
29 59
38 111
86 142
31 190
34 130
16 143
77 15
86 107
47 165
51 80
36 64
94 158
30 90
32 116
71 27
75 185
60 19
93 17
10 102
45 193
81 127
27 81
46 20
67 70
62 137
82 126
16 197
57 152
62 184
22 180
28 199
75 143
16 80
76 11
