100 500 10 200 10 100
85 15
88 104
52 33
51 101
48 196
62 158
49 160
93 177
66 182
64 123
14 186
17 149
36 94
78 124
69 21
82 62
34 187
41 17
26 61
48 53
33 39
35 40
50 98
73 136
29 189
68 78
71 173
11 30
54 135
88 194
10 123
82 186
37 34
63 140
94 122
34 154
27 37
51 184
94 191
36 26
67 190
27 174
85 133
51 71
24 137
13 36
60 133
65 180
60 35
19 41
82 124
87 142
56 192
28 98
69 66
79 183
65 29
43 38
78 150
41 42
75 177
32 158
83 101
91 65
67 78
13 116
43 125
63 164
44 196
54 120
53 187
18 129
45 79
74 12
88 100
30 149
13 146
66 197
55 86
99 15
18 23
77 167
18 22
56 76
92 35
72 69
50 131
68 72
47 188
61 50
10 174
12 176
50 138
15 199
40 77
33 21
69 168
53 28
57 152
83 19
