100 500 10 200 10 100
41 52
25 47
90 35
21 55
99 144
35 77
26 36
23 34
87 12
71 29
61 79
55 140
28 40
68 24
90 156
66 86
11 172
11 81
12 179
91 79
91 187
35 187
63 92
21 168
26 23
82 28
60 104
27 15
67 159
83 69
16 16
94 134
83 112
63 197
88 176
11 55
31 65
47 197
92 96
87 63
57 173
11 45
58 39
12 54
30 137
87 123
87 102
44 143
56 128
70 115
12 57
21 64
24 45
17 81
33 46
40 62
25 15
51 129
23 14
13 75
91 131
69 105
87 110
62 58
26 198
39 130
56 167
53 11
24 88
39 132
17 16
82 177
10 148
21 121
38 122
19 114
30 26
76 97
99 78
66 176
22 129
43 164
98 134
91 96
100 69
77 180
90 78
18 130
43 60
30 189
60 57
69 46
71 132
50 43
35 99
47 119
64 159
68 135
83 69
91 147
