100 500 10 200 10 100
92 40
40 49
41 59
45 149
62 34
65 200
87 172
20 52
52 137
14 156
19 109
10 179
34 46
35 82
55 14
83 88
53 116
38 51
85 148
53 40
62 37
86 191
22 85
64 108
67 68
72 81
15 189
96 17
13 32
14 19
85 41
20 115
64 45
74 111
37 167
65 199
35 192
37 47
45 52
27 111
75 52
95 99
24 107
35 66
36 40
92 178
81 185
11 39
66 91
99 56
56 124
81 73
12 64
44 13
78 77
66 59
67 162
49 172
66 55
24 19
68 147
67 190
33 122
99 25
97 180
44 81
77 159
86 39
49 76
43 162
98 191
86 106
76 160
98 42
63 149
51 155
43 59
85 69
38 184
71 195
96 168
94 109
82 41
14 161
79 24
10 116
63 155
39 10
74 111
88 162
64 127
73 188
99 59
79 168
19 152
41 48
53 59
40 89
85 129
18 41
