100 500 10 200 10 100
52 70
59 12
64 147
56 60
80 196
56 99
80 79
72 80
41 186
12 102
78 186
84 67
63 85
52 177
19 11
73 172
92 106
36 186
26 85
25 63
64 81
10 52
29 161
82 179
50 138
63 125
12 142
68 40
69 187
100 179
73 200
56 81
20 168
74 193
26 145
32 166
77 50
76 166
58 151
72 168
21 89
79 33
34 117
42 92
18 92
88 136
66 41
62 19
78 117
12 72
41 100
73 99
20 67
84 162
75 52
83 118
43 65
100 175
23 26
40 119
35 148
28 43
23 105
31 178
69 97
47 94
75 99
34 148
37 70
32 187
25 82
89 87
82 89
97 130
46 139
42 56
17 115
79 87
95 154
92 52
13 125
80 59
11 142
79 193
37 128
94 157
69 126
27 180
87 117
25 153
13 171
73 176
34 133
20 139
68 138
99 171
40 139
11 99
98 49
86 125
