100 500 10 200 10 100
57 174
64 200
79 87
63 80
98 52
62 114
68 127
67 180
51 37
82 94
19 169
32 69
40 106
18 156
40 76
51 154
97 24
46 138
51 90
41 40
28 41
81 184
39 62
60 82
22 49
92 151
71 115
46 74
19 176
81 21
17 166
90 135
37 140
42 148
50 101
80 173
83 144
70 134
62 119
55 129
24 193
58 42
22 133
50 161
10 170
88 193
52 181
75 181
28 20
74 162
43 128
16 109
30 113
53 111
97 91
18 33
97 130
59 33
22 184
21 13
29 200
84 131
39 145
30 144
28 61
42 111
63 62
93 94
79 96
28 39
97 55
11 126
56 162
82 81
59 177
99 141
55 102
66 199
94 27
57 46
96 92
35 79
55 200
95 152
25 179
24 138
67 87
31 29
76 33
98 37
59 197
83 197
41 106
13 157
50 182
45 22
66 183
94 60
50 75
60 121
