100 500 10 200 10 100
46 95
43 122
18 181
99 147
85 98
57 90
94 62
27 163
39 199
48 108
61 58
68 101
62 78
40 172
92 154
47 54
70 18
67 107
70 180
81 116
56 171
39 41
52 98
17 73
27 198
58 130
52 81
37 194
91 88
39 145
27 189
90 101
36 177
65 39
75 73
13 55
36 185
34 132
15 124
76 190
49 19
64 189
12 183
21 105
75 168
55 124
43 60
42 197
54 89
81 14
59 24
50 39
44 181
25 102
68 199
35 47
41 75
23 165
96 61
53 162
38 131
80 29
95 145
56 16
35 73
31 28
74 115
68 107
98 61
57 20
91 133
88 90
87 106
27 98
35 135
15 198
84 158
87 67
60 64
44 169
68 129
31 57
89 66
12 150
88 196
13 20
94 17
62 169
91 188
25 92
66 116
78 200
32 150
45 187
59 153
83 174
97 164
22 136
18 196
33 180
