10000 500 10 200 10 100
20 43
34 137
87 154
66 82
70 99
83 16
29 163
81 142
25 144
78 186
52 170
57 95
83 146
36 113
42 192
61 31
13 184
86 64
67 21
23 119
79 13
42 38
68 132
32 88
35 111
93 171
13 49
21 61
16 84
91 134
64 45
17 143
90 157
74 179
97 177
46 100
100 66
36 190
54 142
12 63
21 185
72 144
61 134
26 62
47 181
69 126
20 163
86 67
31 87
20 108
63 154
56 86
88 148
29 29
94 18
37 154
97 150
45 70
46 114
78 134
84 107
47 155
38 118
58 200
99 56
39 123
77 105
23 63
31 118
23 154
45 198
83 162
12 47
52 74
42 165
48 112
82 79
73 175
34 77
31 34
14 104
46 188
99 168
63 73
73 144
98 32
96 167
11 133
60 59
63 199
89 48
34 129
12 188
42 104
44 100
75 52
40 97
46 192
87 102
75 183
91 124
29 31
14 42
11 160
91 25
73 104
82 112
49 172
56 149
73 198
61 47
92 41
20 101
46 64
53 153
73 83
45 73
46 32
40 101
29 186
65 161
63 170
51 157
29 15
10 60
50 165
55 73
69 97
86 71
25 180
41 189
34 112
44 178
41 179
71 137
20 15
69 75
34 13
39 160
70 170
61 42
16 173
68 151
34 91
96 42
44 79
54 144
82 104
56 158
78 42
90 67
69 13
25 45
30 198
100 46
100 58
64 123
29 26
98 111
92 130
18 190
100 164
20 11
13 98
57 183
100 53
33 169
57 195
60 106
55 51
30 181
36 63
76 163
32 190
24 30
83 17
11 139
48 188
25 104
95 121
50 37
34 126
61 63
74 52
21 134
87 144
35 58
42 39
84 119
91 85
40 137
47 172
71 106
16 37
90 65
21 86
58 133
65 110
80 144
47 188
19 112
48 34
63 193
62 171
97 82
98 95
78 181
31 129
82 68
87 108
92 148
64 59
60 39
22 110
74 156
83 115
99 72
44 48
27 193
61 19
47 108
13 128
55 182
25 19
24 55
61 16
63 167
73 95
24 46
14 43
60 135
34 102
34 108
73 105
27 172
27 19
98 40
42 11
17 36
41 105
60 194
55 96
34 188
89 199
28 28
89 47
43 10
52 194
45 102
71 30
64 55
80 186
35 188
66 141
33 73
81 139
53 168
21 47
32 58
78 10
56 98
44 72
42 31
72 50
27 197
93 186
46 122
59 171
84 11
67 167
22 168
52 153
90 173
95 134
26 57
25 140
91 25
23 87
99 111
63 181
43 19
78 193
81 181
50 83
51 96
34 78
71 166
98 42
56 43
88 180
80 144
98 101
25 143
20 49
22 127
19 194
45 39
89 110
23 150
42 22
62 54
98 121
59 134
99 192
50 163
40 100
15 134
53 109
29 192
23 163
90 20
13 98
19 165
12 58
47 12
67 171
27 174
47 111
21 67
97 117
47 139
44 148
45 29
89 183
67 47
21 151
89 146
97 119
70 89
47 23
96 81
68 161
30 75
51 195
12 38
19 174
92 140
18 62
19 189
53 170
63 33
85 126
79 11
11 78
79 55
18 172
14 97
13 193
44 68
46 138
19 120
50 86
24 31
90 39
18 25
100 88
96 140
75 39
28 70
40 53
78 20
88 40
78 22
87 91
63 63
22 20
40 151
35 75
36 99
41 34
19 125
32 176
40 159
96 49
74 134
72 133
37 150
50 73
67 61
80 86
22 25
54 130
70 36
23 181
56 99
95 61
64 182
87 121
77 63
69 159
71 73
18 153
16 121
28 197
11 23
56 108
16 191
47 48
42 54
36 185
31 77
70 178
63 94
42 21
91 80
97 200
58 105
21 178
80 21
37 19
55 78
75 108
45 166
54 150
89 187
28 174
26 193
20 157
43 71
90 77
71 159
48 105
54 71
83 123
15 79
30 130
18 70
38 59
33 173
84 45
25 133
84 67
52 182
91 33
10 12
71 36
29 19
89 90
85 36
59 175
97 157
67 73
91 131
21 75
39 143
89 107
59 141
66 22
84 30
48 18
90 10
71 58
44 20
44 111
47 164
34 185
51 11
11 159
11 23
73 80
70 156
11 52
13 15
45 62
40 143
33 101
54 150
91 174
16 109
32 71
97 14
49 14
64 146
96 182
25 187
60 136
46 103
29 59
45 86
90 155
100 195
57 15
70 48
58 169
51 108
45 41
54 128
47 161
88 198
36 76
64 47
14 169
27 33
49 92
51 152
90 173
67 136
20 155
63 157
28 143
66 196
50 41
10 40
80 17
83 179
16 65
18 129
46 200
98 73
50 83
39 151
14 35
92 33
86 82
64 124
20 110
84 41
55 63
10 155
88 120
57 19
83 193
68 199
91 112
84 83
29 130
87 84
36 154
29 135
86 130
42 93
65 21
19 193
26 16
60 10
73 124
25 123
90 170
91 107
11 13
37 110
51 79
71 110
93 112
51 79
72 136
91 137
63 107
25 87
90 119
100 83
100 141
71 148
61 138
31 35
89 101
99 118
73 162
32 193
22 83
22 149
20 55
37 200
30 35
31 131
45 16
72 199
99 30
86 80
56 66
37 142
82 84
37 149
22 120
35 131
87 55
18 55
68 198
49 96
15 174
60 19
54 51
10 149
26 198
28 50
72 168
71 42
99 85
61 130
74 165
44 19
51 195
73 132
15 152
59 67
45 65
77 126
94 128
58 189
79 159
99 32
86 41
94 20
84 88
94 133
58 44
71 61
43 27
33 52
72 31
38 115
53 199
21 35
98 149
73 73
46 51
80 55
94 171
68 42
44 50
33 122
51 128
70 135
54 178
49 157
91 109
48 129
99 124
60 54
82 190
35 192
94 33
65 157
95 147
26 95
83 198
10 92
60 11
72 114
80 26
45 52
14 154
30 53
21 169
100 184
66 36
37 19
93 65
62 97
24 31
41 188
81 20
48 166
65 119
60 43
46 185
67 81
57 100
54 59
31 64
24 47
94 60
100 184
98 66
35 117
93 105
35 128
61 197
29 148
45 16
22 93
53 132
86 173
30 153
30 89
99 107
91 141
13 25
41 72
14 47
38 12
49 128
69 79
90 45
42 82
83 73
33 64
51 150
88 25
10 79
38 130
32 73
90 132
72 37
89 182
13 27
72 60
44 136
15 90
44 20
75 44
73 148
68 77
69 168
10 42
79 61
84 43
73 76
53 34
57 12
73 43
76 43
66 17
54 65
96 184
89 102
30 171
85 159
37 158
59 196
39 162
82 174
56 193
50 13
52 186
94 97
74 79
22 133
78 144
26 27
71 85
24 189
66 159
42 136
69 95
47 150
83 200
75 95
74 15
36 61
37 125
94 41
52 122
93 102
90 174
74 58
78 59
51 147
49 14
53 168
92 57
70 168
19 83
65 91
21 172
24 122
37 133
12 134
78 139
26 154
67 188
26 13
94 69
95 76
68 75
13 185
91 194
49 43
70 35
62 29
20 87
83 137
85 116
44 109
42 117
28 178
29 108
60 162
28 174
17 62
18 92
61 14
47 20
25 195
29 184
14 86
16 155
95 124
34 82
15 158
14 151
83 136
85 137
99 46
13 125
15 192
26 136
73 136
83 65
51 13
82 144
95 152
96 124
42 11
80 164
12 38
88 115
33 162
44 62
37 195
37 119
21 59
25 13
33 43
52 116
99 150
46 149
74 170
45 43
77 90
33 152
25 133
81 105
45 152
70 136
61 199
31 132
67 120
73 43
43 47
81 44
10 29
51 111
20 98
97 13
65 162
46 141
93 64
28 32
41 23
25 174
11 34
81 91
82 84
21 141
67 94
36 131
71 179
58 168
80 197
47 77
90 169
78 96
64 74
72 82
64 97
13 142
87 195
87 109
91 169
100 21
52 46
78 42
28 195
73 135
42 193
96 24
57 62
66 59
86 71
68 78
78 199
68 101
19 65
85 115
15 92
20 152
35 112
87 18
77 15
69 141
87 189
57 11
91 86
70 42
67 14
41 126
25 120
61 49
54 69
34 74
46 101
70 101
86 31
42 131
87 74
52 77
27 69
86 168
38 151
63 113
99 110
93 11
94 99
11 70
16 25
22 131
33 171
40 163
19 175
51 49
89 198
31 166
18 16
94 32
24 155
95 156
51 38
90 128
58 28
61 129
80 121
69 193
72 125
92 105
51 91
76 13
52 104
26 166
29 103
59 110
66 188
73 134
58 43
30 165
70 48
32 138
17 165
32 93
70 129
23 32
19 176
68 142
12 196
74 32
93 139
45 189
93 19
45 165
86 195
72 170
63 44
22 44
48 81
12 131
58 137
82 64
30 11
44 34
32 147
71 138
56 10
54 34
76 92
15 105
17 183
33 141
34 194
94 68
80 146
97 140
37 165
74 38
81 43
43 15
78 153
98 87
35 112
89 15
40 143
79 102
35 197
71 186
47 82
48 108
77 65
70 123
75 63
25 38
13 79
75 97
25 198
67 197
23 107
14 147
13 135
16 19
47 146
13 143
22 70
26 45
48 131
19 188
45 175
85 123
83 58
82 97
48 16
64 30
21 140
30 28
67 58
69 26
84 76
88 42
77 52
48 105
16 101
54 179
45 108
53 141
14 156
41 55
91 143
29 118
80 85
79 168
93 186
50 170
72 187
35 19
59 123
80 34
83 196
16 111
79 170
61 81
48 101
89 86
50 66
93 160
20 131
28 95
71 177
42 190
60 109
44 24
93 134
36 90
100 116
19 54
19 86
25 32
25 116
11 85
75 125
10 134
81 15
14 14
50 126
46 167
29 45
34 100
56 94
67 120
20 24
88 130
62 132
93 120
69 82
58 40
13 61
100 95
94 13
88 91
67 137
97 197
67 82
78 141
44 120
31 20
36 45
53 77
20 113
28 57
55 13
40 13
14 72
95 142
59 42
40 47
69 102
28 163
74 175
64 185
93 198
79 72
57 178
15 53
84 170
64 97
80 178
50 58
49 43
44 137
43 65
77 65
27 40
53 176
53 166
61 142
55 198
26 27
78 165
87 86
72 162
52 128
97 118
88 32
53 18
96 69
58 156
67 74
83 186
28 43
42 52
33 136
35 179
53 67
34 67
26 120
42 161
100 11
77 66
90 72
71 183
31 159
74 98
57 167
60 116
45 78
17 197
97 51
71 32
62 161
41 74
53 108
10 183
27 146
92 154
23 134
71 182
43 118
86 137
54 28
28 128
54 33
73 144
85 120
52 195
54 55
79 25
72 136
11 105
72 45
21 132
17 16
29 105
80 58
57 53
66 128
38 185
27 95
23 47
61 94
11 129
11 122
65 135
21 164
25 173
22 110
31 21
73 83
88 62
71 169
39 28
36 76
10 69
48 132
17 40
42 182
68 199
52 125
34 194
15 16
64 108
93 114
11 53
52 34
71 139
49 32
12 134
83 160
81 102
43 121
84 151
61 113
89 26
53 147
46 137
79 29
77 90
11 198
53 141
46 61
82 69
76 57
23 194
13 16
96 164
99 71
92 72
46 106
79 55
56 142
11 49
78 71
58 115
35 107
85 134
77 168
18 84
13 16
27 97
42 38
70 184
18 187
53 95
95 156
60 180
99 167
74 57
55 192
17 117
49 60
50 121
21 65
85 64
97 116
48 107
40 33
69 65
86 158
19 125
96 134
29 10
84 166
33 149
95 63
18 99
86 129
75 153
33 37
37 99
40 11
58 109
10 130
35 66
54 157
29 191
67 150
97 181
58 93
41 117
22 39
48 103
78 47
74 185
35 106
30 39
94 123
52 154
75 145
96 130
75 44
31 182
26 155
44 121
63 136
25 59
95 65
53 166
38 51
73 20
82 55
45 76
51 30
85 42
27 83
99 87
58 126
87 122
64 97
64 162
23 92
18 40
58 184
80 93
79 145
66 195
24 186
88 12
13 134
45 23
14 28
40 167
25 12
52 45
64 165
59 143
47 16
48 69
82 168
44 47
86 76
36 169
80 145
28 88
11 36
30 128
96 23
48 19
40 195
53 137
59 51
34 59
32 96
17 92
52 92
44 41
67 35
90 41
10 192
83 70
71 64
34 116
26 104
41 137
80 24
66 100
12 186
51 157
24 112
54 179
63 42
19 174
21 41
83 37
71 169
39 116
85 106
61 144
53 192
19 119
93 165
23 92
28 12
45 75
23 131
25 129
40 84
76 52
33 152
79 13
40 19
89 186
34 163
24 137
21 30
62 181
25 109
24 157
40 156
38 24
64 96
99 93
41 89
61 129
87 58
75 194
10 72
95 196
28 130
28 10
22 31
59 157
18 98
33 62
85 134
17 195
68 41
96 43
44 67
79 173
12 115
63 173
69 167
54 33
83 122
43 69
68 81
85 95
82 129
78 65
85 45
32 148
55 159
67 39
91 164
72 131
52 190
22 98
45 93
25 74
17 21
38 169
67 171
15 82
46 32
32 26
85 186
90 177
88 166
44 182
55 39
89 50
94 59
72 27
47 126
72 190
98 68
29 28
38 65
67 171
88 58
57 188
96 195
28 53
56 22
24 111
31 181
61 113
67 156
69 193
18 66
20 17
93 162
34 175
81 169
57 147
79 176
57 125
67 141
19 153
53 25
39 26
36 58
51 35
22 81
76 106
12 31
54 83
80 182
78 52
31 23
45 19
55 166
90 182
83 103
50 58
32 18
100 135
69 25
31 92
77 200
83 77
47 123
91 56
13 28
93 76
19 108
50 74
45 42
92 191
37 179
53 96
19 135
89 76
72 12
40 89
70 190
98 75
48 149
86 39
72 40
92 52
69 34
24 54
70 162
85 44
100 104
73 149
96 195
14 200
34 48
32 29
56 88
64 162
70 36
61 47
81 162
93 47
46 27
17 96
76 147
28 162
83 104
48 79
15 191
62 94
49 10
87 88
30 50
14 160
52 84
49 154
87 130
36 74
11 103
54 191
88 134
53 111
26 106
65 125
96 102
24 147
27 187
55 34
13 96
92 124
94 56
42 80
34 111
65 166
27 126
13 96
80 129
55 108
63 30
45 166
52 84
55 67
23 159
71 118
75 119
35 67
18 152
10 162
14 102
31 87
73 126
53 98
60 191
65 124
33 71
33 154
59 22
61 58
94 147
51 24
46 28
52 52
23 39
13 31
70 197
66 171
39 102
48 189
32 108
11 125
66 22
47 136
29 112
12 196
83 172
98 135
100 135
90 182
55 56
58 96
80 177
20 186
49 169
61 184
40 108
43 68
12 199
36 146
77 31
98 11
99 173
41 37
97 157
37 94
76 87
83 76
25 67
81 155
30 58
51 125
73 89
56 76
63 29
60 41
37 175
15 88
51 192
49 98
83 167
15 173
78 183
84 130
97 122
73 120
21 43
76 126
61 48
21 31
30 57
71 152
27 118
99 21
39 166
86 56
77 113
87 199
95 89
27 158
50 33
70 193
68 155
98 31
84 153
96 103
43 128
77 52
59 106
99 144
75 186
25 48
37 62
77 15
34 17
75 185
84 83
51 140
42 138
33 51
74 35
99 112
11 21
83 19
12 40
64 10
27 187
46 135
98 128
75 32
15 125
22 187
46 15
20 35
65 131
20 55
79 21
98 131
47 134
56 161
78 137
81 10
14 53
49 36
92 97
87 128
26 86
66 20
24 84
57 78
73 134
70 161
40 146
84 20
27 74
80 86
65 177
89 189
93 65
71 22
68 94
61 186
72 77
62 127
19 85
28 156
77 162
87 198
72 50
46 199
80 32
83 159
93 14
14 50
79 162
32 42
49 24
83 69
26 45
60 42
17 12
71 173
30 147
16 115
45 52
44 100
31 18
22 95
68 27
63 125
18 41
46 55
85 198
84 159
27 123
89 197
76 53
34 111
71 13
13 176
45 150
46 142
44 146
44 46
92 37
11 163
61 118
73 136
30 166
62 192
54 150
88 13
64 200
41 182
14 173
19 79
99 75
15 123
67 92
97 195
25 120
21 200
63 18
75 187
95 94
100 62
41 18
30 57
61 44
45 63
58 38
13 150
62 187
51 136
38 75
41 41
63 131
30 65
53 18
24 134
48 94
48 157
63 94
36 153
82 107
41 156
78 182
49 59
70 190
22 68
92 159
15 70
75 151
49 49
46 42
82 82
39 12
26 50
14 107
31 46
40 30
43 138
22 97
11 169
35 194
98 184
46 169
50 62
54 21
55 121
51 117
91 192
20 74
88 15
77 33
64 174
33 64
78 76
42 142
82 102
18 115
10 130
44 172
28 24
39 126
40 80
63 150
40 152
92 102
51 16
90 51
37 22
28 135
58 100
47 146
43 54
71 99
26 156
47 177
92 75
34 128
35 157
70 38
77 135
46 108
82 100
48 188
10 97
77 44
42 20
68 32
50 62
35 60
97 34
27 200
64 151
37 67
54 48
17 58
20 47
10 158
95 170
63 93
31 89
34 97
34 129
93 197
30 83
93 19
16 105
69 28
77 158
76 27
55 193
14 191
53 74
73 20
17 115
23 121
82 73
55 136
92 148
42 194
82 10
93 150
98 44
74 25
36 75
22 188
87 151
62 118
48 147
57 57
76 52
10 98
70 198
26 129
73 200
37 19
47 170
58 170
60 170
35 195
34 70
29 123
44 181
67 34
68 12
17 54
47 92
54 14
79 19
31 100
83 77
58 39
40 111
80 71
91 36
38 137
69 69
89 106
91 134
11 43
85 76
18 13
79 51
55 113
49 162
25 69
88 133
67 119
96 141
34 114
15 68
26 63
73 121
94 20
76 155
92 182
12 153
99 55
78 23
54 76
83 161
65 57
59 78
13 149
69 147
56 198
53 124
64 175
77 86
58 89
14 82
29 127
65 98
13 72
71 152
77 108
43 117
39 48
63 143
62 47
33 70
75 137
80 139
17 50
49 119
24 99
31 43
23 47
25 19
46 64
92 90
56 116
53 138
43 13
27 163
17 13
66 107
80 60
75 52
54 104
16 72
67 173
65 83
77 58
24 140
29 96
88 95
19 49
22 178
27 147
64 115
98 37
70 91
64 100
27 199
21 115
92 61
78 19
75 119
53 48
84 169
20 122
63 158
28 130
35 35
32 118
87 26
71 195
59 54
17 83
21 110
63 158
59 119
77 95
48 34
76 129
72 90
18 122
70 55
26 195
89 139
10 41
84 79
48 106
22 142
36 189
73 20
90 33
83 134
18 178
12 96
31 195
88 192
24 44
29 179
68 139
59 163
100 94
93 27
93 155
55 23
91 53
70 132
66 175
100 60
89 45
75 80
92 143
12 167
35 130
64 37
93 84
78 59
18 53
56 33
91 78
28 185
45 114
62 41
57 194
92 61
80 59
18 90
45 24
94 22
59 45
80 33
33 83
60 131
44 171
96 146
71 22
16 13
28 89
16 35
45 126
75 134
26 39
66 188
20 136
48 19
33 72
73 112
92 138
50 93
93 187
61 22
76 11
31 146
51 60
69 185
51 56
64 172
43 198
45 152
41 182
38 126
27 69
73 41
50 92
98 149
75 174
21 98
41 199
98 65
87 13
31 56
80 11
59 180
30 200
82 153
57 157
42 77
73 129
45 22
44 32
72 111
17 166
76 193
80 64
84 44
19 140
57 161
15 153
64 161
26 92
50 198
17 36
100 65
49 194
19 18
94 104
19 65
65 140
30 54
38 126
63 82
35 23
89 50
79 195
66 183
13 180
30 148
50 75
16 13
81 123
89 106
61 153
55 107
100 39
22 129
42 62
37 85
48 88
60 106
84 170
38 12
47 67
23 177
95 174
93 21
99 23
29 135
96 121
37 102
12 184
85 148
41 76
64 176
53 170
59 79
93 181
76 110
63 53
43 22
71 65
86 136
32 163
82 89
41 102
75 77
21 55
40 186
87 91
31 118
34 63
82 21
84 91
72 102
62 197
57 173
93 138
56 175
63 169
96 26
46 65
54 21
46 130
100 53
95 180
79 93
81 171
98 76
71 47
64 38
37 104
73 140
15 131
98 175
18 189
78 35
81 128
29 154
69 42
12 111
29 181
44 76
96 143
63 55
63 131
15 67
90 128
73 87
59 132
79 192
43 96
39 186
41 84
94 114
93 158
79 172
94 62
20 110
70 179
18 197
16 60
39 156
55 82
71 58
89 138
34 146
23 88
99 68
74 113
71 123
50 40
78 30
79 132
86 109
79 85
88 63
88 180
98 135
45 74
99 87
72 54
18 57
12 28
55 161
61 153
97 192
28 189
61 96
42 165
61 96
20 143
22 28
29 11
93 196
95 179
51 99
41 170
67 31
82 126
36 119
91 86
22 60
23 166
31 60
37 16
83 23
48 116
45 94
30 37
84 14
82 15
98 82
100 114
73 185
94 128
39 108
85 56
19 122
42 171
69 186
39 139
69 126
99 61
97 184
58 121
24 138
68 157
69 122
93 157
11 123
93 52
33 110
100 32
91 155
35 24
26 170
64 139
95 28
15 149
62 122
72 44
72 38
50 90
60 83
88 100
28 143
19 48
74 84
46 117
66 85
78 191
53 83
29 14
74 162
38 125
67 65
10 154
56 194
32 65
84 124
30 116
54 118
33 152
64 67
45 52
57 20
64 39
71 14
47 16
34 40
70 71
55 156
84 10
74 103
69 68
79 41
39 127
82 171
13 186
84 181
28 192
24 114
40 128
29 131
82 106
32 130
61 78
38 36
40 55
67 134
76 189
51 109
48 159
29 59
86 130
52 24
43 73
49 17
67 68
30 168
75 121
16 175
82 195
50 67
100 173
74 198
68 10
42 142
64 198
19 146
63 73
16 114
44 110
50 171
77 59
13 175
22 58
56 180
17 172
69 136
65 82
44 150
19 39
92 84
90 104
39 29
80 10
28 125
17 53
78 121
38 56
14 115
17 67
60 190
56 132
84 26
23 58
97 107
73 101
77 180
16 53
84 183
68 153
62 198
70 47
75 142
37 35
64 40
92 141
21 143
96 145
21 119
92 191
59 146
22 49
79 129
94 145
30 158
28 62
52 93
76 116
12 13
21 102
10 55
97 63
13 127
33 22
28 66
49 105
79 115
28 127
43 58
73 166
90 159
99 13
96 139
75 119
94 83
80 176
52 54
68 160
86 102
87 60
15 196
60 160
50 122
57 165
15 193
99 198
37 192
53 46
88 142
46 73
66 188
91 165
19 121
27 56
12 117
78 170
93 105
17 65
68 60
41 187
11 193
31 24
53 37
78 137
54 59
38 184
93 69
81 100
78 93
22 23
65 95
14 133
26 179
15 16
39 60
20 124
38 51
86 59
85 42
76 48
76 16
10 127
32 192
87 99
42 184
97 106
15 161
70 91
75 70
32 189
20 134
61 185
53 72
84 75
62 72
28 16
25 157
23 188
64 194
27 53
25 63
19 99
40 200
16 153
54 99
36 10
88 75
29 28
50 50
68 84
61 28
56 12
68 67
41 144
86 119
81 80
89 158
48 18
31 149
50 69
100 124
56 113
43 55
80 148
78 47
10 29
87 134
85 62
42 65
76 94
91 36
45 169
25 156
23 185
54 159
75 186
93 136
56 94
21 51
71 119
36 85
44 188
82 14
66 53
61 88
95 65
67 124
83 121
92 53
82 195
22 193
14 129
93 122
57 152
49 75
56 95
53 53
50 13
71 187
64 138
64 59
35 32
67 70
66 73
30 92
57 160
19 91
64 12
75 100
68 19
93 46
14 159
66 51
86 158
77 84
75 145
24 111
77 128
34 132
39 106
96 102
13 98
11 143
69 39
41 97
16 51
13 186
31 44
82 15
60 85
73 110
14 43
51 19
30 181
40 174
100 177
63 164
94 102
33 39
56 183
89 23
88 81
53 55
25 57
42 130
99 183
25 175
17 71
46 199
59 146
13 172
11 68
24 39
46 64
19 136
64 185
71 114
17 192
77 24
10 62
60 194
39 26
10 81
58 173
90 151
22 72
82 62
76 79
34 135
96 150
68 23
59 84
27 42
52 129
88 137
28 22
51 46
92 119
19 138
51 40
73 30
18 32
57 76
66 164
60 100
42 136
37 90
55 83
56 86
10 169
49 13
60 164
92 42
57 200
54 163
25 80
42 154
51 87
72 68
87 74
31 197
48 92
18 19
65 198
53 166
23 129
46 170
98 61
24 186
54 193
15 112
65 175
94 17
53 129
77 123
49 33
21 23
19 26
42 102
47 162
39 33
39 80
87 195
29 47
81 36
48 150
42 124
50 47
73 197
16 29
85 11
100 81
41 11
79 91
83 133
21 15
92 156
66 193
77 60
41 174
21 91
60 46
46 69
59 159
18 114
20 28
20 51
15 173
82 187
78 169
25 129
92 119
40 80
48 55
96 162
81 60
21 165
39 80
56 22
82 133
53 37
73 40
28 51
67 143
78 89
26 22
88 106
26 113
81 63
13 151
96 30
62 111
40 119
81 62
42 18
66 57
17 180
64 136
33 134
88 102
83 11
57 73
37 88
67 127
90 156
10 199
17 100
19 14
17 90
87 139
15 94
51 178
44 117
48 138
89 57
32 107
56 187
94 177
69 146
55 58
84 193
60 120
71 179
91 100
22 33
81 10
46 68
94 57
89 157
64 69
85 68
11 83
45 135
77 141
72 176
78 24
40 67
62 82
60 124
96 126
46 76
53 131
23 148
79 131
41 162
42 130
45 177
19 96
19 85
46 13
71 68
53 71
14 197
27 161
20 181
53 111
51 34
55 12
59 18
29 98
83 167
32 43
75 53
60 55
80 199
28 31
35 120
13 183
38 79
21 80
97 51
22 127
23 44
65 90
17 107
78 66
62 28
33 16
94 72
20 20
95 176
40 128
62 145
22 55
28 96
92 116
51 149
25 77
88 16
52 79
27 158
64 198
83 78
15 68
86 109
66 11
16 153
25 192
94 104
20 177
78 36
52 171
32 169
99 11
11 26
30 131
87 58
98 171
33 133
61 89
44 150
14 138
77 84
34 43
21 40
98 189
63 123
71 62
70 28
21 110
73 177
90 40
79 160
81 174
15 83
37 167
21 164
52 169
62 98
74 46
36 42
24 15
37 15
92 90
17 165
68 67
98 53
55 189
60 120
96 138
29 23
67 46
27 74
45 67
10 37
68 112
97 127
79 46
30 197
30 177
36 138
33 125
61 153
80 14
66 74
38 108
61 90
80 129
29 171
20 137
50 88
18 111
23 156
33 181
74 117
51 135
94 191
50 79
69 184
27 81
21 69
74 156
12 124
12 146
84 91
13 158
17 121
34 27
26 59
81 71
64 154
53 64
60 99
28 154
38 37
16 152
17 13
74 88
86 13
58 65
15 128
20 107
90 125
97 158
54 121
59 15
62 90
45 63
57 23
57 84
24 40
34 12
60 177
95 183
37 158
31 119
66 126
18 145
38 140
24 68
99 165
53 169
37 155
52 55
13 59
32 85
78 199
12 168
70 190
90 199
48 41
57 54
52 133
23 28
87 113
25 166
64 173
61 166
73 200
75 139
64 184
58 183
69 123
86 200
57 121
89 103
86 137
62 152
64 159
33 175
29 101
88 183
34 119
73 43
51 11
36 189
60 17
63 41
98 142
20 86
77 61
28 58
98 148
15 101
72 24
64 21
41 37
73 31
52 163
24 86
100 36
61 193
88 67
95 186
79 86
18 83
30 72
34 169
71 154
95 138
86 134
87 104
25 164
98 151
21 179
23 133
62 123
88 93
67 171
51 178
50 162
55 15
50 14
13 64
35 64
15 147
72 140
53 193
68 187
70 72
25 192
53 23
19 142
43 93
76 197
76 12
98 166
11 34
79 34
74 149
28 102
78 119
34 135
93 179
34 99
33 129
45 89
80 26
70 70
47 177
60 45
77 89
22 17
74 192
99 45
59 163
26 34
69 21
20 37
58 145
77 84
47 59
57 38
45 37
93 28
79 30
21 36
80 86
50 66
79 119
91 39
82 59
26 154
73 66
28 104
35 150
10 96
32 184
52 96
55 66
13 69
49 189
96 16
65 173
35 164
11 185
87 164
85 99
87 148
94 141
40 200
100 72
53 132
14 41
53 110
92 153
46 195
87 108
76 59
40 117
65 162
25 58
24 179
55 85
73 124
15 189
29 149
97 40
91 149
67 120
77 11
52 49
52 58
16 49
60 27
82 164
41 101
67 126
23 181
19 26
76 70
89 49
83 108
66 89
12 162
32 127
44 116
54 180
83 135
30 114
60 28
20 175
63 133
100 19
14 144
62 61
87 83
74 22
89 23
22 59
79 144
32 160
35 164
25 66
90 34
12 72
47 91
94 184
53 158
76 171
65 72
91 127
41 166
37 170
21 84
37 199
46 194
66 121
35 163
95 78
79 169
27 61
37 199
42 139
30 102
54 101
62 175
90 153
63 179
39 163
28 140
26 102
26 163
52 134
79 20
83 134
61 164
54 105
36 72
30 161
57 165
96 150
73 102
27 122
65 45
62 133
23 111
64 173
40 68
97 42
53 152
46 101
95 172
54 120
39 39
78 50
11 155
57 154
20 135
25 126
84 25
75 188
72 126
52 21
44 111
36 84
44 40
16 21
62 171
60 88
88 33
39 24
26 140
80 77
77 108
28 66
35 117
74 72
47 80
24 26
81 149
85 86
22 97
17 34
14 50
82 88
20 62
44 95
23 113
25 89
34 30
67 156
52 42
72 171
18 123
34 136
36 131
14 93
63 131
39 106
41 73
22 66
86 129
40 161
86 178
15 95
15 16
32 136
11 68
100 26
43 114
99 117
96 186
34 83
40 161
79 109
37 37
75 193
64 159
38 40
77 193
23 135
68 167
92 112
56 188
41 81
41 102
75 180
59 19
11 25
79 85
77 25
88 111
45 90
73 161
55 28
32 45
84 26
29 66
21 80
30 78
45 188
45 138
51 78
72 51
10 140
48 40
72 59
45 185
41 32
96 59
20 141
70 46
70 140
33 106
44 189
87 13
30 187
52 165
96 132
39 193
80 175
90 48
30 163
75 163
96 189
63 57
51 172
27 107
91 17
18 164
56 30
67 195
96 151
64 115
48 18
50 144
33 151
32 38
81 35
30 143
29 56
99 164
85 127
61 172
65 117
10 153
80 123
67 187
39 149
29 169
22 52
21 184
25 116
69 151
93 34
35 199
52 148
62 142
49 76
12 53
44 70
95 141
86 186
51 101
44 50
18 157
57 193
18 108
25 173
85 93
84 16
99 122
96 96
62 72
72 20
28 166
46 154
82 130
90 55
63 117
20 133
42 31
16 34
55 77
82 52
18 25
11 94
53 56
30 66
21 164
32 77
24 191
68 79
17 182
46 184
43 62
58 183
39 85
80 56
12 12
77 177
42 191
81 30
92 93
90 199
20 197
59 198
61 139
47 151
37 43
37 39
55 94
46 191
12 27
31 164
93 180
78 114
92 31
72 60
23 42
13 14
54 167
74 68
42 121
72 47
57 165
40 48
47 88
49 48
17 142
70 191
84 163
50 134
59 60
39 141
36 85
58 142
57 168
84 191
97 40
76 41
17 125
18 96
98 175
19 174
44 157
84 58
79 90
20 146
44 19
100 53
44 53
13 180
43 37
60 121
96 28
45 105
94 75
73 21
28 146
21 155
23 170
97 42
81 38
30 20
18 108
12 153
94 91
23 161
56 123
82 29
99 55
71 150
88 137
100 182
42 167
84 197
32 183
11 186
50 60
81 79
67 81
81 108
52 198
13 124
67 184
29 105
29 90
73 193
51 14
75 99
46 131
92 128
55 169
33 167
77 153
71 177
50 111
58 38
99 187
16 49
63 118
100 52
79 19
51 45
98 17
66 15
54 74
27 95
50 90
57 82
17 141
23 87
86 177
66 171
49 90
65 177
98 176
10 26
89 85
59 30
84 61
45 75
34 13
89 179
29 43
17 126
26 131
10 47
18 118
48 114
92 50
75 26
83 131
82 10
43 160
74 121
71 101
70 158
51 167
86 187
94 18
23 197
39 137
38 90
97 51
20 96
96 84
94 129
23 189
67 42
68 194
35 180
66 160
50 188
53 95
40 149
44 108
73 108
84 178
74 111
95 182
31 154
32 152
85 114
53 55
55 109
99 143
66 155
75 47
88 28
57 138
81 101
88 133
27 102
71 187
14 196
91 52
18 99
13 75
22 156
61 193
85 11
47 166
39 36
19 120
19 179
62 65
20 115
60 77
20 143
44 85
12 76
66 130
10 144
29 190
43 158
80 198
55 116
30 137
55 188
28 40
59 126
17 44
28 128
59 113
14 187
69 51
80 138
80 49
21 19
93 45
96 19
34 148
15 196
88 110
84 153
78 148
48 58
64 153
32 137
21 89
14 75
96 198
32 122
64 149
91 96
50 120
45 27
89 51
27 142
27 27
45 113
59 16
97 191
67 180
34 46
18 71
75 19
39 158
96 148
56 106
66 112
34 160
32 105
68 186
90 174
30 175
43 20
71 91
55 162
75 171
69 173
88 153
51 144
20 157
36 59
86 147
79 122
19 134
32 151
67 107
25 121
63 54
84 84
14 176
78 70
34 87
25 10
96 68
92 183
29 79
89 121
36 47
23 167
30 81
39 112
74 63
92 81
29 198
23 85
29 22
29 120
90 200
83 151
27 85
17 103
18 188
13 193
62 57
42 26
25 97
86 128
43 173
25 78
68 153
12 165
82 120
58 87
28 194
73 176
67 183
44 55
75 114
35 47
27 27
34 133
56 13
48 86
13 58
13 190
18 129
76 19
90 60
78 157
26 146
70 166
83 53
75 142
68 79
100 162
84 64
44 54
61 144
81 87
62 83
52 46
90 52
78 71
13 186
14 189
59 24
29 102
41 187
52 47
19 22
10 27
92 93
86 156
43 191
70 72
51 153
82 119
93 175
36 118
85 51
42 134
68 83
37 146
71 91
24 191
47 34
90 23
22 101
98 188
42 55
13 200
41 179
93 24
24 142
83 157
76 83
95 93
38 138
59 68
27 86
95 144
88 89
55 49
23 148
18 115
72 129
54 22
23 76
90 103
82 13
89 44
49 162
17 85
67 199
92 118
39 45
47 16
34 40
43 126
61 103
18 24
26 167
53 150
24 107
29 71
31 124
17 39
90 54
27 196
44 79
40 149
58 188
15 60
50 31
45 27
91 59
13 189
68 111
100 79
15 34
42 140
90 68
22 76
80 105
89 199
11 197
12 132
23 146
21 11
20 10
80 157
63 103
33 97
93 127
29 43
14 150
87 142
63 187
89 186
55 101
73 109
60 175
32 81
47 43
15 132
52 144
74 136
85 55
15 71
83 42
38 167
86 100
60 65
41 138
61 20
25 55
96 148
63 171
27 16
23 144
19 112
34 47
50 167
42 92
49 109
42 176
81 150
56 27
46 195
79 76
35 37
30 146
49 185
64 24
45 186
15 150
59 88
90 136
47 124
70 148
63 164
27 163
46 42
37 161
76 158
78 63
80 147
48 182
44 160
47 144
42 198
50 42
44 103
69 174
79 17
31 92
93 87
92 149
37 56
73 168
14 135
66 20
66 73
11 56
69 18
96 190
17 106
17 135
39 43
87 68
67 72
65 64
18 47
14 90
93 133
10 119
44 99
81 160
33 142
80 16
10 50
92 200
37 71
23 188
37 41
36 188
70 48
69 74
65 97
39 191
67 32
16 86
58 60
81 105
49 95
35 187
88 173
20 102
41 120
44 159
86 156
78 98
79 40
86 101
36 137
16 168
16 44
20 101
80 133
62 131
13 152
30 197
67 102
69 180
81 31
29 16
37 128
21 24
98 87
65 107
38 49
80 172
46 140
26 191
97 112
97 133
28 59
53 200
38 49
84 16
79 160
75 90
63 116
37 67
10 40
84 37
25 59
90 176
32 114
94 82
10 108
81 79
33 134
67 129
62 100
33 86
70 169
62 159
10 70
46 120
80 10
93 24
99 167
19 70
14 177
11 97
55 148
86 84
31 110
56 98
19 160
40 103
40 162
65 34
81 121
95 167
83 113
72 25
48 170
64 194
46 49
19 73
63 100
50 134
65 171
84 52
38 48
53 80
70 51
61 54
71 91
81 149
21 22
87 117
87 93
65 193
31 22
95 163
33 55
67 155
39 161
24 190
28 186
51 30
91 16
17 64
74 128
67 135
41 20
99 165
56 151
67 78
91 43
60 118
58 148
27 126
85 91
71 129
25 196
70 147
78 67
30 142
65 12
53 147
94 117
77 159
31 90
80 96
58 89
15 55
74 98
56 179
81 107
77 99
93 78
29 147
76 67
74 141
53 155
90 126
31 42
50 195
26 133
81 110
76 117
96 71
71 125
23 59
86 147
65 167
52 36
47 193
49 192
22 174
91 42
93 60
85 27
81 61
78 158
91 162
100 116
56 122
91 94
76 106
22 140
16 120
40 176
46 80
27 44
34 156
22 187
46 15
75 104
60 176
41 27
97 169
90 13
65 185
75 83
19 193
87 175
15 32
32 23
58 182
25 191
19 168
62 17
88 56
36 39
80 16
14 11
61 10
44 110
36 145
72 119
97 71
78 48
74 86
32 40
11 131
68 47
37 72
83 114
73 178
79 161
93 42
44 13
39 189
49 49
88 139
27 92
69 72
65 116
94 13
81 58
33 19
31 97
85 161
92 21
39 166
63 145
69 156
92 62
38 82
79 100
13 80
79 20
53 156
31 133
83 93
57 137
67 97
83 196
46 57
61 18
97 200
23 42
37 122
79 122
61 17
98 35
16 46
90 51
73 184
59 174
92 199
24 22
47 156
62 188
33 67
75 47
53 192
10 22
55 164
62 128
52 189
32 81
88 20
34 48
48 140
69 137
14 144
51 78
42 32
51 146
43 104
10 146
66 83
83 51
96 135
42 62
93 143
76 148
39 76
94 23
99 29
34 20
98 120
71 105
95 187
20 53
91 54
77 28
37 191
84 187
56 81
86 70
44 193
81 20
77 46
30 140
52 173
41 71
83 59
95 78
23 60
68 169
41 154
24 54
56 99
53 90
77 122
12 15
16 32
10 47
74 49
58 146
38 127
82 148
54 27
50 65
98 159
88 25
14 64
60 77
26 165
78 145
58 173
30 43
26 166
11 86
67 80
31 47
65 82
68 26
42 33
92 20
79 128
84 138
98 139
97 157
63 15
33 33
17 73
92 174
36 159
39 86
15 102
51 79
26 153
41 117
80 189
67 10
28 197
96 142
10 187
56 81
83 21
54 170
85 161
40 157
38 45
30 192
47 179
12 156
42 177
92 128
28 43
34 125
62 110
26 17
37 177
96 109
68 14
64 116
85 65
80 127
80 128
72 82
33 200
43 58
70 143
40 164
45 169
88 80
100 167
77 186
93 19
47 174
75 186
65 31
57 197
88 185
97 88
16 73
86 137
48 107
36 140
59 121
59 171
32 199
30 100
85 145
87 122
89 144
48 51
36 192
51 113
86 14
89 86
30 143
58 19
45 158
63 110
18 79
21 70
69 82
18 126
71 69
38 179
19 167
66 168
35 133
76 178
18 136
28 14
92 141
23 118
23 185
11 168
87 164
42 196
70 187
62 106
45 159
53 102
84 148
17 127
79 183
45 16
10 32
42 17
93 78
100 84
84 19
53 159
39 100
41 40
35 96
93 198
10 42
95 24
16 180
55 81
48 111
89 123
15 164
57 118
55 121
29 137
73 64
24 103
57 92
10 84
12 91
69 77
91 192
49 147
28 75
99 176
100 150
30 131
34 93
29 167
50 62
71 134
20 42
78 114
95 182
29 124
87 112
25 39
68 103
91 95
37 195
68 166
93 11
94 78
82 157
23 98
24 160
99 168
32 102
72 137
71 134
39 190
42 73
51 160
88 26
48 157
46 158
50 198
57 40
73 53
19 154
23 26
32 16
21 126
68 131
51 13
37 158
11 144
51 65
86 18
63 170
53 114
56 131
55 108
54 199
58 169
29 135
50 87
100 21
22 94
60 110
21 50
98 134
20 109
82 108
94 69
83 126
60 26
94 106
58 16
85 96
63 56
40 12
18 15
80 159
22 200
10 40
81 125
99 76
63 174
49 163
41 73
56 59
78 157
22 56
49 58
95 160
27 16
68 60
80 199
72 155
41 98
78 91
33 170
65 89
73 153
59 50
52 153
20 149
17 75
72 94
83 159
75 72
53 60
88 199
98 174
77 121
85 137
12 127
83 181
74 92
33 57
75 193
37 53
75 153
34 137
16 85
65 134
69 82
78 134
56 107
32 32
66 21
76 51
95 108
88 144
67 199
91 165
12 44
44 154
78 170
40 76
75 29
66 45
29 37
16 171
71 120
98 175
61 195
57 69
32 69
24 135
17 46
47 79
49 129
14 110
49 157
64 186
93 199
73 98
79 43
51 182
33 104
38 83
75 194
57 43
82 188
12 163
92 89
26 126
84 86
74 149
81 34
62 40
74 177
12 101
30 18
92 184
54 60
17 54
68 52
42 149
88 77
92 85
47 165
36 38
54 81
15 105
54 133
25 171
17 64
32 140
87 166
61 197
60 10
76 113
86 151
29 104
69 185
69 49
45 11
52 21
21 76
41 199
40 95
99 107
90 40
38 65
98 181
32 43
20 146
37 77
33 52
31 158
85 171
24 29
49 95
72 76
94 190
42 181
75 65
34 77
24 167
93 135
68 37
69 172
77 158
36 91
16 40
17 80
11 110
73 195
68 173
63 178
27 180
47 90
89 89
56 174
88 133
24 24
27 119
87 155
97 77
19 120
87 149
19 129
28 132
91 74
97 38
46 110
11 53
16 73
17 22
56 177
64 188
67 127
33 29
37 196
82 182
48 24
80 127
56 178
56 89
46 197
54 137
66 146
27 139
62 111
88 99
83 119
57 122
86 14
18 183
26 59
22 115
22 116
38 39
15 133
31 179
36 78
86 56
47 117
27 75
91 159
86 128
18 94
39 178
39 34
16 98
92 146
37 170
90 87
34 188
12 160
99 139
84 104
46 94
49 192
45 38
30 167
30 70
80 49
32 192
23 29
44 169
36 135
17 69
53 180
73 53
14 45
100 19
17 188
35 149
62 106
50 173
17 199
74 166
82 103
21 133
14 68
63 131
43 105
73 58
29 46
94 67
70 104
74 41
92 23
34 114
32 11
51 12
97 142
42 69
92 168
90 178
25 158
53 72
40 98
98 159
62 42
45 59
10 135
62 70
71 92
61 88
76 105
48 115
98 123
67 80
49 40
10 160
25 178
77 50
33 185
67 52
28 67
32 196
74 182
74 162
50 106
53 179
17 174
14 46
33 110
19 30
44 16
36 149
26 33
68 102
40 40
87 78
90 67
94 111
20 196
23 134
19 155
93 101
19 48
84 68
31 96
13 131
11 90
41 108
59 112
84 166
86 166
64 83
97 173
54 115
78 77
83 68
86 194
66 172
73 139
90 10
95 139
76 149
50 54
41 155
68 99
14 119
48 197
82 110
41 197
67 159
19 85
22 117
79 29
53 132
81 139
24 36
89 107
89 118
59 74
91 106
97 35
33 50
79 60
59 23
56 186
45 142
83 42
23 139
53 158
28 64
61 45
25 16
86 109
78 92
86 40
24 158
79 56
44 132
14 169
84 196
72 160
79 24
39 38
68 98
20 66
69 147
45 107
74 43
51 122
27 10
36 157
72 61
78 178
79 152
62 149
96 100
44 150
41 145
28 111
18 17
11 59
25 91
23 130
29 184
58 93
54 46
78 163
69 96
85 102
54 108
63 61
86 194
76 156
70 10
42 45
48 56
17 163
42 71
69 126
11 177
97 59
81 103
33 132
100 196
87 102
70 119
55 123
100 176
89 115
40 157
100 184
26 65
57 183
91 103
72 193
59 140
100 114
22 107
42 74
94 113
27 196
31 141
35 199
18 40
53 114
61 62
42 43
22 87
89 65
32 168
20 81
46 142
37 183
96 73
33 142
50 67
31 51
39 121
19 158
88 175
12 181
68 180
79 188
87 105
100 68
45 143
16 23
46 145
92 146
65 118
46 15
45 67
39 26
41 141
37 150
64 44
66 164
37 188
28 102
66 47
86 177
55 142
44 109
88 38
86 137
30 175
19 143
15 43
92 41
50 132
27 88
21 177
52 33
45 69
78 100
51 128
64 130
17 109
50 20
12 126
100 106
19 133
87 176
21 29
78 161
23 62
82 161
42 135
89 47
56 130
40 143
29 57
56 182
71 145
48 115
84 182
96 14
56 103
35 102
40 39
45 94
98 146
40 143
66 59
32 117
84 138
35 79
72 122
56 163
94 95
69 172
40 132
88 35
62 178
70 168
78 11
98 120
47 150
31 70
55 41
41 31
69 36
95 176
64 195
36 58
97 59
89 200
75 49
40 58
51 174
82 54
31 142
20 166
70 26
34 112
12 12
54 71
84 54
28 29
52 28
59 150
66 119
38 101
76 174
31 196
85 39
61 143
99 36
90 62
30 156
47 166
41 118
19 17
55 117
26 32
100 104
99 55
75 142
59 24
75 138
83 105
63 104
81 159
31 168
83 25
10 27
36 102
36 39
73 141
37 136
41 102
80 178
91 118
83 114
20 78
46 165
69 39
16 42
23 19
35 52
42 167
42 15
30 48
13 168
12 181
99 163
29 177
36 51
86 103
77 48
28 28
69 143
75 92
52 90
11 29
100 126
66 23
65 76
63 188
42 62
62 181
62 95
71 30
17 95
23 135
69 93
60 158
45 33
65 55
75 163
82 88
63 103
69 62
87 176
48 79
12 84
75 118
98 60
16 148
55 61
52 99
78 58
67 24
89 118
27 37
50 177
90 180
99 38
46 114
96 125
66 107
64 86
26 189
39 175
29 102
31 41
23 46
35 69
39 13
64 141
39 78
17 167
33 61
57 132
54 52
16 192
67 99
13 17
48 12
31 68
42 61
91 139
15 31
34 169
55 27
53 86
54 91
29 186
28 113
100 152
44 17
45 126
93 20
47 16
97 137
61 183
75 185
83 129
84 162
77 61
20 50
39 95
42 54
58 73
50 40
32 135
42 180
86 167
31 37
83 55
17 68
72 195
11 148
78 79
77 64
41 131
36 132
67 34
82 139
82 155
88 156
69 39
87 184
72 146
94 190
14 196
50 50
46 143
29 179
54 141
31 185
99 158
71 109
42 113
60 145
91 39
43 191
84 79
67 85
16 184
62 60
23 165
86 44
71 132
73 140
26 76
79 157
67 61
59 58
18 125
38 75
19 138
20 43
70 61
65 97
53 57
49 67
45 91
25 140
55 157
46 107
98 24
65 99
81 141
43 83
86 185
50 63
22 57
14 194
54 58
21 166
48 81
26 139
11 168
15 175
46 148
44 169
83 179
79 81
77 58
14 27
46 145
20 198
31 20
95 123
46 104
34 185
46 154
84 159
100 23
58 89
95 57
96 166
54 158
40 188
86 43
46 92
52 107
97 24
87 103
10 197
23 46
86 24
92 148
60 155
59 149
90 165
26 134
83 53
59 20
54 119
74 68
82 98
62 113
14 104
86 70
50 77
55 103
75 139
58 86
54 33
22 170
76 52
45 163
61 16
88 171
17 92
20 148
56 46
84 113
90 109
27 40
31 122
28 89
90 196
47 19
100 42
57 39
50 104
50 24
11 17
69 57
15 66
60 101
68 77
75 42
67 30
50 196
82 48
10 47
60 70
30 85
22 57
51 30
68 171
79 61
82 72
94 121
43 125
66 52
51 48
74 20
86 21
21 32
61 111
54 115
38 160
87 117
51 169
28 180
82 194
95 139
98 161
30 15
96 93
57 120
80 197
70 21
61 180
12 66
19 125
87 105
84 14
51 112
27 171
61 112
29 145
41 72
60 122
20 34
10 168
54 158
15 140
25 193
21 11
41 54
36 74
67 53
17 14
99 73
94 69
49 182
67 69
39 152
95 143
35 17
34 164
92 118
19 155
58 44
87 181
50 126
33 81
33 145
95 146
81 81
43 36
10 39
26 127
80 98
96 157
32 23
48 91
75 45
84 62
41 23
93 11
47 109
68 129
19 179
54 105
50 101
36 155
49 48
97 112
25 185
88 63
92 32
25 150
45 33
69 11
86 66
37 28
77 128
55 62
20 44
55 199
48 132
27 109
86 78
16 106
69 123
66 81
82 126
42 77
96 75
73 39
62 125
67 141
57 26
94 171
74 25
45 39
83 166
100 116
76 171
50 95
62 194
20 81
12 61
76 111
53 47
96 79
10 19
60 36
38 56
42 108
56 18
23 39
38 96
23 16
81 179
64 193
68 110
38 134
43 64
85 109
69 28
17 107
42 41
81 85
75 151
72 192
89 141
21 155
61 187
47 137
88 106
91 159
55 24
42 20
49 172
36 192
60 119
41 49
28 53
25 80
33 128
39 198
88 113
54 138
38 135
97 86
18 47
52 69
68 150
50 173
27 20
79 132
90 107
31 100
84 116
63 188
49 84
44 145
59 159
38 107
96 22
29 146
74 50
29 154
35 106
66 132
24 135
82 66
16 78
21 34
49 169
22 49
46 50
78 60
60 110
45 114
20 162
75 194
52 108
43 191
79 96
82 141
59 29
98 105
28 152
71 102
63 185
72 184
92 169
57 33
72 21
23 22
73 40
30 197
45 176
54 163
78 153
70 157
14 99
54 90
56 33
53 13
97 167
71 43
26 51
55 57
73 47
34 57
73 119
22 36
33 63
47 30
17 113
36 200
91 59
98 73
57 115
18 113
64 84
57 60
23 33
31 199
87 20
31 181
62 122
29 45
26 48
85 11
53 64
99 174
16 112
97 39
45 156
69 142
10 109
96 198
81 121
100 46
72 96
25 82
82 55
72 13
80 25
85 66
84 59
30 36
42 120
53 30
85 51
56 149
91 155
61 126
68 187
91 50
99 11
25 111
29 82
40 162
97 162
85 20
25 102
69 24
85 145
51 109
50 29
16 180
48 26
27 114
44 67
61 106
93 97
38 137
26 164
73 88
10 182
18 180
25 178
35 139
15 82
31 152
37 117
65 118
21 57
98 179
69 198
51 26
88 134
72 85
27 117
43 66
56 104
59 25
46 82
34 25
78 22
77 99
100 119
96 106
40 83
65 102
51 12
60 187
11 93
96 55
83 78
63 120
98 168
26 53
59 88
47 26
21 56
57 51
18 144
30 131
45 76
100 119
17 141
78 36
44 189
54 55
65 14
72 39
81 99
95 22
91 163
29 99
72 165
76 196
83 131
81 147
98 170
67 119
93 183
40 157
70 70
70 59
16 189
50 69
82 14
81 108
94 131
90 28
93 158
99 25
78 161
19 151
76 49
97 41
73 58
21 24
37 64
30 14
75 174
85 174
32 166
98 188
81 77
43 13
69 51
11 179
37 12
75 132
49 20
34 95
24 25
71 30
80 173
49 144
78 142
81 167
51 188
78 47
29 12
58 155
69 112
88 77
33 62
62 10
49 37
64 175
85 195
69 144
42 95
36 156
94 26
73 155
48 119
28 112
24 85
18 18
90 21
42 168
74 149
11 180
43 84
39 50
53 193
99 66
68 115
58 135
58 177
58 180
33 125
26 82
70 192
48 63
46 18
34 97
91 19
48 155
18 53
67 184
38 31
100 145
16 105
74 112
40 181
60 42
25 47
27 150
26 25
97 62
62 54
88 33
73 48
92 146
66 194
96 148
94 191
17 27
68 184
64 19
29 63
23 91
69 177
45 151
22 64
100 68
25 174
42 183
76 91
86 124
62 79
52 166
92 198
55 176
20 133
19 167
12 58
91 129
80 132
19 70
30 104
83 138
22 64
49 89
65 48
46 73
31 118
72 30
27 42
34 118
52 35
29 194
83 154
80 152
99 23
71 114
61 185
80 16
86 162
24 36
70 141
30 183
65 150
30 187
71 31
18 169
14 10
85 173
64 85
65 104
15 181
43 59
97 81
57 56
94 194
48 85
85 194
71 36
59 93
84 126
98 139
23 182
99 56
51 158
78 122
23 95
59 68
12 110
85 30
16 24
84 60
58 191
22 180
87 18
18 61
17 198
78 50
34 172
44 176
38 93
99 180
58 21
78 143
28 199
36 121
94 29
41 157
94 68
70 36
78 51
66 32
65 99
32 70
72 11
27 21
41 177
31 71
89 61
11 154
60 19
57 116
100 89
59 48
95 29
89 44
77 174
74 130
50 172
30 178
78 101
38 89
80 11
23 87
57 198
38 156
15 127
41 45
73 156
24 174
34 192
56 89
74 118
96 81
41 52
53 106
80 91
98 41
94 180
80 189
36 193
74 184
56 58
63 168
57 146
12 32
98 193
100 124
41 163
48 64
37 97
99 191
72 168
82 113
16 163
68 123
32 66
91 96
63 192
22 140
84 26
72 74
37 116
15 162
28 35
94 127
44 198
78 143
51 162
87 133
37 169
16 122
66 28
53 162
12 115
19 146
43 129
30 183
14 50
92 135
42 12
95 41
40 23
98 187
11 96
54 142
54 19
50 133
19 115
56 46
20 61
25 172
99 45
77 45
88 141
51 26
70 76
58 187
88 98
97 85
55 137
26 69
10 101
35 195
75 130
48 56
62 65
92 160
25 46
79 51
53 19
31 164
28 137
75 186
50 145
94 39
75 108
19 48
55 113
10 36
96 116
68 23
65 166
34 137
44 21
45 10
87 67
26 149
61 135
74 72
79 25
21 195
57 21
44 144
46 119
31 157
47 95
15 50
64 17
99 84
97 177
12 93
63 91
50 58
36 188
41 139
98 43
21 148
90 20
55 191
17 104
30 176
81 160
72 93
28 24
60 39
13 72
60 33
43 177
96 22
77 67
38 189
96 128
27 166
75 49
37 89
28 146
35 155
99 124
61 94
30 14
95 128
35 89
15 73
18 97
54 51
17 79
59 75
11 188
14 135
65 40
58 193
51 122
46 103
97 184
29 173
70 154
67 130
86 116
42 120
91 121
41 179
85 43
64 18
29 150
25 102
99 10
30 179
35 62
51 179
25 112
12 77
65 116
96 141
95 42
97 56
78 64
46 186
81 143
28 163
67 182
46 117
32 148
67 148
86 19
96 66
58 121
12 29
30 173
25 80
90 86
26 10
12 25
99 82
61 34
82 94
22 120
45 40
10 117
18 88
89 148
51 69
65 121
22 138
14 115
25 142
12 199
40 153
56 172
87 47
18 90
87 32
66 154
45 88
12 84
52 18
20 154
92 133
100 32
76 10
41 122
78 127
86 106
48 178
100 148
11 95
73 168
19 81
90 23
95 34
61 169
46 141
56 155
62 39
41 157
75 135
81 172
69 20
23 175
61 189
59 34
47 26
66 21
60 156
10 78
10 145
16 67
48 12
74 149
33 41
36 94
39 27
13 48
36 177
32 69
56 11
65 47
65 129
12 114
39 127
85 109
80 73
38 169
70 199
26 151
32 66
55 26
21 122
77 132
92 121
50 62
42 107
93 139
89 22
38 154
60 101
19 32
30 49
19 82
66 130
84 98
94 67
12 68
12 169
69 98
40 12
94 33
77 92
86 179
81 80
99 44
89 16
87 156
72 57
63 115
48 61
78 184
37 117
10 141
76 84
87 17
41 10
95 39
66 46
36 187
56 162
95 87
59 131
71 44
94 92
20 198
32 152
74 105
86 97
14 165
96 95
84 101
34 56
99 200
21 182
53 51
76 82
29 132
99 14
55 33
76 137
87 61
17 54
73 190
87 66
70 133
31 170
73 90
86 199
61 129
21 140
81 145
68 142
22 45
15 86
21 63
49 110
95 145
21 135
65 116
98 110
97 164
42 117
90 94
93 176
40 138
17 36
92 149
74 193
95 135
87 74
77 135
13 124
45 128
92 14
75 71
89 104
87 184
94 121
64 169
80 156
54 54
68 32
25 171
28 30
38 137
25 114
94 67
39 141
96 108
56 72
90 103
59 46
81 30
15 197
55 96
91 139
35 155
60 155
17 29
23 95
46 90
12 49
20 80
85 198
80 191
94 190
37 56
99 191
94 182
14 131
52 161
10 39
71 74
44 106
18 11
76 93
86 21
47 81
73 156
29 113
25 159
38 38
64 128
60 125
94 36
22 199
76 137
93 168
54 42
77 138
84 107
70 168
84 175
82 54
54 139
62 75
76 59
21 125
79 165
13 109
51 139
89 31
18 157
80 119
17 105
78 76
62 78
76 165
70 126
92 195
21 187
46 175
59 16
80 45
44 182
63 184
25 94
28 16
86 25
49 61
18 195
46 189
80 13
15 158
32 14
25 16
29 65
31 80
71 123
68 63
10 102
16 46
35 74
65 58
86 43
66 75
46 79
27 143
77 37
64 56
99 74
96 76
94 86
95 21
44 105
86 124
46 134
76 36
26 78
99 130
98 37
59 161
83 80
22 33
24 25
75 161
72 153
93 62
50 195
47 80
65 183
81 117
78 29
90 157
86 50
58 29
69 103
43 196
99 105
27 103
10 119
51 53
25 112
55 165
46 192
48 48
40 60
29 111
74 142
64 19
22 165
22 103
45 40
13 85
80 139
36 98
39 84
15 185
37 47
18 135
14 184
38 33
91 150
52 178
82 44
39 95
82 24
92 110
22 107
40 32
79 184
35 137
98 62
24 97
91 91
24 171
95 26
93 173
25 171
65 79
68 136
91 34
62 195
82 48
40 141
83 181
42 13
42 36
47 59
80 198
95 145
49 58
63 14
90 149
93 171
75 179
10 34
62 78
64 137
53 142
73 200
28 46
42 60
23 111
69 185
70 92
13 119
68 135
12 161
99 97
64 145
18 58
55 99
80 41
85 87
28 148
57 138
78 110
22 77
30 140
100 140
60 34
61 162
33 193
37 86
22 96
57 176
17 42
71 114
73 144
72 89
65 98
53 118
33 35
49 39
62 46
60 187
15 48
55 51
38 113
59 141
89 169
50 164
71 34
46 118
66 112
51 103
90 45
80 29
76 27
84 35
31 49
66 167
54 12
27 140
19 156
11 157
98 40
57 169
63 41
65 54
65 104
66 144
62 10
84 31
28 43
82 102
64 111
38 183
74 120
16 49
84 24
98 43
76 137
12 131
64 109
74 134
35 165
90 186
92 83
95 36
57 62
75 21
76 41
81 97
20 137
12 48
21 175
92 28
70 105
79 124
23 168
52 83
98 190
14 141
31 75
62 32
37 118
51 134
93 58
69 121
72 32
23 181
70 63
86 152
61 169
26 15
69 166
92 112
26 169
73 93
58 19
78 13
24 171
51 119
13 11
74 57
80 43
74 51
18 57
96 75
77 90
23 196
43 12
28 54
64 172
23 35
79 74
24 152
73 19
63 106
38 144
67 87
40 12
74 94
53 144
33 142
43 106
81 101
14 66
53 101
16 126
97 61
74 30
41 55
39 117
76 94
47 149
37 81
36 122
41 54
32 190
24 88
64 145
59 25
21 169
89 59
84 85
29 106
59 135
58 158
70 124
17 167
83 44
100 67
45 56
14 20
58 119
50 153
41 122
42 85
80 127
86 27
32 87
37 129
81 96
86 128
35 150
37 126
38 154
80 162
30 93
57 111
30 114
52 86
21 74
66 181
31 138
71 192
73 121
51 80
46 28
20 70
30 115
95 196
38 168
84 134
76 172
90 106
91 119
56 177
42 187
56 173
25 156
69 14
41 150
95 127
10 127
64 180
69 194
78 143
49 175
55 64
18 110
73 76
92 186
65 32
93 200
49 161
54 34
22 97
45 94
78 164
92 53
28 73
15 162
57 50
73 82
32 105
25 86
44 54
77 44
94 86
35 137
58 64
30 33
80 178
57 17
63 149
51 129
98 140
39 27
65 48
35 106
47 146
99 157
20 74
42 110
62 101
62 39
100 72
96 150
10 23
90 12
53 61
61 196
50 65
75 24
19 177
18 90
13 123
90 134
45 103
43 180
51 145
32 149
41 115
83 78
33 76
75 113
65 33
44 184
43 165
73 34
18 117
24 85
51 195
52 69
51 96
100 91
44 78
59 69
66 171
86 112
66 17
29 39
13 166
89 184
34 19
51 115
59 144
72 30
85 30
12 56
62 127
43 170
49 19
50 200
32 166
58 92
13 169
72 78
56 133
15 86
75 68
76 133
37 181
50 161
78 63
63 139
16 166
15 27
88 137
61 199
44 150
24 118
11 32
70 75
99 46
36 162
47 164
24 128
66 68
65 188
16 117
90 144
23 56
85 80
12 10
36 106
16 181
47 90
52 30
27 180
45 106
41 183
73 57
36 56
18 19
89 80
18 182
54 31
35 197
48 42
37 191
37 147
41 196
68 27
99 13
34 82
55 181
42 190
73 17
73 187
23 100
59 166
55 101
33 132
57 109
33 116
99 146
44 114
52 133
23 180
49 171
46 66
28 160
38 10
64 134
34 15
78 74
24 149
11 10
28 84
72 66
96 52
29 96
63 187
94 130
20 176
39 71
91 50
88 130
10 40
83 58
44 131
71 60
100 109
59 172
48 13
86 26
54 82
36 32
75 153
46 78
25 73
95 13
86 34
51 176
50 40
74 145
46 146
96 84
34 99
26 59
92 104
68 170
70 200
69 110
77 166
46 125
42 161
78 165
38 105
67 94
51 186
25 140
38 76
49 198
45 90
50 112
83 144
89 35
28 95
13 139
24 135
13 112
96 35
37 103
62 37
28 109
88 68
15 167
70 106
58 143
35 64
59 23
69 148
77 184
58 196
99 115
99 29
82 47
99 114
81 28
66 170
25 155
58 41
86 184
92 106
86 146
94 171
52 179
45 51
67 172
25 129
27 166
84 147
71 46
72 187
96 24
12 34
98 15
95 133
40 25
79 137
30 42
77 185
51 68
53 48
67 71
36 160
45 137
47 84
54 11
19 80
99 70
23 59
88 13
41 108
20 63
60 54
99 163
11 150
11 64
57 82
76 177
70 197
55 13
79 129
24 184
11 73
25 146
72 164
48 125
84 21
39 128
52 117
33 95
76 133
25 98
74 96
31 111
28 30
12 184
55 141
65 191
55 65
87 148
46 107
46 111
100 117
79 197
65 141
22 156
17 61
43 121
44 161
77 83
20 158
76 173
58 78
74 125
73 98
46 173
10 10
54 158
73 112
69 185
52 66
84 137
34 14
93 108
98 122
47 189
10 70
35 169
15 145
23 92
21 30
13 81
94 137
75 160
60 182
56 134
77 105
23 177
73 161
86 139
37 87
94 175
98 109
48 128
26 79
97 130
74 95
66 164
74 61
87 114
37 89
89 124
53 152
68 159
34 27
12 39
75 46
15 73
78 190
91 42
68 32
48 10
50 16
63 184
43 110
63 143
99 179
37 48
70 200
84 87
64 117
34 144
44 163
26 164
100 73
69 41
93 11
62 57
73 27
72 118
27 149
93 138
93 161
30 58
40 195
72 31
52 94
85 108
89 46
78 29
70 89
18 49
69 113
21 142
48 126
100 79
34 155
43 192
74 36
42 141
83 27
97 176
64 192
91 179
98 188
94 182
67 79
46 11
34 116
66 135
19 46
90 127
20 64
24 150
66 180
88 154
23 96
90 130
45 77
46 159
10 128
63 154
57 13
55 11
35 119
70 172
93 183
41 168
62 17
49 170
65 51
30 37
37 118
72 67
53 110
67 50
100 31
37 56
98 170
53 166
19 36
67 65
89 58
30 77
53 162
31 95
59 14
11 183
24 102
74 107
43 132
90 60
40 162
51 200
62 198
60 41
33 125
52 43
77 119
25 81
94 191
53 127
51 132
17 139
44 25
11 78
38 36
19 143
71 79
58 141
72 152
19 122
50 89
70 92
86 109
63 123
47 150
85 138
78 24
69 127
90 133
89 29
78 146
11 169
39 149
33 134
84 124
21 188
19 54
13 32
82 63
36 96
90 16
33 106
29 99
41 104
79 72
89 34
45 107
57 97
65 145
91 167
38 76
35 70
46 76
58 95
75 59
63 154
75 35
84 130
42 148
65 190
62 146
30 70
59 37
87 142
20 200
25 61
41 106
49 17
59 57
21 123
98 149
51 184
23 148
29 120
12 158
29 127
17 166
23 191
79 188
98 17
39 84
37 83
80 55
64 175
89 37
78 30
12 186
22 172
70 161
34 49
42 44
90 44
55 197
33 68
29 200
22 170
96 178
82 86
95 155
83 147
37 169
86 180
96 193
72 108
56 86
91 94
11 157
54 165
45 196
42 136
60 120
76 100
19 170
47 164
73 57
50 150
44 99
56 23
87 123
95 88
39 135
46 164
81 121
12 44
30 172
43 111
52 119
90 55
45 199
82 55
56 163
72 137
20 145
83 186
62 116
55 111
78 67
85 153
98 23
36 116
85 10
62 142
94 49
69 50
40 27
47 136
35 112
39 84
89 45
58 180
14 155
95 22
19 176
93 44
82 174
89 27
14 189
74 158
17 168
91 118
82 136
87 186
62 138
68 160
54 150
17 145
98 29
94 183
97 166
41 15
32 166
61 156
32 12
51 34
66 132
39 176
48 17
71 149
96 73
30 140
71 68
24 162
92 85
93 126
21 182
28 10
52 175
86 123
67 90
29 169
85 111
88 122
37 149
49 84
50 21
89 56
59 120
97 10
37 195
54 66
75 56
98 145
69 43
70 29
37 57
58 178
100 175
61 97
57 35
39 157
32 38
88 138
84 64
48 164
35 64
22 34
28 107
42 175
56 57
21 84
53 56
21 84
31 195
97 144
89 17
92 109
16 125
19 15
26 29
26 58
12 42
68 37
11 72
70 79
65 71
57 45
68 58
23 161
56 155
84 115
99 48
19 30
16 105
20 185
38 26
91 50
28 159
61 20
20 146
93 162
66 86
46 146
33 181
38 30
32 32
24 119
12 194
88 76
14 165
95 65
87 114
73 83
96 26
87 115
72 26
44 191
45 138
40 80
93 64
11 74
97 80
98 168
65 144
71 36
99 115
27 133
13 39
90 135
41 165
69 17
18 159
19 104
46 156
39 57
70 119
15 117
35 148
65 105
13 139
75 43
17 65
86 115
99 25
74 140
14 132
58 182
61 189
46 29
69 103
34 175
31 19
58 31
95 18
99 70
11 100
99 43
28 91
83 71
22 41
73 129
68 192
56 97
14 39
25 168
30 183
65 166
96 55
98 193
89 157
51 54
32 200
25 55
51 80
83 62
71 138
60 118
39 135
20 132
23 144
69 118
56 63
48 162
10 113
95 16
57 59
96 160
12 160
99 184
34 142
32 185
90 48
50 52
50 151
78 137
12 117
60 42
88 171
100 122
59 169
56 165
93 32
11 120
78 194
64 43
45 139
23 58
31 185
70 172
77 118
89 29
10 197
37 47
100 76
92 73
46 153
81 106
52 27
50 157
46 119
86 168
54 82
31 99
25 159
46 23
92 23
33 144
36 116
43 199
66 185
100 92
35 165
58 112
26 35
24 23
65 123
59 44
24 27
84 82
88 25
84 74
71 151
87 70
84 21
48 92
17 174
69 132
81 184
36 119
77 145
21 174
12 135
67 83
67 185
19 172
87 73
49 60
27 76
33 101
18 31
67 104
71 11
74 132
14 113
48 194
13 26
94 137
46 28
87 146
64 187
73 55
52 176
77 94
10 68
33 172
70 191
50 84
79 122
45 198
77 122
81 126
60 33
50 110
88 93
79 97
85 186
17 151
26 69
96 55
83 52
51 16
72 113
99 77
67 163
49 103
81 109
41 22
57 102
52 26
33 21
48 108
89 54
98 32
92 138
47 62
75 93
42 65
41 24
12 74
75 27
95 61
35 16
11 101
69 60
43 114
91 51
63 134
53 93
100 30
16 33
72 31
87 16
98 156
44 39
41 29
15 17
80 48
78 18
38 121
51 100
55 152
15 91
36 58
85 42
55 47
71 195
89 25
30 166
54 75
87 22
90 94
74 17
48 43
13 115
15 83
10 33
48 145
31 155
26 109
99 94
59 95
51 35
96 133
34 104
14 38
87 113
82 158
26 98
29 157
58 190
36 16
47 130
80 148
10 166
36 92
84 45
47 182
87 110
21 126
98 133
47 141
73 119
61 30
10 134
71 40
67 59
33 179
33 41
35 63
25 25
48 100
10 145
86 164
43 38
60 79
38 86
77 49
78 152
52 55
71 67
15 51
18 166
96 117
95 167
27 46
45 160
71 107
66 60
31 192
69 193
38 70
40 123
24 95
43 21
65 25
42 68
95 38
99 108
99 73
37 159
65 100
44 89
17 43
98 111
62 49
36 116
80 172
58 62
91 170
76 27
21 17
79 51
21 131
22 12
87 46
88 148
20 101
94 177
48 188
36 12
20 182
52 181
81 191
46 63
54 172
43 145
83 200
34 24
15 179
29 169
85 200
61 195
55 164
93 77
45 102
18 32
80 19
99 80
24 88
48 13
20 56
87 39
55 177
13 52
19 114
16 192
93 148
68 56
20 10
94 106
41 24
28 198
26 152
34 76
24 53
61 112
15 48
44 20
74 15
74 171
69 94
93 75
46 192
63 187
74 66
29 115
75 42
79 125
26 32
84 67
91 92
28 40
99 131
73 167
62 125
72 99
26 121
100 72
42 107
89 125
34 162
37 86
71 186
53 31
35 45
28 127
89 101
38 78
25 28
76 180
10 194
24 174
29 87
95 47
55 93
83 191
17 45
96 92
80 99
66 59
92 44
84 82
46 154
47 179
39 16
55 137
23 80
72 136
63 167
19 185
67 179
50 148
12 50
52 65
10 164
49 94
17 112
52 177
62 138
85 82
64 156
47 188
25 163
36 36
38 141
11 10
92 185
32 155
13 199
38 186
99 146
22 34
26 89
76 158
52 177
86 183
53 69
46 181
94 115
25 173
72 49
80 18
32 142
19 102
39 25
93 167
40 11
96 63
68 23
51 129
49 71
78 144
21 124
40 174
13 153
91 128
72 118
91 68
72 120
29 64
26 70
91 119
79 64
29 195
74 13
18 89
23 55
68 25
26 169
57 30
15 134
57 156
16 106
71 166
26 196
95 173
27 93
15 192
88 106
95 46
21 109
37 26
15 170
23 168
18 52
14 80
70 179
54 71
79 92
71 144
31 100
91 187
67 51
61 197
83 165
68 100
21 11
83 93
69 170
65 130
82 91
54 20
100 78
80 188
76 152
36 69
32 69
26 101
38 56
59 100
86 151
31 149
38 150
40 122
25 114
37 153
43 94
47 109
41 88
74 144
84 49
31 125
79 80
20 61
77 134
44 180
12 185
23 36
32 161
90 74
28 43
98 113
97 33
57 133
78 130
99 185
84 101
47 142
83 169
86 141
43 187
75 177
48 48
38 148
58 196
70 117
98 83
90 31
28 63
86 39
68 52
37 26
83 144
67 158
86 194
77 36
35 39
27 195
93 37
96 120
36 176
42 127
12 78
82 177
32 146
43 179
30 50
57 175
61 196
67 140
84 51
28 190
48 168
45 171
16 170
61 93
76 139
84 47
42 11
25 12
11 50
33 179
45 28
33 117
57 107
96 33
49 21
12 73
38 72
45 50
57 145
94 29
15 187
65 133
95 101
27 178
92 137
80 74
84 132
48 21
18 59
88 30
73 101
62 94
53 170
45 194
18 110
32 41
69 101
78 127
30 121
76 177
62 83
27 78
75 31
93 86
99 124
94 186
32 21
72 199
68 56
74 118
61 58
54 74
100 135
63 184
80 117
57 170
100 10
40 47
93 127
20 146
65 30
24 109
76 53
61 66
72 121
19 55
85 145
69 139
48 109
30 169
76 104
22 37
68 198
49 170
38 20
13 18
80 90
80 115
30 47
51 32
29 189
78 149
40 39
13 78
85 53
96 198
64 28
36 95
23 144
81 161
51 23
99 15
64 109
92 57
35 135
39 103
19 190
20 122
70 173
27 179
47 58
15 185
47 54
85 113
32 156
28 141
11 64
19 93
21 110
12 108
97 41
54 11
65 96
55 71
41 135
79 106
11 69
96 80
41 182
25 101
99 56
53 128
77 31
29 95
63 152
87 18
26 25
65 57
58 178
14 192
99 11
84 117
84 178
65 196
23 192
96 140
40 171
75 191
10 79
57 166
25 100
76 78
37 38
38 48
67 66
36 139
42 127
28 172
90 86
58 107
80 84
77 158
54 126
79 90
45 33
72 90
86 51
17 59
95 84
60 106
41 128
79 50
96 156
15 193
44 178
50 130
32 179
87 150
32 35
85 143
17 106
81 24
19 13
14 48
87 183
81 70
12 33
16 199
20 122
46 42
92 155
84 195
67 71
54 81
89 26
55 188
10 91
51 91
40 96
94 24
35 96
23 32
87 184
35 141
58 86
67 48
21 135
27 17
37 29
29 113
25 168
74 179
80 123
14 164
32 43
15 131
72 83
48 91
10 196
72 184
61 195
62 156
96 63
66 168
29 73
11 161
39 23
76 111
16 53
44 188
41 96
12 58
67 72
23 57
40 182
79 14
40 62
26 148
89 123
21 41
30 38
68 70
15 154
30 30
40 88
30 126
12 127
36 165
36 134
52 121
51 52
20 113
41 86
15 64
17 19
91 16
57 109
12 133
55 68
90 102
49 183
18 164
43 22
36 119
10 161
52 83
26 178
31 152
88 89
40 83
70 122
49 11
43 199
41 105
37 108
90 56
41 68
81 21
59 159
22 70
48 14
100 166
79 172
75 66
73 144
78 24
52 50
22 109
30 171
90 149
75 54
33 182
93 35
96 15
19 167
63 124
35 62
38 174
99 50
33 128
34 191
68 94
80 180
24 122
87 49
20 51
62 86
83 28
100 68
22 116
49 142
83 196
91 164
94 49
77 30
77 41
80 153
40 50
41 183
76 127
37 54
42 160
82 43
96 63
19 54
15 126
46 31
11 11
63 135
41 41
75 82
57 166
15 63
30 11
57 21
27 90
81 139
35 18
90 70
96 94
92 84
73 143
52 198
80 111
69 37
61 86
28 59
13 157
57 79
70 148
82 129
50 168
99 120
40 82
58 113
13 115
53 29
93 92
13 23
80 170
83 179
31 195
64 97
88 140
21 152
77 78
98 159
72 12
54 87
11 80
54 71
14 176
44 64
18 151
69 104
73 163
44 189
68 132
46 151
71 95
13 192
13 25
26 51
23 94
41 123
34 117
83 170
45 118
52 194
64 168
57 33
78 192
48 130
88 118
91 37
57 194
58 187
75 44
53 79
60 178
66 91
31 197
39 31
27 150
89 27
17 134
35 90
35 83
46 91
73 111
33 47
47 158
43 156
71 83
63 119
32 25
68 190
29 126
90 149
94 78
81 36
23 37
11 170
95 148
78 144
91 190
50 175
99 14
12 183
86 155
53 13
100 167
78 13
33 56
28 180
46 161
43 170
68 143
24 119
99 43
83 161
20 43
80 24
31 64
41 191
27 142
41 32
95 40
99 22
39 31
61 54
25 50
51 170
55 198
98 95
74 185
96 107
28 180
56 109
37 162
19 96
71 137
72 55
22 166
10 74
50 103
43 168
18 177
64 149
65 69
70 35
58 111
76 93
20 97
79 168
18 157
55 196
55 172
98 81
13 152
72 145
22 108
34 42
51 93
47 79
65 89
98 27
52 80
15 124
58 168
26 47
89 167
99 39
68 127
64 97
74 122
40 167
93 167
32 147
14 32
66 55
94 163
45 123
53 25
78 10
50 128
84 130
81 102
36 76
58 135
35 118
42 49
70 97
82 105
48 108
24 102
55 61
83 46
70 120
56 42
91 67
94 10
88 97
19 20
39 164
30 149
51 23
83 179
66 46
11 188
13 54
70 97
87 145
10 123
42 16
19 196
14 158
59 125
94 142
69 61
88 103
12 199
67 18
11 48
66 104
90 20
83 116
80 97
66 83
42 158
52 17
46 197
71 192
48 62
26 57
12 60
22 135
59 87
16 57
29 41
26 174
94 120
85 192
31 14
69 47
27 177
30 136
29 62
58 94
17 104
92 50
94 134
78 33
63 162
29 181
18 74
17 88
44 108
91 22
22 145
44 95
86 148
93 115
55 191
89 137
94 162
35 91
10 195
56 151
49 38
62 172
19 128
75 87
77 151
34 159
77 193
82 59
32 95
29 185
94 164
92 45
14 141
36 64
28 62
85 91
19 157
77 184
68 134
89 153
69 12
87 23
81 198
23 11
58 36
79 21
14 150
91 159
50 194
40 24
62 49
89 137
23 33
53 124
33 33
24 85
18 31
91 74
85 160
92 133
10 82
100 198
57 43
93 111
70 191
83 104
100 97
18 56
53 194
93 99
20 68
32 74
88 71
16 129
80 35
31 38
85 70
64 151
74 13
55 174
79 30
27 32
62 130
54 59
14 48
44 184
71 121
42 38
42 38
84 33
63 84
18 183
90 110
95 91
82 37
97 129
40 154
56 187
66 51
23 49
100 183
47 39
77 101
45 128
98 69
46 14
50 35
23 131
43 163
56 91
74 76
92 70
82 183
22 146
10 136
71 135
46 61
87 65
13 76
84 104
29 156
23 121
37 139
62 181
61 86
10 135
22 103
55 25
93 95
96 131
19 21
19 160
91 73
67 47
43 29
21 117
87 70
85 31
78 124
100 144
54 95
80 195
55 117
24 95
18 24
57 53
55 103
36 98
78 71
57 149
60 119
90 108
19 137
76 31
74 131
79 81
92 87
11 35
100 107
10 26
51 158
52 169
40 93
95 92
89 45
82 65
36 117
11 155
99 92
86 126
69 185
53 82
39 95
22 64
32 49
26 135
88 161
32 123
63 181
89 29
85 66
16 192
95 48
18 49
10 166
65 187
22 184
45 21
25 187
97 92
88 190
37 77
97 141
55 26
92 26
27 159
68 142
12 77
57 139
18 154
69 103
43 77
43 51
48 177
16 29
22 85
73 106
85 182
24 164
46 10
90 64
99 83
13 152
73 198
75 88
34 39
16 156
40 89
63 37
24 56
93 167
79 88
38 127
52 152
55 88
74 91
30 133
55 160
90 136
47 18
61 152
24 26
55 187
70 148
49 182
93 115
73 147
24 41
87 105
69 175
70 157
40 146
31 72
77 16
66 85
37 44
47 106
47 200
22 178
26 151
53 141
56 107
43 101
79 194
89 165
25 200
59 98
65 53
93 94
16 12
17 118
38 49
48 140
63 151
44 17
75 76
52 31
65 79
17 176
68 139
60 106
71 82
91 126
15 199
29 28
41 32
18 68
97 194
60 154
33 137
93 88
97 131
45 50
45 52
20 117
27 178
49 184
96 38
39 197
77 164
21 58
47 172
40 79
40 158
57 153
47 14
78 140
46 184
58 158
81 26
10 60
55 108
49 75
97 166
13 16
90 129
80 136
98 24
33 87
80 80
17 109
28 93
22 20
60 49
25 124
18 63
54 81
28 62
66 163
88 60
50 190
46 100
66 101
19 174
88 108
32 61
68 128
42 77
31 64
30 149
11 25
25 196
54 38
65 86
75 96
95 13
45 115
61 32
92 39
54 37
59 70
91 187
80 76
24 170
41 23
64 129
36 164
51 169
76 194
16 14
75 13
81 187
58 133
38 168
12 35
45 120
74 104
58 128
57 182
72 121
70 37
84 54
68 18
38 36
57 112
100 135
99 70
59 54
21 174
59 154
31 37
55 139
28 169
11 145
38 175
80 166
25 150
56 47
50 77
79 12
82 126
46 115
20 103
89 178
81 193
62 141
94 25
59 195
73 157
13 156
50 27
61 178
99 175
10 168
53 109
62 51
36 173
67 41
55 137
86 186
19 161
53 170
71 27
41 160
80 126
97 127
43 57
48 175
26 140
60 95
98 155
20 117
36 136
33 24
49 157
70 44
19 148
79 93
78 22
76 160
34 10
40 124
45 34
25 124
96 61
46 57
12 189
80 177
50 112
19 62
38 22
27 199
17 145
80 146
32 178
96 138
80 36
76 79
66 193
38 46
82 33
17 124
47 57
76 11
70 92
92 49
80 195
98 108
68 173
36 139
85 193
99 171
57 193
95 123
45 64
91 81
59 96
28 143
11 117
45 145
42 51
31 147
100 75
62 27
58 119
20 40
73 97
22 196
63 73
58 95
92 121
79 58
10 14
63 193
53 200
36 142
52 143
60 130
39 132
71 99
63 147
46 196
16 175
17 123
28 153
30 17
13 27
77 123
21 99
32 165
55 52
12 162
31 15
10 46
37 60
27 30
15 109
78 63
74 61
43 164
12 59
28 121
25 80
36 142
88 149
55 67
32 55
38 50
73 132
30 18
100 66
15 32
63 99
79 91
30 127
45 197
38 68
92 74
21 173
98 107
39 156
41 155
62 36
69 83
61 103
50 14
53 143
81 145
91 156
96 12
87 123
43 80
20 138
86 119
52 194
30 52
88 33
97 173
46 44
91 60
70 159
73 118
12 113
82 154
82 132
67 185
34 199
64 58
87 30
66 67
85 36
37 185
26 171
37 130
14 34
22 164
38 65
13 106
18 179
86 81
24 81
76 30
14 142
10 36
41 67
84 28
69 45
13 164
60 182
10 41
75 94
54 42
25 121
96 161
95 40
40 74
50 119
38 180
98 185
62 65
57 142
16 178
72 108
27 57
13 33
11 139
94 128
43 110
29 130
59 181
35 124
50 93
58 161
46 114
69 122
10 18
97 73
95 106
43 149
53 83
92 64
40 133
26 14
20 51
27 103
23 138
75 97
44 80
94 116
94 25
94 196
40 135
27 63
75 61
99 16
22 197
88 190
93 73
41 162
13 171
35 135
26 102
42 152
48 123
56 177
13 94
52 184
56 61
85 82
82 70
10 68
90 170
62 17
56 72
48 146
13 76
38 164
35 167
97 161
75 194
30 27
55 152
37 150
40 91
31 115
58 131
85 39
37 52
83 154
92 36
58 170
56 44
41 91
72 91
70 113
42 31
40 183
25 175
52 175
42 176
84 37
75 107
53 50
68 146
10 63
18 137
71 95
60 30
61 26
55 48
84 16
37 58
91 63
44 166
60 131
86 140
28 113
65 68
79 185
60 192
98 29
54 136
49 143
32 112
15 89
10 87
27 63
29 151
42 33
67 145
92 100
52 135
65 142
43 179
55 72
39 39
41 119
74 197
12 144
96 42
36 102
60 184
49 121
40 72
95 71
90 120
11 134
58 187
27 113
26 66
64 178
77 66
91 105
37 192
63 14
64 114
82 188
58 105
55 31
65 95
48 26
88 76
65 103
32 68
53 70
16 12
57 42
10 155
50 165
95 197
22 193
54 118
89 29
78 153
52 11
100 178
66 96
56 190
86 149
65 48
26 195
61 77
70 153
75 185
51 21
75 129
43 156
20 36
46 103
28 70
100 48
58 167
67 134
48 167
82 57
97 134
36 77
88 99
71 97
32 158
47 129
92 112
42 145
11 82
69 161
83 186
100 32
86 155
98 130
35 81
89 148
40 50
42 80
36 66
97 88
41 75
18 122
77 91
50 160
81 126
24 148
76 141
21 85
98 147
47 59
51 34
17 97
66 66
24 57
70 134
50 158
71 163
87 29
61 158
42 60
99 121
76 16
51 190
89 21
58 139
33 29
78 89
96 81
44 83
35 89
84 106
67 37
50 138
18 178
43 57
60 191
23 58
68 72
38 131
65 49
99 165
11 76
83 176
18 42
70 118
83 87
36 180
61 125
19 182
94 34
36 153
100 27
95 21
30 91
77 184
35 33
90 21
13 46
86 67
51 66
72 21
63 19
90 78
91 151
100 59
67 88
54 191
37 33
86 16
88 188
96 66
53 183
65 154
20 85
85 118
59 17
11 128
71 163
52 196
15 78
61 111
39 77
91 105
16 124
77 35
92 146
69 167
56 12
54 168
90 153
81 73
47 14
77 53
52 18
85 124
86 114
45 64
13 125
44 102
64 114
66 26
45 84
16 30
74 124
74 40
51 73
66 103
52 115
22 87
78 15
13 31
59 57
41 143
36 88
35 87
11 36
25 95
42 107
53 41
44 125
33 141
87 186
89 108
84 10
48 45
24 39
24 168
52 164
89 103
46 19
85 87
69 82
46 191
84 152
70 30
32 114
82 85
44 195
10 20
88 43
42 32
53 157
91 171
27 166
90 15
57 52
63 43
90 129
42 124
51 76
70 169
21 128
44 122
74 80
37 139
46 31
25 197
96 196
100 120
49 84
39 158
79 60
37 94
17 45
20 80
88 197
47 134
30 136
55 45
42 200
55 140
30 158
83 30
94 147
92 157
88 108
91 170
92 127
14 11
49 115
19 117
95 164
90 34
91 96
18 126
42 88
63 138
14 44
41 63
43 141
93 34
32 146
13 71
26 100
22 57
85 165
18 138
95 36
94 26
95 98
70 39
45 28
69 64
84 168
46 88
48 148
64 190
37 149
46 179
91 122
72 75
97 42
54 36
41 188
38 13
28 16
42 82
100 53
12 132
63 96
25 141
94 143
87 127
62 181
37 151
98 174
27 10
42 29
47 75
34 102
78 113
89 154
15 177
73 164
33 39
74 139
52 92
81 99
51 184
78 158
85 25
40 173
68 160
89 96
24 29
42 146
64 140
11 160
17 118
95 46
63 194
95 116
88 122
60 138
71 128
71 83
11 71
73 11
90 46
36 76
73 129
96 40
51 132
22 197
89 156
14 186
37 82
73 56
37 150
17 121
23 123
15 63
41 71
47 35
92 27
88 16
95 134
17 36
60 80
57 127
53 130
16 197
24 57
58 27
28 79
66 117
96 176
57 29
66 100
74 187
30 146
38 85
24 83
24 158
81 200
39 200
49 40
13 154
40 69
85 128
80 153
54 175
74 58
28 186
20 48
50 87
33 187
73 108
76 117
75 21
74 183
43 46
65 60
56 123
23 182
16 101
80 107
85 83
40 91
46 147
21 62
45 157
80 39
45 129
20 163
65 84
39 194
23 12
97 153
52 16
100 18
66 112
35 195
50 115
69 75
69 35
52 107
79 18
37 90
77 103
50 98
85 42
92 141
36 179
67 12
60 50
89 114
26 170
28 159
42 36
68 180
85 173
31 87
95 65
93 140
96 42
28 157
38 164
40 130
23 13
95 127
81 164
15 26
23 182
25 39
37 200
18 90
19 116
91 28
51 135
37 151
42 18
42 62
44 26
87 113
32 157
46 94
81 113
62 75
55 86
11 123
77 157
20 122
66 193
52 87
47 121
69 137
13 179
12 122
89 23
57 68
87 130
77 89
61 84
23 171
69 103
50 88
14 140
84 166
24 185
93 102
30 102
40 55
78 48
33 97
86 44
94 52
36 128
56 28
26 130
55 184
10 103
47 103
18 116
91 187
73 134
46 195
60 139
43 128
73 59
19 82
46 191
46 79
91 78
58 120
78 107
17 51
60 188
45 64
92 56
16 24
34 152
73 37
46 101
37 89
72 169
83 64
12 108
42 120
37 51
25 195
18 178
82 170
94 32
53 89
31 96
65 102
28 155
92 150
97 83
35 48
64 21
92 75
53 57
39 116
39 47
84 68
95 167
69 10
61 82
90 134
87 35
36 37
45 177
86 56
45 37
80 145
45 17
45 180
58 26
30 197
83 27
51 99
85 135
27 26
84 31
26 28
61 198
93 57
86 54
17 76
52 40
100 164
59 74
38 146
72 59
20 166
25 49
30 82
34 198
99 34
17 92
59 119
84 120
81 106
45 113
16 67
75 14
92 34
13 185
20 180
95 134
83 154
99 53
74 191
67 190
58 112
13 67
59 13
74 40
74 163
81 80
59 107
12 94
59 174
87 124
43 157
15 120
91 74
45 180
91 56
53 79
39 71
71 32
97 157
81 173
15 26
67 14
33 171
31 55
37 21
13 97
89 47
66 99
76 192
23 189
65 90
30 50
75 69
46 46
51 147
95 178
95 105
75 108
46 103
25 40
67 143
60 81
90 157
13 136
79 114
48 39
45 56
54 167
39 186
45 152
33 65
91 116
17 112
61 56
23 20
80 140
57 35
51 178
17 55
28 152
34 102
45 175
15 104
80 63
42 187
24 42
16 156
45 32
32 15
67 115
34 199
42 192
38 86
81 37
55 147
47 112
82 12
48 186
34 70
85 185
95 97
48 98
67 18
24 132
96 42
51 61
80 91
64 108
84 64
69 142
60 157
70 48
51 152
45 87
52 138
58 91
81 132
11 77
43 143
53 197
23 66
21 59
94 122
27 158
36 113
31 177
55 165
44 50
63 93
87 151
24 19
14 77
95 41
59 124
85 186
82 194
21 191
16 20
86 53
45 88
19 88
24 69
58 124
76 160
53 57
41 80
97 163
78 51
14 134
44 190
54 107
49 161
36 79
71 31
42 160
86 99
72 186
31 90
20 88
19 137
22 193
83 45
50 176
63 193
50 116
97 50
76 18
23 132
71 193
76 30
52 84
71 43
24 121
23 22
52 16
51 178
37 200
36 198
48 164
47 107
11 193
45 114
59 170
96 131
95 42
86 158
50 114
78 29
12 135
15 76
23 11
35 184
98 109
97 199
29 170
86 164
94 73
24 16
42 157
35 48
45 132
37 149
30 39
11 113
95 30
94 171
81 54
38 77
96 134
76 69
69 192
98 108
45 143
68 163
49 95
68 133
66 71
85 105
99 71
72 129
19 17
27 157
46 52
67 36
44 120
72 122
57 139
27 41
99 156
32 193
94 25
47 132
47 28
100 29
70 65
18 192
90 69
32 146
44 25
84 109
48 110
43 68
78 72
13 164
25 114
39 112
42 125
86 58
60 92
41 31
18 69
26 64
37 36
50 60
54 47
66 178
41 11
13 39
77 179
11 113
96 192
64 65
70 103
69 80
50 34
67 198
11 158
73 20
84 105
27 57
99 51
47 110
45 114
66 137
74 197
30 27
24 131
22 126
50 17
31 61
98 141
11 124
33 154
54 126
87 25
61 190
17 51
42 152
65 104
81 90
27 173
23 111
47 11
43 148
69 76
77 49
14 101
28 127
15 140
