10000 500 10 200 10 100
83 148
56 14
58 166
66 10
43 165
97 197
27 115
45 161
25 44
36 177
13 50
57 14
16 127
54 32
63 187
13 99
67 157
77 76
22 133
83 102
100 55
35 117
32 101
44 176
91 90
41 100
61 52
20 32
24 199
74 42
95 71
92 162
89 79
38 14
63 170
72 143
54 25
42 27
66 170
76 95
100 167
68 33
58 133
82 199
22 122
65 159
85 16
67 53
77 191
91 108
69 175
18 197
59 143
88 172
43 38
88 15
34 51
20 34
13 105
17 148
63 108
31 53
82 25
73 20
99 166
14 188
79 12
80 197
79 199
68 79
48 34
18 75
81 134
70 92
73 166
62 99
12 135
35 30
87 83
95 199
78 171
16 54
37 171
46 161
33 18
28 48
22 135
59 151
17 56
40 141
96 93
68 107
38 25
44 20
16 180
27 181
54 195
93 166
35 75
51 177
96 200
83 137
58 172
27 46
61 141
61 39
13 37
71 72
37 106
73 163
60 90
81 78
76 190
49 115
65 13
23 159
21 151
84 158
37 25
50 140
22 192
61 10
45 170
73 94
52 144
68 173
52 21
33 174
38 106
46 86
78 193
69 133
17 195
74 86
70 106
12 187
40 59
23 138
10 58
100 116
12 100
72 68
69 172
89 155
46 143
15 198
63 118
65 99
42 64
32 143
68 22
47 78
51 137
89 112
64 81
57 29
17 149
36 147
39 163
89 19
66 153
51 61
84 159
53 25
60 125
82 194
25 108
95 51
96 121
71 72
33 192
41 16
63 22
70 82
100 76
30 80
69 119
10 133
94 103
32 111
44 128
88 29
48 41
42 136
28 45
19 188
84 111
45 189
35 192
91 120
27 151
15 130
45 164
38 181
22 55
44 127
80 39
70 74
30 16
25 43
68 30
15 99
55 69
50 98
56 169
67 161
14 50
21 54
42 188
40 92
26 137
10 58
59 177
78 57
89 145
43 55
97 178
60 117
89 75
85 140
56 43
33 28
41 34
62 109
11 96
26 97
29 30
94 20
67 112
73 32
80 192
27 20
16 65
45 58
93 176
56 16
88 110
62 114
41 118
54 21
69 34
39 80
68 97
82 95
57 191
43 54
22 16
30 195
91 57
41 22
47 40
85 62
83 97
16 140
78 200
72 84
48 80
51 122
88 65
93 166
40 145
51 81
86 140
88 65
89 141
75 18
69 140
78 155
23 58
82 106
61 66
90 103
71 155
30 125
26 52
73 109
48 145
24 182
48 77
79 71
84 136
42 32
67 184
74 145
57 114
33 112
24 52
33 149
70 73
60 38
29 177
58 146
100 161
17 26
91 187
90 67
94 10
43 19
95 109
93 69
24 26
76 35
54 51
41 88
14 69
25 50
40 119
18 200
25 114
39 128
28 147
43 43
13 117
71 175
46 28
12 81
41 80
16 169
93 124
25 34
91 16
48 72
30 60
22 25
34 131
51 107
87 150
64 46
23 14
14 104
14 120
91 133
11 103
48 132
97 170
55 30
57 73
34 144
48 198
76 131
14 123
78 27
64 22
97 151
84 140
16 93
35 50
13 92
56 138
84 12
31 22
56 104
84 159
18 53
79 49
20 128
64 55
36 34
83 74
75 106
51 50
34 107
41 35
28 77
42 56
93 92
57 147
57 189
81 77
25 127
13 58
96 78
77 42
65 14
71 121
42 155
19 120
67 74
56 94
54 130
14 64
67 53
47 50
92 128
43 138
39 55
59 120
83 111
73 91
11 102
39 47
72 186
25 130
15 168
77 43
76 198
58 152
96 142
19 147
38 131
20 135
68 70
55 143
21 72
51 130
24 57
72 42
83 191
40 135
75 50
10 77
14 110
45 132
70 20
13 133
77 153
28 139
100 156
12 59
17 127
87 12
87 21
33 38
62 71
74 182
88 175
39 172
48 98
18 148
46 194
32 94
34 159
20 34
40 148
99 175
29 106
86 69
23 87
55 141
90 104
28 104
18 192
85 153
49 190
44 19
13 192
60 174
32 148
79 130
46 125
27 181
41 125
88 159
92 12
47 195
77 64
74 196
39 185
57 157
14 91
62 10
19 91
26 76
100 25
21 167
88 121
27 160
57 39
90 70
63 61
83 159
18 152
77 161
32 146
79 131
41 104
61 131
69 127
99 66
34 23
30 81
10 191
20 171
14 193
97 105
16 116
59 180
52 62
78 193
75 100
10 34
50 76
19 32
55 174
94 157
81 133
17 122
60 112
92 19
43 144
47 169
84 190
26 138
47 110
100 49
13 96
27 26
40 50
79 178
23 171
27 33
85 15
92 71
68 58
78 21
88 15
13 94
36 151
59 90
40 173
84 82
74 46
50 52
53 181
89 144
90 198
77 76
93 133
88 120
14 60
24 25
42 156
62 127
63 130
94 178
32 180
91 183
41 192
63 145
22 76
68 167
74 77
56 97
66 23
80 34
99 161
61 195
37 149
62 43
49 150
10 24
86 114
30 166
47 75
82 143
51 20
78 57
100 164
45 110
66 151
88 93
35 196
21 70
77 30
15 67
81 158
50 120
22 144
64 20
70 186
72 193
47 84
89 105
35 14
65 45
11 161
72 110
17 60
51 122
18 95
26 94
79 126
36 136
16 89
14 121
34 121
13 91
79 174
33 64
79 22
21 155
57 94
32 151
29 57
27 67
46 95
44 38
27 177
16 101
22 131
63 151
49 146
33 113
20 71
48 118
61 110
85 78
59 172
88 181
43 113
87 13
65 20
57 61
16 195
69 95
90 16
27 43
13 121
19 114
96 134
83 87
87 138
80 81
91 27
40 127
35 122
28 171
63 184
35 163
92 195
87 148
95 115
74 196
16 170
91 60
57 153
75 181
94 115
95 190
75 114
70 106
68 90
16 179
26 98
53 74
14 20
53 137
60 67
22 194
62 41
32 173
39 12
68 95
14 37
32 93
51 44
96 19
96 64
93 19
59 173
84 88
39 116
24 151
52 146
18 30
56 18
39 182
54 169
87 150
22 173
54 180
63 52
35 153
68 198
70 102
26 67
43 174
42 25
98 190
64 111
14 182
46 56
20 153
56 84
64 63
68 179
85 107
21 52
42 171
91 64
59 41
72 96
62 138
67 195
14 95
27 180
94 25
14 83
69 72
27 91
82 35
41 158
32 134
39 34
84 94
45 20
90 31
89 196
37 62
26 129
75 96
12 66
60 134
35 122
29 96
51 144
53 116
85 74
50 145
92 187
97 199
84 176
97 148
90 31
26 183
27 168
11 79
76 32
52 185
80 53
69 169
90 23
83 131
50 145
87 198
19 126
85 172
31 46
27 116
31 140
42 60
14 189
85 175
58 177
43 155
62 83
75 37
39 28
78 28
42 55
37 115
27 43
61 94
19 27
76 12
38 120
43 130
68 13
75 140
17 107
16 52
35 38
36 98
54 59
60 40
48 154
18 97
25 76
66 109
10 34
28 94
12 186
34 95
96 162
49 191
70 141
52 70
16 134
40 47
99 96
64 130
94 67
10 79
40 52
59 47
61 111
87 64
92 190
49 106
36 196
70 19
61 173
18 150
89 80
81 132
54 108
86 58
15 100
72 97
15 127
94 40
62 110
82 145
16 64
57 71
35 159
93 40
37 193
16 58
65 188
29 82
31 62
73 82
54 57
35 116
28 148
41 32
24 61
87 190
59 17
27 41
22 153
33 140
36 72
44 61
26 189
79 189
85 64
36 24
49 40
13 129
97 98
64 78
19 140
59 131
100 117
15 178
11 54
40 58
31 126
44 18
91 64
47 176
27 68
66 95
15 165
12 141
66 17
39 55
32 75
96 137
80 159
59 95
94 30
71 162
26 95
25 81
44 21
98 133
15 113
43 20
85 84
76 151
65 181
78 60
19 47
35 58
37 101
33 52
36 129
99 111
25 28
75 39
92 61
73 152
34 33
71 62
67 134
75 20
68 74
35 181
41 80
82 130
43 25
52 136
62 29
74 11
26 29
89 98
73 24
32 87
46 32
31 166
56 185
88 113
27 47
16 183
35 166
81 131
93 105
54 168
36 126
47 184
83 31
77 68
12 165
15 104
55 127
13 18
49 68
77 13
29 58
41 65
33 97
39 47
44 52
32 139
26 28
75 156
57 47
54 129
67 11
23 43
11 136
38 83
71 185
33 120
13 94
98 78
76 161
15 26
72 143
96 24
23 99
50 31
92 15
46 182
69 26
33 157
40 66
37 168
83 159
17 105
78 62
77 33
58 133
42 68
73 26
72 79
77 74
74 116
32 94
27 107
32 134
78 83
28 136
80 84
28 128
51 137
55 196
65 45
62 53
87 46
87 29
38 49
86 37
86 184
37 74
25 52
15 166
38 19
61 188
52 17
58 116
75 138
73 148
32 83
90 141
76 103
83 56
57 74
85 141
93 47
98 160
35 34
27 57
53 47
88 171
57 193
50 21
27 19
79 146
64 194
21 32
24 68
23 82
26 26
29 33
19 48
97 186
46 129
24 173
54 121
10 43
26 51
13 65
80 56
83 186
66 88
89 158
52 130
68 122
100 95
56 31
67 150
70 49
82 93
18 67
65 177
54 140
21 188
23 121
92 27
50 105
54 135
54 95
40 135
80 32
63 174
28 174
41 103
49 46
88 78
11 44
28 46
86 137
65 21
47 88
21 175
84 156
25 44
23 17
66 79
65 19
82 104
65 19
33 50
88 37
23 170
79 185
98 88
87 60
80 191
89 128
74 121
19 118
26 146
61 168
42 177
64 111
62 183
52 100
48 19
22 140
82 19
18 16
72 89
22 186
82 195
96 109
90 41
97 115
90 187
87 67
91 81
61 65
48 131
54 85
96 125
63 141
75 14
36 52
83 34
51 37
66 186
72 10
13 176
60 46
79 18
95 146
67 114
75 165
21 200
54 197
48 131
63 80
95 149
22 72
54 173
94 46
79 57
64 27
86 195
91 15
77 10
50 136
57 175
10 171
60 185
91 142
78 170
37 93
96 157
11 114
82 98
22 130
76 39
95 21
70 53
79 57
87 21
96 180
60 106
64 13
13 161
34 48
60 179
69 49
63 152
22 85
81 124
57 37
27 173
71 198
89 109
87 113
85 37
17 128
79 64
34 44
78 97
80 167
72 57
10 10
72 11
85 91
100 112
25 121
82 10
14 145
88 163
99 50
36 162
34 167
40 120
13 61
70 127
63 105
84 77
29 25
38 12
78 25
45 67
17 43
78 76
13 188
66 56
54 72
72 27
23 54
90 60
36 167
25 168
53 194
14 188
34 135
93 158
33 149
57 131
70 104
15 181
15 57
76 164
42 66
91 169
65 162
88 37
55 27
97 20
82 61
87 51
23 42
70 158
32 45
40 15
50 107
29 97
86 65
68 116
58 84
90 53
55 124
84 186
97 97
25 174
99 48
46 155
44 66
21 104
31 22
21 107
66 116
42 116
88 119
85 114
76 127
75 82
14 58
47 13
92 108
41 114
81 66
28 69
82 194
97 90
97 71
36 169
11 33
29 147
31 150
51 156
78 38
44 139
91 118
45 53
60 163
89 14
52 26
17 17
62 35
35 46
21 105
36 94
45 133
29 91
21 135
80 170
12 96
87 49
58 73
37 72
97 50
10 120
48 139
71 97
20 23
20 81
73 160
25 67
17 49
92 186
67 16
34 136
48 85
78 128
42 112
29 27
47 88
40 61
36 86
48 12
77 102
48 39
21 92
75 187
60 88
65 104
36 171
12 17
63 58
86 25
49 147
14 133
33 44
34 72
62 153
76 41
85 192
42 150
40 200
78 13
72 174
33 193
48 158
89 21
33 157
22 166
42 134
74 149
24 126
41 88
34 129
68 168
46 32
67 24
69 97
83 131
94 146
55 36
58 145
96 154
70 117
15 26
51 61
84 40
41 52
57 78
47 80
36 135
78 174
22 145
91 20
40 176
63 64
79 125
44 93
55 100
99 188
32 72
94 126
30 47
83 41
15 182
55 150
66 34
50 109
70 38
35 110
42 118
11 58
62 162
48 111
12 185
31 44
11 181
94 192
28 171
98 155
59 155
81 90
39 93
18 22
78 151
24 168
85 107
84 123
24 10
16 165
84 166
68 84
68 11
69 17
92 141
72 145
72 109
82 117
36 44
62 157
33 73
40 75
18 185
16 61
24 43
29 23
67 45
99 189
48 16
20 39
86 179
43 64
88 30
75 124
13 144
44 71
30 26
60 200
13 167
41 17
97 97
78 53
46 161
51 21
42 59
40 114
98 45
92 181
50 182
62 142
57 197
60 155
86 13
31 45
94 13
69 192
21 116
69 75
75 98
22 43
35 170
50 27
79 158
70 92
62 124
52 86
43 79
11 177
76 15
70 51
48 107
75 152
37 121
33 110
53 146
71 199
51 111
63 142
70 46
64 51
17 78
56 124
35 11
32 28
42 155
32 69
84 146
93 117
39 81
76 97
78 182
77 176
75 134
64 195
63 162
82 151
50 184
74 176
84 17
38 45
89 106
59 66
19 158
46 131
46 21
48 99
76 157
58 106
17 12
10 59
56 157
94 193
18 118
88 169
63 183
87 109
93 129
40 152
12 160
67 137
14 166
79 185
46 121
46 12
11 34
23 86
81 127
70 166
36 89
60 183
89 160
20 194
45 78
100 187
43 93
13 30
88 193
44 170
18 118
39 58
43 77
84 167
75 56
29 38
63 88
17 50
79 124
49 147
31 32
25 29
31 123
27 185
63 77
95 50
58 148
99 170
93 77
67 17
89 90
31 102
28 100
73 36
73 29
74 37
23 173
74 178
87 140
15 31
69 138
75 66
50 183
33 121
71 16
99 194
56 17
27 86
75 82
87 165
65 107
94 165
29 92
76 186
75 148
56 82
44 101
76 182
19 17
79 154
68 73
93 132
24 86
50 32
62 119
90 59
51 10
59 117
67 177
76 157
69 132
37 30
68 189
13 127
81 125
74 41
23 70
25 91
55 170
79 126
55 121
87 148
14 41
83 78
33 11
65 154
97 85
58 199
20 29
21 113
98 26
92 177
30 128
10 76
35 23
44 50
10 42
93 121
83 97
92 104
86 23
61 74
10 75
63 37
87 18
27 83
75 127
57 176
42 160
69 185
90 88
100 128
87 45
74 15
29 37
38 73
74 10
50 14
24 52
64 13
93 194
48 150
15 179
61 18
15 189
67 110
86 50
10 40
75 120
58 60
92 167
26 41
92 125
18 63
86 99
70 70
15 165
99 79
65 156
21 103
42 124
27 64
61 107
15 92
17 130
84 186
13 108
80 84
82 105
64 42
22 194
99 153
57 155
55 146
18 130
99 77
60 95
30 39
60 25
10 40
16 107
83 84
100 85
67 81
13 94
11 27
70 59
60 112
59 22
55 137
87 117
71 18
85 156
20 47
97 181
65 159
20 136
21 137
62 21
54 44
25 143
44 37
17 75
11 50
61 17
49 73
62 33
46 192
27 141
44 194
30 128
26 52
62 38
13 96
86 18
42 189
65 35
87 187
86 198
17 199
61 78
46 173
29 165
22 124
93 24
77 70
35 112
16 28
46 113
65 33
30 88
33 93
53 81
37 34
23 150
38 127
55 116
13 141
73 106
37 198
89 193
95 85
59 192
65 66
37 82
43 46
42 123
23 116
92 52
77 115
48 185
96 42
41 174
84 171
78 59
86 22
77 57
97 168
61 43
46 186
43 157
25 119
99 195
23 116
42 187
22 82
57 128
90 92
70 131
19 25
83 53
83 52
55 168
10 183
40 88
19 159
79 21
12 158
26 124
85 117
32 138
92 124
30 147
30 11
16 68
53 78
14 75
64 55
15 175
27 64
63 26
35 140
61 134
73 108
70 183
89 10
70 58
33 29
77 151
80 94
63 46
88 164
75 126
25 165
68 89
42 174
32 107
26 177
21 32
23 131
62 122
89 191
99 98
20 186
82 40
21 79
93 85
65 31
13 95
10 101
76 80
19 102
25 31
44 38
40 153
33 124
76 133
76 65
87 124
13 90
93 142
29 95
40 24
51 49
82 146
32 105
100 57
18 45
83 75
14 189
25 53
30 136
49 26
29 27
98 63
74 159
63 66
37 65
94 182
91 11
46 87
49 186
70 125
61 79
25 115
27 38
93 191
48 155
59 177
47 190
52 78
100 78
30 23
62 58
68 81
15 165
81 200
50 115
64 23
92 135
28 72
35 107
35 149
33 91
94 54
93 198
44 50
68 100
82 53
40 101
88 51
16 104
15 36
71 17
73 23
10 20
87 127
83 160
63 21
21 43
75 142
55 30
59 128
35 88
95 113
42 139
27 65
66 70
21 73
55 174
51 41
56 15
99 122
65 76
43 14
70 19
43 161
43 172
91 195
85 103
87 82
47 126
82 96
91 72
39 85
58 66
54 51
34 117
41 35
66 96
28 113
98 29
14 179
52 174
99 115
60 123
70 130
15 168
10 56
61 174
95 96
36 90
75 145
17 100
13 179
42 53
62 134
83 177
33 128
41 107
78 48
33 73
88 69
14 184
88 69
44 90
91 41
83 114
30 167
34 168
26 20
55 80
23 149
61 79
78 196
31 132
45 196
55 12
45 57
74 23
79 187
13 115
41 72
88 25
39 54
48 27
42 47
50 53
46 143
54 63
55 97
32 25
82 32
76 191
36 35
12 61
20 128
37 61
19 16
66 72
90 80
20 160
22 198
93 126
23 146
34 144
38 38
74 169
87 199
54 174
53 16
44 88
25 21
31 147
11 58
36 123
53 120
93 90
96 150
39 123
49 37
93 171
73 24
13 137
69 165
88 89
13 156
92 105
18 128
53 39
62 104
82 127
24 99
86 174
22 43
44 155
77 174
55 147
18 108
24 54
15 37
52 65
50 101
90 194
18 55
32 26
74 27
37 184
40 193
77 176
90 97
30 139
63 77
32 80
33 181
12 69
66 80
63 43
51 105
27 42
48 125
46 142
69 67
26 80
12 126
15 107
67 198
21 104
64 143
17 71
61 121
41 174
27 75
85 183
99 110
43 186
68 117
21 189
15 74
36 56
46 159
99 33
83 42
49 52
34 123
49 142
83 86
10 55
90 167
30 164
13 96
88 122
96 98
62 30
15 192
71 173
99 73
17 149
96 144
81 102
29 125
13 122
26 194
64 173
69 26
57 57
63 129
60 181
60 101
75 200
79 99
71 85
68 20
58 88
51 46
46 43
74 68
88 184
33 122
59 20
51 159
80 94
67 79
79 126
68 97
46 84
52 119
77 191
47 15
35 105
25 102
20 34
91 93
42 42
65 40
31 187
60 153
73 75
94 189
97 24
20 138
25 114
11 101
71 28
80 26
90 170
47 105
10 122
24 77
67 46
87 28
48 95
52 147
26 24
78 195
77 64
18 171
50 31
47 116
21 190
88 39
37 116
28 27
42 144
34 12
38 23
50 55
20 45
50 113
53 172
48 132
16 83
75 47
29 185
47 19
54 129
58 176
76 195
36 93
35 132
69 161
33 138
39 97
63 51
32 54
61 151
90 92
43 121
39 171
39 104
19 101
64 50
81 67
97 113
100 25
29 68
47 33
77 35
12 191
19 164
100 133
59 63
53 159
15 165
71 100
75 131
44 92
100 133
31 37
85 143
43 124
53 50
73 197
20 88
76 164
64 52
69 177
80 132
30 100
19 108
83 177
70 34
77 53
95 61
82 23
45 168
99 195
59 105
88 105
64 30
68 56
55 198
93 20
10 11
73 68
67 143
94 13
35 147
22 145
85 171
24 192
73 117
88 168
65 29
16 49
91 174
99 155
100 162
33 165
29 96
18 116
68 111
76 27
52 188
39 77
99 142
73 118
84 97
55 115
34 191
66 199
88 92
23 178
34 139
49 39
95 17
93 107
40 108
19 20
72 129
18 96
55 190
95 164
57 132
76 46
27 75
21 107
75 41
55 10
33 69
52 48
69 28
44 39
28 112
80 64
54 148
77 123
85 29
91 45
38 198
38 95
78 159
77 29
37 120
14 13
80 103
42 99
16 39
46 112
45 167
78 171
30 159
51 73
42 23
63 151
79 10
42 83
94 80
62 193
94 166
45 22
76 90
74 54
69 61
70 81
52 143
55 154
18 180
39 123
55 147
37 35
46 152
96 129
94 32
23 65
78 139
77 121
51 31
52 160
40 142
39 122
76 126
16 29
44 114
51 142
54 36
38 30
63 97
46 30
44 91
60 173
34 196
82 48
41 80
11 121
99 81
16 118
78 130
75 146
38 122
26 116
73 76
89 147
95 128
99 126
47 96
13 38
48 14
62 153
71 117
67 96
57 128
98 186
11 185
100 112
68 62
76 76
50 198
29 134
52 34
35 157
38 193
76 55
76 83
18 80
54 137
70 178
10 24
88 133
18 138
96 149
83 106
70 161
88 82
66 73
32 19
44 69
83 13
90 198
10 156
21 98
36 88
17 168
27 82
93 166
99 179
11 52
21 174
66 200
22 162
18 173
38 91
58 195
25 168
86 24
99 114
32 37
58 31
25 137
87 139
10 156
58 38
82 23
90 75
47 78
85 107
100 51
61 82
87 148
58 82
54 185
49 118
44 30
68 61
34 63
29 102
56 129
54 81
25 154
92 198
99 48
71 72
52 136
72 169
23 15
27 67
39 101
96 77
79 136
49 121
34 162
92 73
25 166
87 75
78 134
56 163
17 189
38 83
28 22
51 50
83 136
62 83
51 127
10 170
91 100
33 95
34 125
20 185
22 125
42 53
38 143
83 74
32 84
58 120
74 19
45 180
84 112
47 25
35 34
72 112
13 118
94 197
35 178
39 167
64 83
53 194
76 69
37 169
63 35
11 83
10 92
99 55
60 137
35 53
46 76
64 106
54 197
39 71
60 148
42 141
55 69
16 46
75 45
82 92
45 136
27 171
46 50
45 43
24 108
44 160
84 86
25 12
17 33
33 99
38 100
44 192
14 16
67 130
64 85
69 156
85 31
60 82
28 142
80 69
45 24
72 46
37 150
74 25
94 133
27 165
25 187
67 35
28 36
24 88
73 20
43 166
86 159
41 124
68 197
62 185
13 55
85 154
73 90
37 189
72 104
50 66
69 131
33 149
95 112
32 90
84 69
77 176
75 159
90 184
44 126
99 188
92 19
40 188
58 110
84 155
38 152
32 160
58 146
47 61
19 134
72 192
52 40
25 85
73 87
76 166
74 58
17 197
73 93
83 179
68 182
66 72
17 189
55 15
97 151
33 13
42 29
62 142
59 183
26 92
99 107
55 116
82 31
91 45
25 118
92 151
19 191
95 32
100 87
98 135
59 137
65 133
41 154
37 60
73 135
38 70
25 21
97 18
24 132
68 169
40 111
76 139
71 176
29 102
37 41
28 112
64 186
93 146
79 153
48 140
89 182
77 141
39 29
27 78
40 46
47 191
98 10
72 91
100 155
91 82
34 40
38 176
72 51
45 176
66 183
56 103
77 159
75 200
75 35
22 129
40 158
37 61
89 92
59 200
16 147
41 54
38 87
81 24
53 16
68 166
63 149
26 174
25 145
98 85
46 93
58 85
86 167
67 52
10 122
25 118
81 145
10 90
78 57
36 172
24 138
93 51
33 26
32 15
63 40
37 152
19 138
38 186
33 16
32 197
73 123
94 62
19 142
80 133
56 112
34 51
62 62
63 170
89 172
86 82
84 109
13 146
24 104
52 16
90 35
33 103
92 161
33 59
38 163
14 112
34 107
16 136
55 110
87 102
33 102
48 104
10 50
63 113
63 24
78 119
96 166
32 19
45 21
13 49
74 71
73 48
10 125
46 192
27 100
52 105
20 110
56 69
20 69
52 116
40 135
80 145
47 68
38 25
73 65
71 75
13 36
43 137
38 130
21 197
64 42
95 65
69 121
47 114
77 140
16 129
35 97
96 186
50 71
17 78
28 108
58 74
38 99
34 106
86 151
38 70
62 24
39 147
90 93
64 180
82 123
36 140
18 195
41 19
54 169
33 13
80 74
57 53
88 79
90 13
44 72
92 56
13 41
80 64
22 97
22 190
66 164
63 74
32 97
85 67
96 182
65 175
14 160
45 40
57 19
81 102
15 128
49 179
55 185
65 127
25 120
24 136
78 89
55 107
35 126
38 63
10 55
59 197
15 99
60 87
82 91
69 180
66 193
59 20
90 66
42 80
53 97
87 102
50 80
83 151
34 162
59 125
68 85
40 66
64 191
14 81
84 188
50 133
43 84
78 178
39 124
38 137
82 129
29 186
18 37
60 195
76 184
68 71
42 105
32 63
13 136
59 188
62 38
54 124
77 107
82 95
57 193
51 62
87 81
77 143
88 26
37 141
99 100
23 89
18 173
54 134
89 98
63 30
27 85
100 81
91 88
63 55
53 18
92 46
90 188
87 19
59 137
94 35
35 195
14 75
16 100
19 74
23 141
99 157
95 81
88 50
41 46
48 84
70 45
22 155
61 120
89 58
77 135
84 127
53 62
62 118
46 43
70 161
22 98
53 43
29 188
54 173
43 44
98 99
48 19
24 124
36 39
35 28
85 120
30 138
96 180
12 146
33 37
54 40
58 67
52 139
90 21
54 100
14 32
88 147
79 64
68 182
67 85
33 80
10 167
96 188
15 84
54 12
88 83
75 81
57 149
38 15
93 186
85 15
51 138
66 48
36 43
50 85
79 72
98 134
42 15
92 50
18 120
40 23
42 106
57 154
10 147
51 35
84 108
17 139
60 35
16 58
60 71
95 29
28 154
34 37
12 118
25 49
60 119
32 51
39 168
60 112
80 28
86 67
89 190
51 14
29 47
50 127
13 40
33 84
53 121
100 143
35 178
28 87
49 87
93 176
45 166
70 180
15 24
42 132
65 85
58 71
40 20
79 73
59 134
29 56
22 58
20 104
22 193
86 188
96 152
92 146
47 50
55 144
87 15
100 111
33 55
52 78
72 182
60 128
50 88
32 181
77 184
63 16
87 108
12 77
98 157
22 19
18 181
50 83
71 72
63 142
24 179
73 195
53 150
16 75
28 117
71 187
50 174
47 98
90 17
18 175
43 199
84 184
13 159
63 18
91 72
84 160
47 181
53 10
43 75
45 11
67 164
19 104
57 33
97 62
97 178
49 27
51 41
61 198
19 110
45 65
55 199
67 22
75 169
45 175
86 131
86 47
13 186
22 75
14 154
59 93
76 197
20 128
83 154
34 72
47 175
55 36
50 163
47 27
49 105
49 187
26 189
40 142
83 17
79 36
24 200
14 113
51 51
70 78
48 199
79 80
25 88
93 190
63 189
44 194
76 51
52 140
71 56
74 35
52 133
56 45
96 192
19 150
91 200
32 59
36 179
93 24
89 101
71 129
42 63
69 194
13 123
62 155
56 36
43 53
94 62
81 113
66 57
51 108
86 102
11 97
74 130
81 159
43 136
66 153
72 52
45 136
99 100
29 177
48 114
69 129
68 129
46 42
55 116
98 53
22 119
16 87
56 73
11 112
91 166
26 63
18 31
16 25
20 123
24 113
14 42
15 25
48 95
22 136
91 187
87 17
18 163
90 187
42 152
16 77
38 196
64 169
47 163
53 182
22 29
32 134
66 148
52 22
42 196
60 43
74 171
35 131
39 158
62 180
86 59
20 70
54 30
60 93
98 89
64 90
87 12
90 160
77 185
73 14
59 165
40 15
69 133
30 68
97 76
48 20
13 138
96 192
86 176
64 163
75 193
56 162
67 88
31 189
77 138
51 73
80 84
74 58
63 37
62 96
39 198
95 71
21 53
69 115
62 182
42 104
12 142
51 22
34 52
28 113
29 24
53 103
67 99
63 105
74 111
79 72
77 164
24 65
26 61
47 78
68 91
68 38
68 102
56 74
98 72
18 146
97 198
41 175
78 44
82 43
71 115
70 75
51 81
89 106
29 165
99 187
31 189
19 101
37 108
97 56
56 17
67 56
66 85
68 100
91 122
10 107
80 59
62 126
70 145
51 107
92 48
75 178
31 130
28 139
29 108
100 29
30 30
80 120
64 117
100 89
13 165
69 109
87 180
67 189
87 78
45 78
73 178
54 165
74 167
68 179
51 132
68 180
33 116
73 101
11 132
57 105
89 166
51 132
62 39
30 136
41 14
80 45
55 80
23 155
59 147
21 110
11 174
87 52
98 11
37 112
85 144
67 72
80 42
10 121
41 158
43 191
12 59
92 189
62 57
39 187
85 98
37 116
100 198
73 151
37 144
96 197
10 112
11 41
86 107
37 37
49 29
14 48
99 75
25 50
100 192
52 182
21 122
33 194
19 77
17 184
22 71
38 121
81 71
18 162
57 125
99 31
69 38
28 43
98 118
44 90
14 131
97 41
82 160
35 15
42 22
54 69
61 192
83 79
74 153
77 51
89 50
43 64
94 154
41 24
21 23
13 24
78 167
40 18
83 103
66 174
24 56
31 20
54 44
87 143
57 141
28 130
55 100
56 103
39 103
93 159
25 22
28 82
59 51
68 126
39 148
19 80
60 154
45 85
98 192
11 51
10 55
54 158
43 155
57 41
50 190
38 18
61 186
74 33
67 193
69 170
27 92
12 155
35 152
98 99
85 79
95 120
81 111
94 90
64 149
12 179
15 133
85 184
50 99
57 144
52 178
66 74
19 197
63 149
32 80
48 113
75 200
93 94
97 121
49 18
53 138
44 52
98 196
95 32
40 42
17 28
29 123
31 145
58 133
54 89
61 175
88 195
87 68
61 105
82 127
59 92
13 122
100 147
75 182
65 33
99 158
66 99
62 178
73 43
35 171
53 156
71 157
38 140
36 81
56 47
52 170
59 62
61 107
74 30
15 21
19 145
27 140
47 93
26 100
14 49
53 91
90 37
14 167
88 106
71 11
66 45
49 137
85 105
90 139
52 143
67 192
24 163
90 144
79 47
34 193
19 125
94 103
18 165
81 119
93 106
93 56
80 156
89 81
58 70
39 176
35 183
77 134
42 97
64 22
35 132
57 64
82 110
98 30
11 47
12 178
82 124
68 128
90 59
79 130
88 19
63 144
30 94
25 158
59 167
90 159
30 197
46 189
50 192
18 23
20 23
62 26
68 45
15 16
39 143
57 35
56 85
40 187
12 45
55 193
88 136
62 144
44 187
35 81
94 185
89 38
70 106
58 136
32 189
48 79
11 144
42 149
68 94
86 18
43 101
85 175
39 174
54 12
44 93
57 160
93 190
95 98
11 64
54 102
32 40
11 48
13 118
43 192
31 122
95 175
23 32
11 93
25 110
78 178
52 192
12 114
86 168
60 120
66 78
37 117
22 36
21 82
72 164
50 168
36 117
74 142
23 156
17 179
31 142
67 102
73 136
70 158
66 39
62 147
87 133
73 15
27 62
78 126
54 174
61 145
62 79
46 73
10 133
84 134
39 28
20 51
20 62
40 78
63 97
24 20
44 122
65 11
87 147
29 43
60 41
74 54
15 86
67 179
64 158
53 127
55 159
74 151
96 188
57 146
60 65
79 148
74 24
72 194
76 97
54 125
71 37
63 60
91 107
98 144
34 162
63 83
12 81
97 175
95 74
74 186
41 119
10 149
48 126
82 138
63 191
65 164
69 53
80 131
11 96
67 58
27 178
13 21
20 155
81 138
15 149
21 169
22 100
68 43
47 81
91 61
37 78
12 89
37 81
18 115
59 149
26 46
59 95
58 196
45 108
90 90
100 99
50 157
75 19
90 59
19 36
37 173
52 146
58 69
75 136
33 15
96 159
62 31
85 164
39 115
12 171
33 161
45 118
40 103
43 150
48 38
80 105
88 124
31 106
64 88
65 179
46 138
53 200
30 181
72 176
20 55
94 155
92 60
69 144
11 21
31 148
53 136
40 94
86 114
92 64
75 54
52 129
33 169
72 163
86 113
29 109
33 129
92 186
14 148
64 197
24 88
71 29
49 17
23 73
26 148
36 134
24 181
27 26
36 34
55 164
49 162
70 138
50 126
14 134
37 118
77 53
15 73
34 19
12 51
41 22
14 52
35 33
62 74
84 24
58 73
62 78
65 50
33 158
45 195
77 82
58 42
39 129
17 62
34 28
100 63
54 114
49 29
49 171
48 200
51 12
23 163
56 140
87 152
10 43
32 200
19 79
46 83
97 180
10 180
26 61
11 59
83 182
66 102
13 184
17 159
63 16
19 132
26 168
14 86
80 50
73 160
33 160
90 160
79 22
66 158
15 194
83 37
71 129
74 126
15 74
82 141
28 28
56 70
87 189
77 40
13 53
18 191
75 55
18 186
88 111
65 130
94 194
98 78
49 130
38 77
15 123
92 97
100 146
85 192
24 125
15 163
64 44
16 194
20 126
98 168
14 144
71 153
26 97
62 103
93 90
89 43
25 54
47 187
44 130
27 124
46 32
38 45
62 84
54 167
38 60
50 57
30 74
93 176
41 52
28 31
23 114
10 179
87 37
16 170
32 165
41 34
72 23
84 96
83 141
21 118
96 39
15 38
88 18
79 108
69 148
69 36
14 37
20 63
71 191
38 43
66 159
24 186
55 148
40 91
89 178
48 123
29 40
25 154
14 177
53 121
55 34
19 28
98 173
12 115
63 103
78 140
63 37
73 56
52 51
44 107
17 11
40 57
52 171
98 102
13 84
46 136
78 181
70 159
38 35
97 159
66 66
72 33
28 68
52 112
47 60
27 149
85 60
98 115
67 51
99 42
61 50
44 33
53 122
14 26
38 99
34 118
38 95
92 92
40 64
80 105
83 34
11 19
18 94
56 149
57 152
24 81
15 171
100 65
24 130
93 60
31 77
63 27
77 132
31 159
88 146
64 122
25 152
90 99
26 76
24 192
69 50
44 40
49 20
87 125
64 19
68 33
22 166
60 92
38 193
22 104
99 149
11 153
40 168
63 157
15 110
83 82
31 63
11 15
39 50
86 56
30 127
94 180
74 142
85 32
51 156
43 117
72 142
80 194
88 132
74 165
36 119
30 57
89 193
81 89
73 14
74 136
19 37
88 89
37 199
11 147
68 37
81 58
79 144
57 123
92 23
76 151
94 168
38 148
81 82
27 25
74 16
99 82
75 88
84 55
21 72
80 39
29 99
35 112
73 151
45 130
29 134
99 139
70 100
22 83
98 180
56 79
83 71
72 50
93 112
23 34
93 131
46 116
70 185
37 85
69 74
23 120
45 107
28 121
65 10
71 168
32 114
14 187
33 18
25 145
84 166
83 137
85 97
14 138
15 93
12 15
66 49
80 177
55 49
32 164
54 112
89 29
73 20
43 21
31 64
39 183
50 190
98 137
20 15
95 158
97 109
16 77
40 154
80 115
100 140
57 42
96 52
28 89
55 88
81 103
74 100
98 183
11 69
65 19
60 38
36 185
73 175
34 129
82 104
50 143
70 134
88 129
23 57
49 60
31 151
98 99
19 81
71 174
53 44
31 36
11 172
38 31
17 94
94 118
84 14
87 97
57 34
71 158
44 54
92 37
19 13
22 89
47 51
93 67
89 89
19 192
89 127
80 28
64 184
64 52
70 186
53 170
79 177
13 134
49 200
40 70
83 131
41 130
14 55
37 100
64 124
45 184
47 125
27 105
51 181
64 140
86 130
54 50
46 79
93 150
14 157
61 102
91 180
70 80
41 61
88 180
97 83
64 47
47 18
24 128
63 133
25 30
11 19
28 181
42 44
49 200
96 183
87 99
54 166
80 40
70 161
98 23
53 196
25 62
59 24
58 46
34 68
76 31
96 128
35 199
13 154
74 197
37 120
47 142
33 108
84 146
10 183
21 123
21 41
23 12
83 199
45 46
98 106
95 178
14 91
85 60
57 196
70 23
35 186
83 22
88 128
13 151
63 138
58 109
13 91
98 69
95 150
55 190
54 185
49 122
86 164
83 175
98 50
80 96
23 165
97 140
44 87
68 45
23 197
34 37
12 55
66 20
27 192
53 94
23 19
46 116
41 31
95 154
88 99
78 141
53 169
27 168
37 183
47 92
64 169
30 133
18 37
81 84
24 187
60 47
41 26
90 191
41 64
26 176
37 15
46 38
31 40
30 29
11 53
61 46
54 74
12 101
85 133
51 163
69 164
35 159
77 196
34 71
78 137
53 55
98 197
48 117
14 146
93 71
51 113
52 53
88 97
74 121
90 140
33 14
42 126
57 105
90 156
43 23
84 56
36 34
37 186
25 78
59 121
65 141
24 68
21 75
23 172
91 29
62 90
23 14
35 18
30 148
67 97
100 55
12 50
48 16
25 64
34 179
34 67
37 73
21 148
66 125
86 123
90 52
33 20
58 61
35 200
90 182
95 12
96 60
40 173
89 145
59 163
83 55
28 64
84 189
20 78
81 187
22 100
97 47
36 129
57 151
49 163
70 46
15 13
93 83
24 197
17 33
74 141
19 32
63 40
49 72
60 168
32 120
53 130
71 21
90 99
95 200
43 117
34 69
46 176
47 139
77 160
33 153
44 84
97 139
16 39
34 21
64 102
54 85
38 132
50 80
58 81
18 103
24 159
39 151
38 104
20 128
84 94
55 176
56 77
41 103
12 158
81 124
75 89
91 81
49 118
46 40
91 52
52 198
66 116
28 156
20 80
61 118
88 177
37 176
74 29
59 172
50 14
97 58
65 116
97 125
80 101
27 65
66 131
37 187
13 53
78 100
100 48
70 131
62 123
48 89
82 196
65 162
90 168
26 136
64 160
75 151
18 36
29 47
24 90
59 25
28 20
94 122
29 123
32 94
76 170
69 30
29 77
97 40
11 45
26 139
35 26
62 99
46 117
35 200
92 14
40 173
74 151
54 116
49 158
90 152
99 25
35 158
100 198
91 148
98 153
29 80
61 188
46 43
26 150
19 144
55 100
43 43
35 32
92 136
26 170
51 173
56 103
97 121
24 117
19 176
56 167
24 82
19 68
66 102
31 191
59 14
77 175
74 131
43 17
92 30
100 187
37 15
73 145
64 54
36 184
25 144
64 119
52 149
89 153
25 38
46 108
65 55
30 124
41 123
57 107
38 130
29 158
28 48
15 104
41 177
17 134
78 81
48 179
98 72
37 70
63 118
51 177
13 94
57 13
50 52
84 171
23 46
60 150
57 75
76 167
98 153
61 36
70 164
57 53
90 180
44 148
75 146
33 125
72 45
75 67
10 59
15 81
24 10
17 170
31 96
77 182
82 57
19 93
90 43
72 89
13 114
48 175
16 194
55 89
14 26
52 138
42 197
81 161
23 60
81 137
50 87
79 37
85 169
35 166
53 100
70 68
29 103
34 64
41 132
67 147
26 133
12 45
30 114
67 169
50 169
94 154
58 66
74 10
22 123
33 58
23 41
38 49
63 170
85 74
59 89
56 93
24 94
86 163
58 189
94 183
16 58
51 33
38 139
23 161
77 42
31 96
55 146
49 29
39 37
65 60
38 125
25 151
85 114
12 59
69 66
57 80
62 190
57 73
21 170
93 179
70 64
95 97
91 200
86 137
84 52
16 188
77 152
81 197
48 50
20 180
59 108
45 65
64 197
64 24
25 173
80 190
33 112
25 58
34 23
96 182
67 194
46 53
86 128
58 33
25 138
94 119
88 84
48 155
84 123
79 91
20 38
100 144
50 179
20 72
79 198
99 101
71 66
42 137
23 59
43 28
74 184
29 76
82 154
65 14
31 44
80 14
72 187
38 55
56 161
49 32
72 14
87 150
44 132
15 121
88 89
65 190
92 119
75 174
67 108
91 13
52 94
83 79
65 200
35 111
39 63
62 140
37 121
60 172
83 40
44 33
67 52
84 35
46 100
85 98
13 30
54 184
62 131
70 38
27 177
92 111
86 116
20 118
18 174
10 80
88 194
24 145
60 138
30 50
73 191
26 56
97 39
85 146
23 114
39 133
66 158
12 163
90 107
43 122
45 182
15 106
95 161
95 43
43 42
13 169
82 21
45 64
16 98
91 54
37 197
76 135
12 43
60 48
54 189
16 63
90 27
38 146
94 32
91 97
100 83
96 131
40 124
60 158
22 16
82 44
32 10
58 178
52 109
42 26
27 30
10 89
76 39
53 69
78 56
22 159
54 65
59 24
10 96
84 190
21 26
25 127
39 45
84 104
44 142
39 62
27 191
30 75
86 19
79 146
32 111
94 186
98 37
24 166
23 24
73 46
80 31
30 79
24 89
53 53
83 138
35 58
39 91
18 191
44 56
40 156
77 105
96 167
39 162
88 76
71 131
40 38
65 141
76 84
27 124
90 94
28 76
25 10
32 86
34 57
74 170
86 132
51 188
41 28
17 74
87 147
60 73
44 190
40 125
94 55
93 22
74 100
61 124
67 67
77 135
12 175
71 160
17 192
85 48
56 118
48 148
86 150
21 82
21 46
94 56
26 45
51 95
59 168
96 80
84 39
32 160
93 131
36 131
68 88
11 198
66 146
18 81
46 200
89 78
89 172
25 170
30 13
74 164
30 94
20 49
21 70
53 148
51 162
67 157
54 91
86 67
71 120
41 144
95 135
81 198
10 157
13 135
79 52
79 196
63 176
67 80
47 65
41 79
52 140
61 110
29 10
32 78
57 172
22 83
83 76
87 34
70 69
84 35
84 100
10 91
14 87
74 154
77 32
93 34
66 102
41 35
53 123
37 67
79 159
14 22
23 64
24 101
44 48
84 79
22 192
26 57
14 165
31 64
59 77
26 193
30 43
26 94
19 166
35 72
19 134
66 193
30 164
68 134
40 64
44 184
90 15
32 145
13 84
38 33
83 130
94 121
10 87
38 142
25 177
23 20
56 132
20 120
75 140
56 163
84 99
20 70
13 198
66 119
48 57
86 54
10 179
87 163
14 191
36 152
41 151
17 99
45 18
80 43
23 84
78 164
79 163
32 121
29 60
69 62
99 193
14 129
12 93
26 103
31 38
89 50
18 60
13 105
41 170
27 59
72 177
67 69
83 90
12 120
93 41
49 91
41 100
70 71
60 144
49 89
91 39
97 173
88 112
16 191
46 80
89 168
27 128
75 185
97 16
28 192
65 97
97 116
73 136
39 24
14 140
66 73
33 75
57 102
25 178
55 101
49 198
86 103
51 95
29 155
17 12
89 183
67 72
69 108
67 96
24 98
56 46
83 48
97 49
52 110
19 75
90 95
93 69
78 42
14 96
43 121
61 177
85 19
33 45
20 67
30 83
78 10
69 160
18 30
16 31
39 69
74 154
36 12
56 142
63 42
28 53
36 170
82 99
60 89
80 161
21 87
59 144
39 153
12 169
82 146
62 147
87 107
93 158
55 157
81 188
25 193
31 163
94 103
61 15
33 17
41 171
94 31
51 24
16 39
33 190
25 194
24 32
37 80
78 53
72 123
16 68
73 115
38 120
56 82
74 21
46 113
78 195
57 119
78 129
34 44
67 167
49 120
68 149
51 191
21 70
57 99
62 94
18 149
49 43
96 173
97 153
43 59
50 40
18 199
15 159
82 121
99 69
16 136
60 74
11 76
86 105
15 85
94 190
54 25
94 98
18 100
97 95
81 19
95 138
26 106
86 72
35 65
29 100
50 14
68 160
67 121
25 66
17 76
11 50
14 101
63 100
11 32
82 161
58 110
35 92
76 15
35 97
20 129
59 82
50 195
27 35
33 141
95 132
68 181
54 119
16 176
11 93
28 25
54 60
22 163
67 174
69 118
15 82
100 100
93 192
45 40
72 31
69 173
62 30
78 170
24 78
76 169
18 143
62 36
87 130
57 179
25 11
98 185
58 177
48 59
99 192
22 59
68 103
89 188
87 198
51 83
67 124
81 36
37 57
54 124
70 74
29 102
43 43
31 170
40 15
94 31
15 152
62 62
13 102
55 21
87 28
54 187
76 181
44 51
30 119
79 36
15 90
91 79
95 59
55 154
44 112
25 104
16 77
76 152
44 27
26 112
44 124
90 31
58 132
39 131
38 82
84 55
86 108
98 106
11 17
13 64
90 100
12 194
59 135
32 179
25 175
39 42
71 31
86 192
14 148
22 26
11 123
38 34
86 39
66 30
40 33
13 177
14 85
42 133
46 160
72 185
28 45
37 53
82 101
34 41
53 31
82 112
96 163
41 18
62 88
48 60
83 157
38 77
56 50
12 96
50 155
17 177
37 118
36 77
20 107
21 101
60 31
71 95
28 162
52 198
80 176
89 195
95 127
66 18
49 93
97 189
59 196
36 58
64 16
75 165
76 99
54 64
95 113
43 126
97 95
19 179
38 23
92 25
77 88
37 130
41 149
30 39
16 105
93 100
71 77
24 47
15 164
34 131
99 93
38 184
15 192
34 70
98 157
83 189
89 152
52 36
22 58
90 87
27 17
15 86
11 63
88 95
13 89
32 137
79 71
60 194
61 104
44 133
80 183
32 117
53 83
15 78
100 52
10 105
40 132
69 157
51 170
28 54
31 66
18 74
64 123
10 55
33 165
37 99
78 142
34 102
87 194
11 167
51 147
30 95
33 97
38 106
98 136
44 181
23 175
83 163
38 156
55 157
81 38
63 110
95 106
95 16
43 25
84 156
61 66
27 61
55 136
75 85
28 173
89 107
24 132
72 87
16 120
66 51
99 155
61 162
33 198
90 193
51 140
13 175
40 43
11 193
93 58
55 84
85 155
15 20
30 72
14 17
57 174
40 174
52 54
64 32
46 102
95 63
80 186
68 104
81 129
22 40
45 17
48 197
26 118
81 91
47 147
72 15
18 23
65 92
56 136
89 130
88 152
58 114
97 64
41 199
84 125
67 159
73 165
64 115
38 14
88 84
46 139
31 92
78 90
31 40
30 111
41 54
18 164
38 42
67 18
98 53
75 90
86 87
49 200
52 149
10 41
14 198
52 134
54 143
37 108
15 39
47 154
28 136
88 84
76 179
79 51
57 47
55 55
71 29
45 159
71 124
69 22
45 182
64 55
93 182
27 141
11 36
60 138
73 78
92 151
17 148
76 100
40 144
23 152
23 66
39 154
56 122
76 123
71 156
44 72
83 186
77 191
42 163
29 173
90 15
17 109
44 136
78 181
29 19
91 65
11 85
43 77
81 196
65 123
10 11
31 109
77 40
84 199
88 49
77 55
77 138
37 28
46 28
11 187
58 174
61 125
39 103
33 78
65 12
78 71
13 197
10 22
61 92
14 73
50 34
42 198
82 116
54 101
91 68
46 184
65 173
24 134
16 121
29 186
52 192
89 171
23 71
51 90
36 24
38 127
53 115
19 54
57 184
16 199
72 53
49 148
66 133
29 135
64 83
97 20
63 20
77 128
91 163
12 77
90 183
73 46
81 140
30 162
45 56
38 39
96 186
97 159
94 59
86 184
81 57
26 72
84 174
72 183
37 29
71 156
85 75
59 143
79 126
93 172
32 108
47 116
60 10
95 12
21 11
65 34
79 11
52 159
91 131
52 155
51 44
44 196
74 146
54 136
52 85
29 66
83 131
54 77
62 67
12 11
81 108
82 138
65 166
37 106
48 81
36 90
19 182
41 24
80 66
88 21
47 101
58 146
89 48
78 196
66 135
40 17
64 76
59 164
45 63
91 194
83 141
89 49
50 158
91 72
30 79
14 198
11 172
12 45
81 200
57 158
23 59
47 21
98 132
22 31
99 44
42 141
83 97
35 119
66 87
69 111
57 107
69 148
53 74
64 109
51 22
70 29
60 53
58 39
29 37
54 182
90 75
99 89
70 124
21 38
12 32
75 179
70 92
33 29
68 108
100 28
61 17
89 35
93 144
31 57
88 116
38 85
78 194
66 165
77 16
35 141
36 177
91 11
60 67
72 45
26 150
89 151
57 145
51 38
94 41
23 81
27 157
21 171
95 165
41 90
70 151
12 52
83 161
55 38
32 97
22 58
14 148
79 24
57 197
26 25
71 172
85 27
44 96
82 122
89 146
62 52
59 53
71 66
36 161
36 97
59 179
59 115
28 166
41 84
73 24
79 21
87 39
85 180
76 48
75 198
59 125
39 101
16 178
48 25
42 94
53 16
92 57
17 42
56 93
85 197
60 15
26 137
43 45
84 181
84 39
91 89
48 71
13 143
46 159
13 199
42 93
31 137
75 148
97 175
95 85
13 160
61 200
16 168
46 34
66 162
48 148
80 38
93 53
19 56
51 152
32 76
86 103
71 196
62 194
44 102
11 184
26 11
83 193
18 49
22 139
66 124
10 73
25 138
44 145
47 162
47 82
32 152
39 84
46 46
76 161
64 190
44 43
92 149
66 13
99 118
55 42
55 71
62 36
48 43
59 36
45 111
71 53
82 82
22 54
53 27
23 99
82 193
87 29
37 11
90 173
47 18
90 194
90 132
80 100
64 23
38 12
87 55
28 30
61 26
11 66
99 101
74 72
89 132
15 78
29 158
51 96
93 55
75 68
61 131
35 185
45 106
40 90
25 86
53 100
15 197
98 158
50 155
83 33
85 154
54 63
47 143
32 100
51 59
75 18
14 159
80 168
26 33
35 59
86 11
35 54
12 148
58 138
56 74
44 32
45 84
97 174
99 55
38 58
43 52
67 129
11 102
50 87
74 166
77 99
70 106
12 17
50 189
78 190
17 105
90 103
62 141
51 27
31 161
25 113
81 175
65 12
45 149
26 45
60 46
30 124
57 100
17 39
46 97
19 163
59 84
22 25
10 175
87 33
95 130
12 137
47 20
73 193
52 94
54 117
45 16
84 116
60 184
69 37
39 186
12 116
39 99
62 128
40 164
79 199
13 130
62 40
28 141
48 121
41 105
34 177
83 89
48 60
61 37
92 187
85 121
78 148
72 55
17 106
40 70
53 145
83 83
100 152
57 29
33 70
56 143
43 78
27 129
34 160
15 59
31 44
36 91
30 33
54 79
27 166
39 55
44 150
38 107
39 164
99 38
52 116
36 69
46 46
84 156
86 189
48 185
41 49
32 36
90 11
15 192
23 65
93 99
74 165
55 172
32 187
82 173
60 193
23 108
25 51
28 77
85 111
70 84
58 126
40 44
31 36
70 138
44 72
55 139
46 75
36 198
69 132
97 176
26 33
41 174
69 180
58 148
80 123
31 61
36 175
74 41
61 144
54 135
58 48
28 108
79 196
80 17
62 119
84 72
11 87
35 37
74 129
22 168
64 27
43 133
21 159
100 45
66 154
83 151
69 43
35 148
18 198
12 177
43 160
65 101
63 105
13 125
90 125
97 96
75 178
96 178
100 14
75 81
64 14
43 172
75 124
34 119
35 96
70 80
75 155
28 115
40 120
44 126
63 166
89 30
34 61
40 100
95 63
15 45
43 24
82 126
32 147
17 102
95 151
95 111
64 164
22 198
97 76
94 140
51 134
13 197
29 32
78 94
28 89
35 187
11 179
32 62
38 191
61 12
15 147
71 90
68 150
42 15
94 10
77 101
71 170
89 185
40 16
66 142
66 29
73 20
24 84
18 168
33 48
55 36
24 104
77 139
63 25
64 112
98 154
16 193
37 145
20 158
77 100
41 89
84 49
27 161
98 184
31 187
57 119
38 59
55 151
17 109
23 175
26 12
64 46
41 72
43 47
74 175
43 141
70 78
18 197
42 102
75 179
16 54
55 144
93 154
49 135
17 81
87 95
89 59
73 144
58 155
33 141
80 118
91 58
10 82
89 67
85 55
21 83
47 177
90 23
66 155
56 35
17 79
24 153
10 95
79 48
56 98
43 22
48 103
91 22
49 136
43 170
58 159
24 79
74 113
89 108
59 62
66 114
94 54
24 80
30 174
69 10
75 141
28 99
52 127
24 40
14 35
23 65
65 96
20 119
58 71
30 87
60 172
35 76
83 79
27 199
59 108
96 137
50 65
63 105
48 159
45 89
33 157
31 190
50 122
79 73
57 168
14 128
49 164
39 177
42 183
51 129
95 196
95 152
22 135
53 86
87 12
83 121
47 153
24 34
61 39
47 79
56 69
40 158
44 43
42 131
42 153
47 150
82 159
89 52
52 191
71 29
29 137
66 197
19 71
69 175
36 139
41 141
20 71
56 96
57 76
47 186
34 98
80 20
79 80
26 183
62 56
77 85
56 186
64 115
21 123
52 169
93 155
100 104
70 50
20 164
98 38
70 180
94 105
17 47
33 118
20 67
37 74
29 168
82 67
65 128
33 14
57 63
52 48
27 28
29 191
93 48
47 152
64 19
27 61
30 97
22 119
88 132
80 139
49 64
17 24
16 29
74 99
18 200
37 83
55 46
26 30
35 135
25 124
20 93
77 21
45 165
33 155
92 134
56 38
26 133
98 191
19 93
13 56
68 69
16 131
49 45
22 34
11 166
79 157
32 145
32 60
61 141
15 27
75 142
46 84
95 142
41 70
85 198
31 138
54 88
64 15
76 62
83 136
66 200
70 97
33 81
17 96
10 174
90 108
55 12
30 55
86 99
16 190
75 53
22 197
82 38
37 76
69 41
52 129
87 94
76 27
12 185
58 30
76 48
42 138
90 153
33 37
39 99
98 182
84 187
48 117
12 11
77 148
47 17
21 116
39 135
43 110
87 67
98 120
55 102
46 189
17 63
35 141
61 63
29 137
96 144
64 107
41 59
85 30
21 164
65 179
46 90
98 39
15 63
84 74
51 29
74 53
51 100
21 77
84 150
64 46
98 79
93 81
20 19
33 15
36 80
34 71
12 117
57 150
80 72
84 168
77 120
43 38
18 26
46 15
85 130
34 102
43 16
92 171
57 117
37 19
66 36
71 21
100 25
38 156
20 50
26 43
85 134
68 22
67 188
47 138
30 113
50 160
14 34
70 156
19 173
60 194
38 112
59 163
10 20
69 57
24 62
61 64
98 195
17 181
48 138
32 120
42 170
48 182
30 54
23 11
30 169
30 46
56 53
48 28
28 138
29 136
19 199
57 51
24 87
51 196
71 162
10 88
61 16
65 169
18 50
73 76
67 187
13 110
88 132
31 115
39 46
10 125
47 83
71 80
20 188
78 197
47 12
10 101
80 19
42 91
60 83
43 90
78 113
39 121
15 162
71 148
28 119
99 86
82 37
26 173
98 53
91 185
89 97
59 85
73 190
18 178
23 145
50 154
15 122
19 113
19 121
71 103
69 144
56 52
54 156
59 17
83 15
49 75
57 144
55 52
52 116
15 48
31 152
73 151
51 87
26 169
79 158
51 80
72 49
51 95
31 159
84 25
66 160
91 110
84 41
95 57
62 47
71 51
72 109
36 85
41 77
90 15
56 137
20 149
90 29
97 24
78 179
78 186
66 121
18 63
67 91
55 142
66 28
27 162
21 28
13 113
59 133
62 164
86 48
85 89
50 189
49 89
79 155
23 150
10 159
10 70
51 135
11 22
70 60
61 80
35 41
86 17
20 167
51 55
74 149
88 94
71 58
58 148
69 46
46 100
19 144
16 110
54 16
83 53
91 117
20 157
62 171
26 156
98 200
85 164
56 178
10 107
62 51
82 60
46 17
17 126
81 133
31 50
85 192
65 26
64 81
71 100
89 180
51 11
16 99
19 149
24 44
59 123
85 144
24 16
22 124
92 123
98 10
81 38
42 100
74 122
92 49
75 66
84 110
28 51
68 76
70 96
63 67
21 38
22 13
30 195
19 188
81 26
87 124
53 11
23 121
79 37
24 178
47 200
86 195
14 129
55 63
88 192
19 77
18 187
88 86
19 51
13 142
68 106
13 134
36 122
53 96
85 35
20 86
28 195
50 141
11 185
60 182
67 158
15 50
53 150
67 146
16 43
51 102
24 164
10 90
89 123
17 56
74 70
21 47
40 56
78 200
74 194
47 61
59 60
68 94
62 70
64 44
22 139
96 64
76 14
39 200
12 141
54 140
43 200
31 87
43 177
31 130
89 88
63 143
74 125
49 160
73 111
56 111
87 151
74 164
10 153
43 147
65 40
96 116
69 84
34 129
79 101
35 97
76 83
14 117
35 110
91 14
35 91
45 104
51 124
38 61
37 74
71 159
75 105
16 156
46 90
61 84
11 177
46 182
37 31
43 100
20 18
23 186
33 41
20 197
84 191
79 52
73 77
29 181
32 120
43 196
82 64
46 33
80 93
22 133
49 148
31 89
42 150
57 99
19 198
93 180
69 166
83 74
74 76
78 36
53 12
27 16
68 144
16 163
99 67
16 163
37 141
59 182
89 160
88 136
90 189
70 189
14 181
53 39
17 151
91 86
58 131
85 63
34 166
62 123
73 134
86 58
76 171
32 29
29 155
41 131
16 114
31 140
52 47
15 184
58 56
73 163
67 174
31 74
64 85
93 184
68 94
54 148
38 115
23 37
12 144
30 33
54 122
45 185
24 154
72 147
10 37
42 30
54 190
75 161
100 125
99 127
62 198
81 116
81 41
10 194
11 123
17 75
71 33
32 194
57 49
75 29
92 92
77 120
69 178
16 168
89 46
16 176
19 182
93 189
44 56
90 63
77 74
18 35
13 200
13 95
87 11
70 158
84 198
77 186
68 169
91 121
51 92
96 113
47 200
67 129
98 127
43 46
34 132
39 109
98 111
50 191
73 174
25 26
35 46
24 168
38 199
48 85
28 29
55 175
11 111
63 96
49 107
36 50
27 46
63 181
23 18
25 102
38 162
95 175
49 141
19 78
41 96
72 73
17 140
78 134
93 164
70 101
15 173
67 121
78 134
64 199
85 116
40 146
36 17
38 141
61 106
69 131
21 183
13 129
58 86
53 185
37 103
98 153
72 48
28 127
83 18
95 158
24 24
42 44
76 67
79 44
34 14
81 199
79 13
26 131
82 10
93 150
81 22
15 21
70 188
56 75
69 84
72 163
37 149
32 185
90 25
93 22
12 15
58 60
75 159
87 119
96 117
82 83
85 183
46 10
37 75
59 18
95 99
41 112
50 20
88 96
81 136
70 99
71 140
43 194
18 151
54 100
61 193
97 18
39 110
52 166
87 106
78 189
47 188
66 85
89 17
97 99
50 101
69 129
46 180
18 195
85 34
21 41
15 111
98 23
13 79
81 39
67 197
88 23
30 140
17 36
22 114
40 135
69 157
73 111
27 197
22 88
98 191
100 70
57 180
26 134
100 84
67 77
55 35
32 87
60 33
46 178
59 81
34 185
92 18
49 186
42 192
73 36
47 13
21 126
86 191
71 84
34 89
67 146
44 64
33 122
45 179
65 45
61 55
75 87
13 137
23 69
37 157
91 153
75 34
47 17
92 173
98 111
98 64
20 18
69 122
34 26
65 73
61 150
42 125
31 26
65 142
43 33
84 23
82 123
51 98
17 105
36 42
75 143
85 106
28 36
45 125
20 118
95 148
79 128
59 159
88 190
99 50
68 63
70 19
40 166
31 127
70 190
32 99
97 56
45 127
77 22
30 169
43 39
21 63
68 54
38 145
10 156
93 55
72 92
71 16
90 185
65 140
65 115
56 150
20 55
93 64
34 140
37 63
54 184
41 192
36 151
83 71
59 164
58 137
54 24
85 125
91 99
18 26
90 137
34 186
71 86
50 92
56 116
24 60
42 84
37 149
79 199
21 152
11 169
58 39
68 54
14 13
45 62
68 146
93 61
51 192
34 23
21 28
85 28
42 72
81 142
11 148
96 51
50 125
61 10
68 47
56 152
41 18
10 114
43 23
53 128
18 145
38 109
74 114
18 42
55 51
92 40
65 158
85 133
100 136
65 80
28 199
55 44
65 56
20 182
47 156
82 117
56 93
92 64
85 165
89 27
51 113
49 49
29 151
19 165
86 126
11 58
48 87
79 130
64 84
10 45
14 63
72 131
54 190
43 165
62 146
30 13
27 39
72 141
73 67
81 88
18 184
79 128
54 94
22 25
100 11
71 199
57 56
81 10
59 179
55 21
62 191
41 194
61 111
42 52
47 84
98 173
21 132
28 128
87 170
36 184
15 48
52 57
94 176
79 152
64 65
80 77
62 199
75 118
23 27
25 99
47 112
69 180
89 14
40 81
81 95
77 189
64 90
65 48
68 136
25 19
67 196
64 90
15 169
20 125
99 180
96 130
48 150
20 169
68 39
81 150
16 126
52 100
38 195
43 70
50 172
81 165
17 178
15 183
90 73
58 198
14 187
50 157
33 58
58 91
100 187
94 76
48 191
93 117
14 126
36 137
11 78
79 85
68 145
47 44
26 41
61 82
10 12
53 154
23 198
79 182
93 119
46 139
70 45
71 115
81 75
82 79
66 142
53 41
61 87
97 138
85 151
61 136
21 92
36 35
69 168
65 116
39 107
18 16
92 121
89 124
92 163
17 151
10 22
98 34
51 101
92 17
52 193
91 26
19 75
51 16
84 123
56 162
69 19
91 184
23 111
50 138
67 144
25 20
71 113
82 77
71 49
27 100
24 48
92 182
51 11
28 168
65 154
64 166
18 97
11 137
87 101
89 114
61 196
74 44
44 34
23 157
27 185
80 149
11 162
82 135
30 141
39 109
37 53
73 101
47 45
29 181
78 124
40 24
39 83
40 72
58 181
40 24
47 74
69 18
43 115
53 42
14 89
49 15
92 58
94 115
48 156
25 73
84 32
70 65
21 179
48 56
17 167
60 167
87 54
56 131
86 162
10 80
98 147
85 25
77 13
81 133
53 46
56 104
67 127
66 185
42 107
26 108
82 122
57 147
21 71
15 148
27 84
87 94
17 125
68 48
65 60
24 152
61 188
24 154
11 36
76 63
85 191
46 50
31 34
51 100
21 109
38 139
24 109
17 35
11 175
31 195
76 65
91 142
68 23
34 179
48 55
67 27
54 23
52 191
22 120
33 177
12 150
62 55
93 13
65 125
97 166
77 34
48 87
79 95
89 83
92 184
65 149
22 16
24 134
10 54
19 110
22 116
12 11
55 130
60 62
69 15
21 186
100 92
29 27
82 15
81 94
98 50
85 43
71 27
36 98
51 42
22 135
20 78
54 130
35 164
91 74
41 31
94 29
78 165
17 111
47 160
48 181
13 38
16 100
47 12
99 160
40 16
68 13
51 74
31 126
42 137
34 196
77 92
66 92
19 84
29 48
41 19
53 64
53 86
72 158
54 17
41 167
98 55
51 143
36 125
41 147
47 80
58 40
62 179
30 18
14 159
81 95
70 118
43 59
46 170
28 127
37 146
92 22
74 85
90 131
68 23
86 83
12 63
82 76
20 57
35 116
14 174
23 196
94 194
12 152
77 104
46 162
97 183
55 61
50 151
88 112
81 103
39 100
15 98
47 188
77 72
94 173
95 125
35 193
79 65
81 125
75 43
22 30
34 82
59 150
27 108
44 17
18 45
44 157
48 94
56 123
69 90
21 67
73 85
14 167
91 25
23 121
28 168
90 140
18 67
25 93
10 162
50 187
49 50
49 175
81 130
64 112
61 35
29 46
38 50
93 94
72 94
47 157
58 190
41 145
92 198
18 42
32 150
64 10
95 184
58 147
23 115
77 145
67 71
62 94
84 15
77 41
76 13
99 26
67 128
53 71
49 21
66 129
18 123
95 195
48 125
40 63
81 43
90 22
29 32
59 58
21 83
21 171
66 120
74 124
48 170
43 186
40 110
74 164
82 64
13 173
37 121
99 61
12 77
72 79
18 192
88 149
19 59
32 195
71 150
98 16
75 125
76 122
57 149
15 101
72 86
75 34
14 164
33 172
40 193
56 131
24 20
30 79
59 20
100 60
11 13
18 100
17 102
44 197
88 140
56 97
21 35
74 44
74 50
50 29
91 100
15 25
55 29
93 23
95 180
50 42
68 152
90 155
42 188
39 115
90 69
41 165
86 145
44 105
65 81
25 48
96 74
24 125
73 191
17 188
24 33
80 198
14 195
20 49
19 125
29 131
14 178
26 100
83 138
65 128
60 140
56 11
27 50
96 140
93 108
74 55
22 168
15 106
76 25
80 166
82 122
100 146
40 13
39 21
93 83
76 194
38 127
61 26
18 164
99 51
75 105
34 25
78 138
30 78
72 88
54 115
62 130
93 99
33 117
67 140
80 92
31 12
28 171
79 29
92 49
54 49
65 179
70 60
71 198
12 113
90 162
49 85
64 100
97 90
80 127
65 28
22 174
83 71
32 92
84 100
55 194
97 119
15 25
70 132
19 119
35 119
28 84
67 37
32 189
31 182
79 137
24 168
36 52
85 76
75 184
88 109
59 149
94 171
68 18
57 29
34 136
39 73
73 154
51 185
21 17
97 101
22 18
98 77
33 162
22 60
67 131
28 121
47 30
43 86
37 14
99 200
35 42
30 195
86 163
56 172
98 188
66 158
79 174
74 100
63 190
27 101
85 152
45 42
73 125
53 55
30 22
23 113
95 139
71 84
69 107
93 136
86 161
38 112
76 140
83 112
87 26
20 70
98 45
73 162
49 41
32 133
84 83
96 142
43 143
21 156
45 114
30 156
80 197
11 51
76 112
100 87
10 199
49 117
82 93
85 47
55 107
16 190
69 14
70 44
30 168
29 18
12 125
66 167
23 74
90 79
14 13
67 147
98 148
28 67
45 176
26 155
73 95
44 106
88 75
60 90
49 196
53 136
82 105
32 85
39 132
10 188
63 154
64 137
90 18
56 132
48 119
40 89
57 52
15 147
42 191
32 195
97 168
85 150
47 54
90 84
44 32
73 134
19 26
73 77
73 130
50 40
16 128
85 96
55 170
24 154
71 90
30 168
75 121
99 163
37 186
51 17
40 129
84 15
14 54
65 191
38 124
50 66
49 184
24 65
40 15
97 135
38 200
31 186
84 63
41 130
70 59
44 100
59 99
28 144
36 30
93 161
15 199
25 39
67 168
64 157
85 125
61 111
39 15
42 88
64 87
86 151
72 188
12 135
63 190
47 73
31 77
70 198
72 93
97 80
40 143
53 76
19 118
92 34
49 94
23 12
77 186
53 150
98 48
68 81
39 196
11 91
98 42
12 160
35 137
78 197
21 88
44 11
51 70
31 162
38 183
55 190
59 161
52 163
70 44
69 58
41 53
76 146
58 49
24 32
40 179
12 99
39 113
35 105
51 149
32 193
17 73
84 120
38 121
76 54
62 161
22 38
68 63
48 89
29 101
26 100
71 153
26 157
44 90
79 104
24 161
63 181
40 79
50 79
52 26
82 189
23 47
60 181
45 44
23 193
77 24
93 35
37 103
46 76
23 86
55 42
41 88
75 92
34 179
19 22
94 128
43 25
12 71
14 87
54 108
28 62
37 15
31 133
83 113
89 135
62 191
50 79
68 33
82 79
94 166
31 49
45 113
74 80
20 81
48 124
75 102
11 146
39 107
29 59
54 121
72 53
13 172
62 32
90 105
81 71
51 35
50 175
29 18
50 157
54 56
73 113
16 77
84 99
61 170
20 38
19 175
36 44
57 24
10 16
48 11
46 179
46 31
92 19
62 30
74 142
28 89
50 67
74 146
86 174
89 169
18 49
41 126
37 133
50 184
88 59
72 37
94 66
72 35
89 111
25 84
92 165
24 118
84 140
28 31
39 21
28 159
68 177
46 178
10 47
48 91
36 190
37 168
80 20
13 164
85 69
46 163
24 31
71 77
12 155
84 119
58 131
42 48
78 196
36 59
63 199
83 151
47 102
72 65
72 133
48 55
57 110
86 47
62 110
86 158
61 55
58 30
88 188
88 149
31 106
97 47
15 160
54 114
16 149
69 185
54 62
88 95
72 69
90 137
46 89
50 54
61 183
70 175
14 178
66 196
88 143
91 31
59 51
99 197
59 147
59 115
91 42
31 161
37 175
11 91
65 12
33 40
66 53
26 198
13 150
59 148
99 57
47 15
83 125
38 133
28 14
25 69
87 69
88 181
73 160
87 119
94 27
16 191
66 198
83 135
14 182
22 61
44 72
76 149
20 112
38 57
91 119
65 196
52 158
91 42
95 68
69 102
12 166
10 191
60 102
90 132
78 51
84 134
41 116
17 100
63 198
98 178
52 85
84 137
67 193
35 173
30 164
67 158
31 178
17 113
13 117
100 175
25 94
72 92
96 56
25 92
41 151
28 12
91 86
41 68
92 151
72 150
77 148
98 86
59 99
42 49
64 100
22 16
41 188
53 36
79 80
11 108
60 31
94 78
85 92
97 197
16 20
88 169
60 75
81 127
52 87
33 23
71 11
49 13
45 141
54 53
76 192
34 85
76 82
75 119
14 110
36 27
56 60
57 100
25 84
78 112
66 183
37 182
63 167
91 25
84 46
22 140
54 40
10 49
26 189
79 97
62 94
94 40
100 144
78 113
40 168
45 31
19 184
86 199
64 188
34 101
38 81
59 82
82 98
10 44
87 122
81 196
64 111
20 193
41 199
41 93
96 164
67 160
65 139
41 141
46 194
29 193
10 93
18 29
54 16
96 88
13 60
96 155
66 153
30 36
19 74
31 139
91 77
20 28
57 101
36 153
15 21
29 12
50 40
13 106
99 130
87 186
91 111
33 141
51 108
70 35
68 130
29 76
95 107
66 11
43 75
61 157
10 142
70 12
34 13
97 39
88 158
52 134
28 176
13 165
27 85
47 121
80 198
96 10
58 103
43 145
70 199
92 75
54 83
36 133
13 29
65 84
68 198
85 88
44 104
73 121
78 41
100 14
75 50
48 155
36 37
76 132
92 45
45 18
44 96
77 69
19 146
54 135
64 172
26 159
42 64
22 75
61 155
84 169
86 105
20 160
83 88
33 32
69 133
72 84
55 193
66 178
60 107
58 102
10 147
75 144
26 174
69 140
24 154
29 145
91 75
38 34
42 40
100 98
46 109
30 12
36 137
18 83
22 114
64 112
94 79
18 104
79 131
12 24
83 186
56 155
24 129
99 57
100 80
19 121
86 160
90 124
42 147
24 152
27 26
29 154
70 175
46 182
69 158
57 11
33 29
41 47
51 179
56 107
91 104
11 59
58 17
13 194
53 45
97 36
59 51
98 191
71 103
83 143
45 20
97 25
97 122
32 200
30 21
13 171
61 191
12 190
59 67
25 173
87 171
35 176
54 32
44 82
28 159
16 198
20 181
49 52
40 118
16 45
66 192
87 65
40 56
89 179
58 81
91 16
41 172
60 107
10 170
100 163
75 25
46 141
73 25
91 141
18 55
80 83
32 13
54 50
72 35
14 163
99 193
80 170
37 195
79 33
51 55
57 135
10 189
100 109
94 57
93 158
66 46
39 162
91 190
12 121
42 52
44 143
29 96
34 74
34 178
84 97
43 126
90 114
12 119
70 139
95 105
61 90
87 148
10 34
90 97
93 195
90 50
26 27
31 70
65 69
15 31
29 92
59 30
99 82
23 62
20 127
47 128
84 143
23 102
65 77
66 112
89 149
10 52
64 131
17 100
39 172
47 189
77 67
29 126
73 170
61 171
66 179
53 146
31 16
49 110
87 57
60 167
24 16
79 184
99 164
23 170
61 195
49 43
72 19
66 44
27 158
81 118
78 125
49 79
16 101
48 14
56 43
67 167
74 32
11 198
47 55
26 144
91 146
15 146
86 135
59 178
14 185
49 72
26 150
43 63
38 186
79 42
95 60
17 90
61 171
57 90
86 98
76 109
91 31
91 43
14 56
42 92
96 106
90 162
85 161
61 140
30 104
24 188
91 193
10 79
40 199
66 200
47 14
18 153
21 175
30 13
28 27
88 83
23 93
52 191
80 103
38 21
95 124
79 172
36 98
53 100
15 53
99 183
12 29
43 106
31 142
56 46
42 26
27 127
36 176
17 196
72 69
70 96
50 37
68 142
43 151
59 21
83 152
54 74
80 173
62 19
66 78
13 117
13 165
17 68
53 173
63 61
76 93
60 67
33 35
17 67
93 61
67 170
76 115
60 196
23 12
19 23
83 82
41 40
60 186
43 51
79 153
43 42
81 48
32 199
20 141
86 70
59 177
41 25
80 95
97 191
29 69
35 44
44 178
52 30
67 163
59 164
43 185
52 194
48 160
43 117
30 101
78 113
50 39
83 182
25 14
76 87
10 198
10 58
30 186
92 181
90 162
49 129
59 183
99 191
82 158
18 63
39 107
97 149
20 159
25 103
75 123
33 59
17 101
73 116
38 198
95 78
32 83
49 128
87 162
78 28
58 47
86 191
88 90
83 101
78 90
49 34
51 175
26 145
22 11
12 196
17 191
68 12
93 91
73 129
71 69
64 184
52 72
69 72
48 134
53 44
48 180
30 48
82 163
27 50
52 86
44 17
42 130
51 162
36 161
29 107
27 80
79 148
12 86
62 138
52 27
82 99
24 62
96 150
10 163
52 54
58 57
28 137
15 92
40 19
10 31
37 72
59 196
50 87
17 73
64 157
34 17
12 86
100 13
43 150
37 69
70 35
34 77
92 92
20 103
33 11
45 16
92 47
84 148
72 149
60 160
12 145
34 150
85 102
30 100
50 162
66 66
59 96
61 193
46 114
90 101
99 63
83 53
44 154
47 67
19 33
95 29
44 37
81 21
31 166
63 192
74 92
98 136
35 12
54 200
46 68
93 74
30 30
87 65
41 107
33 141
47 161
26 121
62 173
64 138
60 86
17 108
99 198
73 190
26 16
57 137
22 111
22 38
78 139
60 170
49 59
77 20
63 92
30 50
89 106
97 45
64 128
51 194
73 53
11 147
94 193
68 167
60 128
11 78
96 154
64 146
97 171
83 43
32 130
36 161
13 82
38 61
54 183
82 168
56 58
85 128
57 63
73 188
49 133
62 112
89 126
95 110
18 57
61 170
97 69
30 78
36 148
30 184
90 195
76 200
11 131
12 137
66 43
29 17
65 11
65 95
59 189
55 44
16 181
60 67
18 156
66 33
54 64
41 77
52 10
96 145
31 24
65 136
35 26
18 44
27 84
60 189
49 167
96 108
36 59
20 39
51 122
43 152
26 90
92 77
44 138
37 65
48 136
15 31
93 178
80 46
12 38
49 124
98 79
59 186
53 40
32 177
63 99
15 171
92 190
63 113
47 125
54 100
99 13
20 56
89 30
11 64
84 139
59 96
48 52
31 158
95 118
12 77
71 83
89 16
68 129
52 42
40 132
89 125
35 75
84 137
15 85
68 187
51 190
87 31
89 154
98 136
24 134
93 121
33 94
10 100
85 90
58 87
65 85
16 190
62 27
66 88
37 139
73 160
68 169
85 183
83 12
55 36
98 165
82 164
44 117
75 93
88 38
96 62
32 48
95 129
55 191
67 10
10 103
41 79
14 184
40 36
97 23
47 143
48 52
77 58
27 12
63 178
37 178
73 188
78 104
59 102
43 144
85 66
72 84
28 151
40 18
43 75
60 60
46 31
25 114
97 61
27 64
100 169
35 112
66 78
55 93
88 165
57 94
12 95
88 179
74 56
42 22
71 62
51 151
54 187
84 196
62 23
26 141
72 135
50 181
53 124
69 195
100 100
67 132
60 77
86 51
35 140
94 88
36 192
67 96
10 114
47 68
30 186
39 131
14 95
83 123
91 197
14 120
83 27
55 124
79 173
82 84
74 72
26 104
73 22
97 62
49 103
51 75
23 163
24 30
59 130
91 110
64 82
93 66
66 70
41 60
57 189
65 145
52 139
47 158
27 81
51 99
94 174
89 106
72 182
87 59
26 91
87 81
36 179
80 128
42 160
53 125
88 133
36 31
88 151
16 44
70 20
34 49
12 97
33 186
42 93
21 33
51 194
93 181
94 84
31 63
46 108
41 182
44 68
42 146
40 35
53 62
22 135
26 73
16 68
15 144
23 137
23 169
41 92
94 145
41 57
78 30
52 29
27 38
76 80
34 118
61 177
31 163
17 137
51 155
14 150
79 190
90 86
98 38
98 107
18 177
68 25
31 174
58 74
22 144
24 199
55 49
77 75
11 107
40 81
61 28
79 171
78 129
85 188
52 45
28 153
36 114
63 84
22 33
22 112
60 92
34 51
64 84
97 177
48 162
89 64
34 122
55 40
35 103
94 198
37 157
53 194
25 161
37 148
42 46
25 152
75 181
59 104
12 130
20 89
46 194
67 114
66 189
89 177
68 163
30 73
58 168
21 10
96 177
100 135
50 51
29 185
80 100
15 130
87 34
50 133
78 195
56 154
98 12
87 96
80 148
23 105
97 68
63 88
89 98
28 79
94 98
15 183
96 186
19 38
53 165
31 58
45 51
64 143
74 175
98 40
20 41
44 82
61 84
61 178
23 172
40 155
43 153
43 78
72 71
74 191
27 111
100 186
34 71
58 26
67 31
68 12
82 57
10 196
63 43
44 147
95 72
45 117
72 59
29 197
84 134
21 169
13 57
80 39
37 147
14 198
99 168
88 74
38 105
75 168
13 85
29 186
45 36
88 14
96 130
50 27
79 41
61 120
35 14
89 49
31 49
18 163
66 90
63 53
48 139
10 167
46 146
11 13
46 76
51 78
22 84
38 82
14 125
36 24
82 185
54 102
71 166
86 84
76 134
46 63
38 137
27 107
28 194
18 97
70 162
23 110
12 104
73 172
93 48
63 171
39 114
94 100
32 171
90 148
43 100
74 189
35 73
99 174
72 49
35 193
82 57
77 89
52 127
53 23
27 111
34 41
76 100
20 116
76 127
22 186
52 129
97 97
40 91
48 103
27 153
60 174
20 40
82 195
39 134
22 143
57 23
67 80
81 128
46 26
39 115
82 93
98 29
22 58
35 95
55 83
86 89
50 69
96 130
20 97
35 114
98 163
31 57
30 83
94 72
75 51
78 145
68 43
50 158
28 139
56 85
26 90
42 111
90 104
13 55
24 159
48 73
37 108
39 175
51 95
77 124
19 46
88 92
46 75
19 13
11 92
38 68
59 73
63 164
60 52
64 10
20 189
49 121
87 184
95 121
65 176
15 36
42 124
13 134
83 158
43 23
40 68
81 42
57 71
53 141
62 35
97 135
71 14
19 132
41 184
48 88
92 108
32 193
100 32
65 41
10 107
29 72
48 169
45 140
97 121
27 164
20 21
30 182
77 165
54 35
60 177
66 107
99 49
92 127
76 92
42 95
71 33
32 176
78 105
67 52
71 18
85 15
61 125
24 67
25 143
44 58
77 48
43 24
13 99
89 172
43 120
71 22
99 89
76 178
22 126
29 54
79 78
63 175
35 68
67 103
62 167
79 142
81 129
66 115
99 141
80 51
37 186
62 25
97 73
81 81
49 66
92 166
67 196
20 149
11 47
96 108
59 24
54 41
11 48
77 35
26 53
57 61
24 152
59 125
25 112
29 57
93 164
45 124
46 28
68 66
49 157
64 92
53 56
37 180
44 68
16 95
77 103
30 161
89 43
11 113
36 125
31 135
21 25
95 92
74 186
58 122
78 134
74 158
45 126
37 118
31 142
93 116
59 171
52 111
18 174
68 172
53 195
26 200
71 30
38 98
35 60
20 170
23 66
49 17
11 64
91 18
18 128
84 84
22 21
31 125
58 30
28 84
94 67
45 79
71 186
61 115
22 29
24 51
73 33
48 110
38 173
60 126
38 63
29 21
85 17
87 81
92 97
22 74
65 81
11 85
31 131
84 102
51 95
86 78
60 22
87 26
79 117
13 107
42 165
73 66
90 119
38 199
27 114
83 13
62 37
71 73
10 121
42 130
15 151
64 146
68 29
70 169
13 126
69 128
59 59
79 61
91 165
84 27
74 145
15 106
50 152
71 152
47 155
54 100
48 124
70 89
75 28
69 101
66 168
76 34
32 56
26 16
78 158
46 110
29 98
40 117
44 28
73 112
30 163
32 122
88 68
37 50
48 81
93 31
86 183
44 108
39 175
83 49
23 161
74 99
87 199
65 98
68 75
10 22
70 55
19 135
94 157
35 22
95 138
61 119
49 132
51 171
56 154
10 104
69 11
28 184
95 200
75 49
36 148
66 123
77 38
33 150
20 75
65 66
39 48
11 189
74 46
72 143
92 190
15 125
25 39
14 23
69 33
34 124
33 179
16 186
65 137
33 23
51 119
60 81
29 99
20 171
66 50
39 146
70 150
71 30
30 190
58 61
71 139
46 37
35 65
20 146
45 170
46 69
10 82
28 88
20 31
40 127
36 15
87 122
67 154
98 178
50 29
39 10
53 34
31 97
44 72
86 103
92 45
82 163
80 146
22 110
55 165
83 81
74 121
57 147
43 157
81 61
62 152
20 179
47 133
47 109
36 152
24 101
70 186
20 103
59 147
56 119
54 61
12 104
60 13
21 89
30 165
39 181
10 67
13 158
98 55
28 37
89 90
14 14
92 34
98 27
26 132
71 127
44 169
51 176
49 70
50 177
16 49
67 16
45 137
16 118
74 30
29 10
30 117
20 198
28 134
79 134
77 26
31 70
93 80
68 11
87 145
26 18
13 178
62 89
53 10
81 139
56 186
43 153
13 166
14 42
78 19
28 199
49 48
28 64
37 149
89 103
56 86
69 76
50 170
99 20
52 196
37 21
59 132
37 82
76 159
83 40
78 124
61 24
67 119
74 125
27 178
34 150
29 172
86 161
77 24
26 154
80 165
25 190
76 174
53 15
48 50
21 121
52 95
96 171
13 35
29 93
85 178
19 111
99 80
73 134
42 86
56 125
95 74
66 159
41 28
38 169
97 52
94 55
74 46
37 163
75 176
23 118
25 111
79 123
81 90
15 119
57 156
51 38
50 148
75 89
79 194
59 56
14 181
95 194
21 160
71 131
41 56
61 87
70 67
33 159
98 100
26 157
54 133
60 141
92 24
74 89
54 142
62 74
91 58
53 160
41 45
50 143
61 152
81 69
57 74
33 200
97 139
99 85
34 184
97 163
46 66
48 36
18 200
64 142
73 179
64 65
84 35
75 149
31 72
27 39
77 80
85 165
16 37
76 102
58 86
18 61
95 150
63 162
37 30
64 28
87 47
13 88
48 147
67 71
13 67
63 188
51 172
52 167
10 192
51 40
89 189
69 41
86 21
48 109
12 161
76 84
46 75
76 93
36 189
15 30
43 98
19 13
86 183
94 90
42 104
61 95
74 33
30 52
15 185
89 98
88 121
22 144
59 133
71 198
84 33
78 20
61 80
63 12
12 38
48 79
17 33
45 24
83 135
93 113
51 38
75 64
98 194
24 156
75 99
95 91
24 25
37 87
76 138
91 169
99 24
39 119
91 55
86 138
93 42
40 121
76 94
34 62
55 48
46 57
87 15
94 81
29 61
55 137
73 91
90 198
37 186
40 166
18 115
17 42
74 166
61 61
69 172
40 159
51 166
96 168
33 165
55 191
35 51
63 36
99 53
85 37
87 185
69 91
57 118
60 90
40 120
33 154
22 77
21 144
93 117
54 34
21 195
84 120
24 185
97 189
52 23
10 109
96 62
87 141
99 136
35 74
20 184
90 181
75 152
49 114
33 79
45 163
17 196
43 152
28 49
98 38
20 10
98 104
67 150
74 54
84 87
20 174
20 180
43 143
27 122
15 22
54 16
11 108
32 78
45 182
37 43
19 23
40 191
69 118
18 174
42 68
58 145
12 143
16 39
16 78
97 153
91 186
63 108
64 183
54 186
89 136
95 26
45 62
31 111
47 169
63 175
85 157
86 113
78 66
48 27
41 115
60 45
47 151
95 36
23 162
62 140
82 40
63 90
43 16
84 106
23 97
77 56
19 191
47 186
16 144
88 11
45 194
49 192
22 32
45 120
81 61
91 124
16 59
96 196
37 26
46 84
78 195
64 200
37 154
91 84
11 40
98 168
25 165
44 21
43 199
80 23
38 12
93 163
77 185
47 139
30 81
33 180
59 18
11 103
50 17
46 59
33 83
13 94
96 30
92 77
79 58
69 100
59 71
68 112
12 41
56 100
14 129
48 200
29 103
65 98
95 101
37 170
60 18
82 65
95 181
10 78
98 44
97 89
84 51
99 173
32 85
35 186
86 17
15 162
76 131
37 20
34 73
13 50
57 65
57 153
57 59
41 73
80 20
27 20
55 188
11 134
32 99
30 120
63 170
76 38
60 175
24 144
29 27
85 162
11 133
44 139
52 157
84 75
66 199
84 71
43 90
68 101
38 180
90 129
41 136
83 71
31 195
37 23
78 42
44 138
16 111
18 146
53 122
79 99
72 119
45 127
64 199
33 31
18 82
46 149
95 106
93 162
43 46
84 177
95 171
70 64
58 12
59 182
86 42
35 66
16 84
62 172
54 32
79 82
78 164
64 112
60 62
14 12
92 91
30 188
31 115
51 155
31 73
97 84
54 60
64 100
73 123
84 38
27 107
78 49
40 153
30 173
13 90
100 147
76 197
44 33
72 29
39 71
11 158
100 41
21 107
69 164
96 23
63 18
31 124
34 33
88 74
68 125
42 192
48 148
12 72
30 143
30 192
30 27
49 24
94 11
99 32
60 185
31 179
34 199
15 94
30 190
66 26
46 156
71 30
31 70
29 117
10 26
10 60
88 80
66 135
25 17
97 67
21 23
87 38
33 159
57 42
47 146
58 85
73 109
84 26
18 40
98 194
69 41
92 134
64 162
91 57
75 25
17 14
68 172
48 72
49 199
61 101
33 197
32 67
55 124
52 118
72 15
35 75
64 199
13 23
91 67
98 151
44 198
30 154
62 19
73 121
25 142
51 174
96 18
97 108
42 135
67 151
14 172
60 31
34 46
49 174
21 127
59 197
68 100
74 137
47 188
84 162
32 91
27 110
24 19
85 97
42 56
76 106
59 107
31 40
52 184
24 46
33 171
35 56
53 15
73 24
98 61
32 144
61 154
64 85
27 83
47 129
53 62
22 190
65 174
12 103
66 55
87 88
16 25
42 109
73 160
29 67
42 142
52 197
54 119
31 102
18 96
47 165
98 98
80 108
55 197
48 49
79 14
63 89
99 127
61 94
80 154
94 120
84 26
31 34
15 41
62 150
36 21
91 75
20 90
11 193
69 26
39 150
37 12
49 73
66 70
60 16
42 174
74 153
53 107
16 125
63 168
88 87
30 10
39 87
65 169
22 20
98 133
88 37
59 41
23 86
89 123
78 181
44 83
63 107
63 153
61 118
91 140
68 120
79 169
69 74
92 120
31 165
86 87
76 52
99 136
39 63
43 42
71 166
21 19
26 96
55 117
52 125
78 52
37 40
71 106
16 191
93 31
67 111
63 169
39 47
11 104
10 175
38 177
20 73
57 57
39 191
29 38
65 63
54 193
16 112
13 40
39 136
13 78
37 181
55 44
80 164
50 140
54 117
14 122
43 124
17 183
80 176
53 73
33 112
89 166
75 177
68 159
51 79
26 24
53 96
97 100
43 61
66 40
78 190
14 171
84 143
46 72
10 17
61 192
11 44
79 199
58 153
97 167
88 37
39 126
63 83
26 25
89 98
46 124
68 30
93 45
24 113
69 125
80 85
11 82
49 73
20 152
43 81
59 113
99 143
79 75
40 97
20 171
94 158
10 117
96 32
66 185
85 102
50 76
34 47
100 118
85 72
33 191
43 200
28 117
88 154
56 10
92 115
100 80
21 110
62 94
56 160
96 89
69 31
59 81
87 169
29 43
47 81
68 27
51 149
75 66
83 137
19 19
49 59
38 159
71 97
83 135
72 187
75 129
76 21
87 119
98 20
49 43
37 28
78 37
57 16
70 136
89 171
30 38
50 55
67 10
11 105
55 41
43 192
67 120
15 12
71 37
38 33
100 148
43 164
97 62
45 89
46 157
99 176
40 102
40 47
77 15
99 81
14 32
50 27
50 119
40 192
20 65
46 37
87 109
50 200
86 14
12 193
35 138
50 190
67 42
62 154
76 190
64 84
55 140
68 175
21 144
31 195
29 11
94 54
63 67
51 115
28 132
70 76
18 98
71 121
17 135
17 190
46 142
25 157
91 19
48 152
98 118
86 26
52 22
85 50
76 114
17 184
42 85
100 126
13 158
78 146
56 154
56 37
18 75
99 20
71 136
26 80
31 130
47 184
98 178
41 86
74 33
29 170
25 163
19 146
14 176
56 56
35 70
14 90
90 111
59 40
11 84
45 112
94 49
59 190
30 164
26 152
38 179
63 138
80 39
88 106
21 17
98 178
62 79
43 34
31 180
28 27
29 40
72 89
100 46
29 141
19 18
77 186
97 35
16 173
64 27
77 91
54 51
75 125
92 148
74 123
99 79
62 12
72 90
57 33
70 34
17 148
38 77
43 30
39 100
64 179
60 92
30 187
67 172
36 97
65 125
88 46
55 193
98 126
89 174
14 31
46 134
90 41
58 124
62 169
35 97
42 176
18 60
15 177
74 116
86 141
95 127
55 34
38 69
83 24
22 142
91 41
98 35
49 120
66 145
95 17
79 57
93 63
51 188
61 151
93 147
16 155
36 90
53 15
29 173
44 13
21 86
69 11
68 128
26 104
71 53
95 147
100 137
35 51
11 61
82 48
49 105
98 93
65 195
92 178
76 139
41 125
77 47
22 170
71 91
85 37
66 197
44 78
29 196
33 101
72 111
41 97
19 154
11 44
79 100
75 159
45 193
96 75
32 53
56 25
63 130
89 112
73 70
85 102
18 99
76 155
38 132
17 59
45 31
75 77
66 127
85 173
71 152
22 170
51 82
50 152
24 81
86 149
40 43
43 27
94 65
83 197
79 23
32 115
99 162
53 178
99 60
28 29
71 19
26 29
24 27
42 114
74 55
42 39
51 146
52 63
47 28
29 40
78 128
55 120
11 149
57 189
89 69
33 11
68 50
88 181
85 22
36 178
64 190
24 168
97 86
11 180
17 102
75 11
36 177
78 152
44 39
91 125
99 170
62 19
42 168
64 121
86 127
37 68
21 127
16 117
35 78
14 173
56 127
44 43
25 116
35 29
99 147
99 87
56 113
79 170
63 130
68 81
48 10
51 16
