10000 500 10 200 10 100
94 180
32 157
19 80
100 180
19 86
55 152
48 176
59 24
73 52
22 184
75 114
11 124
43 55
57 76
22 54
17 169
16 166
47 164
42 108
62 64
35 64
21 78
84 199
77 52
95 161
36 35
79 19
84 147
66 49
18 54
26 24
64 161
17 182
48 47
10 110
53 95
33 107
63 25
88 78
79 167
81 137
69 125
59 185
52 31
46 106
20 160
76 132
48 143
38 88
49 46
66 103
82 196
19 139
21 148
36 144
97 66
75 171
83 47
33 74
66 200
48 178
86 133
66 102
22 65
36 55
50 21
53 77
43 191
28 71
76 43
60 95
77 84
53 124
22 42
47 33
100 10
70 44
61 175
34 198
83 160
88 175
51 43
16 200
56 78
54 36
95 97
57 32
56 30
85 114
39 155
62 137
70 181
39 87
56 173
20 38
23 171
78 147
92 76
65 81
35 60
86 55
77 72
92 141
58 22
53 188
23 35
79 121
89 139
30 14
72 103
90 87
92 44
12 121
15 23
84 76
40 142
23 42
27 188
92 139
97 49
63 188
11 72
56 123
12 149
87 156
70 181
76 159
44 110
98 169
62 92
79 18
13 155
61 59
60 23
60 16
49 136
30 170
70 145
56 51
15 41
63 179
19 84
52 80
33 37
55 151
31 105
40 164
42 30
72 45
60 54
66 139
60 67
66 199
78 22
19 117
17 68
37 108
27 75
86 170
29 49
51 42
44 100
91 25
89 62
85 198
10 125
63 129
15 88
81 15
57 189
83 187
78 61
44 42
53 72
98 50
77 143
38 55
83 101
49 196
98 143
35 125
91 173
22 49
33 193
43 172
99 20
98 102
52 51
34 42
77 179
29 46
33 177
80 197
93 174
94 74
16 38
14 196
71 63
19 60
35 132
37 79
85 10
63 58
82 149
85 200
71 15
28 92
24 171
64 81
80 125
59 103
76 177
63 154
43 154
94 129
24 101
55 72
17 23
88 187
20 53
100 111
39 75
76 62
42 126
22 10
49 122
24 46
51 23
24 173
48 47
16 96
91 121
77 60
49 121
86 118
90 76
40 44
29 43
34 198
61 51
36 52
34 145
79 106
80 122
22 190
27 22
60 140
60 87
69 111
17 81
20 184
56 69
42 110
73 136
36 105
66 149
88 184
28 79
65 94
75 32
42 194
22 12
100 191
81 146
70 110
75 142
12 16
47 155
60 124
64 67
98 110
65 19
73 142
13 26
98 101
68 152
70 84
84 50
14 66
53 18
69 33
70 102
11 172
32 168
81 180
64 158
15 83
25 196
64 99
32 115
59 60
53 128
86 42
67 51
17 153
80 107
91 31
64 37
20 99
16 133
71 72
31 12
51 79
72 12
81 62
83 179
47 26
75 90
25 74
76 191
14 35
61 46
58 141
12 93
63 111
21 174
95 150
81 161
41 26
67 17
99 123
14 35
37 136
85 20
36 112
37 93
68 120
51 37
29 46
10 112
25 180
33 164
17 105
18 191
55 153
23 43
77 36
15 36
22 27
73 16
66 69
96 88
15 49
66 61
17 78
70 76
96 91
59 29
59 197
14 129
59 38
74 46
62 52
57 49
85 131
40 19
46 166
90 190
89 33
93 112
39 56
45 171
72 60
90 123
24 200
88 27
93 13
63 115
56 169
45 136
55 30
60 110
27 42
59 43
21 162
28 179
67 144
91 146
19 162
21 72
55 132
61 20
76 186
17 33
49 100
41 75
81 125
11 149
94 96
30 66
11 149
35 88
64 15
22 130
22 113
60 150
49 124
30 44
50 107
63 107
81 47
100 161
48 168
39 163
24 113
63 156
23 85
64 167
29 88
66 79
27 110
25 79
90 200
98 177
74 193
99 125
18 76
85 45
25 15
14 163
89 26
72 193
71 151
41 35
66 98
85 73
77 166
48 97
100 76
76 93
60 168
97 142
35 136
94 142
21 175
43 103
44 22
65 136
94 97
58 45
19 108
41 58
59 71
32 60
42 39
47 49
35 25
76 83
41 180
64 135
84 142
68 20
28 145
86 161
45 151
71 93
92 148
57 144
98 108
25 169
39 158
84 156
22 42
79 145
99 75
21 40
56 130
62 183
65 19
48 172
60 14
71 40
74 27
19 162
59 190
64 83
13 12
15 142
77 89
86 99
43 10
19 183
40 171
25 69
35 173
21 183
72 117
90 130
62 19
32 124
50 86
24 168
50 79
32 145
30 40
54 156
69 163
14 13
50 168
19 156
83 125
77 139
65 174
69 41
82 193
16 34
94 197
37 179
14 124
76 77
31 178
51 15
62 13
14 117
38 102
94 132
61 33
44 103
52 151
59 32
56 133
71 65
49 70
99 26
75 178
95 159
73 115
11 118
70 25
90 110
82 119
34 179
15 124
75 182
33 58
98 40
14 104
45 132
29 151
23 148
34 40
52 105
32 114
85 128
21 91
53 90
56 91
15 17
99 183
35 101
29 46
28 66
53 48
41 103
60 180
83 138
79 22
45 199
41 99
19 76
57 176
26 33
57 46
81 114
65 72
94 104
91 180
17 47
38 191
69 37
19 56
89 33
94 30
68 15
70 191
94 143
94 82
82 75
58 49
58 181
30 38
96 19
26 109
71 57
31 62
22 113
98 71
44 189
51 179
79 54
80 142
90 157
99 196
76 175
50 33
31 167
38 105
98 112
100 76
79 126
60 87
61 80
55 165
48 83
61 129
32 134
15 135
29 105
99 113
22 186
44 56
35 40
76 150
98 178
53 145
97 187
67 153
23 191
69 170
33 104
95 21
76 158
29 118
66 97
69 153
83 200
74 78
93 195
93 25
79 64
28 118
47 12
85 151
22 31
39 88
90 17
53 152
87 67
77 70
16 134
84 80
66 44
96 16
60 187
64 31
32 34
12 134
30 30
100 51
58 26
95 188
25 27
66 64
36 75
16 60
59 138
30 154
10 99
35 31
29 57
52 147
33 34
90 130
21 199
66 140
81 121
70 93
60 132
23 66
48 93
81 27
36 89
74 23
96 175
13 106
13 130
28 148
25 167
97 52
61 92
59 33
21 130
91 185
71 85
74 80
50 10
69 20
72 90
66 89
95 112
45 130
77 59
88 17
89 167
46 34
46 40
43 82
40 186
100 65
54 130
35 81
44 54
33 41
53 137
91 42
21 150
61 101
15 61
98 68
87 157
96 97
54 183
97 22
79 57
64 81
86 34
43 151
100 65
15 34
72 146
15 83
48 50
52 138
32 104
64 140
99 131
94 113
14 26
53 103
66 24
32 94
22 170
88 139
48 48
81 70
69 51
73 123
70 162
76 35
26 77
100 160
15 44
30 132
63 188
19 191
42 52
33 72
23 141
30 68
84 186
88 37
13 116
21 162
38 200
27 154
43 196
69 95
36 177
20 135
78 95
71 19
25 30
81 193
31 125
53 14
28 10
19 13
53 182
58 14
71 174
89 101
55 94
68 53
62 79
32 77
61 124
65 145
14 32
31 127
63 187
94 102
67 185
66 147
87 91
17 192
88 132
23 100
69 122
39 107
21 120
76 177
72 126
28 199
39 57
64 139
76 100
73 96
77 179
32 72
14 38
19 191
51 190
51 197
29 32
93 102
96 142
83 28
61 20
59 59
50 186
83 166
87 50
75 181
10 117
25 132
89 150
23 126
36 11
11 72
99 90
65 18
24 85
77 133
49 97
66 196
64 191
31 179
73 44
66 103
93 55
41 117
85 169
74 200
72 29
82 25
32 78
80 153
48 104
76 69
98 88
92 94
96 47
28 153
73 74
95 54
45 123
63 181
96 47
57 83
29 73
54 188
39 165
51 116
97 90
80 102
20 61
73 89
47 101
37 169
38 130
92 151
36 27
57 178
98 154
15 164
59 170
68 180
10 134
27 24
89 69
54 12
31 146
68 17
71 167
41 78
96 42
89 15
93 193
15 135
66 43
16 185
88 71
66 159
100 58
47 62
43 134
49 81
34 191
48 160
27 108
57 119
27 99
97 190
44 107
10 59
40 45
77 164
61 28
68 123
79 140
10 36
59 62
92 17
19 17
41 30
72 48
12 99
87 85
62 50
64 35
46 143
49 176
74 188
18 73
22 113
46 86
24 141
78 68
95 11
98 137
40 56
40 14
38 135
57 55
26 93
69 118
68 184
92 177
16 131
36 82
49 73
57 195
84 161
85 173
75 194
30 36
68 85
63 185
40 165
48 37
84 132
72 127
23 82
47 108
79 164
64 89
99 181
43 83
45 12
76 124
63 156
77 67
20 57
42 93
11 102
23 112
50 109
91 183
65 176
100 36
63 92
24 188
74 42
59 57
92 139
44 62
48 187
91 168
12 13
24 98
29 45
52 173
94 83
85 146
32 66
55 19
64 131
100 86
44 112
62 51
47 125
97 156
69 65
59 167
36 48
91 185
27 109
77 49
38 155
32 83
62 10
63 34
63 112
15 159
74 42
86 85
79 146
21 113
31 197
34 112
97 178
65 161
74 119
51 111
19 16
80 129
12 121
49 159
57 85
79 67
91 139
21 140
99 25
69 151
56 166
94 99
33 193
83 95
16 81
63 198
59 33
49 93
37 122
43 188
21 11
85 136
39 39
33 68
83 140
38 109
47 92
98 91
97 101
68 18
29 25
28 80
25 175
92 14
72 57
15 115
64 68
48 42
50 137
47 186
26 152
77 24
60 136
88 140
33 125
22 29
38 197
83 10
62 83
75 111
26 27
33 31
33 87
35 26
97 197
58 156
64 139
76 13
79 119
33 122
71 157
17 49
93 83
68 146
82 97
95 129
39 93
40 21
52 57
35 58
54 82
61 23
88 196
85 107
16 35
86 23
33 35
93 156
100 146
33 86
19 191
41 170
61 178
63 96
53 62
14 100
88 192
31 189
18 196
21 145
40 159
17 33
53 86
42 114
77 102
87 65
99 27
87 19
52 58
62 72
91 94
54 66
48 120
32 94
45 162
87 180
94 61
55 148
20 13
52 160
14 51
89 42
18 92
61 106
41 191
54 72
97 153
79 160
37 25
54 30
98 125
63 141
51 56
91 135
57 162
11 30
87 174
80 115
28 148
55 49
71 179
97 22
61 82
64 46
76 90
76 96
11 88
27 33
100 181
67 59
67 96
34 189
22 154
49 169
98 135
16 60
19 140
51 88
78 87
74 131
39 13
42 24
78 119
100 69
31 28
86 41
51 18
95 27
23 144
20 84
54 25
96 36
82 28
87 189
31 60
65 116
100 180
54 189
20 191
16 19
36 187
45 144
65 114
94 179
90 170
51 171
83 18
23 162
63 154
77 199
76 113
44 111
55 88
68 12
58 168
22 108
83 84
61 171
14 57
24 90
20 32
17 32
82 100
73 134
46 179
81 101
98 67
50 27
30 145
34 45
99 62
79 88
20 17
27 169
100 28
89 102
76 130
28 126
79 152
54 94
94 12
52 87
67 63
59 58
26 145
44 132
46 59
21 177
68 90
51 164
86 24
93 194
88 32
35 185
65 190
97 148
30 130
28 104
94 150
90 33
77 68
13 135
100 188
48 26
15 100
88 29
27 66
68 102
54 153
33 84
35 30
46 199
31 100
96 176
95 77
13 178
18 177
100 95
30 67
39 84
90 90
79 114
23 138
38 33
93 158
93 98
98 174
72 150
56 21
59 135
52 146
74 44
68 46
48 107
37 61
76 81
20 107
49 108
16 44
54 169
55 82
25 192
93 176
87 141
17 109
52 96
60 200
90 20
69 80
31 183
68 143
38 93
67 115
64 105
71 165
35 163
35 153
84 114
54 138
28 136
31 142
91 157
66 173
24 30
71 129
83 195
21 111
69 132
13 99
13 186
20 122
15 122
96 145
25 23
38 102
27 185
30 192
93 197
88 130
73 37
31 51
49 163
82 152
19 20
57 121
22 126
31 188
66 129
87 95
83 58
41 135
37 52
17 196
64 112
53 87
70 27
45 14
16 146
43 74
66 28
19 152
20 48
22 34
20 94
73 153
78 151
92 197
83 56
88 63
75 160
36 163
69 111
16 179
15 144
17 34
93 80
11 127
20 137
58 151
77 115
76 16
15 33
75 101
83 47
50 103
20 115
55 196
65 31
16 116
27 69
94 149
57 138
93 100
35 70
87 139
89 165
72 83
46 191
44 111
26 128
39 33
23 68
68 125
61 23
64 97
14 171
52 42
32 133
82 194
48 195
22 21
47 120
83 169
10 68
65 159
64 104
52 95
94 54
35 94
10 49
86 184
63 48
83 161
35 171
95 17
87 130
26 168
71 134
33 194
79 59
88 32
98 10
89 137
66 148
98 156
66 34
87 72
37 178
29 65
88 199
52 156
47 134
23 22
83 104
78 81
87 33
19 106
58 63
37 100
21 86
96 63
35 16
21 172
14 169
41 175
17 164
45 118
67 76
24 177
58 179
27 144
57 26
45 35
88 105
44 146
24 24
93 112
37 145
27 36
61 176
50 102
57 131
75 58
98 161
80 19
44 147
70 142
86 25
21 86
41 136
36 144
10 51
20 192
49 150
86 120
12 28
31 86
75 53
90 21
11 11
43 166
28 27
89 155
72 117
94 27
71 83
74 45
65 37
25 153
37 76
67 146
90 106
15 87
65 199
89 176
80 162
65 23
89 69
27 65
70 29
25 50
94 65
28 69
35 134
79 136
97 105
18 116
13 147
13 151
71 134
88 189
41 66
64 119
58 191
42 122
55 122
75 155
99 91
77 114
89 56
11 46
17 142
88 152
86 189
42 55
10 49
59 84
88 66
77 73
57 19
80 87
82 191
67 153
46 76
29 140
52 127
35 72
94 172
33 169
85 160
89 127
47 100
42 170
23 24
32 11
43 72
34 199
55 141
57 178
89 38
95 150
22 114
53 45
60 101
48 90
40 70
82 104
90 38
27 137
48 128
89 119
14 69
58 74
31 112
30 59
97 180
12 139
98 63
41 191
84 30
54 37
31 108
16 93
28 194
40 31
36 10
100 133
95 124
15 112
78 69
51 19
13 12
100 154
25 144
21 20
35 68
76 120
17 190
29 146
69 54
55 148
78 151
88 158
65 99
14 122
45 74
70 28
25 79
12 133
62 138
94 31
41 33
96 14
51 166
91 48
74 139
68 109
52 89
93 176
66 170
49 180
69 49
12 133
94 192
41 176
27 73
95 168
94 159
23 152
67 122
17 157
48 198
61 184
85 165
60 108
67 99
13 191
33 107
73 100
19 31
88 71
92 93
11 180
34 11
82 189
81 142
11 27
28 31
34 69
69 12
15 142
99 98
61 82
24 76
64 115
54 69
77 181
86 37
83 26
72 134
81 173
16 171
87 59
43 43
36 30
21 107
92 158
50 116
58 42
56 34
13 101
80 168
61 67
37 107
55 32
60 131
13 151
16 38
91 136
64 139
68 129
75 141
10 83
28 138
95 60
50 107
36 99
58 99
10 68
83 83
47 58
43 128
62 171
94 51
69 49
33 84
48 69
49 75
76 93
77 124
94 40
85 138
99 116
69 107
82 54
71 107
46 58
86 145
70 12
14 147
53 19
28 62
51 67
20 87
50 196
13 136
67 52
79 177
84 122
27 131
14 106
64 90
56 105
65 195
45 63
17 192
59 184
97 186
55 24
43 65
19 94
54 45
88 108
41 93
32 117
16 17
63 94
39 21
72 165
88 118
26 191
59 135
29 197
93 89
78 13
48 29
35 156
63 54
77 121
63 106
68 194
34 116
55 54
93 97
20 177
88 80
37 136
29 184
17 146
100 164
100 37
34 89
92 113
26 90
60 113
66 105
65 143
66 14
33 182
91 26
55 128
33 168
77 101
55 60
26 66
31 39
55 28
67 119
59 95
14 199
26 60
53 126
40 157
91 179
84 76
59 117
21 114
73 123
51 78
71 95
72 18
10 48
10 65
25 10
50 32
84 170
16 123
10 75
99 92
62 39
35 92
19 195
19 74
34 54
63 112
45 98
50 85
13 168
65 138
25 134
65 189
34 41
89 42
70 34
79 194
32 103
59 54
12 125
41 36
99 104
48 107
82 79
41 151
54 144
84 58
65 47
30 24
19 22
77 28
60 193
81 145
21 140
40 36
78 150
30 54
28 44
73 68
72 178
64 25
26 118
47 42
87 153
87 98
39 124
92 34
34 171
34 55
28 10
75 18
89 156
35 25
25 58
32 148
64 135
65 168
33 80
78 72
86 77
32 41
80 98
30 129
12 77
11 192
34 55
80 49
34 84
45 44
65 182
53 157
16 189
26 34
36 168
66 112
58 78
53 36
64 52
95 57
97 129
51 18
89 91
60 49
89 134
80 119
79 109
89 74
57 44
77 155
62 185
21 46
83 54
63 72
53 49
67 37
70 10
87 185
91 93
34 57
57 129
49 153
53 85
19 147
59 137
100 143
82 12
46 27
38 95
65 164
19 30
47 145
92 59
53 112
32 174
41 12
98 169
14 153
33 194
30 185
27 44
92 95
94 127
80 114
90 23
30 167
82 113
94 85
54 39
72 125
40 21
72 150
45 104
95 77
17 44
50 93
98 178
49 137
86 112
76 138
26 163
90 11
26 15
34 80
45 140
25 113
24 166
67 175
27 29
81 31
93 102
21 155
41 93
43 48
42 198
17 186
31 102
74 78
42 139
33 16
74 187
16 51
90 25
10 42
87 88
94 121
81 168
31 124
81 31
55 121
91 160
89 10
22 114
22 11
76 70
48 143
10 149
91 198
80 52
96 53
88 137
62 153
19 82
96 199
65 60
30 144
66 46
29 92
87 67
48 24
40 122
28 174
94 163
84 79
62 54
94 179
85 107
33 106
92 29
10 103
86 66
10 110
55 13
45 74
24 106
20 187
32 89
11 111
100 175
90 101
26 145
26 30
91 32
21 51
47 74
92 143
59 12
90 54
39 66
62 97
71 49
24 12
26 109
72 24
63 158
93 123
60 37
97 165
74 91
50 124
45 171
97 84
87 131
78 54
37 89
86 172
27 69
53 101
78 152
75 73
93 95
35 10
38 129
57 194
55 192
38 186
91 174
10 10
37 19
73 135
70 18
24 70
20 123
83 88
99 119
81 195
77 137
98 148
54 181
86 118
67 58
53 178
65 184
14 191
85 54
18 135
89 53
95 173
53 200
87 84
51 33
96 144
54 95
49 68
63 53
60 91
65 100
57 188
73 90
75 142
55 126
27 40
69 115
43 179
15 85
26 53
67 154
90 90
85 143
72 158
80 168
84 131
14 151
27 186
17 141
50 18
39 25
60 56
42 72
73 87
38 132
56 100
80 161
32 189
91 172
65 111
96 17
30 29
95 195
39 189
94 153
27 22
99 66
46 141
86 137
94 141
23 170
36 18
11 42
20 54
32 144
24 165
76 41
80 130
45 19
89 13
13 136
40 152
100 105
59 164
48 110
62 144
18 157
72 30
63 150
64 45
57 74
28 87
38 15
73 174
32 147
82 200
29 23
53 118
52 43
67 194
71 28
68 44
70 90
51 185
75 152
33 166
99 74
70 142
11 80
63 116
56 135
21 121
20 110
57 109
83 153
14 130
96 62
85 168
28 51
13 24
93 25
77 39
40 75
80 181
96 129
27 184
41 77
44 54
18 198
66 141
31 99
97 142
22 35
98 136
69 105
87 90
53 173
14 53
81 133
40 36
81 163
44 136
11 179
79 37
32 154
64 147
84 61
32 47
41 41
91 196
83 145
61 121
57 47
34 199
12 18
67 30
74 65
57 54
42 135
47 40
86 72
70 175
61 87
66 30
37 186
54 97
49 122
61 91
87 172
87 150
11 114
35 26
17 125
12 56
34 187
66 12
13 85
42 193
97 190
18 101
70 81
22 170
84 27
32 195
74 141
21 21
25 113
12 89
45 121
51 152
70 44
95 177
58 131
90 81
51 56
94 138
77 182
47 141
95 181
83 40
40 100
42 40
57 101
94 83
65 55
23 162
13 178
98 29
98 172
85 50
48 94
23 166
46 130
37 117
82 84
61 74
66 41
30 198
53 45
67 19
75 126
42 191
14 153
56 12
79 132
67 186
72 96
57 134
93 123
65 169
56 62
49 24
72 181
51 48
45 136
32 128
68 50
51 178
56 150
91 184
53 75
68 141
91 164
49 30
62 181
74 128
82 75
46 127
44 29
31 71
22 43
52 39
33 150
15 143
15 17
29 25
15 116
36 65
28 74
42 32
41 97
13 110
44 135
83 17
91 44
19 132
73 110
45 195
16 167
91 193
45 84
87 99
23 186
100 114
50 62
37 148
63 107
73 132
43 105
37 17
21 60
52 60
61 99
42 63
37 13
96 104
59 85
40 121
57 148
29 163
88 13
57 192
12 180
10 186
75 62
86 89
37 132
33 116
25 15
19 152
14 23
41 161
50 48
88 11
10 150
20 60
79 97
91 85
87 165
81 26
45 85
65 172
94 66
77 102
70 55
24 145
17 121
54 10
26 200
70 20
65 189
30 124
64 112
79 195
28 113
28 136
24 161
14 25
88 16
43 132
30 14
48 164
66 194
10 128
51 20
24 164
30 29
12 127
71 130
88 50
93 176
68 52
15 83
79 197
54 29
12 162
32 25
28 171
60 156
86 33
69 57
32 186
60 118
36 29
32 54
73 102
46 67
86 200
12 56
43 50
92 145
10 120
12 193
27 192
63 200
79 113
28 77
38 145
16 31
62 75
41 76
70 162
81 156
27 72
35 10
56 98
21 158
57 127
37 120
93 120
40 199
93 188
53 165
90 103
47 139
50 127
92 179
17 138
28 71
73 179
10 156
34 37
38 106
53 106
18 138
35 156
87 92
98 54
10 118
51 63
92 159
25 83
65 90
72 115
74 85
53 65
26 182
13 187
21 113
89 124
71 152
68 30
95 66
50 111
69 65
43 74
46 167
59 172
98 10
46 51
28 170
63 138
29 42
51 59
38 82
77 39
17 95
56 111
26 145
60 147
51 199
98 44
14 10
50 64
40 114
90 129
92 55
56 77
71 34
68 76
54 142
98 174
42 154
25 200
66 119
59 142
31 200
93 125
65 13
54 31
82 128
17 44
86 60
47 103
23 59
18 34
66 95
44 50
75 126
72 181
89 39
47 173
39 141
99 38
35 120
53 106
85 53
97 63
76 73
80 200
65 169
73 136
56 75
45 124
30 68
61 35
91 69
27 148
55 139
78 188
30 78
13 161
43 33
92 47
59 22
78 40
21 92
99 66
21 16
51 169
67 127
12 184
80 45
41 38
62 150
68 97
55 131
13 184
70 92
22 94
29 110
59 107
95 134
24 192
17 17
63 58
84 176
85 163
10 16
51 37
50 38
98 197
79 193
45 157
59 31
83 10
65 187
73 145
15 113
27 103
15 118
87 75
98 15
68 126
50 71
23 168
80 121
48 103
37 165
22 19
57 100
28 161
54 160
33 49
77 84
72 35
46 93
33 108
82 171
95 110
63 30
38 176
44 85
54 99
58 171
20 79
25 162
80 190
82 178
81 15
16 171
94 53
26 153
49 196
35 28
46 199
13 25
84 11
12 117
35 184
58 30
83 148
91 135
58 124
28 188
84 163
44 182
41 65
21 10
21 100
77 199
87 89
48 138
44 158
62 34
65 133
67 46
45 79
99 61
83 104
47 144
15 50
97 138
95 124
79 199
53 179
43 156
52 42
64 192
86 161
17 174
34 113
50 16
85 11
41 196
28 129
86 14
22 129
86 118
90 103
92 88
90 135
90 183
70 149
43 200
68 42
58 23
41 13
40 170
99 110
45 153
11 170
67 72
66 143
46 163
34 118
69 139
26 105
18 62
10 160
94 197
55 55
76 180
11 84
64 84
39 135
80 87
45 36
71 24
16 151
37 36
98 48
70 154
16 151
25 62
83 88
91 123
76 113
39 12
34 72
40 23
17 178
19 123
36 92
33 26
87 157
89 144
18 61
24 182
53 168
47 112
65 114
79 31
93 149
71 34
63 153
96 40
90 12
39 156
48 156
75 149
76 46
35 129
39 33
25 122
41 165
34 90
90 102
90 117
37 157
79 84
77 54
77 61
42 132
99 142
67 54
31 190
54 26
43 31
58 71
81 85
19 20
48 126
34 76
98 197
87 28
67 177
12 37
46 141
11 110
42 46
71 185
27 65
19 187
60 72
17 51
19 83
62 134
79 17
85 85
63 76
14 106
51 188
80 102
15 92
85 10
67 177
63 198
33 16
98 118
93 63
77 69
48 64
59 179
78 24
19 97
32 179
78 133
85 147
23 115
55 79
53 11
15 143
59 108
95 14
75 94
77 29
51 47
43 146
96 189
61 123
69 49
82 99
72 88
19 71
72 96
99 152
39 16
47 118
59 87
60 153
81 33
38 124
15 120
48 152
99 50
68 14
98 187
29 127
86 139
17 89
20 150
89 144
37 146
54 114
83 195
19 194
94 103
11 133
34 29
62 121
65 149
16 24
87 50
85 31
82 150
83 57
25 184
20 121
77 51
91 174
31 135
76 85
63 150
77 50
80 114
74 82
75 131
59 40
69 58
50 194
90 36
58 141
20 62
19 183
86 130
47 160
63 167
48 113
16 118
66 108
69 181
83 127
73 98
21 125
38 62
99 188
10 180
48 120
41 33
98 156
74 80
13 38
37 26
68 175
82 139
45 156
80 106
65 51
75 83
10 161
54 128
47 46
34 121
64 161
22 102
63 119
76 75
75 61
71 132
99 25
30 152
19 32
23 96
15 94
13 105
18 127
30 47
10 129
57 162
36 123
42 49
18 56
55 32
37 27
80 178
84 90
32 56
62 30
30 29
51 133
89 12
80 168
67 43
26 28
61 29
47 80
58 195
27 194
92 78
44 193
98 96
33 196
74 37
82 128
15 174
27 192
98 154
66 47
57 77
59 13
51 28
27 176
13 54
64 83
15 55
83 167
78 191
86 127
55 31
46 96
70 148
54 170
77 68
48 110
55 116
95 74
55 62
57 191
19 84
71 49
71 161
81 113
22 21
54 192
86 105
81 36
15 187
76 188
98 56
70 55
74 54
65 139
76 12
94 34
49 25
25 36
88 101
76 171
24 191
30 166
35 93
18 183
88 40
76 168
24 89
18 91
100 155
86 82
65 172
76 87
23 192
41 15
50 96
10 47
52 160
27 26
47 25
70 144
90 21
90 176
44 168
71 76
88 108
34 123
90 98
19 87
54 134
13 46
73 91
74 129
13 85
54 137
98 187
91 190
23 34
17 142
78 74
91 158
34 200
34 95
78 101
43 30
47 87
41 99
66 162
51 61
22 15
35 181
72 89
60 42
96 178
42 150
98 13
55 46
63 200
62 122
76 125
78 169
94 53
11 191
40 106
44 95
10 61
79 124
48 89
57 120
21 152
70 131
37 19
94 180
20 119
47 153
50 109
24 67
50 10
19 179
31 122
11 39
39 183
94 179
34 153
20 151
55 179
17 81
21 47
34 50
19 196
34 21
12 158
20 78
82 149
48 85
90 163
34 86
46 89
96 39
84 153
69 158
12 60
73 164
39 111
62 96
85 72
25 32
52 199
55 199
71 190
89 38
58 188
43 119
19 169
27 151
61 149
84 97
24 160
56 139
70 129
18 20
21 155
94 19
21 154
12 99
57 113
60 116
84 62
99 19
47 26
49 165
64 112
77 17
79 177
47 154
95 194
55 96
42 27
85 144
12 157
53 135
94 12
63 181
58 97
33 107
93 193
56 123
94 188
50 188
72 98
36 69
97 126
88 104
45 103
45 135
75 101
59 140
53 132
99 11
90 131
59 198
56 192
92 72
53 72
38 165
46 44
44 95
62 31
33 147
57 58
61 27
73 185
54 96
86 77
80 178
91 26
74 187
22 117
12 18
24 130
44 161
22 49
92 145
26 65
51 37
100 185
22 106
22 11
52 106
88 110
89 141
40 102
41 156
82 29
71 19
91 11
18 134
100 46
57 132
40 13
69 58
100 13
66 200
26 167
89 148
55 32
45 46
57 37
37 155
36 199
87 49
66 156
46 71
20 96
60 138
53 173
97 131
26 162
44 33
32 79
10 48
64 81
79 46
38 97
11 199
30 178
43 138
99 43
67 147
51 22
38 71
62 92
64 14
50 166
21 24
30 30
67 157
19 158
57 52
14 37
64 183
62 89
36 182
56 140
48 94
35 56
55 181
11 169
66 34
15 43
77 190
14 123
36 198
42 182
24 147
21 113
33 89
92 71
50 179
68 42
99 197
28 26
80 47
24 14
33 140
38 153
72 145
97 96
19 168
62 35
91 153
81 86
100 195
89 124
37 192
92 44
49 65
41 39
55 67
81 38
91 80
95 126
14 56
78 10
46 156
26 171
11 186
13 183
32 47
68 153
48 105
47 69
85 69
32 105
86 153
70 124
74 114
93 91
19 127
71 48
62 116
45 33
47 86
81 103
95 156
28 173
60 63
46 42
97 173
73 71
33 114
75 192
61 99
55 52
53 163
78 142
66 120
85 23
62 25
71 141
30 14
14 53
71 20
41 33
71 89
65 152
63 122
17 42
23 24
46 81
77 187
34 99
91 200
98 124
54 71
24 17
74 44
33 154
69 180
64 81
31 115
50 83
22 188
24 92
18 42
55 32
37 197
44 147
68 76
32 64
63 191
11 11
28 166
71 123
52 155
42 35
71 48
74 140
38 44
34 60
10 15
11 117
76 47
55 52
76 167
72 72
77 21
29 13
24 50
44 143
41 142
56 108
21 75
47 37
33 91
12 198
68 13
62 142
48 189
93 175
10 112
70 134
54 132
35 99
41 85
51 20
63 31
37 28
97 199
77 27
63 177
54 29
83 150
80 51
92 145
62 92
90 106
87 191
73 176
81 30
98 164
93 99
46 192
88 103
75 15
62 123
97 156
74 183
91 103
64 64
24 93
38 137
100 184
26 47
52 81
92 63
83 120
80 51
31 134
23 123
85 107
86 143
61 200
23 179
65 193
88 183
18 31
100 117
56 111
96 17
39 42
64 48
52 65
93 85
64 76
85 150
99 87
46 56
82 38
64 10
16 110
41 149
29 146
49 158
73 40
90 60
48 57
77 46
50 30
25 145
92 163
32 68
32 198
66 170
44 160
66 100
34 198
81 22
54 148
45 43
27 157
82 73
94 35
18 161
43 52
65 164
87 21
41 97
72 180
93 88
43 59
72 52
72 93
36 20
72 34
59 40
21 160
16 16
14 34
66 84
48 94
90 102
87 114
59 157
44 77
26 54
26 67
60 172
94 173
67 180
74 58
16 31
19 157
16 45
37 48
25 78
72 180
25 80
51 12
70 198
42 115
78 27
37 183
45 121
77 24
48 196
82 177
51 123
67 97
68 136
100 100
48 110
13 49
47 15
53 60
93 164
93 98
96 159
61 192
13 57
23 23
94 122
96 90
48 145
19 24
35 134
15 105
43 36
89 67
27 38
50 66
43 103
97 195
79 56
50 153
65 45
34 189
20 178
20 22
62 98
44 23
91 185
60 109
76 106
30 74
60 104
28 126
66 128
49 80
90 128
26 120
68 41
29 141
87 51
15 174
58 12
88 14
53 127
90 51
12 100
37 178
43 89
72 190
87 68
96 11
25 135
47 171
42 72
77 197
96 108
29 74
86 157
55 141
71 12
19 171
17 119
52 117
54 96
65 14
88 188
70 139
89 149
12 110
36 64
66 146
78 77
37 116
19 131
54 173
43 37
16 78
25 113
16 167
34 113
27 152
85 199
41 65
20 65
20 181
38 72
30 125
25 158
32 15
93 86
67 87
56 143
93 81
84 162
58 54
33 40
46 17
78 130
44 198
36 59
87 148
84 126
88 103
27 102
86 14
12 108
62 135
79 68
47 96
17 97
51 137
86 179
11 199
81 37
68 138
15 196
88 29
78 148
51 25
48 53
30 93
97 155
62 23
91 76
54 107
19 92
91 133
45 177
75 191
90 150
48 113
12 35
11 88
27 76
37 87
96 167
69 92
57 18
30 200
46 35
61 113
86 140
13 177
97 190
62 165
73 139
61 105
89 52
55 180
68 108
34 59
19 58
72 61
94 67
29 17
82 180
47 30
85 178
50 101
81 40
83 149
65 176
82 177
59 80
22 159
88 44
97 96
56 193
26 172
76 51
41 186
25 120
78 184
45 56
97 108
83 162
86 77
40 167
16 155
19 199
69 46
83 165
95 148
49 100
95 37
56 141
71 184
30 50
88 192
83 73
99 173
81 191
65 183
68 114
62 24
16 94
74 189
11 182
44 14
42 76
27 67
80 98
76 111
53 39
46 34
11 23
53 148
44 89
55 13
96 111
79 148
91 78
54 53
74 72
96 198
42 156
19 189
64 126
92 13
66 192
96 100
34 77
11 84
73 21
70 192
62 127
87 117
54 97
98 121
44 84
12 142
31 194
13 104
60 51
56 118
86 156
45 112
16 77
79 53
55 95
64 200
50 196
76 38
97 143
91 73
82 110
32 99
67 157
52 44
48 122
96 105
65 159
43 166
94 24
68 135
23 53
73 142
89 95
36 152
75 163
79 97
18 51
76 188
53 31
18 70
41 195
78 64
62 194
48 10
49 59
57 138
53 92
95 184
31 93
26 57
100 195
68 141
21 173
99 87
78 172
72 159
75 134
32 141
40 85
44 156
38 121
20 102
37 15
76 32
88 64
16 189
12 66
57 116
35 78
58 31
25 161
38 59
86 45
25 42
46 175
74 98
68 146
18 141
51 96
16 94
92 85
78 30
13 10
33 22
97 172
58 162
65 67
11 48
63 31
46 44
93 112
90 135
94 121
55 31
98 82
36 180
36 187
45 142
55 11
85 108
12 20
62 127
45 123
34 192
97 68
22 163
79 158
49 49
79 185
33 108
71 197
27 46
42 152
53 44
47 176
91 148
87 55
70 85
32 39
45 135
80 124
71 89
76 37
47 173
83 42
84 101
99 10
66 87
80 180
44 149
64 85
29 141
94 182
89 143
99 136
61 152
44 17
52 131
57 12
28 56
75 26
45 116
66 149
30 44
37 114
25 84
51 100
57 185
12 84
24 114
69 47
95 68
60 140
76 89
89 158
100 198
59 126
90 44
62 128
23 193
36 60
96 96
53 135
22 53
51 51
19 49
27 66
39 133
51 162
10 160
62 168
56 116
60 115
88 11
72 28
64 118
57 114
76 72
66 105
18 78
40 115
80 56
86 45
88 168
76 21
28 139
13 106
27 138
37 25
38 97
33 154
60 156
69 39
96 127
76 198
94 124
86 133
80 105
44 192
97 19
71 21
27 34
15 192
90 172
13 122
58 72
91 94
32 177
43 110
100 100
85 120
95 18
29 14
40 65
94 198
53 29
31 21
91 170
69 59
49 62
78 52
24 91
13 185
80 80
80 183
35 22
35 15
51 190
56 157
87 59
34 140
66 16
64 166
62 197
52 160
57 40
97 26
51 137
33 200
26 139
26 198
30 129
33 194
21 44
16 15
81 126
92 183
66 139
55 151
77 17
27 36
26 133
20 180
93 97
15 119
45 14
22 176
36 141
54 94
77 141
62 89
16 109
56 41
98 63
52 25
61 113
23 151
99 116
61 148
29 153
63 59
51 195
47 134
74 26
40 131
13 161
24 45
99 146
45 129
88 102
50 91
73 17
96 94
13 15
79 170
39 98
14 137
34 54
73 70
58 87
65 48
58 75
87 151
67 194
70 41
35 44
19 143
36 199
31 19
77 68
26 162
96 29
11 113
88 158
80 177
77 185
22 126
41 142
98 91
84 167
68 73
77 67
15 74
98 64
59 68
90 106
97 121
21 139
67 42
35 27
97 175
45 55
53 104
71 41
36 166
71 130
62 29
34 67
66 73
19 42
22 87
53 195
47 85
34 75
26 73
14 125
78 138
48 12
41 11
87 70
25 62
77 27
20 29
60 18
49 27
18 45
32 10
33 123
96 15
36 192
70 102
52 159
96 131
84 136
25 47
19 120
44 39
71 24
13 65
47 141
53 117
13 198
87 58
98 193
47 152
57 176
27 167
70 148
15 139
66 72
76 102
23 119
78 163
27 11
68 178
33 122
36 184
49 11
26 84
57 140
32 54
86 123
29 71
25 129
98 166
17 30
72 25
46 42
68 94
31 28
43 29
63 155
44 81
98 67
64 26
39 12
39 111
89 80
32 16
46 48
10 42
18 61
91 50
21 57
33 149
10 26
13 15
52 193
81 172
23 85
21 77
84 79
29 33
61 195
92 191
33 55
30 122
26 101
12 43
86 118
87 23
55 172
29 149
36 149
10 45
98 129
54 132
78 112
32 190
77 59
52 160
68 55
21 33
45 87
76 117
11 70
88 172
52 193
17 48
70 62
44 17
45 39
65 32
24 137
67 91
64 67
71 112
97 166
33 103
95 45
43 90
60 161
15 180
36 194
97 137
83 123
81 81
44 104
19 114
86 159
66 70
11 67
52 173
17 151
57 118
73 84
60 112
19 80
14 41
41 130
58 164
57 156
58 47
37 159
12 134
61 190
42 178
94 165
23 122
58 24
65 122
22 58
33 176
43 136
47 46
91 28
52 152
87 65
54 54
84 16
52 175
23 171
60 96
31 123
33 94
23 69
80 100
66 61
74 89
39 126
90 97
68 146
46 139
58 103
84 68
46 14
39 127
37 16
46 155
41 29
54 110
20 98
43 49
36 97
55 12
43 75
65 10
39 12
72 65
92 167
81 14
44 177
67 168
78 165
83 156
36 14
26 116
23 86
39 117
82 105
86 62
81 39
79 55
14 23
59 160
21 54
13 195
66 117
80 57
36 128
70 87
69 111
62 77
62 170
48 14
91 125
21 87
91 140
44 40
56 86
71 199
49 175
76 196
97 177
66 16
88 99
85 57
74 130
92 18
90 152
32 17
26 122
14 75
49 93
27 59
57 138
78 121
24 72
65 47
26 12
44 164
72 11
23 122
28 178
34 75
60 187
14 50
52 42
99 14
19 63
48 94
67 154
25 146
86 165
93 85
26 79
32 89
71 102
87 56
66 153
23 53
66 46
18 70
89 29
61 194
86 171
26 116
40 136
34 184
75 66
81 88
69 151
79 59
10 189
45 144
38 47
99 103
92 101
64 175
39 80
40 67
39 99
31 39
51 56
12 168
88 103
17 90
49 43
11 117
68 88
86 185
74 113
53 31
53 93
98 168
48 16
60 78
10 198
63 173
52 120
30 199
48 16
65 109
94 72
15 115
29 143
73 119
37 199
21 81
49 179
79 98
63 74
26 90
36 95
68 159
44 46
88 71
79 67
48 136
72 18
86 123
44 162
11 196
37 194
14 94
85 138
79 157
75 192
10 116
37 144
95 113
19 75
33 76
34 167
22 105
25 74
13 147
18 80
47 16
81 62
37 67
88 126
12 22
64 104
25 25
88 68
42 71
55 146
84 109
91 161
92 108
56 74
81 82
63 62
80 39
33 55
61 126
76 153
36 88
84 132
10 138
24 74
68 167
98 180
11 122
10 100
56 18
51 140
91 130
72 45
63 150
78 98
68 60
40 56
63 141
99 84
85 22
95 121
45 181
19 54
43 84
93 166
83 152
97 26
63 141
43 83
25 163
93 177
44 64
77 26
100 55
59 96
50 71
52 67
62 151
86 165
34 99
11 160
75 102
42 165
28 103
70 145
12 61
25 123
10 188
96 110
29 83
100 121
24 56
18 16
29 111
34 74
34 168
76 115
49 75
16 123
63 160
100 78
91 10
28 126
70 173
54 52
85 75
22 21
21 163
38 161
77 43
100 139
14 123
26 91
62 145
20 179
61 115
44 137
51 90
41 146
76 154
64 108
55 173
22 183
22 182
22 74
29 20
52 46
66 79
39 143
16 174
42 140
39 20
17 46
92 173
54 175
50 192
44 166
63 45
23 165
23 134
63 62
63 41
28 99
90 68
100 146
77 175
63 142
34 196
49 107
36 183
62 116
27 175
34 182
16 73
55 58
90 174
25 163
39 52
88 159
17 93
79 165
44 33
53 95
28 106
63 18
48 94
47 106
21 72
98 123
71 54
63 154
40 125
66 98
38 21
14 100
56 173
46 14
78 182
38 24
44 113
67 19
15 191
63 110
37 23
23 19
29 24
21 129
17 145
45 151
46 95
98 82
86 104
44 63
86 30
75 185
26 166
28 152
61 153
65 62
96 105
12 77
17 99
91 103
53 44
77 22
37 115
43 18
34 193
92 115
12 183
56 168
24 138
66 148
56 24
43 78
25 114
82 82
21 163
64 68
23 71
69 148
31 165
26 15
96 49
28 45
38 42
42 23
11 165
98 59
82 182
24 142
76 95
45 120
31 42
68 76
57 58
49 101
55 191
87 44
90 26
10 106
95 103
50 49
94 124
16 90
78 48
88 44
27 67
58 180
85 153
100 23
69 90
36 66
30 20
27 133
97 192
54 129
77 191
87 197
94 66
61 63
78 152
42 58
34 72
59 129
31 127
67 47
60 78
31 110
85 47
53 158
29 114
34 168
53 54
29 62
31 93
71 58
82 11
56 74
72 178
78 109
80 179
10 134
16 93
19 178
32 141
88 12
75 43
65 192
86 199
81 62
81 180
68 170
71 60
68 75
45 58
89 154
59 142
17 104
36 164
18 199
96 38
27 192
71 24
14 192
82 58
80 126
90 176
25 40
78 130
55 84
99 102
53 58
49 159
76 112
41 55
51 70
97 132
23 166
66 67
39 159
12 31
63 165
73 170
14 53
41 123
79 143
20 200
49 79
45 164
14 124
25 112
66 113
76 90
95 11
60 56
96 83
59 66
71 96
16 65
88 169
52 111
39 192
50 123
37 111
56 95
24 139
50 85
99 62
22 164
74 111
42 45
51 109
44 53
38 149
51 157
50 107
44 71
17 20
56 34
33 135
39 190
89 137
81 159
22 38
42 97
44 131
18 167
28 55
61 57
18 162
35 154
57 114
36 10
71 51
61 66
10 165
94 71
87 142
93 156
46 141
47 153
62 50
29 145
77 173
91 132
98 48
42 45
48 143
71 97
67 113
65 181
38 31
35 44
12 114
39 177
52 86
46 182
48 70
47 64
61 162
63 19
16 92
65 174
43 156
26 61
19 67
83 180
56 127
79 73
89 57
24 129
48 191
98 102
78 57
27 159
89 141
49 40
93 67
11 100
38 95
89 103
25 13
48 62
96 118
46 14
35 18
78 119
19 64
75 125
36 188
78 142
90 74
72 194
83 175
70 187
17 43
21 65
100 185
73 20
76 86
42 111
86 169
90 137
48 62
99 156
74 157
14 190
19 68
98 26
66 98
66 167
42 115
75 21
36 162
89 44
19 46
29 176
41 187
54 59
90 185
70 153
82 145
79 15
67 169
47 88
60 35
21 18
80 99
86 82
86 52
70 141
58 83
54 159
24 49
85 173
66 66
30 188
44 89
56 35
92 24
32 135
58 181
59 10
82 185
59 151
34 42
26 159
34 198
34 27
84 169
52 92
79 158
13 58
87 72
77 115
68 18
45 170
96 183
16 67
54 96
99 25
48 121
24 64
47 134
74 176
74 136
86 150
13 159
28 130
65 102
85 151
58 106
12 143
77 111
47 98
91 61
62 146
22 152
64 111
78 124
96 10
15 189
56 143
34 191
61 21
33 150
75 68
82 125
50 177
49 33
95 54
49 200
31 56
86 21
91 59
38 87
67 16
31 74
68 88
51 86
97 190
27 104
71 103
11 81
73 75
24 188
97 178
77 131
42 183
28 34
79 120
72 134
69 52
76 118
64 105
17 50
16 51
49 186
49 184
13 66
54 160
79 168
45 63
30 183
71 61
25 98
74 162
49 119
60 72
31 155
57 52
38 104
26 138
56 58
80 168
40 191
40 180
36 87
80 99
68 121
74 120
54 143
51 105
96 128
33 131
24 177
55 76
96 87
45 183
52 168
100 93
11 99
16 138
31 171
10 67
91 199
90 144
92 101
90 67
94 59
13 122
18 183
77 128
45 44
17 48
91 82
86 12
63 24
83 169
96 20
37 98
38 55
83 193
19 123
16 17
10 68
37 29
85 138
75 132
43 57
34 48
14 122
78 143
28 12
52 143
24 180
25 74
58 115
34 23
86 137
49 31
14 193
20 89
61 187
72 145
29 11
43 37
32 55
55 102
88 103
81 91
92 118
16 129
57 42
86 82
35 16
82 16
27 187
44 173
94 149
34 82
28 144
63 116
41 101
17 67
84 52
47 77
46 124
40 14
47 182
35 190
13 54
27 19
78 113
99 57
85 143
47 55
53 59
70 75
34 170
65 145
27 124
83 25
18 60
56 47
55 172
44 52
67 55
95 78
39 86
15 63
42 75
43 106
14 70
31 97
42 147
46 94
51 74
21 131
57 174
67 178
64 26
76 183
79 102
65 73
80 198
11 198
75 34
59 41
63 117
17 167
29 181
70 125
88 14
82 190
65 44
63 166
66 18
49 166
25 31
31 89
36 155
70 157
83 32
79 117
99 137
56 24
55 156
50 183
60 37
77 12
87 184
42 167
84 139
66 124
10 161
95 53
36 132
90 115
83 188
17 137
71 127
25 63
42 112
58 108
13 62
32 32
80 78
58 80
62 121
63 19
64 50
52 17
74 85
61 170
26 166
18 18
48 79
67 17
52 130
51 141
66 25
99 70
90 152
62 144
33 156
30 165
34 59
93 191
29 116
35 197
38 88
50 16
29 120
72 137
84 173
44 74
48 62
48 124
52 96
96 98
78 64
79 47
50 78
26 69
79 19
32 108
47 113
46 53
78 150
55 94
47 78
27 153
84 114
93 157
81 178
65 73
67 173
77 188
14 182
94 56
61 133
53 87
87 90
81 91
22 131
95 195
23 177
24 173
56 45
87 134
95 27
48 119
47 151
86 62
88 175
51 122
94 107
62 187
45 150
23 48
31 118
33 144
46 33
59 197
17 67
82 124
49 149
80 118
61 160
17 52
43 100
12 107
15 184
86 15
61 14
79 78
33 129
43 37
12 129
23 63
90 199
74 114
79 62
95 90
72 191
41 190
23 118
58 131
61 11
50 78
96 32
57 171
83 158
50 169
45 75
57 116
59 52
80 86
92 50
29 139
38 141
31 187
20 46
88 194
77 97
46 96
18 60
17 137
99 107
39 138
74 149
85 89
33 94
22 96
91 174
41 40
72 196
70 16
95 178
16 122
47 136
60 60
24 117
100 26
77 113
73 18
77 51
36 75
74 106
78 135
98 38
82 59
88 34
68 87
25 109
16 143
42 38
34 53
86 10
31 159
24 44
66 40
13 108
55 64
58 109
94 148
58 197
40 183
44 85
80 54
34 67
38 72
68 10
38 62
49 196
69 180
70 31
18 159
43 137
67 176
48 54
99 173
90 142
57 93
90 45
99 54
76 146
60 41
53 53
13 191
11 147
18 100
23 10
61 140
42 93
10 173
42 82
93 31
54 143
71 84
40 73
38 101
59 65
66 198
76 68
57 147
95 179
65 26
45 95
27 116
97 137
74 160
42 76
22 54
33 117
84 17
15 77
85 19
62 62
29 40
74 48
31 170
94 44
39 27
28 186
69 152
36 65
16 153
79 135
17 162
28 168
81 74
28 100
50 189
33 134
72 138
98 48
64 19
96 115
83 55
65 183
91 66
10 151
22 22
79 59
98 193
37 188
83 83
23 162
35 104
18 133
42 88
16 161
60 75
15 147
78 188
10 139
24 19
28 84
97 40
73 28
93 195
88 90
17 114
60 183
10 181
56 49
37 108
56 178
80 97
46 114
85 74
42 172
10 176
52 128
19 32
53 60
40 151
39 116
59 35
44 93
20 34
18 95
32 177
13 104
79 40
39 192
50 82
79 32
47 61
10 85
62 95
20 144
10 119
94 143
91 169
35 171
97 33
64 125
61 194
47 95
71 81
18 151
100 92
23 32
89 122
55 70
30 85
59 95
67 85
97 159
59 106
21 69
81 38
37 151
96 56
33 77
12 165
39 102
46 21
10 43
29 74
91 183
36 129
87 143
18 148
13 80
30 74
77 196
15 144
42 145
41 35
84 139
23 61
62 68
83 176
100 27
34 194
68 20
57 99
16 149
90 97
32 135
87 179
36 84
66 119
56 134
50 85
19 156
70 147
39 30
50 114
16 184
45 92
50 73
81 190
20 71
65 61
96 69
58 169
97 196
53 38
36 53
99 45
19 70
70 21
73 127
56 195
100 98
16 148
100 88
59 26
20 23
69 167
82 151
92 70
93 45
83 96
91 32
80 109
66 158
27 48
75 89
72 37
27 118
77 159
82 112
90 190
11 74
25 51
74 135
60 182
67 30
64 80
95 52
73 179
46 142
52 127
63 81
48 50
18 151
60 38
12 196
62 31
61 196
50 127
100 196
71 122
60 198
77 112
32 23
67 93
39 150
96 29
86 186
89 41
75 90
64 20
14 109
45 189
19 126
17 77
48 45
38 180
66 33
68 148
72 193
19 45
98 93
19 185
65 145
94 37
25 85
34 155
72 123
12 131
70 80
53 181
13 18
32 23
66 73
74 122
42 44
92 29
51 64
75 28
78 51
62 77
24 158
39 153
17 187
84 140
67 81
49 25
34 102
57 142
78 65
81 51
67 41
48 49
52 119
39 116
44 178
38 108
40 36
99 37
25 156
25 100
72 109
33 137
51 20
11 18
26 132
38 187
33 164
16 80
16 158
74 86
91 21
62 114
87 65
31 81
96 129
64 68
63 131
79 81
29 95
87 37
79 161
82 10
71 115
94 50
88 109
81 29
32 131
24 11
56 95
37 50
45 98
71 95
41 147
29 12
82 77
22 57
46 119
79 196
46 172
47 97
92 14
81 66
77 93
49 164
94 185
36 23
84 178
54 144
99 97
91 177
95 50
57 23
61 124
10 184
97 119
46 41
82 39
28 79
74 177
43 122
23 112
23 86
28 87
37 34
56 18
60 160
48 77
43 18
41 56
21 130
99 93
95 87
36 57
92 66
98 63
84 38
94 156
34 75
43 156
92 38
96 121
55 67
20 13
58 10
49 88
58 45
79 112
80 136
28 121
31 36
96 44
53 183
28 192
26 77
37 169
13 155
21 137
83 121
100 108
52 43
100 94
48 200
15 22
46 199
52 171
66 173
89 111
52 49
85 13
30 93
39 42
61 127
45 103
52 131
75 12
100 40
57 41
15 136
28 18
49 52
35 12
71 38
22 170
83 81
45 14
34 189
53 54
95 15
29 175
49 192
41 121
84 118
48 82
13 49
95 53
91 136
19 127
97 11
91 62
44 113
99 67
80 124
16 60
93 102
20 86
45 55
42 136
56 171
72 60
64 143
64 144
11 192
31 63
74 179
94 97
27 24
92 14
43 109
71 67
50 111
30 116
49 162
68 163
97 82
53 185
58 159
67 114
96 19
74 164
80 103
93 102
75 58
94 76
45 14
98 180
62 120
34 114
43 138
95 56
84 132
52 55
70 11
16 61
23 147
50 30
26 119
53 200
25 72
63 146
27 52
100 12
94 42
42 86
41 183
83 10
90 15
72 26
60 35
94 70
75 136
83 64
75 34
82 21
35 151
31 184
20 104
48 176
70 102
95 128
33 36
78 41
65 196
52 91
80 169
51 46
42 63
62 171
22 176
24 196
41 161
70 162
28 165
18 22
52 41
51 184
43 89
68 142
30 116
76 149
19 26
71 32
67 128
21 180
28 175
43 72
33 198
27 43
74 35
55 72
92 16
17 167
77 115
85 23
48 196
23 149
41 190
99 114
69 163
40 42
99 111
63 117
38 194
53 115
31 49
81 129
57 76
100 185
26 69
47 55
45 13
75 99
60 164
36 133
45 117
31 107
92 135
45 148
43 17
86 192
85 83
77 145
17 59
82 152
24 172
50 196
95 21
88 21
50 118
89 144
80 175
45 73
74 86
54 59
67 117
34 183
59 183
100 161
41 101
52 172
79 152
67 112
33 104
43 181
67 111
21 67
21 187
34 16
90 17
17 200
71 128
79 158
43 154
48 185
39 73
45 182
98 167
44 30
55 38
57 82
25 124
75 46
41 114
74 27
76 130
95 66
22 30
28 32
67 153
99 71
18 185
67 83
44 158
90 44
40 103
64 147
68 99
44 172
36 79
83 167
15 36
11 121
66 90
90 74
12 172
45 80
85 200
43 151
11 78
71 187
86 123
50 42
25 182
15 68
55 23
15 103
82 79
41 118
53 179
50 24
34 140
28 150
87 91
91 162
11 85
84 175
48 102
94 84
71 63
13 157
66 189
93 137
96 117
11 70
33 59
56 67
36 44
29 193
52 129
28 128
33 101
94 54
51 130
33 121
65 92
55 80
25 170
31 12
88 106
58 173
36 191
85 187
94 90
93 172
40 133
52 43
75 23
88 92
48 58
91 148
27 101
33 85
100 78
52 170
39 173
77 150
29 24
44 19
29 137
76 134
63 101
39 158
80 97
16 57
55 74
47 151
59 65
14 58
40 136
24 107
73 181
50 114
52 14
31 143
37 125
47 53
78 65
81 130
56 51
91 141
10 24
36 124
60 140
33 35
49 42
21 26
37 32
67 61
100 53
67 21
48 91
43 15
43 88
35 142
64 156
53 109
16 17
76 94
72 26
56 65
45 94
86 93
82 11
15 19
56 181
34 65
39 129
72 39
44 50
60 10
39 119
79 19
44 133
64 117
16 43
80 29
40 75
78 110
33 100
56 186
71 161
36 165
63 155
71 162
75 18
59 22
50 94
11 96
45 147
16 18
38 197
57 151
67 16
42 12
33 191
32 199
47 59
57 107
72 10
61 52
65 52
12 157
63 108
70 27
86 77
13 77
25 130
98 200
10 122
35 63
44 20
43 130
31 46
44 117
71 116
56 98
67 45
57 160
79 141
28 40
56 57
94 124
98 170
69 134
46 124
47 47
13 70
24 46
33 24
98 187
16 135
45 133
64 151
93 157
35 91
76 98
58 94
68 136
76 156
15 189
30 78
55 56
86 24
38 66
44 90
65 12
41 128
22 37
55 49
54 182
42 171
24 112
52 135
45 162
73 173
94 182
56 197
43 200
34 164
12 115
60 131
71 111
30 74
50 148
14 166
18 108
40 30
91 44
32 123
27 66
39 189
50 157
75 141
43 71
72 43
83 192
66 114
39 43
16 106
78 156
90 132
20 29
35 117
28 150
90 80
51 146
72 119
30 75
38 58
99 198
63 133
47 55
51 134
31 46
18 113
31 124
10 77
44 62
59 197
83 23
24 62
83 157
42 83
32 52
84 10
86 44
29 59
81 169
62 20
27 66
26 28
85 12
96 123
53 101
44 88
55 16
39 118
43 155
95 59
57 144
13 89
77 182
28 110
55 164
76 30
67 65
36 31
72 178
70 122
76 106
67 14
61 162
22 119
84 135
77 156
47 49
36 77
28 25
33 25
50 118
62 52
54 106
22 40
73 61
94 173
49 196
87 92
35 143
20 116
68 22
66 167
46 149
27 83
62 41
54 186
12 177
35 145
56 146
88 199
29 171
85 198
57 193
84 166
32 134
17 34
98 186
94 198
27 56
61 119
77 43
98 80
73 132
51 114
70 43
11 118
73 106
73 44
19 26
29 54
67 102
30 117
63 91
25 42
50 16
22 89
44 54
59 82
95 27
52 97
92 120
32 129
55 142
11 157
68 184
58 151
73 101
15 184
71 172
69 162
23 188
37 72
16 32
80 62
48 151
45 144
92 198
21 130
79 35
64 140
96 132
50 116
70 147
57 36
93 159
51 141
59 60
25 200
80 146
82 144
44 32
75 10
47 149
35 180
61 61
78 36
82 30
77 58
36 84
45 129
48 116
88 10
81 93
78 92
25 83
96 169
76 134
10 146
18 121
91 100
42 109
41 29
49 111
27 139
95 174
57 71
49 171
56 99
11 114
43 114
83 37
92 135
24 73
88 86
44 48
17 31
63 145
52 119
19 118
40 84
32 160
62 46
85 37
16 15
95 137
28 150
95 45
52 146
28 177
95 136
35 51
92 15
13 197
53 63
12 25
79 72
86 103
21 149
48 65
73 71
31 117
36 178
81 116
88 82
34 189
78 129
48 186
64 26
65 101
64 141
52 60
18 113
73 132
24 83
48 37
70 10
59 176
10 118
54 144
55 196
88 51
54 185
54 101
76 41
77 123
93 130
89 196
72 148
31 138
89 136
37 186
17 131
34 157
78 95
22 82
19 54
17 35
34 173
33 82
33 140
19 28
81 21
26 146
22 162
92 10
86 48
76 76
30 21
27 83
41 145
47 187
93 100
83 71
15 182
97 119
31 182
71 34
13 150
17 196
51 53
80 74
44 35
46 126
72 185
79 144
55 176
70 140
34 17
81 160
21 187
85 154
46 15
98 184
95 170
28 132
84 197
89 148
70 159
98 91
50 94
61 94
56 198
59 157
91 77
72 26
86 37
61 31
64 170
35 41
80 37
20 173
68 12
43 77
49 16
85 148
71 13
64 182
84 130
59 60
31 75
38 81
94 89
38 157
11 151
69 18
33 25
61 33
58 124
44 32
88 80
12 51
81 76
91 128
95 182
91 192
33 97
32 171
35 188
36 56
40 180
33 160
92 68
70 44
41 104
100 133
11 102
94 123
85 50
63 164
87 72
58 100
53 72
52 179
57 40
67 40
36 112
66 35
37 194
84 173
18 171
66 137
11 122
55 62
97 144
83 15
79 47
18 17
74 187
99 180
91 43
33 57
71 53
61 136
40 164
45 178
44 34
57 50
23 186
11 130
37 162
55 178
78 39
90 129
39 194
34 85
69 162
10 193
62 35
17 72
22 57
93 167
53 177
17 48
68 131
39 135
56 124
26 135
64 119
37 21
19 184
77 182
34 71
34 171
91 123
94 108
46 104
75 50
52 103
19 64
18 100
31 159
86 122
51 20
16 169
97 187
56 162
20 140
12 164
83 142
92 164
22 56
25 157
80 138
86 29
93 126
91 11
75 155
24 21
42 177
56 19
62 153
27 153
99 25
32 192
39 194
19 27
14 45
91 180
54 77
73 18
33 162
23 100
92 177
76 103
74 113
79 160
50 127
24 148
79 50
82 121
77 138
21 127
79 156
65 190
42 149
33 26
53 82
80 69
37 70
85 55
94 118
53 60
77 161
99 199
31 11
26 66
89 78
79 156
56 110
16 79
87 186
70 180
93 54
90 161
57 33
46 131
55 86
11 198
37 31
93 46
43 136
18 184
63 84
52 81
46 106
60 42
14 66
24 25
31 83
79 90
96 34
45 46
30 22
88 146
100 82
68 65
52 106
27 87
43 10
39 187
80 152
28 41
34 106
43 162
64 75
50 84
90 83
62 31
48 29
30 150
45 194
42 153
81 97
17 123
81 19
20 25
89 194
61 21
34 147
31 78
69 67
46 133
73 138
85 56
26 166
20 81
18 54
11 101
65 85
30 60
73 167
22 98
68 165
37 81
85 104
43 167
46 144
65 145
94 75
45 61
70 40
35 20
24 177
84 46
62 148
40 167
43 14
12 96
43 186
57 124
14 137
33 93
86 33
76 196
16 50
16 151
46 200
17 176
84 116
55 37
58 130
87 190
55 80
55 147
82 73
31 166
18 195
53 123
59 86
90 138
20 18
95 27
90 92
70 16
55 36
90 61
63 81
57 111
28 147
21 38
30 141
65 40
50 75
85 175
91 116
26 121
33 43
19 176
75 153
13 123
57 69
86 178
31 68
98 135
44 180
28 46
14 11
55 99
55 96
69 70
30 197
99 169
96 163
30 176
13 170
53 137
79 139
86 191
71 45
12 55
55 110
85 157
67 12
29 199
49 162
19 121
72 93
76 40
42 55
54 13
82 127
21 75
52 97
60 105
97 34
98 170
99 42
26 89
38 25
77 154
86 190
63 157
57 197
95 172
34 24
50 89
61 159
29 49
21 63
80 179
57 95
21 42
76 117
20 14
35 30
98 131
37 97
84 136
89 95
90 157
79 105
44 94
54 43
97 109
95 100
35 26
69 78
60 155
90 23
12 139
20 182
51 96
60 168
48 161
66 152
77 185
46 197
37 131
37 33
17 191
25 161
90 129
95 109
83 68
18 85
24 199
47 88
83 134
53 138
24 130
37 56
15 157
65 36
26 148
83 140
39 26
83 167
100 151
67 50
78 187
29 37
21 182
20 100
43 182
41 53
71 161
11 69
95 164
73 49
74 167
62 70
70 100
48 149
38 101
13 103
60 158
62 115
69 66
82 75
89 87
21 194
97 39
89 199
41 170
29 147
33 47
88 162
24 65
79 54
56 143
76 87
31 99
40 60
25 51
54 68
50 87
63 18
78 114
92 153
83 76
40 40
91 151
24 95
69 123
37 184
38 85
84 177
93 107
11 195
52 196
75 119
19 114
93 20
96 156
22 144
20 85
46 158
86 18
85 62
70 181
31 40
78 151
19 105
100 87
96 70
28 173
97 154
24 127
95 169
52 150
50 127
75 129
25 103
62 170
30 112
39 22
82 58
73 192
94 63
64 95
77 172
22 123
90 19
79 134
99 167
53 134
46 151
50 42
94 21
41 51
50 173
27 108
77 70
76 49
25 190
22 68
38 45
82 131
23 75
64 55
97 181
22 168
50 63
74 49
80 32
56 41
75 166
51 68
80 61
74 194
18 63
13 55
73 86
80 165
24 83
23 35
12 20
70 59
13 45
48 182
48 10
66 83
84 175
80 23
49 70
21 75
56 90
74 43
26 140
31 161
50 39
15 98
87 32
58 156
72 67
36 169
53 195
48 55
25 36
53 194
33 97
93 41
42 32
61 186
19 94
53 198
42 154
66 15
86 86
72 86
73 142
83 32
53 140
15 126
10 158
13 106
76 31
29 74
61 55
83 59
78 196
84 83
100 186
92 168
25 71
59 36
24 142
68 161
79 170
52 112
85 27
84 24
13 190
84 135
46 138
89 196
18 62
13 147
37 179
20 131
21 10
94 73
81 81
19 88
51 132
56 190
33 30
11 40
95 92
54 75
68 193
34 27
30 161
11 136
86 99
63 200
60 89
49 85
34 140
54 10
36 176
63 63
92 48
48 14
65 101
43 194
14 162
26 183
94 197
45 104
55 197
40 60
71 18
99 44
91 143
69 62
68 101
92 113
48 51
99 90
48 39
89 80
98 138
41 156
48 192
33 72
54 196
24 94
96 102
72 174
82 17
28 174
24 163
62 46
11 68
81 191
54 31
19 132
37 166
58 114
96 181
31 145
98 142
26 11
75 179
58 121
81 33
58 115
48 23
73 43
32 121
70 22
77 137
43 122
45 74
42 59
36 76
97 74
25 75
97 95
64 72
62 83
84 144
93 81
83 183
88 82
18 160
61 88
89 59
52 20
49 100
81 21
64 128
78 197
52 173
32 90
82 141
50 130
58 196
49 86
60 158
25 125
47 74
70 79
34 56
22 90
59 192
27 134
86 30
92 177
32 65
97 59
25 74
31 124
95 54
83 90
23 158
40 185
92 61
50 188
21 142
14 96
72 23
45 117
42 172
48 58
31 172
84 98
98 129
35 126
92 43
10 27
69 42
28 65
93 64
38 43
84 142
90 194
80 150
65 20
79 25
93 23
65 187
99 32
98 144
71 131
94 176
57 189
27 172
22 145
43 118
40 75
100 130
34 14
18 191
18 43
72 104
12 192
40 10
15 48
87 15
80 143
27 160
96 64
28 197
17 10
76 200
94 164
31 133
17 29
32 13
42 150
80 153
84 40
44 177
10 119
82 90
63 38
33 15
96 24
84 113
65 160
68 89
87 84
38 134
81 157
73 200
18 87
56 69
79 148
98 16
36 93
76 141
94 157
64 13
13 22
18 185
96 72
80 116
27 107
40 93
32 29
19 12
35 87
48 44
71 152
99 135
40 158
12 178
37 64
39 107
30 140
99 48
23 199
24 170
50 47
92 33
74 188
65 185
83 142
28 142
11 91
30 171
91 164
82 198
14 150
58 95
57 17
13 113
51 109
27 155
89 178
62 35
35 36
77 60
83 60
41 82
20 113
41 34
46 22
82 94
32 125
38 73
12 134
29 183
75 102
98 32
71 115
78 66
93 67
30 130
11 153
21 102
21 76
40 131
28 169
61 71
68 47
46 70
100 133
39 57
28 10
91 126
12 127
49 100
39 121
69 144
84 53
69 150
48 15
69 28
37 139
70 90
34 46
44 169
88 45
60 24
26 95
59 195
35 145
22 48
29 137
20 150
40 93
24 121
95 22
98 95
28 28
42 150
89 146
92 76
12 178
100 47
72 75
46 127
18 171
77 96
18 190
94 108
83 178
79 194
16 158
62 185
96 62
93 84
70 96
24 200
51 62
53 157
71 122
72 180
63 91
69 189
52 154
35 175
86 137
65 165
80 77
79 114
75 105
60 170
17 181
70 85
13 37
34 13
28 158
69 63
98 80
69 118
16 182
37 177
98 82
10 78
35 112
16 100
67 22
98 28
56 60
86 58
96 156
49 80
70 66
21 173
98 49
70 161
36 26
59 184
14 122
28 92
91 65
93 39
16 95
85 114
73 172
74 76
43 45
99 83
83 144
87 37
52 179
84 36
32 191
29 116
54 92
29 135
34 32
92 68
65 64
55 107
62 156
77 27
57 163
24 135
11 189
18 111
73 194
85 184
50 190
31 117
13 140
38 72
25 58
30 102
75 124
89 181
19 24
31 113
93 119
58 127
100 31
10 96
75 187
67 52
15 22
18 79
55 32
63 136
45 93
30 14
75 79
100 129
36 183
13 114
83 123
76 52
81 68
18 12
41 61
34 73
80 36
71 68
59 84
20 151
33 75
67 27
12 163
44 104
12 31
21 90
62 48
68 109
43 114
51 194
67 10
73 103
34 199
33 128
30 178
39 93
38 78
13 62
78 99
32 28
48 164
66 107
47 85
95 129
25 162
16 29
37 200
82 19
75 105
97 124
65 59
10 169
48 160
87 10
14 177
60 22
15 172
14 163
65 148
48 110
61 56
78 70
86 73
66 75
81 81
18 72
15 49
92 101
39 60
32 102
49 165
48 19
60 55
76 57
67 128
20 123
30 108
33 51
64 127
83 160
68 127
97 151
25 61
80 188
82 187
50 182
47 24
55 130
56 38
38 106
98 134
58 152
53 77
50 33
86 131
31 193
76 36
80 45
31 15
62 42
24 155
13 165
16 59
20 83
41 93
92 65
13 51
19 101
29 200
80 135
44 151
22 31
82 91
80 107
68 133
32 132
60 198
96 100
46 13
44 177
34 196
69 135
75 71
46 199
53 172
26 44
27 81
22 120
100 143
65 102
50 200
11 197
22 120
82 96
29 91
90 41
15 149
80 166
90 22
91 101
41 97
83 149
24 21
20 152
13 129
81 51
25 99
70 147
42 178
50 176
68 171
67 188
50 25
69 150
79 139
89 65
83 29
85 26
82 116
75 17
86 65
56 184
91 140
93 15
30 16
47 197
88 18
77 118
67 158
84 83
59 152
72 145
96 185
92 34
67 194
42 178
75 111
16 33
30 135
51 179
57 41
92 162
19 11
89 95
30 158
38 78
97 149
74 103
72 26
48 77
85 158
43 112
31 60
77 175
11 17
92 170
70 172
19 111
67 31
71 132
32 186
29 110
78 43
90 111
21 151
40 113
18 99
17 42
40 171
81 177
65 181
16 49
71 98
29 147
77 167
41 120
69 100
98 130
16 76
86 36
25 84
39 169
16 175
25 143
47 16
94 145
84 87
53 161
80 133
45 116
79 197
35 95
53 99
48 73
74 99
94 12
66 59
38 190
49 193
34 190
12 73
14 39
82 140
94 148
45 140
33 185
84 133
79 76
45 138
50 186
66 59
60 52
83 12
20 175
94 17
71 47
26 142
99 74
85 109
75 167
100 119
98 196
73 73
19 94
18 200
79 80
56 110
59 31
79 198
23 129
85 13
85 107
22 85
24 26
91 36
81 31
12 177
36 39
70 110
46 72
58 23
14 11
70 87
58 57
50 50
75 111
73 185
51 19
96 31
45 74
16 62
93 45
56 155
84 123
63 187
56 17
62 149
94 167
78 84
70 154
40 64
14 189
20 115
50 151
73 56
17 15
10 131
50 159
27 137
89 162
17 88
71 167
96 199
53 128
33 190
16 28
74 157
82 113
82 36
52 197
70 77
86 12
76 96
44 126
22 86
91 189
30 99
14 43
42 109
14 23
34 63
44 141
84 91
82 102
64 128
72 21
63 144
57 45
46 28
86 83
40 70
41 89
53 48
93 78
56 105
67 67
34 166
78 190
43 95
90 187
99 11
84 17
35 65
54 197
48 36
82 199
31 186
54 99
75 30
39 193
23 102
10 127
24 102
17 137
53 197
17 200
21 142
29 188
84 104
70 101
28 129
25 91
81 198
94 160
86 170
38 187
82 55
45 151
69 50
16 156
66 200
80 89
67 37
39 160
35 103
89 104
13 172
19 136
90 188
92 41
51 91
74 49
21 153
82 105
79 121
18 61
81 58
38 106
86 59
14 38
29 138
44 197
59 162
32 123
72 49
78 127
59 193
99 87
23 31
67 182
48 63
16 85
25 26
29 19
64 89
38 49
42 45
85 149
41 190
57 189
46 46
78 11
75 125
82 27
20 92
60 88
76 62
77 122
63 187
18 166
46 22
80 115
71 50
33 98
34 168
67 89
67 23
83 85
20 190
46 105
29 122
96 92
79 21
12 74
85 157
39 118
19 66
63 69
36 129
44 179
82 87
48 165
98 191
42 59
64 164
55 105
92 181
41 81
76 21
28 22
53 50
44 180
29 174
95 55
99 49
69 63
55 134
81 25
53 88
77 126
55 72
90 149
89 60
69 66
80 40
41 83
98 29
47 199
52 145
72 160
49 121
47 110
10 61
63 169
94 65
23 34
41 158
47 192
13 68
10 123
57 170
69 191
87 101
34 57
64 109
95 52
89 51
60 96
22 143
22 107
69 171
17 147
55 126
83 180
23 39
42 104
95 141
78 40
33 127
72 122
60 116
17 77
24 181
54 102
43 49
59 144
54 153
64 183
73 72
21 62
47 108
56 143
70 93
22 124
88 82
98 67
30 52
12 166
34 119
88 147
75 110
85 21
11 23
81 131
49 200
24 51
24 182
80 167
20 10
95 128
93 148
62 69
59 163
74 23
73 135
67 83
98 93
28 119
53 110
91 57
71 97
94 15
37 126
33 187
28 84
25 198
72 121
50 44
94 156
66 177
75 60
66 147
37 144
89 114
63 149
35 174
83 103
73 136
92 172
37 166
76 58
47 122
82 94
84 52
64 56
94 151
89 122
27 92
59 198
95 152
84 10
100 13
65 125
56 165
30 105
83 187
88 136
59 122
70 107
43 90
98 58
79 102
11 172
10 57
11 32
72 137
41 146
68 169
96 101
15 180
59 84
74 171
34 117
14 104
81 100
44 188
53 68
64 140
72 116
13 199
23 18
20 183
63 96
67 46
17 106
91 37
76 34
11 43
13 112
58 176
32 165
63 193
68 95
28 61
81 164
65 161
78 15
28 169
70 137
15 133
19 52
97 44
24 157
48 39
30 57
11 113
51 21
81 43
44 82
47 151
10 166
35 38
39 97
72 117
91 33
39 66
36 30
47 165
86 20
31 111
44 74
75 101
50 163
56 36
70 73
61 101
20 132
48 53
92 170
65 74
50 52
44 90
45 74
80 93
30 114
53 165
86 38
29 85
35 43
18 57
85 154
29 179
18 121
61 125
94 35
45 127
36 142
35 162
24 105
19 112
31 91
78 17
97 176
96 154
35 47
43 159
91 194
67 97
46 180
25 48
61 33
89 104
94 193
21 23
45 153
68 127
100 45
90 174
96 49
80 73
53 173
39 121
38 180
58 123
40 73
66 164
88 169
41 126
85 144
68 102
90 87
11 151
33 176
10 155
40 95
11 166
19 92
42 76
53 138
75 29
26 194
37 141
11 93
64 146
36 27
68 166
19 88
30 48
24 106
24 121
27 63
53 102
73 16
37 15
37 157
62 189
97 83
74 135
73 38
84 46
22 161
78 172
37 162
82 146
82 33
21 79
38 19
88 30
11 139
26 182
27 104
46 67
83 142
74 164
64 115
17 47
79 33
25 159
99 50
74 51
55 14
95 194
12 113
48 61
61 71
96 158
59 33
17 163
14 38
67 178
55 148
61 41
75 56
92 155
35 137
16 35
67 160
81 199
83 65
89 113
99 113
74 135
79 107
15 144
25 67
68 123
99 159
19 176
58 187
45 166
46 192
80 86
15 42
88 22
41 156
85 66
23 39
50 70
93 132
38 137
43 148
57 25
41 78
67 176
83 188
88 200
70 154
84 152
44 13
26 126
10 133
69 72
75 26
69 163
81 158
91 181
19 193
72 76
29 18
55 125
57 14
47 197
64 75
55 188
55 155
36 81
88 139
32 92
30 119
83 147
51 167
40 47
37 123
64 29
94 177
76 193
15 134
84 182
97 158
83 99
80 126
60 21
84 157
30 41
36 192
30 185
93 127
91 139
79 157
94 24
27 146
39 135
98 26
71 100
68 107
63 129
42 12
69 108
58 87
83 77
17 140
23 58
44 105
47 150
22 188
48 184
25 23
78 57
52 55
70 56
17 180
21 174
99 137
29 184
31 43
56 113
31 133
55 82
36 191
41 88
85 38
40 156
18 32
22 102
72 193
33 51
31 145
83 28
77 141
92 116
66 83
53 190
32 55
69 43
90 159
60 67
41 36
37 60
24 68
63 127
47 122
83 98
47 36
50 159
83 140
92 162
58 136
52 51
95 66
93 70
74 49
75 32
59 184
54 125
13 56
77 146
19 62
72 55
40 173
49 77
16 99
23 169
74 11
98 59
40 138
69 125
59 89
18 52
98 51
98 136
86 83
14 86
49 137
30 46
50 134
54 65
100 186
37 101
87 65
59 98
41 112
29 191
78 183
23 63
17 53
39 143
48 91
14 84
35 172
83 171
94 98
48 172
58 59
84 93
62 87
77 128
76 69
99 10
87 195
82 119
87 95
50 187
70 123
38 70
41 55
86 21
11 88
45 48
24 120
73 94
23 156
86 38
44 173
42 110
97 136
78 59
50 101
33 50
88 149
30 130
36 163
71 158
93 189
66 199
33 149
46 148
77 147
88 163
70 35
58 108
59 112
11 13
33 23
71 69
49 176
94 199
97 173
28 200
32 175
21 112
75 111
17 93
97 78
79 166
41 161
85 86
42 52
89 118
73 199
40 71
13 41
13 133
13 48
14 18
69 151
97 179
90 23
48 108
98 138
51 16
33 181
82 182
74 47
47 111
45 142
76 40
26 63
64 198
64 116
71 135
10 170
30 117
33 175
39 95
11 132
76 32
69 38
52 135
43 169
96 111
83 61
43 104
13 126
45 15
28 151
53 142
90 75
35 124
95 117
98 197
97 155
83 150
84 98
24 101
40 186
21 189
98 187
76 151
15 16
84 187
80 139
69 99
26 199
46 76
57 75
69 175
69 112
72 55
93 52
86 89
21 192
45 96
14 182
89 133
85 45
97 189
80 69
50 179
58 143
16 25
28 138
74 81
43 158
56 93
47 117
57 81
38 71
47 108
83 35
15 84
25 172
48 67
29 193
90 142
37 133
98 165
88 169
96 131
70 16
18 170
46 17
82 52
37 17
70 165
18 34
40 170
39 154
81 80
29 115
51 102
83 23
64 129
35 125
16 152
28 95
28 75
96 161
92 24
45 111
97 77
52 48
93 152
68 94
55 137
60 110
96 67
60 140
28 148
35 66
43 16
28 41
71 98
77 19
100 14
39 113
28 76
49 139
78 143
47 116
19 52
44 152
92 160
80 116
95 167
23 28
75 167
51 97
18 73
77 20
40 70
30 192
12 95
32 199
92 174
28 151
83 151
31 146
72 15
10 38
86 55
57 20
72 150
22 142
80 57
51 134
21 96
84 76
56 55
57 40
93 200
64 66
54 104
12 81
11 85
100 147
98 200
65 16
71 107
49 183
83 99
76 94
40 41
72 188
83 77
49 126
20 51
12 47
13 15
98 98
89 48
18 85
69 44
54 186
13 39
80 117
99 106
43 135
69 13
40 44
87 183
79 168
98 17
78 190
66 122
32 146
34 187
93 29
67 112
33 184
56 196
72 90
75 123
63 60
73 11
10 28
35 120
73 38
77 191
87 184
79 171
13 138
12 172
22 200
22 16
92 67
28 127
94 146
31 15
90 18
49 134
33 22
32 22
61 24
63 135
20 180
73 150
23 106
36 97
60 48
34 132
33 126
30 96
99 119
73 89
63 131
94 154
49 87
99 59
40 43
64 122
55 133
81 153
27 13
57 156
72 164
44 191
50 136
21 150
69 178
52 195
21 72
34 95
78 180
77 95
83 150
76 57
46 99
21 132
26 70
93 188
13 166
45 134
17 85
18 190
56 156
24 14
59 176
45 21
33 87
99 189
69 134
22 152
83 67
31 168
92 183
49 195
30 154
65 115
57 56
66 114
86 110
51 51
44 61
35 61
60 158
89 17
60 107
50 157
34 85
95 158
64 101
91 81
44 124
20 128
81 112
75 194
73 193
27 140
10 97
74 34
75 61
59 180
26 21
67 189
49 60
83 199
20 141
50 50
81 87
63 56
90 30
43 31
15 106
33 88
12 173
82 68
76 166
28 57
18 174
96 117
62 34
60 28
13 185
81 52
22 79
61 81
33 182
82 134
72 84
97 79
27 167
68 145
89 197
49 131
88 81
54 46
76 175
22 93
29 189
80 51
52 98
60 179
51 45
29 178
62 145
13 40
73 37
36 65
20 20
58 46
72 77
11 188
31 12
43 53
32 58
44 81
69 37
65 47
52 184
49 34
25 93
47 83
77 60
49 187
47 168
48 175
61 148
73 129
25 63
85 164
98 87
37 78
76 115
93 198
92 152
49 70
47 107
21 198
21 125
10 72
73 59
83 171
14 29
68 169
77 115
84 36
87 19
57 106
29 41
98 66
44 147
81 92
85 113
95 55
68 116
70 142
60 153
26 183
24 56
100 75
52 105
82 153
57 26
54 61
40 197
49 105
13 87
56 40
37 75
100 26
62 192
34 167
75 115
92 115
50 101
96 121
37 102
84 132
68 167
22 19
42 144
36 149
44 101
87 41
85 64
66 191
18 59
20 21
57 151
88 146
19 150
52 90
23 175
83 14
25 48
42 147
55 150
56 55
49 74
23 83
44 178
87 28
85 74
88 44
25 178
92 87
21 68
33 23
68 33
68 26
100 62
94 97
68 80
60 119
98 50
21 116
68 108
47 97
58 186
47 18
26 133
24 134
34 129
24 77
53 186
38 44
45 78
24 94
33 95
37 113
10 25
78 196
99 197
74 117
29 45
47 20
66 87
89 11
99 135
45 179
47 184
21 11
57 166
49 30
25 119
63 38
77 196
47 79
72 159
85 49
48 133
89 14
83 47
58 46
96 106
49 113
29 59
79 162
11 53
19 118
19 159
59 140
29 22
60 21
33 195
45 187
29 132
92 181
27 28
100 162
96 63
73 57
79 33
53 148
85 44
23 60
88 32
42 169
31 199
61 36
90 40
42 186
47 79
37 153
36 13
94 65
38 11
25 168
70 144
49 122
84 192
10 193
89 16
94 101
51 162
81 51
68 184
12 199
99 23
31 172
29 109
72 105
44 183
80 178
18 200
75 148
99 116
79 36
34 100
22 148
80 76
69 97
14 90
14 156
27 68
91 142
68 198
20 99
66 130
32 150
73 188
45 142
53 36
20 68
49 116
15 30
79 48
83 108
61 34
49 53
93 34
42 103
73 74
42 54
42 111
83 167
78 112
92 45
95 97
61 129
51 132
41 39
93 111
65 142
81 21
48 93
24 23
50 110
86 30
41 126
99 170
12 73
95 22
60 63
22 34
48 134
39 176
45 169
19 143
55 86
30 140
62 43
90 176
30 84
46 98
18 171
38 92
75 183
68 164
74 34
62 94
96 187
54 187
39 189
56 110
52 106
39 43
74 23
32 104
19 58
73 119
29 103
92 61
87 126
45 187
55 56
35 153
50 161
97 42
41 90
79 23
83 12
66 169
53 108
13 157
73 86
44 196
40 98
49 129
11 116
39 18
43 17
23 26
42 143
79 117
25 21
35 40
28 51
71 83
96 93
88 149
67 127
60 191
73 23
39 83
99 56
47 112
86 95
77 32
32 199
71 82
66 135
25 77
50 133
72 169
23 33
67 15
97 84
93 18
41 137
60 47
15 194
70 68
19 77
35 138
18 73
60 130
54 144
75 26
61 22
94 92
22 125
70 16
40 137
95 117
100 128
64 56
14 102
96 31
50 26
36 89
79 191
86 130
60 58
43 32
23 153
10 105
50 56
97 97
48 171
67 56
100 157
15 41
34 59
98 72
47 65
32 29
72 159
64 11
48 117
59 99
87 182
49 159
46 149
32 42
91 81
48 39
36 55
73 130
16 167
34 45
20 142
31 99
44 13
31 151
83 168
97 32
56 64
59 30
45 58
57 166
33 184
41 200
11 109
19 198
91 143
24 119
70 97
47 50
84 152
49 63
10 61
52 112
45 88
66 185
44 37
68 108
70 189
81 92
65 58
42 184
13 122
20 120
54 155
39 152
78 173
74 69
78 133
51 14
42 146
92 168
45 161
61 14
20 195
39 67
10 28
47 87
80 187
39 192
67 179
42 113
10 191
39 27
85 186
16 156
13 42
73 125
19 20
16 163
81 90
20 79
33 136
11 70
68 175
54 107
63 48
32 125
54 12
20 27
95 17
72 162
77 119
99 64
31 58
31 178
31 112
100 89
52 33
20 182
96 54
62 172
66 141
37 186
62 104
65 152
63 177
16 173
88 42
41 89
90 120
36 71
56 156
65 91
91 121
35 199
19 194
60 100
87 110
48 98
87 88
57 137
56 174
95 24
85 158
14 117
50 182
48 121
84 149
20 139
94 95
39 77
48 151
41 43
38 52
36 108
62 192
43 38
100 166
14 23
79 168
75 44
67 151
77 131
78 178
94 12
49 49
37 194
74 68
76 117
26 179
42 105
48 103
50 178
65 198
11 34
26 164
24 158
51 44
12 56
95 191
53 127
81 172
85 96
64 190
18 14
78 70
21 181
78 64
81 52
69 192
92 47
21 179
48 68
23 127
81 78
100 16
51 192
29 159
88 60
11 111
79 160
46 186
22 156
68 120
19 100
37 140
38 66
70 176
10 154
79 83
90 20
30 92
75 89
46 110
85 43
57 25
44 12
70 155
70 71
48 200
81 199
96 141
77 79
10 32
10 19
20 98
74 38
11 74
42 74
100 99
48 15
96 122
66 158
37 19
20 163
84 10
67 169
26 69
98 58
73 92
59 40
15 152
76 13
34 28
16 20
87 28
61 75
90 76
10 37
69 73
18 115
28 195
31 36
71 122
23 167
81 16
42 37
59 130
18 173
78 173
33 108
32 51
100 152
64 49
39 24
37 23
37 28
76 35
52 115
95 173
97 194
37 121
77 137
100 104
86 41
99 158
95 67
56 156
97 161
19 42
95 128
89 148
91 128
97 22
27 141
61 135
28 187
68 199
91 139
79 76
61 192
10 131
25 55
65 111
28 102
63 33
74 63
61 187
32 188
23 23
48 16
42 107
24 25
24 159
30 29
97 146
87 103
89 91
16 196
39 197
80 179
10 116
97 44
34 22
72 124
84 195
20 197
38 144
78 196
93 19
99 171
41 57
49 97
13 64
35 152
44 180
88 124
21 14
22 42
82 33
82 97
56 107
43 140
43 148
90 17
35 195
40 179
89 95
86 11
52 180
51 53
42 126
83 99
38 191
52 169
41 130
37 63
96 192
34 142
97 172
26 163
27 149
51 17
53 37
24 37
63 14
80 189
56 69
66 81
74 61
56 94
58 149
55 60
15 184
45 124
55 162
50 143
72 48
94 189
80 11
72 104
35 117
54 157
29 22
27 78
81 143
61 75
18 175
45 54
47 160
42 135
96 97
80 76
35 70
44 31
98 101
26 120
19 39
30 37
43 169
48 137
74 111
15 25
30 171
22 65
47 80
21 52
52 110
62 123
80 194
98 106
64 69
63 145
84 135
28 141
83 121
94 37
81 101
55 129
66 133
67 24
37 196
99 191
85 27
55 119
19 56
95 148
28 62
63 36
93 86
46 113
63 87
11 49
55 13
97 72
39 153
76 160
20 186
44 97
34 84
21 44
57 53
32 89
25 73
94 114
45 147
100 167
32 200
57 34
19 197
50 138
32 25
67 140
53 90
90 34
15 65
36 160
70 71
90 34
23 198
19 149
76 199
73 190
35 143
91 32
36 153
45 109
73 101
54 43
65 98
18 20
61 169
85 82
72 18
33 17
75 110
97 171
68 92
28 151
51 27
91 17
66 155
89 182
91 178
33 103
92 104
96 49
92 83
37 124
71 92
65 140
55 108
12 123
46 114
15 69
92 45
27 124
84 14
65 112
64 164
100 100
28 117
61 175
37 103
90 124
47 73
97 178
68 17
68 14
28 163
53 74
85 162
84 41
92 137
59 170
36 169
64 11
15 30
44 141
66 118
95 130
40 140
21 26
53 28
64 90
69 116
98 54
40 186
76 65
47 72
40 65
46 137
44 160
35 86
10 124
65 178
19 27
49 173
56 86
81 87
42 47
44 163
19 114
38 188
22 91
36 46
64 112
26 35
39 152
94 184
58 127
88 118
16 122
15 31
44 147
53 185
51 123
33 96
23 117
99 26
52 155
59 144
59 56
67 171
80 80
82 72
72 159
58 184
59 114
57 99
65 135
86 87
49 74
30 127
32 100
15 200
16 48
80 132
38 134
16 114
60 100
99 75
20 179
62 151
90 86
78 187
72 167
23 90
35 90
37 64
62 194
85 55
22 29
86 148
64 122
75 32
97 60
98 93
45 168
92 164
85 105
42 86
50 67
31 146
52 25
32 170
16 86
34 72
34 44
85 123
28 115
27 168
85 42
85 24
91 116
71 75
63 150
85 126
21 138
77 197
26 116
29 184
33 11
67 162
79 130
62 192
64 29
76 31
20 63
86 104
53 46
38 32
76 119
71 24
82 64
12 53
64 199
84 36
91 125
23 67
56 71
29 133
71 38
75 185
18 22
98 81
33 57
30 65
65 96
48 66
92 134
45 185
88 157
21 153
86 198
46 170
63 89
68 193
23 56
30 52
56 87
46 160
70 71
40 145
19 116
71 150
81 132
73 193
51 166
99 182
19 177
85 52
26 52
59 196
47 43
78 32
23 14
34 54
42 198
16 97
95 21
70 175
100 192
59 30
80 112
94 141
18 174
24 167
83 49
81 181
68 52
76 193
72 185
26 188
81 57
73 117
27 143
67 32
37 79
30 113
53 98
59 114
91 59
48 131
25 85
18 171
41 158
27 27
47 30
33 146
30 112
18 179
54 187
26 10
71 75
15 90
22 11
74 55
17 117
92 170
57 131
69 141
47 146
54 52
47 16
27 109
90 93
67 163
27 88
78 200
46 120
10 137
64 127
24 193
66 181
93 57
32 146
64 21
65 190
16 124
10 72
31 136
77 110
87 99
50 104
82 185
64 31
98 135
73 126
51 36
43 134
50 38
21 93
89 14
37 124
40 99
45 173
44 184
28 166
15 114
11 24
54 106
85 64
99 15
79 11
85 85
45 137
41 36
18 175
49 145
77 181
37 84
57 112
33 56
55 184
98 159
41 125
37 86
19 139
36 158
37 167
100 97
63 189
45 144
22 175
70 61
27 166
11 151
85 45
12 166
43 33
11 91
68 32
16 126
26 81
64 101
71 159
41 163
20 132
57 132
61 38
22 127
40 139
14 70
64 96
70 68
33 194
34 88
62 116
30 177
36 130
84 78
65 108
83 79
92 158
98 11
74 14
46 10
49 195
82 160
20 140
100 53
76 189
51 171
81 179
69 135
19 68
67 62
30 64
11 49
42 153
43 29
35 168
73 143
29 112
41 119
21 142
53 27
81 137
78 78
29 158
30 68
51 36
28 35
36 73
100 123
45 137
91 195
21 15
62 111
33 61
87 11
86 34
85 167
87 38
80 121
98 68
97 55
50 120
36 27
98 167
61 199
32 148
29 30
67 173
54 91
36 194
87 71
86 155
95 32
86 72
78 191
92 165
48 68
52 115
71 67
63 69
99 198
35 101
45 182
62 192
98 142
82 199
26 77
72 39
93 136
49 86
94 75
62 161
34 126
14 39
70 169
79 70
15 128
11 14
75 100
55 172
68 33
19 65
57 145
95 22
91 39
36 27
36 161
78 58
55 75
18 91
13 199
99 53
71 177
39 34
26 97
17 152
74 20
30 42
23 146
32 57
75 187
51 123
100 96
25 77
65 102
85 47
37 174
56 47
100 182
98 70
69 112
62 19
48 51
25 142
23 140
82 36
22 107
53 117
15 164
29 175
17 16
54 178
13 124
60 151
85 108
81 195
78 55
11 197
41 77
94 126
80 149
42 177
24 145
14 69
69 120
15 185
54 77
92 149
22 199
23 139
24 133
29 160
53 136
34 117
46 116
55 42
18 37
71 154
89 146
15 79
25 56
50 35
33 47
80 157
45 95
21 164
14 49
68 48
60 100
21 32
18 18
38 115
15 94
12 17
37 103
68 139
29 185
74 116
12 159
14 89
64 11
23 93
56 187
41 48
72 108
28 136
71 146
22 153
17 131
87 113
33 90
49 26
62 36
20 140
30 49
27 60
94 114
14 91
20 97
71 29
51 20
78 111
98 49
51 39
69 89
66 47
45 14
60 87
82 17
77 46
11 88
