10000 500 10 200 10 100
89 110
72 41
55 192
31 58
55 196
94 98
68 120
85 111
55 103
52 145
14 47
32 27
81 195
34 199
79 192
16 161
48 105
27 54
39 142
84 190
17 111
90 193
45 132
46 35
38 114
17 92
39 82
27 17
99 144
29 192
13 89
97 57
30 187
98 101
25 24
97 88
37 168
62 190
77 49
25 145
65 39
100 126
25 10
30 199
31 160
53 78
38 185
39 75
26 70
71 122
33 100
81 54
15 123
49 200
19 102
86 116
49 23
31 63
28 18
41 158
54 73
91 82
50 27
56 51
72 157
61 15
83 184
34 158
91 115
33 90
90 123
74 182
20 81
57 173
62 96
95 122
89 31
13 61
30 163
58 170
39 86
66 19
67 56
27 18
63 125
19 20
22 116
44 27
94 36
24 141
59 164
78 125
56 78
39 55
58 99
47 25
22 20
25 87
93 192
89 48
83 16
23 198
44 72
44 175
65 36
10 64
30 190
24 196
39 199
32 164
57 86
37 116
72 13
11 175
48 110
89 155
52 94
41 82
23 188
40 98
51 183
55 56
35 196
64 84
38 114
14 113
19 26
55 131
100 64
62 67
100 140
47 102
15 185
91 33
71 51
60 61
78 94
45 28
90 150
29 105
12 139
66 119
44 79
55 27
84 189
98 119
74 96
88 196
40 38
98 119
24 139
75 126
78 99
20 133
35 67
47 146
80 88
48 195
40 148
21 112
26 96
60 85
70 85
32 107
41 120
63 15
93 38
64 102
10 96
53 188
67 106
26 170
19 63
24 185
74 176
63 158
23 139
97 75
22 157
100 149
64 62
79 147
16 84
79 62
69 117
96 144
38 26
90 51
38 99
50 101
18 144
73 158
42 134
68 117
51 48
24 179
47 41
24 34
88 185
23 107
95 148
63 159
83 199
86 64
72 78
39 162
56 56
10 115
34 185
96 92
53 132
96 167
66 16
96 100
29 99
64 136
43 92
62 53
31 137
90 177
36 105
35 48
84 100
33 152
20 198
99 151
92 125
69 113
67 152
11 144
90 32
25 108
98 186
11 194
77 79
37 149
73 152
48 124
13 163
80 170
90 131
94 132
34 59
92 199
44 69
93 72
74 64
19 26
47 164
69 15
65 33
27 37
20 163
63 47
90 70
92 128
73 150
22 89
10 138
51 53
60 94
85 154
14 151
21 19
31 33
29 169
39 191
94 52
27 191
27 122
52 140
48 116
19 165
39 132
28 126
71 164
40 133
28 180
66 109
13 19
74 57
90 200
85 26
15 44
57 174
35 132
57 48
40 46
87 64
40 148
12 186
46 64
19 28
94 45
57 77
78 80
82 97
87 184
68 142
85 164
41 195
76 51
45 155
71 89
38 99
90 63
28 160
36 68
16 174
28 149
80 192
47 186
80 120
44 24
95 186
24 21
54 117
40 66
60 183
74 124
28 24
82 200
52 95
36 197
90 183
75 130
66 17
84 107
24 84
46 33
62 142
98 93
14 140
94 143
17 137
14 47
85 65
34 169
56 125
11 39
67 154
68 126
13 96
32 154
85 187
35 60
82 64
51 199
39 135
12 138
83 51
35 66
93 42
19 100
73 43
48 108
86 132
80 191
37 99
69 187
32 165
58 35
97 55
16 44
23 18
36 95
80 21
25 30
37 197
37 54
99 93
57 69
98 198
90 63
91 26
99 172
16 151
43 53
35 51
92 198
22 125
61 174
96 86
26 180
27 158
86 156
82 198
64 86
31 74
66 112
65 53
51 137
37 101
91 21
87 89
64 45
26 122
90 141
53 57
60 102
60 188
50 77
41 71
74 32
73 136
91 91
20 17
25 195
42 198
63 94
51 24
81 134
57 183
95 178
39 60
34 65
53 148
47 75
94 107
64 20
29 30
57 42
12 141
41 180
78 43
25 89
37 46
11 59
83 109
47 101
13 106
27 27
61 110
94 129
91 179
74 70
82 83
12 80
93 152
81 195
54 145
69 107
18 97
64 53
29 184
65 177
89 144
79 199
62 108
57 82
100 87
42 129
14 89
27 196
41 80
47 90
73 96
28 71
40 165
34 200
100 79
45 103
51 192
55 89
11 72
35 197
49 147
44 153
11 147
29 131
75 161
97 85
36 51
45 60
22 81
41 198
76 79
27 16
52 44
46 159
36 122
71 99
38 80
81 138
83 21
51 65
30 101
22 71
24 129
92 191
80 24
66 193
62 131
35 175
54 138
20 137
96 87
18 140
50 99
80 27
15 179
43 126
31 87
98 64
66 152
90 58
75 86
54 102
37 72
93 48
66 30
77 103
48 10
12 130
91 153
73 30
29 73
48 54
24 177
13 178
51 175
79 137
10 99
68 112
64 126
88 13
26 146
98 118
66 160
68 88
45 17
68 65
64 98
68 52
31 38
75 23
80 100
13 108
38 200
87 171
30 12
37 114
92 102
27 116
34 92
29 186
43 124
87 191
19 171
91 108
79 85
65 55
71 93
55 185
92 15
16 61
32 150
38 178
32 19
87 125
58 108
42 21
55 172
50 110
35 66
20 162
22 151
42 137
59 182
99 149
44 119
42 26
65 18
42 154
79 108
23 162
33 31
80 104
90 197
59 178
77 42
99 25
98 169
88 71
80 139
23 159
17 62
80 138
79 191
76 110
40 35
47 149
60 66
21 93
63 55
80 137
94 32
44 114
17 169
64 140
71 15
10 155
86 96
66 151
54 49
38 175
46 144
27 144
17 187
98 106
62 119
25 163
18 59
63 131
44 73
66 125
57 13
99 180
62 37
23 197
22 12
16 141
79 138
54 190
79 133
73 200
45 194
12 183
10 82
33 71
44 49
28 66
18 131
51 163
98 166
39 55
69 175
67 136
49 92
50 36
79 64
21 66
65 41
67 101
41 26
26 79
79 22
83 130
24 194
19 122
14 96
84 149
65 176
36 194
24 52
85 104
16 100
15 199
35 51
52 66
25 104
57 167
29 92
60 103
80 55
71 66
35 13
73 54
94 154
56 68
56 89
63 146
52 165
86 132
58 64
96 116
22 166
84 118
100 23
37 155
66 56
80 30
14 90
97 60
68 133
69 61
100 123
38 44
53 163
45 136
14 197
37 28
47 191
20 42
70 190
78 93
61 51
43 139
63 30
25 187
46 173
61 18
69 65
13 26
66 62
76 66
43 70
12 43
76 85
42 85
76 105
34 153
30 102
54 121
61 125
66 118
53 166
58 14
69 23
86 70
27 27
57 146
26 53
56 159
88 97
54 45
97 10
52 160
62 101
62 67
27 199
35 135
98 123
44 16
62 13
90 33
98 45
92 129
75 192
69 59
88 142
78 102
17 103
64 109
78 132
45 41
97 163
28 116
70 149
23 65
63 19
26 195
66 100
37 154
71 54
56 192
72 96
96 172
16 167
65 15
91 68
97 51
86 78
99 149
94 101
40 21
78 135
70 155
27 173
38 160
56 133
100 55
71 88
23 39
33 119
25 165
40 125
65 50
89 16
35 62
37 46
55 60
75 101
12 49
75 135
61 155
77 194
11 129
72 48
79 148
19 46
72 177
31 162
29 175
15 36
18 140
35 122
11 87
41 26
73 129
60 147
90 61
46 104
91 43
32 160
29 142
79 137
45 179
44 156
73 109
71 11
99 76
61 59
22 157
29 101
24 47
17 180
32 31
58 78
78 47
82 111
75 55
51 141
23 157
36 200
13 101
46 147
19 168
28 164
16 71
16 31
43 145
51 28
84 106
41 75
41 168
58 145
89 45
79 68
100 194
13 79
28 90
69 105
64 43
59 193
14 144
16 35
95 68
29 76
18 162
40 107
89 161
73 163
13 149
96 18
73 110
32 58
66 147
28 90
95 42
15 106
21 140
63 107
32 28
48 162
96 158
97 130
45 154
25 135
37 157
68 87
73 52
91 78
98 131
20 191
12 85
16 182
91 49
47 22
52 84
69 90
79 85
85 172
51 145
79 152
20 49
78 181
52 186
21 80
40 60
94 101
10 179
74 172
33 184
66 128
58 179
38 120
16 48
29 114
76 188
89 106
60 116
32 140
88 179
14 40
81 124
77 17
25 57
34 163
77 162
39 141
41 119
77 46
97 142
58 184
57 37
75 200
12 19
73 66
19 193
34 69
38 93
88 40
31 54
54 24
65 127
32 20
30 15
97 46
58 28
15 120
91 153
76 20
94 80
100 193
78 16
20 10
14 150
76 82
73 78
32 53
29 73
87 62
70 154
66 91
91 140
49 71
14 142
54 75
42 192
28 128
94 141
80 140
35 181
32 105
38 130
90 75
25 55
60 136
76 47
83 24
13 50
63 91
63 179
32 25
78 67
68 189
78 92
32 131
19 162
65 165
25 49
21 127
46 157
42 137
50 101
94 24
100 36
24 145
81 128
73 197
50 146
28 36
41 113
47 144
21 36
14 177
72 138
30 182
87 200
46 132
40 91
97 41
50 95
54 166
74 157
41 29
21 148
94 151
63 55
19 169
96 25
63 148
92 114
93 69
100 91
32 12
31 180
69 110
56 62
17 109
93 60
96 154
61 26
73 123
46 43
13 144
58 102
26 32
12 63
81 140
63 125
95 137
48 29
72 192
55 157
76 156
44 50
68 79
39 57
34 150
21 127
34 160
57 27
72 55
75 95
78 46
35 170
75 137
14 64
29 114
43 71
60 70
82 21
35 21
58 174
49 193
50 76
55 162
76 157
72 186
49 44
78 105
91 49
100 46
15 12
17 157
76 62
25 28
48 199
67 155
62 44
83 94
42 143
98 24
71 106
21 185
89 54
46 188
58 165
37 39
63 196
65 84
65 33
48 166
83 176
62 46
37 88
46 141
89 29
41 142
83 178
31 108
95 59
51 158
65 142
68 11
76 194
72 38
28 32
96 91
40 113
99 39
55 101
37 66
57 147
18 66
19 168
11 167
22 81
72 61
46 132
20 172
79 182
14 185
17 194
61 55
21 46
15 141
19 97
26 56
63 48
60 158
81 119
93 75
83 92
87 12
57 31
94 161
96 174
33 60
61 64
13 94
97 32
92 58
13 75
35 176
58 59
55 162
62 101
85 159
10 196
63 198
84 157
47 52
16 147
99 118
70 51
39 123
37 80
35 14
54 97
23 124
99 135
40 115
68 156
58 40
11 77
42 169
29 39
81 175
28 178
19 199
98 138
17 136
86 115
27 28
19 120
96 170
24 50
84 123
67 191
67 169
68 12
16 135
95 22
39 61
29 45
27 40
13 24
13 56
47 128
83 175
78 38
80 135
66 72
91 118
75 10
54 164
19 67
83 88
10 30
96 91
77 42
46 82
65 131
32 198
88 45
21 139
45 137
20 186
71 143
87 83
21 33
42 21
17 157
50 181
53 82
37 86
22 37
62 183
40 129
78 60
89 195
45 59
43 84
89 152
20 182
12 34
32 136
69 138
22 158
46 113
17 34
47 166
64 190
96 62
83 171
74 82
25 123
59 117
27 19
25 66
92 158
76 49
25 148
15 199
15 162
18 179
42 144
42 90
53 113
15 51
65 76
24 69
13 97
38 16
90 88
75 120
33 196
95 151
47 11
92 92
68 104
66 170
17 35
75 170
89 45
13 42
75 177
87 121
16 121
63 24
84 20
39 87
78 158
72 171
50 199
30 144
80 167
34 161
84 16
10 152
42 185
42 174
10 151
48 79
59 42
65 91
92 70
11 102
81 28
46 199
53 191
55 185
15 78
72 172
94 97
78 170
93 151
59 87
54 81
63 185
61 92
44 200
39 88
74 191
35 38
20 188
93 132
63 199
97 117
13 127
23 114
79 129
16 83
26 10
87 183
62 88
23 104
52 47
21 31
42 153
52 49
77 123
70 112
96 45
80 134
72 76
43 102
63 146
40 32
63 128
20 175
27 101
91 115
56 126
11 19
10 61
56 18
51 94
86 138
98 14
99 135
22 153
19 97
62 32
16 88
30 145
56 199
30 174
33 27
11 93
81 168
41 129
96 162
15 140
82 186
10 14
73 46
92 190
87 76
48 95
31 14
35 37
32 119
77 160
86 122
43 16
44 39
56 87
19 191
74 112
28 183
88 139
86 94
35 196
86 161
44 136
58 165
46 190
79 186
52 63
55 22
46 18
76 47
27 64
71 156
39 57
28 125
42 10
59 114
93 21
57 153
67 83
60 132
11 43
79 64
18 24
55 199
21 139
26 162
15 95
47 33
92 99
78 149
32 200
17 161
87 171
15 180
32 51
19 159
19 50
94 46
75 110
51 131
69 102
95 85
17 31
89 172
23 100
86 63
56 195
77 132
20 149
12 39
63 66
83 140
26 200
52 183
78 43
93 192
24 27
37 166
45 196
47 12
82 79
20 16
42 101
51 38
86 115
11 82
28 77
74 99
77 189
51 29
35 38
54 200
47 108
51 138
60 124
57 20
37 49
86 66
17 199
75 10
43 197
94 106
40 117
58 184
100 120
24 170
95 45
91 47
12 156
41 91
28 159
20 71
55 162
42 160
86 66
17 94
100 109
42 169
85 39
99 164
51 200
17 141
45 123
94 31
92 27
26 147
76 35
83 28
85 180
99 168
84 13
14 119
32 95
75 127
52 61
90 117
50 66
55 117
21 100
11 57
36 72
40 137
16 56
85 83
36 177
24 92
14 123
56 114
82 109
97 198
20 165
80 42
63 14
61 200
36 131
95 65
80 117
26 89
46 169
41 19
100 33
98 168
91 123
56 29
91 134
97 182
55 153
24 140
27 16
99 105
37 62
31 151
26 174
20 153
27 22
50 130
22 106
46 35
17 191
39 49
98 93
62 65
27 89
22 25
13 178
13 76
67 124
65 29
88 78
62 82
79 155
84 170
67 142
20 100
75 70
89 99
37 14
77 21
42 171
69 31
26 190
39 200
60 158
30 31
85 22
69 159
47 126
71 71
89 144
95 21
84 122
51 180
49 108
82 40
33 70
79 48
77 171
86 185
82 109
91 197
88 131
46 110
29 83
55 136
51 153
34 53
48 102
98 191
56 66
84 100
47 105
44 197
50 50
66 47
35 40
52 70
70 189
10 60
95 184
59 133
57 178
86 54
21 51
44 100
79 88
62 54
96 193
55 101
79 53
31 182
31 172
26 87
60 64
42 75
34 145
69 26
37 195
38 44
91 128
85 164
52 168
11 41
58 80
10 24
67 70
95 49
94 68
41 22
54 84
24 34
81 107
22 163
37 134
72 181
76 176
49 132
18 196
45 125
60 94
56 41
66 157
68 38
24 27
29 12
89 173
99 121
79 100
39 46
78 124
49 150
73 15
87 64
55 65
100 142
30 162
85 147
22 53
99 200
30 69
57 184
77 82
40 155
83 31
78 48
49 61
66 88
32 90
55 111
38 164
99 116
81 46
61 110
51 80
29 194
94 154
97 24
48 103
80 29
22 13
81 112
37 77
36 143
53 153
16 146
52 139
55 86
50 135
25 86
29 116
78 167
36 55
83 117
27 194
59 115
73 26
16 60
76 38
39 94
40 89
25 142
49 113
68 193
77 34
96 97
43 147
71 30
64 65
60 184
32 74
36 54
11 137
21 26
38 141
22 169
48 185
12 47
98 149
38 179
15 129
32 134
22 150
88 89
64 91
19 107
73 182
44 88
41 100
13 106
21 59
90 82
16 27
99 174
62 171
95 160
22 49
32 187
73 68
27 26
19 159
76 148
35 118
18 81
27 197
51 70
54 94
50 132
31 83
81 98
37 57
13 166
17 184
90 108
61 49
33 22
97 90
69 182
71 62
13 15
15 82
42 125
84 61
36 76
29 173
51 200
98 64
21 139
96 117
12 89
71 182
79 197
34 105
14 91
78 84
100 58
78 15
59 122
77 72
83 191
18 196
69 87
94 177
75 97
81 83
61 92
11 121
72 169
94 88
47 26
10 169
70 141
40 91
56 40
68 72
66 188
24 63
45 118
67 111
22 166
49 34
16 69
66 180
56 182
71 110
46 51
55 94
67 51
34 66
55 127
14 145
31 39
61 32
53 59
39 196
29 139
55 116
82 164
66 80
86 175
84 165
25 57
90 51
78 54
20 23
32 100
60 129
60 178
73 98
92 107
84 96
42 134
99 87
11 119
69 64
18 158
34 174
98 98
68 147
55 165
61 134
56 139
84 16
84 58
71 166
74 19
49 43
46 84
100 84
66 121
51 151
37 200
60 105
52 161
63 82
58 54
37 34
50 112
72 144
46 156
25 158
50 182
41 152
66 134
49 124
25 16
58 145
28 189
40 146
88 157
84 141
32 54
66 38
84 26
21 138
50 102
92 159
92 109
38 13
80 157
41 130
30 23
64 21
59 181
34 195
49 196
98 160
81 121
59 49
17 12
100 131
61 117
63 52
40 20
25 101
30 195
31 173
98 161
14 41
42 184
55 78
100 14
32 71
69 69
61 84
15 110
49 19
14 115
34 63
55 129
71 113
58 27
42 153
94 112
64 141
38 85
34 117
60 112
35 35
91 110
20 85
46 157
41 35
23 146
11 17
67 85
97 19
81 48
32 125
37 21
26 88
57 118
20 197
23 26
52 43
30 197
26 136
75 34
34 46
76 93
56 87
61 17
20 92
43 103
31 49
82 116
90 32
51 166
99 96
98 94
85 108
67 68
10 66
74 47
83 105
60 190
45 120
44 101
14 97
50 84
11 151
36 129
23 66
16 45
58 98
25 124
84 41
59 82
77 140
72 21
35 71
51 26
95 73
41 58
80 176
51 140
66 143
51 165
71 175
17 194
23 151
78 90
31 164
98 101
77 104
73 138
54 178
89 21
26 137
27 32
64 22
93 82
99 74
79 197
16 68
14 133
35 172
42 22
36 29
70 60
26 68
30 131
73 16
35 86
92 32
10 77
74 136
92 20
52 17
95 92
73 49
94 106
61 81
70 146
83 74
15 44
89 36
31 168
98 129
67 176
63 27
61 17
77 44
62 175
39 56
94 162
34 103
63 128
22 29
35 118
25 90
56 25
30 161
28 171
88 79
70 85
14 63
39 72
89 154
63 183
63 125
84 140
42 33
73 44
32 153
66 157
92 148
68 193
90 198
93 41
33 152
43 186
99 52
72 101
80 115
31 49
43 49
83 78
68 90
47 158
70 86
17 96
24 108
90 176
24 72
97 195
23 167
39 27
65 80
24 79
52 46
39 46
67 141
23 23
84 48
95 84
26 107
31 192
40 80
61 133
18 27
56 178
50 128
96 67
11 136
11 13
72 98
55 100
15 154
80 103
45 106
59 160
76 170
17 39
16 140
23 13
42 110
99 184
16 199
12 56
30 199
78 149
97 121
84 169
17 196
18 88
91 49
66 103
64 42
35 79
58 116
48 151
71 86
88 75
20 28
11 61
56 25
48 135
28 69
17 32
12 165
40 177
100 191
22 43
86 56
86 27
11 39
49 200
87 146
66 20
42 40
90 12
63 92
56 181
22 84
33 59
96 134
71 96
22 127
57 170
83 107
57 157
29 198
19 72
48 74
65 130
95 165
84 171
45 135
19 29
57 198
89 100
59 125
10 100
41 181
86 46
16 77
23 45
55 24
58 39
23 180
90 36
30 135
83 22
67 23
39 121
87 153
82 165
39 50
34 141
19 167
63 151
69 23
68 129
25 93
71 160
93 161
100 59
87 57
95 198
36 146
83 104
67 173
22 188
100 188
82 86
72 149
88 18
73 44
18 43
88 139
26 42
92 31
19 38
61 197
85 184
53 188
63 84
86 189
31 25
37 42
20 129
100 172
94 166
69 117
60 176
43 23
90 168
17 142
66 157
28 53
35 124
72 48
97 44
80 112
95 55
83 195
69 147
28 154
17 193
26 133
98 139
22 28
47 33
12 145
68 142
16 164
55 73
43 106
88 82
32 179
46 196
13 123
13 161
84 54
36 160
57 165
22 144
36 47
51 188
24 191
59 192
64 38
99 179
17 15
36 164
86 31
61 179
94 122
74 43
54 115
39 186
86 134
69 128
63 140
50 174
82 66
99 106
65 73
59 49
100 179
28 62
74 14
37 144
59 192
97 136
10 22
12 29
40 94
61 116
44 84
88 176
26 77
77 77
99 156
17 18
75 163
100 155
68 144
69 137
37 97
83 85
54 16
39 77
19 95
95 124
55 95
85 152
84 192
15 145
13 156
97 102
65 66
80 129
86 168
65 11
29 150
66 17
86 34
75 78
12 112
10 131
67 112
81 11
99 100
48 72
79 121
43 17
58 64
45 52
77 191
19 130
10 152
33 118
87 65
80 138
29 199
99 185
27 162
52 57
46 154
82 150
88 148
75 94
54 92
42 77
73 11
80 67
42 178
22 194
63 183
34 31
35 20
84 135
29 45
32 76
79 144
96 84
81 195
28 137
97 148
18 13
27 10
59 168
17 88
95 42
27 114
69 95
15 90
21 118
95 54
15 135
63 32
55 122
34 52
31 125
86 63
52 183
44 41
25 85
73 112
74 11
55 192
21 162
65 137
10 50
46 86
48 21
70 37
97 146
66 183
77 90
74 42
17 142
29 23
21 15
21 155
61 162
81 125
43 93
76 25
57 86
66 151
74 52
50 52
82 100
14 102
74 113
40 75
48 30
29 93
31 34
97 63
60 37
71 131
75 105
17 96
58 112
42 99
62 46
18 186
51 188
72 139
53 21
58 168
77 113
12 88
34 142
43 166
93 185
57 133
13 86
15 113
91 88
45 186
29 166
11 104
28 80
11 97
37 67
78 145
53 159
65 150
96 39
78 113
65 34
17 125
89 109
82 142
60 62
84 176
87 120
66 45
75 156
39 103
81 62
32 36
50 135
27 155
48 92
86 10
45 147
33 69
15 175
65 85
85 151
23 119
13 175
38 104
64 153
96 187
37 109
84 69
69 21
38 29
21 102
73 62
69 167
43 138
64 144
55 43
26 118
35 199
65 150
23 43
47 142
25 151
54 65
30 83
26 32
82 22
34 144
47 38
67 38
30 117
96 33
31 132
60 123
95 54
35 75
42 40
43 107
99 56
19 190
62 59
39 76
25 11
14 10
19 164
97 49
17 55
30 51
29 56
10 129
58 102
48 178
61 32
47 113
31 90
95 51
44 158
43 76
13 149
76 42
35 105
68 13
26 166
34 171
32 39
22 112
24 114
33 86
94 16
51 58
43 113
61 79
33 38
91 73
95 20
12 110
91 177
26 131
75 10
68 175
38 21
94 183
93 40
81 105
50 79
27 177
30 74
78 96
72 21
97 100
50 86
12 13
85 156
63 47
32 35
19 38
10 142
66 184
83 101
59 41
47 63
32 196
54 85
37 50
30 72
62 162
85 161
63 54
46 121
83 115
46 148
81 13
21 177
18 105
62 120
79 91
44 188
67 144
64 189
84 11
44 146
17 53
62 172
14 88
12 32
65 37
96 180
10 81
99 72
63 55
40 156
60 198
96 43
78 36
36 169
98 126
59 22
52 85
92 110
18 76
97 200
59 124
36 10
61 135
32 23
85 75
17 159
89 111
23 79
26 66
81 187
36 173
44 195
13 14
88 42
84 58
49 50
92 19
55 188
62 134
82 189
92 192
44 136
18 182
63 83
24 51
10 96
35 89
82 115
34 38
14 40
32 31
66 79
44 164
82 50
14 110
96 139
68 198
93 47
51 79
64 48
51 10
68 200
26 46
32 26
88 126
74 172
59 170
49 30
67 172
51 73
100 99
85 26
40 98
61 96
86 195
62 152
96 112
83 105
49 108
78 65
20 21
100 170
98 120
24 158
86 82
89 185
83 54
69 110
13 85
19 152
61 175
41 117
16 76
31 78
82 177
99 29
13 182
24 23
99 11
27 14
21 45
32 120
96 42
69 75
74 69
50 61
65 187
43 164
96 10
43 58
80 186
32 188
92 89
100 90
39 24
37 38
49 148
60 184
12 190
97 162
22 141
26 136
82 11
64 11
94 152
16 10
91 171
35 126
93 41
35 14
68 165
88 150
37 12
68 135
82 56
86 94
65 130
87 136
78 162
76 154
64 62
61 93
37 164
53 126
37 67
67 73
56 163
28 155
17 189
38 10
50 197
99 53
79 135
13 78
52 160
44 52
24 177
22 88
99 166
88 157
59 133
84 54
62 41
50 105
87 110
75 86
55 21
58 54
75 130
43 86
94 167
48 167
89 85
22 126
42 57
76 74
16 102
59 142
23 161
17 197
94 163
16 21
71 33
89 186
43 200
41 108
25 42
98 152
93 119
54 181
72 151
78 191
41 37
63 29
52 190
33 103
68 120
10 192
21 169
91 140
74 69
80 178
10 134
56 40
49 29
80 41
82 130
15 65
47 197
83 168
17 123
87 181
62 196
12 51
40 170
80 176
78 49
19 152
53 105
87 48
81 68
29 115
39 144
37 167
72 76
81 147
95 47
53 97
72 121
83 28
28 140
31 141
93 191
53 174
75 117
91 40
21 134
70 185
24 159
97 38
32 151
28 67
99 146
37 52
98 113
88 190
89 107
38 52
29 43
80 36
74 81
12 147
97 55
52 126
32 126
61 82
26 173
71 85
30 114
64 196
34 40
97 90
22 137
57 79
14 192
89 165
59 15
26 100
62 86
30 108
70 23
92 121
76 140
80 126
77 145
77 113
84 151
22 178
60 147
54 101
58 174
59 32
49 189
26 61
60 182
11 119
80 161
32 181
18 34
14 188
99 50
85 19
71 115
58 99
83 65
66 21
61 55
10 38
16 200
65 151
62 93
65 175
59 120
13 188
15 84
14 157
15 98
11 136
65 175
24 86
25 46
41 111
57 174
39 191
21 72
45 175
23 32
31 74
13 127
55 109
95 36
75 168
27 75
40 149
53 171
29 122
87 165
97 143
17 14
60 155
83 96
18 97
21 122
30 83
80 22
87 92
50 90
37 16
55 196
49 69
37 10
28 196
98 56
57 168
13 92
50 172
27 95
99 119
13 29
54 121
20 26
56 101
18 106
27 105
30 83
23 89
50 189
71 91
19 43
15 117
50 193
79 148
66 169
60 138
60 101
51 50
60 82
84 22
97 92
31 101
30 125
38 92
93 86
71 169
43 53
41 88
84 17
67 189
50 113
17 185
46 196
87 120
18 188
65 99
71 115
85 65
47 192
79 186
38 142
95 17
42 84
70 96
62 121
28 111
70 32
28 81
10 120
12 118
37 168
39 176
69 28
16 156
53 31
63 108
87 117
14 191
100 32
61 126
65 15
79 21
30 121
40 77
27 127
92 159
25 45
53 20
99 18
54 116
97 106
86 23
26 150
28 57
64 156
93 160
74 30
70 20
85 106
24 194
59 116
20 139
36 130
21 35
38 136
93 20
88 154
33 99
67 81
46 119
46 141
66 41
27 70
67 124
89 150
30 21
49 136
74 15
19 143
26 47
67 193
34 132
49 103
22 93
25 189
54 75
13 102
34 111
99 147
49 194
34 18
50 174
63 199
66 30
25 63
19 40
54 137
54 45
17 36
25 78
40 174
48 187
42 49
27 80
26 189
43 126
89 100
40 140
22 145
76 60
95 71
37 75
45 75
57 58
63 60
38 138
95 90
36 142
11 65
83 159
36 130
84 71
61 27
28 140
90 14
65 182
96 102
85 94
89 179
100 90
31 111
43 106
13 185
15 142
94 104
48 137
67 27
98 74
25 52
54 50
36 47
89 165
26 100
42 128
32 43
72 173
32 56
31 179
92 139
56 124
78 63
67 87
41 103
24 159
97 177
62 67
94 52
34 174
40 102
95 86
24 130
68 123
35 149
51 60
42 42
27 163
16 78
16 187
28 22
58 182
16 167
63 33
76 91
90 26
34 120
85 162
51 194
65 25
59 175
18 73
29 92
64 123
35 97
90 197
17 98
30 119
19 47
40 139
51 161
18 155
67 100
76 119
99 21
100 79
100 52
11 45
42 22
70 139
88 111
74 62
97 135
35 85
41 135
72 122
11 190
19 187
35 14
93 25
42 105
44 33
100 59
76 125
63 48
25 192
95 20
63 170
47 46
24 138
33 89
76 109
28 149
55 10
86 43
94 191
93 132
21 107
90 83
49 73
86 107
20 114
71 108
88 83
40 127
11 136
50 114
87 127
24 151
92 37
96 186
81 144
39 63
42 120
96 94
89 101
63 70
23 151
88 87
94 156
66 65
81 62
34 170
54 53
79 149
10 148
84 142
79 95
36 176
41 153
19 42
65 103
44 57
95 135
42 98
66 159
45 25
31 167
29 42
70 148
74 134
90 180
68 200
69 69
42 124
78 66
100 64
76 123
36 34
28 66
20 138
84 119
46 78
77 159
42 95
81 134
70 23
79 115
91 10
84 41
65 17
37 145
19 99
61 26
36 114
67 67
80 141
92 47
17 61
45 163
68 146
72 17
48 31
81 25
15 139
24 20
41 165
50 83
72 43
49 177
98 24
44 42
19 40
56 186
21 119
83 102
69 65
87 45
22 74
99 152
85 106
50 193
81 139
83 123
54 186
13 142
16 198
45 199
90 75
59 163
45 153
60 70
49 186
37 139
66 177
41 85
64 96
83 164
88 165
13 29
66 51
100 194
17 178
88 99
88 198
78 59
40 138
53 12
36 68
57 27
31 74
96 117
86 191
46 17
59 10
31 149
19 18
86 113
64 134
77 60
35 84
37 126
44 94
62 180
22 112
78 186
60 120
44 158
67 26
72 87
47 22
93 112
22 167
36 60
31 47
44 76
73 63
76 200
67 141
56 98
99 28
38 71
60 29
58 69
32 37
96 105
76 193
79 114
83 75
81 126
33 118
61 78
11 14
82 139
80 77
100 40
60 153
36 54
25 142
90 60
67 81
70 63
72 185
46 98
69 175
22 15
57 36
67 84
25 172
79 28
38 92
35 155
31 172
61 38
62 134
11 126
34 65
77 121
36 168
68 143
93 54
13 33
15 31
24 155
72 141
41 63
88 75
51 88
44 38
73 194
15 26
41 19
98 120
53 165
85 183
82 50
53 76
80 152
17 23
58 112
51 123
42 198
71 25
10 78
48 23
28 58
100 34
84 154
84 41
30 74
63 24
99 72
49 30
80 200
89 186
89 40
79 141
85 140
67 156
17 53
21 101
58 51
48 34
71 90
47 113
53 101
19 111
68 62
45 30
69 17
37 16
80 135
58 140
18 125
12 105
82 108
14 136
50 165
51 167
90 47
29 52
88 72
100 144
50 128
19 198
49 191
46 48
69 172
46 44
71 95
19 131
41 178
99 165
45 47
18 40
92 53
84 43
29 78
51 61
44 163
58 175
24 105
65 145
50 190
23 17
65 161
79 100
62 47
39 124
81 38
47 12
38 79
67 40
67 66
97 187
86 184
84 48
64 173
45 178
11 183
40 90
97 188
78 124
49 65
71 174
71 44
17 187
92 65
73 104
46 152
22 15
39 72
84 46
97 57
22 49
94 73
43 194
78 109
65 128
80 177
63 101
60 99
13 146
98 148
63 140
62 173
81 78
70 20
10 78
46 171
43 97
28 69
45 137
86 30
38 176
89 178
70 17
24 198
53 73
65 46
18 66
44 170
34 75
70 92
87 48
46 83
61 140
59 47
76 153
96 153
27 64
58 27
48 27
39 68
47 182
24 114
74 158
60 24
25 64
85 188
88 181
49 58
11 55
98 17
59 175
44 149
93 111
79 166
81 33
11 39
65 172
89 95
37 71
89 196
85 59
34 70
56 119
37 193
88 35
88 15
80 160
76 104
40 163
29 20
79 115
92 44
100 37
34 59
46 105
95 44
11 102
19 37
18 43
31 197
71 29
96 135
56 178
76 94
95 98
61 170
79 188
15 132
86 178
67 134
68 100
69 57
97 93
43 12
78 104
10 17
35 32
53 146
83 192
84 14
40 156
13 135
50 32
86 180
65 113
74 81
66 125
18 196
73 12
31 134
68 50
53 72
44 126
91 137
40 69
20 28
72 137
78 11
87 64
100 180
68 137
37 170
68 10
13 91
13 16
45 152
18 200
81 162
46 53
86 64
99 60
100 149
19 102
44 168
57 174
10 144
33 29
28 184
90 122
85 75
18 111
28 27
70 84
86 78
33 98
45 61
30 81
17 158
91 172
52 128
47 94
79 78
59 28
24 177
82 170
59 112
82 112
33 33
38 130
20 157
97 77
45 20
69 39
73 142
56 136
97 169
46 153
80 156
71 141
60 133
19 27
96 33
85 187
95 159
54 192
37 178
76 123
30 38
41 177
94 175
87 61
61 155
27 32
81 27
14 63
20 117
49 17
67 54
50 18
63 131
83 118
99 90
43 96
56 35
92 131
78 198
92 187
10 38
49 83
76 26
74 50
66 60
54 95
26 72
63 129
15 147
86 123
57 120
48 166
56 126
14 189
71 100
79 118
30 16
68 197
33 170
99 199
71 115
37 168
63 41
82 22
35 154
34 14
49 189
47 62
65 88
45 80
63 69
59 151
57 178
95 141
21 36
68 20
99 55
85 161
47 96
83 63
87 130
70 135
42 81
84 53
74 81
86 181
95 110
72 59
24 99
30 100
22 151
33 87
99 110
89 103
37 42
34 68
94 67
49 102
27 33
87 119
51 68
81 87
16 52
50 99
73 170
19 66
75 120
76 160
13 12
73 70
14 62
17 27
17 164
33 79
42 64
80 112
45 109
46 133
66 169
89 113
73 63
94 80
58 156
75 69
12 113
18 23
97 100
13 107
88 172
93 72
63 164
30 191
48 16
66 44
14 189
59 135
15 138
79 90
37 65
95 94
53 121
99 156
44 159
16 96
56 59
14 177
87 175
33 128
53 112
93 10
42 153
52 16
20 162
81 26
73 67
94 38
40 38
27 20
20 89
96 161
12 85
92 195
88 148
41 85
66 128
14 193
91 19
62 182
39 117
65 41
17 129
80 175
66 75
75 19
11 113
59 114
87 150
19 91
81 53
67 190
36 50
98 73
81 34
81 96
55 74
75 159
56 18
27 25
32 162
52 80
25 47
90 105
14 137
38 128
49 174
48 172
29 121
56 118
57 111
37 129
72 153
45 20
73 64
93 87
53 103
27 133
99 185
32 171
70 46
67 122
18 36
10 77
12 172
54 135
83 42
79 78
46 164
88 189
38 158
13 65
41 53
66 22
54 47
21 171
11 102
12 159
46 199
100 119
22 42
25 74
88 130
65 102
33 52
42 154
49 155
58 83
82 28
90 57
65 100
66 183
43 133
92 142
34 188
81 144
61 149
94 137
15 172
89 36
26 118
52 45
82 189
63 114
23 57
16 115
53 10
60 160
94 59
82 107
59 197
80 88
75 58
75 66
84 53
18 87
47 93
28 55
60 84
46 109
33 142
31 77
77 133
79 119
49 150
67 51
38 66
71 134
72 166
100 178
99 125
72 193
30 199
65 111
88 50
34 34
69 56
12 167
53 149
32 14
57 123
53 110
89 197
68 137
59 77
32 24
37 191
56 10
100 98
55 92
91 165
60 185
50 60
58 43
60 80
86 164
85 137
19 193
15 107
87 138
98 88
37 189
28 181
45 89
74 143
14 81
85 131
23 140
80 38
82 33
67 64
10 122
58 60
78 145
12 87
80 175
89 34
88 65
71 173
34 149
39 158
99 23
55 107
65 91
63 170
65 86
66 123
72 23
37 178
94 151
67 61
93 73
98 110
25 135
28 93
65 189
40 125
88 151
93 198
19 179
52 189
38 190
92 106
48 105
12 13
75 182
69 25
40 163
63 172
87 198
57 170
55 148
68 40
72 139
47 195
32 26
18 25
60 138
60 62
45 48
93 133
10 121
39 95
80 94
49 192
89 164
17 121
46 99
38 53
52 33
14 189
27 53
33 77
39 191
92 45
24 17
100 102
45 159
55 54
46 75
44 179
52 49
31 185
42 94
21 188
88 75
20 179
55 33
99 121
43 197
37 96
74 168
72 175
81 198
86 191
36 85
68 145
87 90
46 85
10 157
66 113
91 114
20 184
74 158
46 194
99 103
27 33
26 100
97 40
32 70
77 181
28 21
17 114
86 54
87 118
10 126
91 76
83 133
90 19
73 197
62 111
24 115
59 182
32 176
91 101
90 63
29 13
10 28
39 187
80 149
88 139
31 147
88 126
96 85
59 36
28 160
55 193
17 92
90 78
21 38
100 126
100 94
35 178
72 67
65 28
97 112
11 123
47 162
85 173
28 196
27 162
34 157
58 29
39 171
87 150
43 110
15 112
32 25
21 127
21 96
62 153
45 103
88 101
51 114
78 167
32 93
85 64
31 126
51 131
97 23
10 117
77 168
89 138
63 173
19 131
93 10
81 111
33 150
72 10
57 96
22 16
62 118
51 71
92 187
42 152
83 116
81 145
65 131
75 111
85 159
54 185
17 159
30 83
19 118
30 15
96 51
98 35
92 103
93 192
94 131
71 132
47 34
14 143
73 171
83 102
79 128
88 110
78 24
79 16
63 88
15 179
94 76
68 109
68 143
68 101
11 88
16 133
42 121
13 110
16 140
61 64
94 132
71 166
73 168
75 122
65 37
47 28
100 148
97 94
45 50
44 199
18 40
47 83
60 27
17 108
17 16
14 45
33 169
34 129
40 27
47 35
42 163
16 170
15 194
24 67
83 93
49 14
98 17
57 139
53 91
40 12
48 29
23 80
72 70
83 168
46 70
60 154
67 68
35 178
85 52
38 116
97 121
74 101
80 28
68 174
10 98
46 51
58 22
36 171
60 163
47 182
92 153
91 77
79 124
47 94
82 88
46 123
15 142
89 170
56 97
71 113
70 140
21 147
28 96
63 79
18 77
55 103
60 61
76 83
78 46
18 162
51 189
92 167
27 120
95 133
90 101
46 45
34 21
94 14
57 143
48 200
19 178
29 60
91 116
25 34
33 122
82 119
41 70
85 83
15 43
12 39
98 73
71 17
59 100
37 14
73 139
34 73
84 150
15 166
64 78
60 38
70 176
25 121
67 54
40 68
41 30
84 64
97 15
23 191
34 127
78 160
42 51
42 172
18 190
90 77
84 127
22 78
43 96
72 181
36 35
52 70
60 180
22 162
96 38
65 134
39 190
25 21
97 161
86 53
58 142
40 39
41 69
49 36
43 140
91 116
38 77
53 64
30 121
97 63
91 20
44 126
56 102
53 62
71 164
20 34
68 68
77 39
19 182
36 125
52 73
74 152
22 37
84 18
46 75
21 141
95 79
73 107
32 47
94 77
17 85
91 149
71 176
37 114
46 44
85 144
97 91
85 68
38 123
69 88
12 159
27 94
15 128
47 53
68 171
46 187
61 65
13 42
58 114
64 41
20 27
99 98
96 70
79 48
69 54
24 192
44 188
67 62
47 98
40 102
24 47
98 180
29 45
59 154
58 10
88 140
23 161
74 148
32 15
60 35
16 133
24 83
32 102
53 79
66 62
91 125
75 102
18 44
15 160
34 130
43 174
84 31
61 141
28 176
63 177
91 48
15 49
73 73
49 101
59 175
24 134
48 118
54 25
10 17
22 140
75 156
63 28
65 90
15 147
22 149
61 88
54 76
71 131
56 90
22 125
78 27
71 176
43 129
34 109
74 187
84 72
55 174
60 141
22 94
92 163
50 54
91 51
34 190
91 103
34 46
48 178
94 99
43 42
33 187
32 153
66 11
63 158
15 171
46 81
95 29
15 141
97 107
54 37
20 198
64 19
11 192
62 141
37 183
84 129
78 158
74 16
74 162
71 177
66 84
60 18
99 136
57 20
24 152
42 194
99 43
86 14
24 42
20 137
59 162
28 58
25 181
88 100
99 50
31 73
28 169
77 71
63 51
38 180
87 185
28 164
83 198
65 52
69 135
11 98
32 87
71 37
38 10
91 199
70 26
53 186
73 187
68 132
15 173
65 75
28 127
57 197
14 50
62 198
51 70
53 114
100 62
74 14
35 91
80 146
56 118
83 135
14 54
16 177
99 20
27 195
71 123
44 105
50 82
10 181
22 40
63 89
31 58
65 189
71 139
51 89
29 109
98 152
90 123
59 191
55 22
30 113
13 29
17 120
23 153
43 43
24 38
63 97
50 58
92 46
78 40
91 44
28 160
46 136
72 157
58 36
71 156
95 125
96 169
27 98
36 179
61 126
73 97
86 93
58 119
87 155
72 76
86 133
44 27
23 108
80 38
31 186
65 117
41 181
44 167
87 29
34 31
74 151
24 180
73 86
52 16
99 69
15 72
29 129
32 104
55 84
66 14
15 138
19 191
98 28
57 17
40 123
48 58
42 192
25 151
34 147
44 151
43 60
87 51
89 123
20 59
74 99
37 109
22 28
42 166
15 78
20 150
88 55
11 86
20 34
50 157
46 15
47 30
87 141
57 89
95 38
35 81
96 45
65 175
24 101
45 143
49 135
28 159
67 89
18 48
63 116
91 128
96 124
95 30
23 63
20 140
72 91
40 62
61 22
93 32
54 20
58 81
45 79
83 169
23 140
95 137
13 32
92 189
76 55
44 32
55 162
61 44
52 172
10 43
11 167
95 118
83 73
11 166
45 94
46 144
39 162
51 101
43 156
20 174
45 141
61 131
61 157
70 188
65 83
86 156
26 107
75 70
32 106
43 156
23 182
79 67
37 22
64 172
24 90
41 22
82 163
12 167
67 152
63 69
96 197
14 95
28 133
73 139
18 13
33 72
12 37
91 172
84 130
25 39
82 132
75 61
65 38
60 34
66 172
71 35
77 153
35 136
71 119
61 157
67 182
26 129
49 191
24 80
78 109
48 151
49 195
22 146
15 29
89 33
10 107
85 11
51 22
89 156
71 34
53 75
51 175
60 23
93 137
76 129
67 47
28 97
15 104
72 86
83 34
45 158
73 180
78 12
56 140
34 144
32 114
17 191
63 55
63 120
57 142
24 49
32 162
82 41
90 22
11 32
14 48
19 21
84 160
54 84
15 24
19 107
72 80
64 61
100 124
42 129
35 62
87 65
14 149
84 123
21 57
84 51
49 146
19 178
96 97
78 49
57 100
55 39
29 65
15 95
89 104
92 87
56 13
33 193
99 82
18 157
19 104
52 45
10 59
43 189
40 95
59 56
61 27
69 155
77 41
25 105
21 106
96 114
10 146
82 105
89 64
72 190
98 80
18 29
55 90
93 96
79 89
36 159
18 94
35 31
32 27
67 82
73 130
65 55
43 113
72 158
52 33
46 147
37 193
46 76
76 27
31 56
42 148
100 55
14 184
52 179
92 46
34 146
33 68
37 106
51 163
52 160
59 31
95 154
59 94
31 117
85 13
42 60
62 20
84 36
30 25
57 48
61 108
76 92
49 197
68 159
82 94
99 19
23 46
80 150
49 183
61 107
16 50
12 180
34 84
88 120
39 63
29 25
41 163
54 149
24 138
86 161
84 69
53 136
93 155
87 79
87 163
27 166
93 156
77 107
33 195
88 173
62 196
68 18
65 117
90 161
33 86
92 98
76 113
31 72
30 153
100 47
17 161
79 162
64 191
43 190
20 128
11 42
37 171
45 124
44 29
51 176
27 27
92 94
94 118
24 40
46 163
10 29
58 101
69 83
35 70
61 98
87 55
87 154
84 192
86 169
74 196
49 161
85 38
100 186
69 54
19 60
55 114
74 173
89 81
77 139
61 117
75 172
52 178
78 31
47 45
53 12
52 155
27 74
85 60
68 172
57 118
20 154
50 144
13 101
43 194
15 199
33 88
58 116
95 138
10 35
51 148
68 35
99 43
82 106
28 193
90 63
43 143
77 176
10 177
21 123
77 107
53 125
22 113
75 72
89 21
11 46
44 190
85 105
17 183
42 160
33 122
64 108
47 50
49 164
73 150
43 19
93 29
12 107
13 17
75 196
31 110
48 31
100 124
24 144
16 170
59 126
94 137
95 191
52 128
41 25
19 61
81 168
77 180
33 35
39 65
36 37
91 105
78 107
60 196
77 169
10 187
58 101
47 139
51 144
12 66
83 157
72 15
94 19
62 20
46 25
95 108
13 83
99 145
55 75
73 96
41 150
56 150
84 49
59 153
61 167
32 185
53 169
60 69
60 28
80 88
66 188
84 130
76 42
13 93
57 59
51 163
67 105
41 70
69 21
92 192
67 74
25 123
34 188
20 86
13 82
96 92
27 173
54 151
24 131
76 112
88 88
76 200
39 198
20 192
22 125
80 18
42 159
53 74
33 135
30 195
15 137
21 98
58 164
41 113
22 149
59 117
86 110
70 63
58 28
75 116
45 37
13 175
12 77
60 197
72 43
78 41
58 120
80 78
16 43
94 21
81 27
82 40
95 88
44 34
86 159
76 93
63 107
24 24
51 151
16 199
16 32
70 175
89 11
87 70
22 76
23 48
12 75
22 42
64 14
66 104
27 49
86 171
37 76
61 142
90 196
17 31
30 22
77 14
25 91
13 81
22 189
47 72
92 41
75 39
31 13
57 30
89 141
45 42
96 199
19 55
43 158
44 65
56 116
72 15
90 177
25 177
17 27
81 51
91 165
17 137
12 56
76 64
61 171
86 25
33 113
95 15
75 182
82 84
66 174
55 116
44 188
21 138
48 131
14 106
63 80
12 106
76 21
72 134
15 99
100 194
15 42
20 116
86 92
63 110
99 101
24 37
40 130
47 114
43 143
69 167
26 73
78 182
66 76
45 88
23 65
62 190
37 103
61 132
80 117
82 93
85 101
37 117
47 85
56 103
42 61
55 106
12 177
12 30
89 194
92 17
81 12
46 189
41 124
11 133
36 173
52 91
95 136
89 117
69 49
91 105
75 101
58 67
68 88
98 120
61 40
74 195
58 146
67 181
69 102
63 143
13 128
69 183
100 52
18 119
54 130
32 34
43 45
22 98
94 191
73 48
62 179
50 84
18 47
25 58
91 189
35 58
99 67
17 24
50 151
82 21
77 168
38 123
47 148
74 148
23 94
11 181
100 73
10 61
74 163
48 71
56 121
74 112
66 193
14 108
59 80
25 67
53 198
99 49
57 44
84 128
34 27
98 22
90 16
95 21
77 195
44 143
68 45
94 137
52 192
92 24
47 198
90 130
76 105
43 185
22 200
55 89
65 41
87 128
67 19
33 39
39 66
82 141
38 69
83 151
36 157
43 165
97 90
26 193
73 84
58 168
76 132
11 144
18 192
10 33
85 55
34 14
54 77
19 33
81 66
24 17
28 162
42 20
43 87
12 80
18 33
17 88
26 115
41 162
59 160
25 107
28 90
19 159
54 122
17 114
73 178
57 44
43 136
31 34
48 78
45 196
47 163
56 100
24 149
13 174
82 90
70 156
67 35
35 171
61 118
62 147
82 49
78 56
62 56
16 19
87 27
72 91
58 109
50 78
68 85
62 200
35 145
48 179
11 91
29 139
33 54
49 138
17 87
45 90
80 107
31 100
19 125
15 125
36 183
56 147
25 66
96 54
39 146
95 193
88 193
19 79
59 59
41 174
38 21
88 90
43 196
90 85
81 161
36 188
67 23
27 32
53 102
85 124
73 143
39 118
57 90
87 195
59 24
34 74
19 75
21 18
46 178
22 34
23 114
86 124
30 167
25 50
79 67
71 150
42 102
28 135
10 75
57 143
49 141
10 180
18 14
64 119
76 80
33 141
78 176
86 155
21 55
87 33
26 181
58 111
20 40
10 87
97 40
87 38
92 80
57 29
62 196
17 88
13 125
43 103
50 128
95 43
45 73
31 106
91 60
73 171
34 118
38 39
31 98
83 141
65 96
39 97
66 143
70 10
78 47
66 180
84 172
58 181
94 122
43 154
74 137
48 106
79 193
82 193
54 23
39 103
56 138
88 22
68 186
98 181
23 137
79 19
77 48
42 18
32 120
17 177
80 86
57 145
48 39
75 12
92 114
100 152
35 116
76 165
61 30
92 147
52 150
33 131
23 190
52 170
39 101
96 200
68 50
85 98
44 103
61 121
26 27
90 102
64 103
60 79
54 33
51 124
38 193
24 183
93 15
50 136
78 142
21 148
51 101
69 82
17 181
36 53
43 131
91 175
43 33
38 191
55 68
83 73
17 181
88 65
42 50
48 158
90 147
72 16
17 164
41 84
23 147
65 163
83 116
70 123
23 12
66 17
78 48
14 144
24 169
10 59
45 42
28 44
61 134
81 92
84 173
47 62
42 137
70 17
74 175
56 182
91 42
18 69
39 112
69 122
84 76
25 111
72 199
16 131
88 38
54 51
25 200
85 163
19 141
88 11
100 100
33 113
72 25
75 57
70 28
71 51
67 161
34 24
83 140
23 135
44 10
58 22
75 102
32 159
12 145
30 147
15 164
55 21
47 53
95 172
81 58
76 179
67 164
38 20
94 182
73 92
35 144
12 13
42 79
47 77
43 143
100 124
73 94
96 151
91 24
96 53
71 134
71 124
71 67
40 43
30 102
17 52
13 51
18 102
97 61
43 200
39 13
94 166
13 80
92 78
95 60
82 10
58 164
19 147
68 80
62 91
69 150
96 60
95 10
18 155
77 120
83 98
10 98
34 42
82 193
77 106
67 53
58 80
27 51
23 37
70 51
89 137
98 73
64 12
14 139
46 146
94 132
67 25
21 120
60 19
70 180
50 176
48 42
68 60
28 117
12 49
18 50
42 148
91 185
24 199
48 129
93 48
95 31
34 124
13 133
80 74
37 92
26 178
26 140
93 30
81 137
85 57
11 66
75 112
40 188
87 18
11 97
73 20
92 131
28 81
98 111
85 187
26 39
62 140
64 23
40 68
65 72
49 149
22 153
20 22
28 13
46 78
94 120
42 18
32 43
97 104
21 57
16 160
98 98
87 76
92 80
21 83
22 92
38 91
91 125
39 174
62 168
92 27
47 151
57 129
46 160
51 151
50 179
11 136
95 30
61 178
68 179
95 85
85 103
67 126
33 135
47 167
34 163
94 181
24 64
93 141
56 197
34 95
16 44
96 52
76 75
49 29
44 102
77 135
82 136
20 66
93 171
16 163
48 60
50 90
13 95
39 171
38 178
72 89
51 107
61 142
40 194
23 46
59 109
20 134
88 52
62 104
41 65
60 168
31 53
95 73
42 144
11 74
49 121
31 154
94 127
15 190
45 78
25 37
73 28
14 20
18 25
56 106
87 24
28 39
15 187
60 50
99 159
87 50
87 110
90 141
16 133
85 146
77 10
61 199
88 199
79 111
84 166
99 138
94 146
96 92
55 113
62 61
69 67
16 185
73 160
52 193
53 77
83 114
89 177
49 118
62 186
89 42
16 79
33 176
66 180
62 146
36 20
43 176
79 163
66 65
98 107
84 36
61 60
50 73
27 96
79 77
71 30
41 54
16 100
76 135
99 130
99 184
68 120
45 60
97 119
51 26
36 37
24 21
18 35
90 158
70 64
30 46
52 155
70 27
42 154
47 168
90 54
28 45
94 110
57 112
82 54
47 66
86 23
57 181
79 173
45 13
69 16
42 155
44 173
32 59
64 145
70 31
69 21
27 28
69 26
15 184
35 79
20 142
67 161
31 174
13 104
84 182
31 47
63 94
80 151
95 180
71 35
68 128
32 110
18 10
59 119
57 18
29 78
20 123
34 116
31 162
98 95
80 142
46 101
10 187
80 44
77 160
38 189
43 127
82 77
68 68
28 155
40 27
82 70
33 61
82 58
23 17
39 178
78 120
88 28
55 143
89 93
71 143
82 54
40 45
72 39
20 151
77 23
37 38
54 107
81 81
31 146
31 143
49 81
90 23
39 11
56 173
45 123
61 41
48 49
42 110
15 191
100 106
56 27
94 110
12 45
89 146
30 91
11 126
35 162
58 82
14 161
99 100
84 12
28 72
67 28
95 141
29 54
71 45
100 194
91 62
54 147
52 63
16 107
59 42
60 161
22 74
19 180
66 26
87 117
41 54
61 82
96 166
99 76
71 42
46 189
63 141
57 113
80 16
21 194
21 121
44 175
89 75
61 170
63 180
55 192
17 43
100 63
11 43
31 53
96 41
49 12
56 189
26 166
76 146
26 88
24 135
74 72
67 16
74 135
35 140
94 64
87 43
45 25
55 89
22 164
87 143
25 91
20 103
31 171
31 59
36 149
61 110
11 37
88 96
27 147
56 132
55 52
67 161
29 63
74 191
79 159
55 35
93 87
88 162
15 20
79 149
70 47
95 44
74 18
99 59
94 179
64 30
49 168
56 154
22 29
62 68
79 99
47 71
36 43
66 98
59 64
89 77
90 117
53 188
27 63
70 146
22 49
77 106
72 147
83 58
68 46
38 188
15 30
34 155
63 102
89 172
50 111
94 78
23 172
19 165
15 124
31 88
67 97
79 22
46 86
75 31
60 198
13 101
41 110
96 147
98 143
31 10
23 179
40 71
25 156
47 175
83 179
47 108
83 89
77 131
95 12
49 130
71 13
72 94
59 121
21 158
67 193
94 128
20 57
87 143
90 67
18 127
17 22
20 155
52 167
72 87
55 80
53 23
79 60
80 39
44 159
84 77
86 144
97 145
80 37
85 47
15 48
41 174
66 20
66 174
55 56
16 190
64 89
41 74
36 131
87 153
64 111
87 85
63 68
46 88
66 128
65 10
77 111
10 70
65 145
12 164
20 115
36 160
84 178
87 155
41 148
96 41
96 171
98 146
65 157
17 145
27 172
71 94
31 185
53 47
92 187
22 164
27 175
93 118
68 191
74 82
15 23
57 62
14 73
76 88
14 54
69 126
55 22
41 141
10 186
79 170
93 200
20 118
92 123
36 148
99 141
21 117
86 199
32 14
38 168
75 90
44 137
26 80
72 48
81 190
95 20
44 49
12 158
22 37
74 35
16 37
65 48
93 165
11 113
93 107
76 82
35 135
63 47
61 33
25 69
24 152
54 47
23 132
29 192
50 97
92 135
81 15
36 67
60 41
51 182
29 94
73 169
35 138
22 77
77 112
81 27
64 58
66 99
80 59
67 140
40 129
92 69
67 90
84 147
17 140
69 81
51 57
98 97
83 77
25 168
64 144
13 64
83 49
95 172
53 87
99 65
72 197
57 162
71 94
18 29
28 102
32 79
34 184
63 155
56 152
30 60
91 108
90 108
93 111
89 89
62 12
45 25
95 90
80 130
85 150
60 28
82 93
36 190
28 85
39 148
83 89
46 165
46 134
100 177
36 165
90 76
92 31
39 41
79 111
68 128
22 132
30 124
63 65
80 134
61 102
17 42
31 100
33 189
41 92
58 113
36 74
19 88
89 114
30 71
73 102
47 75
69 156
59 91
76 125
28 27
63 117
87 28
95 78
13 63
95 46
56 59
79 188
11 48
83 79
87 138
36 119
57 48
54 45
42 152
60 166
36 198
65 27
60 111
85 75
48 77
95 195
26 43
39 108
93 127
66 34
30 191
29 89
50 62
99 158
20 106
22 194
70 48
22 163
90 128
100 157
93 183
48 144
29 178
89 142
51 71
53 159
10 131
10 90
46 183
49 39
19 182
55 35
93 65
25 22
27 68
73 200
71 165
81 89
13 37
10 67
77 17
42 172
80 128
44 187
58 120
88 42
44 92
100 164
100 98
72 174
39 168
35 29
34 160
16 117
37 172
98 107
24 43
98 161
89 151
35 93
78 186
12 183
54 36
65 68
81 122
32 103
50 35
36 64
79 73
64 194
13 167
37 44
17 21
37 182
83 143
95 31
37 44
34 48
25 171
88 185
78 137
69 47
84 30
54 169
54 72
31 149
32 127
91 59
100 179
88 121
96 128
95 92
41 189
67 53
17 58
15 96
26 137
66 169
49 56
25 72
81 143
13 169
75 26
95 29
38 103
72 159
26 104
19 35
84 23
30 96
29 128
93 78
80 136
62 44
84 27
75 123
93 161
29 74
51 153
57 46
21 55
66 119
84 88
48 86
50 44
75 185
20 175
30 26
78 143
72 114
75 10
79 164
40 162
88 182
38 143
23 182
26 44
40 181
16 66
85 67
63 59
41 83
80 126
80 156
97 194
35 50
14 118
56 155
66 63
43 14
95 175
97 36
89 130
75 153
68 117
14 129
17 83
20 43
60 145
61 89
58 102
45 132
53 133
61 110
50 65
29 12
12 144
19 70
69 89
49 80
96 54
74 16
51 53
16 170
91 82
21 127
52 178
10 14
63 157
67 117
71 49
27 73
28 192
27 77
73 168
77 120
18 189
34 183
88 188
24 52
60 10
80 64
44 48
23 132
58 194
79 60
83 11
55 69
86 56
51 95
38 127
80 79
31 153
23 191
60 35
50 52
62 32
38 79
26 186
72 109
48 72
18 86
63 82
85 66
90 125
61 186
53 199
81 31
61 160
100 112
84 76
47 64
86 103
20 182
42 156
38 110
49 49
65 113
64 175
13 92
75 163
87 15
21 155
17 112
24 71
99 121
20 21
60 57
90 151
61 46
15 163
29 168
52 176
19 188
86 70
75 93
40 169
94 184
83 148
39 59
72 174
21 167
53 188
40 143
42 118
44 88
97 146
92 125
100 126
17 116
76 13
62 18
97 119
36 95
20 152
93 118
73 135
80 132
75 143
74 81
27 74
17 175
34 15
61 154
25 33
36 139
67 89
77 29
97 183
59 108
31 101
14 82
17 123
72 169
20 122
15 159
53 200
13 27
91 76
65 179
49 61
23 169
41 87
31 183
92 124
61 69
84 128
32 72
66 189
54 149
93 124
29 117
89 84
39 171
50 149
48 70
10 89
20 185
13 26
33 78
75 100
34 198
12 100
29 90
13 144
98 41
86 181
94 12
12 127
15 14
80 166
57 141
67 103
76 41
62 135
82 124
45 69
10 53
24 34
33 91
56 15
22 78
64 114
68 50
93 97
72 150
80 162
69 107
86 37
33 26
96 69
36 18
73 83
59 153
74 38
68 118
65 199
61 29
50 88
86 187
55 179
30 58
39 48
52 26
33 115
79 80
97 195
40 168
22 162
73 27
70 197
14 33
75 142
16 129
10 177
73 25
66 73
60 94
82 50
90 29
40 165
51 195
91 10
21 79
32 103
51 174
42 52
42 115
37 92
47 13
94 194
99 44
11 114
71 190
23 60
15 153
45 152
96 195
53 108
91 136
72 181
46 165
13 149
73 37
80 158
30 142
82 103
49 38
94 147
83 183
87 80
77 42
60 82
20 27
60 121
57 56
59 105
88 167
34 113
55 127
69 78
40 64
73 87
49 200
15 154
37 30
73 139
77 98
93 111
15 45
67 111
73 189
18 124
40 80
73 193
100 140
22 108
98 63
35 108
15 18
32 66
49 150
99 134
44 37
28 197
97 110
29 176
64 135
46 74
87 170
42 55
67 150
41 147
94 160
65 87
24 149
57 49
44 159
96 157
63 39
45 80
62 60
46 58
17 189
74 42
54 10
59 110
77 84
39 175
74 100
85 54
80 25
13 158
50 87
18 182
39 89
79 54
33 129
33 167
60 46
51 96
29 152
41 40
54 52
29 112
63 131
68 34
99 70
73 141
50 141
67 63
88 197
32 181
23 53
14 64
69 190
40 192
73 146
47 20
95 79
97 175
32 100
70 167
14 34
31 130
76 95
86 16
88 156
91 38
81 155
37 132
67 41
91 130
54 188
18 19
56 62
22 109
85 35
62 157
77 26
60 68
88 112
32 24
71 82
39 111
70 156
16 25
49 200
66 17
87 106
58 75
42 75
37 155
14 71
87 195
88 40
86 41
99 149
13 53
29 119
36 79
78 40
80 83
93 60
36 25
73 173
38 159
16 86
49 160
16 67
91 77
34 60
33 82
47 176
18 72
86 101
72 181
41 57
43 182
50 187
29 130
15 131
44 197
76 44
85 197
71 154
40 19
67 25
45 55
15 38
87 106
14 102
71 82
26 161
86 101
35 83
95 106
25 130
68 42
75 102
74 86
43 146
95 102
29 198
30 173
62 85
42 156
81 199
28 171
15 113
25 106
72 113
50 21
66 148
78 49
76 125
76 116
71 41
34 52
79 176
41 64
23 137
61 82
75 91
54 115
100 135
90 33
97 67
20 123
63 109
92 98
19 108
100 116
17 43
87 189
41 26
81 113
53 106
11 131
36 80
23 34
42 78
59 73
95 91
53 184
75 191
48 44
28 128
64 58
88 152
76 23
85 112
89 164
50 155
18 26
100 151
65 61
88 97
32 176
46 154
93 20
72 83
95 64
41 48
80 184
79 193
100 10
64 167
55 156
42 101
96 167
11 65
89 92
37 164
89 173
48 70
10 104
38 80
63 189
32 136
51 151
50 22
28 76
56 180
33 143
89 46
45 144
96 171
43 96
97 115
22 94
65 94
16 163
33 190
80 126
65 144
56 74
88 93
35 156
100 14
47 165
95 51
79 185
14 155
39 167
96 182
98 67
80 91
70 61
37 192
20 195
87 96
23 113
57 30
34 73
61 10
99 119
53 157
61 84
51 196
75 193
20 166
22 74
93 100
55 149
48 145
75 48
49 55
62 63
90 62
69 145
56 175
21 147
97 179
73 86
79 114
100 174
35 150
42 170
21 185
47 175
70 104
47 13
63 185
84 47
47 14
56 143
19 66
55 176
56 132
16 41
81 152
41 159
82 51
33 184
77 67
68 177
99 23
34 110
66 68
67 88
61 172
59 74
96 131
39 117
47 123
40 142
15 152
86 18
60 49
96 50
97 194
36 88
85 49
73 36
32 10
16 171
14 156
69 54
85 127
14 183
61 108
11 157
31 45
69 95
59 179
72 11
43 195
13 200
21 121
85 142
68 14
42 116
72 21
34 90
63 120
40 31
90 186
42 120
27 143
93 126
81 162
85 136
24 37
58 43
80 14
86 70
86 130
35 191
83 157
29 101
52 164
58 137
53 121
15 191
16 82
100 196
78 42
26 65
89 88
99 39
69 95
69 144
28 96
64 200
17 57
45 162
95 65
16 181
99 166
71 61
36 86
54 147
34 200
77 31
98 122
45 22
75 194
74 96
24 134
94 176
37 38
97 23
48 35
32 113
42 187
68 104
80 41
52 56
46 96
80 161
56 171
63 67
45 173
24 97
82 70
44 86
100 199
94 35
97 115
11 90
35 123
23 185
44 56
35 16
47 129
94 172
46 184
23 85
100 14
56 61
99 65
53 16
84 80
62 153
79 23
89 107
49 48
35 113
29 166
80 58
45 130
22 16
82 81
78 91
63 107
25 193
77 124
75 69
68 85
56 179
16 54
67 78
99 20
92 199
69 166
47 93
97 120
47 52
48 33
76 119
11 98
78 136
22 155
91 14
42 60
43 193
44 112
94 40
55 95
77 120
72 129
81 168
90 123
26 83
96 143
54 120
46 147
74 73
37 116
55 174
27 104
71 92
88 59
19 172
66 173
19 195
64 94
59 184
72 193
98 175
30 101
64 19
73 15
41 161
18 173
31 87
37 123
12 126
20 113
20 115
61 178
67 52
36 114
85 122
17 135
28 64
32 34
57 118
35 168
57 173
37 34
48 38
34 50
42 140
25 72
73 104
52 198
54 177
73 25
39 40
73 15
71 30
55 179
16 114
31 59
40 108
58 158
40 74
82 133
79 25
41 103
35 110
99 88
23 33
33 174
13 119
62 169
17 62
54 120
13 94
39 74
51 75
37 172
32 72
69 143
68 143
70 197
45 158
89 128
92 53
27 66
34 123
69 123
12 172
17 163
68 11
11 101
51 101
15 15
10 188
91 50
37 37
42 194
81 187
48 18
59 43
30 22
61 121
78 176
27 190
32 192
49 18
20 89
80 176
79 72
54 107
28 115
46 192
16 162
44 51
52 38
36 66
93 62
77 198
67 91
73 19
97 200
40 186
27 126
86 194
15 145
82 143
74 78
84 180
62 156
51 31
91 126
93 57
80 108
33 59
26 41
90 92
33 85
83 118
92 59
63 64
24 54
84 97
79 176
30 196
65 96
61 115
64 148
55 44
21 38
81 88
37 152
13 121
15 91
64 103
71 183
56 179
77 177
35 24
24 164
49 104
80 57
88 115
52 24
77 95
73 64
18 133
43 187
60 85
24 103
98 40
93 158
32 178
10 127
78 129
65 32
56 184
80 85
41 118
38 91
12 186
82 198
64 172
85 184
80 83
90 78
46 15
47 187
68 12
24 27
78 47
25 176
77 119
84 163
81 194
79 61
77 19
56 120
91 85
17 58
93 11
10 115
96 196
97 65
11 59
61 151
16 122
66 161
35 52
54 111
25 19
14 46
62 85
48 199
53 103
39 162
15 26
74 155
40 22
26 42
60 115
73 10
16 153
13 111
42 127
100 61
60 26
65 154
26 97
27 82
58 52
68 116
49 155
80 124
27 124
90 81
72 161
98 87
55 64
73 129
74 30
60 139
39 121
45 137
26 88
79 29
35 74
16 41
41 71
33 38
81 133
52 67
39 12
85 49
12 153
87 68
83 192
100 40
23 133
31 142
77 28
30 184
45 162
93 133
76 192
51 61
93 92
62 61
96 83
68 172
20 90
37 51
53 80
68 15
88 91
58 66
51 152
29 192
68 86
79 158
54 152
52 45
39 126
30 150
67 19
85 77
95 173
33 24
12 42
12 121
97 188
17 32
92 70
87 75
64 13
18 67
48 63
54 20
82 20
27 31
25 80
79 141
41 60
20 162
72 196
86 37
91 103
69 166
45 138
58 153
20 107
17 118
43 134
52 160
52 87
26 186
89 101
95 76
76 102
79 64
98 175
69 101
74 184
33 63
45 119
71 85
63 69
31 197
56 143
37 158
59 159
82 52
27 90
83 53
98 189
94 78
79 20
46 63
15 58
77 138
66 165
59 36
79 36
41 47
70 32
86 42
75 160
46 84
97 24
48 75
43 57
14 19
19 135
43 105
72 31
28 193
57 98
19 41
74 95
23 137
72 96
41 142
29 75
93 161
22 166
35 135
35 192
83 123
97 38
76 130
88 126
59 68
50 163
34 183
34 190
73 186
63 132
97 197
98 166
23 129
82 183
27 165
57 51
68 121
41 149
75 152
16 16
64 111
71 152
33 47
14 55
54 70
63 194
65 26
92 45
33 111
96 52
97 23
67 197
96 16
77 197
27 41
19 20
39 193
48 78
38 126
20 105
73 122
86 74
88 79
32 127
13 148
78 77
33 106
81 95
97 62
15 114
40 115
57 57
21 108
84 180
100 70
85 41
31 195
26 165
100 57
45 76
82 104
30 178
21 60
51 155
21 175
84 26
88 14
74 39
51 20
11 158
15 114
39 84
72 137
61 195
73 152
55 200
35 56
22 120
38 48
16 61
73 177
18 167
100 185
59 136
56 35
17 97
26 103
13 92
17 63
40 44
77 168
87 103
22 20
11 164
25 108
16 137
78 136
48 86
23 143
81 137
37 127
47 152
87 48
96 81
31 119
36 127
73 172
62 143
75 63
51 106
88 165
41 89
89 181
95 64
93 30
71 113
62 46
73 21
20 97
95 197
56 51
55 157
60 186
29 48
33 49
78 53
82 199
92 170
14 140
35 102
24 24
80 130
29 91
78 179
37 54
88 59
19 120
82 130
12 127
57 188
71 156
26 23
60 184
39 155
58 38
24 106
76 126
11 147
63 188
50 38
69 145
89 149
87 114
10 182
34 112
41 29
44 31
64 43
29 91
22 173
73 87
11 183
84 125
59 41
63 99
89 165
16 190
25 119
64 36
44 156
35 114
45 27
87 61
81 184
54 69
45 82
82 55
81 192
29 37
64 103
18 135
66 181
46 25
70 49
23 22
50 32
96 192
89 104
84 121
50 37
78 65
71 169
11 185
41 102
61 36
66 138
10 107
83 129
29 40
62 16
72 185
99 21
86 78
12 49
72 24
77 191
17 197
24 34
68 163
93 24
13 165
87 195
96 115
66 14
37 113
75 18
28 49
30 94
22 156
53 149
92 74
86 94
83 142
71 72
18 87
69 115
74 83
78 135
41 76
48 154
23 150
30 119
48 12
24 149
36 10
60 172
49 58
43 156
98 26
35 116
30 148
80 168
11 174
27 39
16 63
27 71
94 144
77 45
51 35
17 148
21 126
74 121
65 50
99 17
38 115
85 13
26 165
69 105
38 95
77 199
67 117
27 173
95 70
54 50
48 68
92 164
81 173
37 10
35 172
24 100
59 130
38 184
79 96
19 54
46 22
14 151
97 112
26 34
78 197
52 111
85 106
93 69
62 193
64 112
17 121
67 95
93 149
58 180
91 200
95 47
70 98
93 186
29 155
74 26
95 105
76 15
22 45
44 122
50 178
78 24
38 101
40 184
38 52
17 106
72 186
18 85
100 153
24 106
89 101
42 58
68 92
62 50
39 171
17 178
19 61
53 91
28 166
84 192
34 58
37 80
19 62
54 139
25 47
54 134
19 200
87 179
56 88
74 41
23 34
27 73
28 53
32 59
16 49
72 47
76 160
53 174
61 116
57 26
82 191
43 136
49 176
85 104
47 176
43 135
92 187
82 130
46 173
35 69
89 51
10 152
58 66
49 21
13 59
11 170
59 32
38 62
80 40
55 83
87 134
39 81
27 36
13 171
40 11
33 63
88 179
45 74
39 152
17 38
96 179
80 72
69 124
68 30
10 101
81 35
27 155
65 144
83 129
62 33
60 165
57 25
71 113
47 200
56 39
59 108
80 57
22 40
63 94
13 169
57 198
14 41
57 121
72 154
54 111
69 22
34 85
15 62
34 160
58 95
22 111
86 198
98 163
94 172
41 110
95 86
43 155
25 80
30 136
29 137
37 32
96 157
29 30
19 116
69 70
88 192
90 24
36 172
33 69
27 78
42 127
15 119
19 114
65 169
34 44
85 87
88 99
38 185
97 73
23 121
30 122
99 147
36 122
60 135
70 127
78 172
52 178
77 146
67 101
17 132
78 64
68 44
34 95
34 93
97 162
48 135
48 138
90 41
88 43
51 63
42 22
76 34
64 159
99 103
46 128
37 60
61 108
95 178
54 157
69 195
67 97
29 23
16 31
59 106
74 86
69 45
81 37
53 109
50 61
82 67
20 102
26 183
67 34
35 24
93 74
60 121
64 159
81 17
68 54
81 88
93 94
65 49
47 14
34 128
22 195
89 66
79 147
73 96
79 51
56 195
55 185
47 98
65 116
95 168
56 62
28 112
95 22
75 110
90 121
81 104
68 66
50 33
91 51
45 195
74 95
57 30
22 149
90 45
74 67
10 45
39 101
85 86
64 142
28 131
20 66
72 21
86 60
78 147
88 175
62 15
66 175
42 162
65 188
19 199
31 52
20 16
91 34
48 56
16 121
23 49
82 77
22 99
23 116
97 49
29 31
78 26
29 124
26 118
94 27
75 199
98 171
92 33
43 118
21 182
22 100
46 37
73 125
24 115
11 15
49 188
85 31
68 31
89 12
13 122
73 98
77 110
79 147
38 85
24 34
78 137
38 132
83 113
35 133
50 131
33 26
73 18
32 165
37 35
78 22
56 186
34 89
92 192
53 50
78 155
86 177
56 20
86 98
78 199
89 186
63 35
32 91
83 92
65 95
28 22
13 86
64 40
59 137
95 65
91 163
86 72
81 123
53 113
33 28
39 107
64 62
88 58
26 188
94 19
43 78
94 11
48 95
92 184
28 128
79 51
20 58
49 74
58 39
73 34
39 110
20 104
56 85
42 148
30 135
70 167
10 54
27 10
37 53
62 13
20 32
27 83
57 32
38 94
21 168
67 131
66 94
96 82
37 30
47 63
81 29
74 181
49 18
46 33
79 187
85 54
92 124
73 133
31 140
34 30
64 11
45 27
30 198
95 107
85 162
13 196
64 32
46 76
48 200
79 136
43 170
69 49
27 151
54 83
58 42
97 40
31 54
95 150
89 190
61 113
83 38
92 175
21 127
49 136
35 184
77 135
97 51
20 67
40 167
42 125
95 43
63 64
87 55
29 195
100 83
10 60
60 37
82 15
82 97
85 124
64 12
39 54
59 53
54 88
66 95
94 63
23 10
38 59
30 143
37 155
53 173
66 193
83 60
91 28
85 161
35 70
89 22
25 59
66 69
90 98
17 183
44 104
93 89
84 81
45 50
96 113
65 39
16 87
79 125
29 80
35 70
64 47
34 98
25 160
10 76
37 154
14 29
92 62
59 55
72 197
11 158
44 174
99 36
31 119
10 200
39 35
57 195
13 164
89 11
33 92
49 171
60 147
47 115
12 164
96 131
89 99
59 113
81 118
89 166
34 111
14 91
42 56
73 51
58 189
80 133
14 163
57 115
35 158
32 107
89 33
65 103
41 137
79 59
34 166
76 124
73 12
37 33
20 111
12 68
62 160
65 191
27 115
83 52
68 170
42 15
49 29
12 159
37 158
55 53
11 54
72 43
27 25
42 127
63 175
22 47
43 197
97 100
89 178
11 26
10 135
29 161
94 175
82 132
66 193
45 99
74 187
94 115
33 21
44 172
33 47
26 142
33 91
25 166
17 197
47 36
76 57
73 107
51 172
17 176
98 58
73 31
76 197
78 89
55 167
10 25
31 92
97 68
92 20
82 84
54 59
70 182
48 118
15 128
14 161
95 74
28 189
36 74
50 53
19 46
79 36
89 67
36 62
17 134
59 171
80 123
72 139
48 148
46 35
62 180
29 43
14 48
40 161
58 60
98 88
54 68
76 192
39 75
80 50
83 138
90 37
57 106
28 29
87 65
48 184
30 84
58 132
31 48
82 57
47 140
45 38
72 92
32 123
76 73
10 177
93 49
37 104
67 22
43 20
73 21
92 134
66 20
81 39
16 169
66 191
95 64
43 128
75 48
30 102
29 35
62 156
74 125
23 41
98 26
84 58
55 68
25 145
95 68
23 171
76 104
17 179
97 10
90 126
69 147
75 26
93 162
63 68
42 75
60 67
50 163
62 141
35 118
31 121
54 103
85 55
40 95
52 176
96 131
97 178
67 185
70 71
62 188
42 53
25 71
87 166
89 24
76 98
96 13
23 129
58 143
68 124
53 30
23 145
14 66
29 49
44 160
85 186
75 82
16 52
18 161
18 21
57 137
90 151
98 162
92 90
64 98
42 154
33 169
72 68
27 41
62 97
43 39
37 181
63 134
23 120
89 63
47 91
32 84
52 195
56 134
37 161
19 132
43 161
77 11
33 169
22 169
35 77
85 161
79 153
59 125
34 178
40 25
10 20
23 145
98 156
11 111
43 143
93 30
16 176
44 165
79 130
41 32
27 153
67 99
25 76
50 189
43 22
36 178
58 146
11 58
35 21
79 39
41 66
98 78
56 146
94 199
13 166
39 95
12 34
79 44
91 50
46 187
25 80
30 106
37 86
28 139
52 179
47 73
85 48
83 76
92 174
65 81
26 138
41 78
15 24
62 83
55 157
84 138
32 56
96 73
89 63
39 51
91 191
76 75
74 78
14 44
14 59
77 12
80 125
12 171
81 14
45 194
25 136
21 40
85 18
61 135
10 127
30 102
28 135
65 168
35 152
57 75
55 160
60 20
94 148
74 23
81 78
25 134
53 12
60 16
23 88
27 125
26 162
67 144
61 37
36 120
16 134
78 11
69 84
50 190
54 46
53 26
11 84
46 140
21 157
61 141
33 109
10 93
43 104
85 200
51 159
96 131
20 148
73 28
64 166
58 118
52 63
58 116
33 127
77 67
17 22
32 161
69 62
80 35
53 79
21 108
92 166
14 163
80 162
43 178
15 20
14 129
56 72
26 54
73 133
39 93
84 130
20 88
10 119
17 160
34 139
100 69
89 119
80 61
44 35
64 50
30 168
60 175
47 56
71 50
86 174
53 146
24 30
21 108
69 137
30 172
63 169
71 23
88 106
72 32
80 146
34 42
20 63
39 165
78 79
84 132
63 181
32 191
52 123
92 163
78 199
67 169
96 186
45 120
95 77
67 66
96 15
36 192
39 127
80 43
82 182
32 70
89 86
21 185
50 170
14 80
42 102
75 11
24 51
36 23
25 63
45 196
10 190
44 193
53 164
99 133
40 22
69 151
38 75
76 119
100 104
22 79
67 58
85 105
59 191
53 38
30 19
49 178
76 42
23 136
22 27
70 163
59 83
88 172
35 48
29 37
59 101
83 159
45 176
59 48
41 25
31 85
16 145
44 76
69 54
81 195
32 70
50 145
42 70
31 113
16 197
55 93
99 67
43 69
20 128
36 74
20 49
65 190
81 33
79 14
19 89
48 183
100 156
76 135
79 43
62 168
10 31
13 171
60 125
95 165
55 159
75 16
95 31
62 13
56 83
42 166
90 15
60 154
67 97
47 53
85 148
84 13
32 93
100 102
86 35
16 81
95 139
23 12
74 127
27 57
15 44
11 14
92 184
100 77
12 68
57 32
100 152
89 28
80 52
67 74
62 30
60 104
54 77
98 162
10 134
27 47
37 53
63 62
42 53
78 129
63 48
47 160
82 29
100 56
40 142
80 183
39 132
64 164
65 14
81 45
76 178
34 151
79 168
86 101
67 153
17 143
13 192
98 33
43 124
100 103
26 66
81 71
35 184
55 39
58 194
18 170
32 169
54 67
47 144
74 168
18 199
49 152
52 33
23 31
59 121
74 35
17 75
85 186
14 143
86 89
28 110
66 173
53 191
68 35
65 187
19 74
39 124
11 27
74 45
28 117
53 16
25 154
25 59
93 173
55 197
98 151
88 110
40 197
36 175
84 79
92 68
27 190
14 12
64 173
96 77
65 46
53 74
99 198
42 172
50 138
85 30
23 74
65 54
12 75
13 135
82 11
43 130
79 197
81 50
79 23
41 102
24 43
39 93
52 89
66 53
75 32
93 126
22 48
94 200
11 20
27 100
54 171
99 55
61 196
28 180
56 34
90 113
96 46
46 142
16 82
93 186
69 81
31 66
96 126
21 75
74 44
96 170
89 37
13 194
74 132
96 86
43 75
15 46
29 37
76 80
70 185
69 58
69 21
72 196
67 192
77 72
75 100
21 40
67 78
66 173
99 27
39 178
62 90
69 46
49 23
33 48
82 26
100 63
45 54
31 186
16 185
59 71
34 133
99 33
10 168
10 53
42 97
93 120
73 66
92 138
76 116
83 99
34 116
62 12
15 75
88 26
98 89
57 134
33 31
38 65
35 197
86 26
30 151
78 114
94 136
31 108
10 70
80 196
12 192
20 157
41 186
47 116
98 82
23 107
11 50
55 136
43 91
20 173
72 132
19 71
73 149
51 109
62 188
24 16
79 123
35 45
86 137
10 25
28 44
67 156
28 127
73 164
69 110
77 72
87 22
22 121
44 123
12 193
46 167
22 133
14 184
50 41
73 163
90 173
27 22
74 125
31 85
22 169
45 25
83 48
93 185
61 42
20 200
85 61
43 77
88 98
44 174
54 193
42 198
62 155
53 158
21 192
89 181
26 27
39 22
72 76
57 45
20 127
48 177
77 75
55 184
83 126
56 114
22 114
87 126
63 186
26 183
66 138
24 138
54 11
43 64
75 191
10 29
20 178
97 139
84 71
68 38
56 100
72 126
27 97
59 138
50 169
71 59
42 126
50 83
38 181
65 26
36 59
67 110
31 85
87 101
30 182
50 177
31 115
62 128
87 19
45 105
49 198
96 84
54 185
30 72
45 116
10 158
68 168
71 45
84 127
73 64
28 109
98 32
87 200
13 46
32 59
63 18
18 117
69 24
19 70
98 88
91 18
80 16
82 124
63 71
78 53
87 192
10 10
61 18
42 17
77 39
66 16
52 157
13 151
53 47
25 79
31 63
27 183
81 84
30 155
28 169
86 114
56 171
88 196
91 157
34 54
63 112
60 77
44 196
41 61
39 83
53 180
80 60
40 48
69 89
57 123
21 21
17 39
46 16
37 182
40 58
19 193
68 130
61 28
86 110
51 11
12 75
55 184
26 186
95 103
99 46
89 144
48 118
95 61
54 28
36 108
100 134
41 35
68 183
85 200
47 190
84 140
45 56
84 33
40 166
63 128
84 17
65 81
65 87
31 70
98 39
19 171
92 91
80 25
96 93
28 177
15 91
99 159
57 60
64 169
23 152
42 49
86 10
44 84
19 95
75 13
21 135
29 87
88 192
79 110
79 183
42 179
26 45
33 11
75 140
77 132
84 132
11 51
68 112
35 63
10 113
63 143
85 62
96 84
97 165
72 171
88 113
58 21
97 107
94 64
48 57
76 151
95 10
91 133
23 160
56 153
79 73
52 154
54 136
52 21
38 65
25 48
80 153
46 116
71 137
63 119
25 10
39 163
16 82
34 135
62 102
59 148
89 173
57 112
65 152
82 31
75 105
72 197
87 162
46 130
63 127
65 81
37 107
50 127
77 150
42 63
54 162
31 38
56 125
91 64
93 84
67 126
86 166
91 59
62 57
28 46
89 26
55 122
93 195
76 145
68 144
23 17
62 30
70 39
39 28
45 42
86 22
15 82
56 103
96 127
86 131
85 145
22 124
53 113
87 148
91 85
52 76
83 187
11 194
38 85
66 153
80 114
37 98
92 164
44 160
53 184
26 97
57 102
29 15
59 151
44 83
23 44
16 162
54 112
64 90
11 188
18 126
50 50
29 131
82 57
81 138
46 24
79 180
51 89
56 143
30 160
66 131
94 41
55 68
43 90
45 129
55 34
79 191
15 112
36 123
23 34
37 21
30 151
16 177
84 176
34 112
32 11
63 173
25 168
25 197
42 10
56 125
30 23
82 144
31 58
75 85
40 160
20 143
88 109
31 161
59 82
37 41
62 149
97 137
23 66
89 186
89 80
42 113
31 69
44 40
47 134
13 21
38 55
37 25
57 94
50 60
30 93
86 93
84 117
76 170
20 153
15 39
62 87
71 160
78 42
89 85
78 127
93 103
69 71
47 125
41 139
30 165
27 89
59 84
14 78
60 191
16 31
76 97
30 14
14 98
15 67
22 78
11 90
14 177
51 133
48 127
92 99
59 136
91 162
72 26
59 86
35 125
50 79
87 36
64 89
31 164
10 118
68 152
65 34
35 170
40 74
50 94
58 32
93 184
32 61
22 88
11 60
63 87
28 46
38 34
57 59
68 115
56 51
22 18
78 39
25 76
38 119
92 109
80 10
51 190
64 135
46 42
27 79
70 114
11 55
80 84
20 148
32 115
90 77
39 64
99 146
74 52
35 111
76 48
65 64
70 186
96 104
46 196
68 159
20 132
31 69
44 130
91 194
61 27
64 11
100 20
61 55
52 54
54 35
54 112
60 119
90 123
82 136
85 61
59 93
36 120
11 188
20 11
36 128
35 95
78 123
51 142
24 12
77 168
36 78
40 161
97 188
21 75
73 67
45 62
16 108
10 123
40 43
64 97
62 165
18 155
40 132
67 77
69 82
77 14
27 136
98 11
53 92
72 68
67 23
100 120
40 114
45 37
91 10
53 151
67 151
81 52
38 23
15 37
97 175
18 110
14 28
17 55
78 200
90 103
49 77
35 156
15 121
66 149
48 129
10 86
34 47
65 195
44 90
21 189
68 85
34 18
90 31
47 57
74 19
28 64
79 17
54 88
39 24
97 71
83 169
45 66
95 118
31 110
33 104
87 83
25 40
26 125
52 188
35 125
90 167
91 127
60 20
32 123
71 85
29 21
80 152
76 104
26 171
66 88
56 146
40 118
26 96
39 59
73 37
100 125
70 176
46 189
13 122
72 64
51 139
98 95
71 17
20 172
33 67
90 96
45 64
13 11
92 90
45 78
59 78
79 132
13 87
65 105
10 97
99 28
97 77
88 137
32 167
70 105
37 11
51 36
95 48
87 15
49 132
50 67
46 97
97 97
61 153
74 27
13 172
11 96
30 170
29 144
49 175
25 181
11 83
49 62
74 66
82 70
37 185
37 19
68 160
77 100
10 97
42 195
75 174
29 150
85 156
10 100
90 175
63 149
82 109
13 190
17 91
30 197
33 30
17 169
60 133
35 113
87 197
26 131
63 40
19 134
46 185
88 182
89 148
97 38
69 154
41 65
48 122
73 153
89 89
79 144
81 33
62 85
34 198
82 43
40 86
51 89
27 66
82 52
95 23
55 104
41 142
55 54
63 64
67 196
25 184
16 178
65 38
63 81
62 90
39 107
52 147
85 81
34 56
37 38
98 46
45 57
30 135
71 41
71 164
51 154
89 18
82 176
78 15
59 94
59 14
85 83
84 199
70 176
52 98
90 136
96 180
41 135
77 150
26 147
56 68
50 59
78 53
15 157
83 125
48 143
15 63
96 102
18 192
23 150
80 125
100 68
36 111
17 62
59 11
67 185
17 121
67 158
92 113
39 43
52 177
32 179
64 45
63 135
46 191
32 139
78 181
71 42
78 20
32 164
65 115
22 103
23 14
19 42
67 17
96 166
79 72
29 68
61 67
68 157
20 121
93 186
37 113
17 36
41 133
58 156
99 161
84 116
11 152
80 147
94 44
40 166
72 100
31 36
57 69
46 58
41 99
34 125
92 104
36 146
87 163
98 118
17 194
60 153
90 194
40 148
30 33
73 157
99 158
78 123
46 18
38 50
15 58
99 130
56 138
46 33
71 41
44 89
41 18
50 23
87 131
31 62
29 96
25 120
13 44
35 114
70 35
43 171
41 163
35 58
82 18
82 44
69 43
47 118
74 176
47 76
46 113
47 103
78 180
45 96
18 77
47 87
49 29
16 29
91 191
29 126
29 192
95 91
43 126
14 99
44 151
47 29
73 136
98 106
46 10
85 172
65 45
49 23
82 171
46 68
13 154
98 181
28 166
74 192
86 70
85 15
45 120
62 118
15 22
75 13
17 37
76 112
98 98
92 149
33 180
15 50
55 22
22 99
58 114
52 92
80 46
80 37
58 165
49 33
17 182
84 191
35 55
13 125
75 49
66 33
49 101
51 195
36 94
84 114
65 27
44 24
25 114
75 42
71 41
15 55
36 114
19 74
48 160
11 125
33 83
91 48
54 21
29 132
20 147
81 169
92 62
35 50
17 79
96 43
77 181
73 144
52 168
81 76
74 50
29 147
65 182
32 141
67 26
52 143
70 107
68 150
26 116
84 146
56 137
27 116
96 112
51 33
88 111
92 50
30 133
75 95
47 172
57 108
64 120
98 195
10 195
11 29
58 199
66 117
44 189
52 52
36 126
40 22
78 187
92 30
59 49
47 33
25 164
79 51
19 46
29 144
41 33
53 164
31 151
18 179
55 125
58 60
15 140
22 121
36 147
45 66
87 101
60 71
92 86
98 181
68 192
74 176
63 110
13 91
34 40
66 20
34 134
78 50
64 176
76 189
19 146
91 173
18 178
61 144
79 168
10 199
91 71
98 196
53 134
53 74
75 190
74 141
85 19
54 186
40 17
55 151
94 71
99 43
86 157
66 125
87 123
26 104
94 140
100 198
77 51
40 58
24 20
66 153
54 45
64 58
94 133
50 49
18 143
15 65
77 80
75 66
91 168
56 30
31 126
46 192
60 155
66 198
43 104
90 16
58 110
34 13
79 84
18 58
38 146
98 182
48 136
84 41
79 52
92 200
47 123
24 156
67 106
88 65
27 147
51 161
10 148
97 110
12 60
83 92
82 93
62 44
31 134
37 122
38 170
26 187
18 178
89 161
73 139
39 105
70 108
45 175
17 51
66 121
46 86
30 142
44 98
26 42
43 72
81 50
71 119
63 146
90 191
18 192
81 165
69 79
43 174
37 140
99 193
77 160
94 107
79 92
95 98
18 48
11 99
62 45
49 137
15 149
65 131
54 99
77 58
67 180
43 64
22 89
50 23
39 147
11 184
88 137
30 152
33 85
48 106
57 81
99 123
80 12
38 181
79 182
26 134
77 125
93 147
53 66
95 97
92 102
71 63
55 174
92 78
75 77
79 169
80 60
10 20
57 200
63 29
60 73
88 187
91 163
43 24
38 114
96 52
13 12
25 87
19 132
53 35
99 151
87 191
62 151
17 106
79 23
61 175
11 100
46 97
44 137
52 124
32 43
17 100
67 93
48 21
92 154
77 66
22 84
86 148
13 57
46 27
26 191
91 169
24 197
73 186
68 188
46 197
78 97
43 110
39 95
37 47
34 11
38 165
84 194
38 153
69 179
85 154
88 15
12 81
65 31
23 158
69 188
77 83
29 71
44 85
53 126
97 196
91 90
40 55
10 94
23 145
96 20
17 63
91 43
10 50
64 43
41 95
53 195
68 148
80 173
47 43
89 188
26 68
84 42
16 151
78 132
70 42
45 38
72 181
12 72
43 147
66 49
88 170
99 54
80 120
74 162
27 159
77 13
41 48
16 130
98 15
85 129
19 25
60 132
71 49
69 25
81 120
95 71
96 141
40 28
35 154
19 14
28 150
12 128
100 97
24 200
55 153
81 139
81 106
61 164
56 107
17 174
71 109
21 150
59 150
95 122
17 191
52 36
16 178
12 128
25 55
66 188
41 98
87 188
95 39
25 182
30 195
94 196
88 191
56 165
73 178
46 65
34 34
33 108
96 89
46 97
68 28
44 154
28 31
73 154
31 135
80 39
73 90
95 54
95 45
23 64
72 117
11 181
11 53
36 164
76 179
34 89
53 156
95 135
16 27
47 80
17 22
42 125
90 177
57 48
94 200
14 34
84 42
61 100
56 136
44 18
75 135
81 133
54 173
89 88
58 145
50 164
52 88
62 103
72 79
42 76
42 65
84 38
69 148
63 196
84 13
63 41
83 144
38 50
35 30
49 106
16 108
65 165
34 191
16 73
88 53
77 183
10 83
99 27
20 183
47 148
76 47
68 169
96 164
47 97
77 12
30 192
74 127
57 141
10 45
56 199
27 164
17 18
100 45
50 111
31 48
30 57
12 58
17 88
48 78
82 48
39 20
23 12
86 16
27 75
50 168
91 152
