10000 500 10 200 10 100
54 92
83 135
36 114
64 151
77 17
37 47
41 104
27 66
12 134
79 150
97 157
13 61
40 163
54 169
54 88
95 92
39 117
74 19
41 123
34 66
64 191
83 166
59 61
43 82
99 141
80 103
59 113
38 94
59 141
40 153
92 53
26 20
82 106
48 33
80 32
30 170
13 58
18 152
65 10
77 138
25 77
74 60
92 185
63 55
10 49
15 166
98 86
21 117
37 49
92 31
11 73
68 85
77 192
30 73
27 81
75 177
16 41
70 150
13 24
11 163
42 46
96 190
18 148
18 126
83 90
16 59
74 182
15 117
12 13
61 187
49 12
25 76
74 21
71 103
71 64
44 110
96 37
42 44
64 27
13 184
66 128
47 103
46 19
96 105
94 42
68 141
82 76
15 123
30 54
49 112
10 103
95 199
76 133
27 126
57 23
56 100
93 186
15 73
61 55
76 61
57 102
13 144
42 30
10 54
47 104
17 173
86 21
24 148
17 57
17 159
24 26
40 34
18 94
98 51
45 130
39 47
33 116
48 21
68 69
44 31
51 65
70 159
69 19
13 85
41 23
94 149
90 113
78 85
68 135
83 135
10 50
22 108
72 175
15 113
24 196
98 197
54 150
17 170
13 105
52 47
11 109
15 23
32 12
15 17
20 46
20 45
27 158
61 63
62 61
81 188
32 121
58 151
99 184
51 73
93 18
63 72
56 140
12 129
14 173
85 122
59 122
90 138
43 99
27 10
33 178
34 72
40 26
30 13
63 176
20 131
81 30
67 123
96 77
68 123
76 30
78 124
64 23
64 42
71 52
55 106
97 75
48 185
77 11
44 112
55 107
48 14
82 35
25 86
36 43
39 17
52 65
54 49
37 184
65 11
15 136
54 121
14 118
17 113
22 114
20 140
97 57
57 138
26 114
71 49
72 66
17 31
33 179
28 42
32 164
21 40
19 185
56 122
20 56
58 65
14 71
54 194
79 160
58 65
89 189
10 41
45 173
36 19
32 167
45 134
54 130
44 29
76 138
39 82
16 18
72 166
17 154
38 62
42 134
44 30
68 43
98 42
69 159
87 157
95 138
98 55
42 76
27 46
48 58
56 19
97 56
27 180
60 200
17 135
58 171
40 98
12 39
44 40
24 26
24 134
15 121
20 86
69 74
17 44
48 40
23 54
99 71
65 130
66 108
50 46
77 63
55 125
71 109
12 101
90 164
57 144
54 35
96 137
59 141
83 87
83 45
94 123
53 176
39 20
84 129
86 174
76 34
38 96
100 76
84 101
73 65
47 158
25 63
93 56
61 86
87 19
87 86
78 70
92 197
12 157
12 171
89 150
99 51
40 150
20 98
50 168
71 85
63 87
45 40
76 176
83 88
57 58
96 161
63 46
21 64
79 147
69 146
17 73
85 176
83 147
77 84
95 47
36 61
50 141
66 79
47 198
78 145
72 142
45 17
77 105
52 25
32 118
22 159
58 22
93 24
18 28
80 72
70 79
23 12
93 36
90 170
82 82
87 100
57 62
40 67
40 192
41 51
18 86
17 90
13 178
60 56
32 24
41 83
98 85
28 147
87 32
84 156
55 73
74 161
18 198
51 125
48 122
81 97
35 188
94 118
51 103
67 182
46 127
81 32
15 15
50 135
33 151
23 153
20 180
42 183
17 154
46 165
28 95
28 139
68 82
99 90
28 65
98 114
26 193
23 36
40 149
40 35
13 95
41 136
56 135
21 73
73 47
72 198
37 133
98 80
28 14
83 11
78 76
26 116
21 73
42 87
56 147
68 133
41 156
90 128
90 177
13 191
22 71
16 21
82 167
24 31
25 74
99 106
94 138
14 73
16 177
72 43
72 106
39 177
56 34
53 163
83 116
23 90
48 184
61 171
49 183
82 166
88 46
21 61
20 83
11 27
24 96
97 195
67 48
52 74
70 96
74 139
68 11
64 178
70 142
52 157
15 15
36 24
30 184
37 68
79 43
75 160
66 180
42 142
76 146
61 134
96 63
14 64
74 135
86 71
46 55
69 22
25 162
99 124
59 167
93 54
27 89
84 128
54 179
68 130
63 118
28 30
15 170
75 79
91 160
93 193
14 180
96 87
73 106
82 107
45 15
21 72
95 177
62 28
75 125
31 145
65 32
86 36
34 71
67 119
90 89
69 56
74 160
77 199
74 179
30 128
86 77
34 143
53 56
44 52
33 108
18 13
67 151
21 167
33 10
33 63
54 39
16 147
18 87
26 54
95 93
53 114
57 15
22 57
81 39
81 32
75 85
91 133
99 131
50 69
97 196
44 19
27 53
30 45
87 166
70 60
99 105
24 61
16 42
19 184
10 197
53 73
96 106
33 151
63 117
79 179
62 131
63 160
79 187
67 148
83 106
64 31
66 184
53 132
31 12
76 152
69 164
23 124
25 43
74 118
36 105
91 84
81 106
30 54
89 38
79 66
40 21
32 156
36 14
84 64
91 24
96 59
41 53
39 69
72 69
14 35
18 96
48 22
64 165
11 128
18 79
40 148
38 116
60 130
36 181
76 148
19 21
92 194
97 193
22 162
87 62
82 47
74 119
63 161
14 159
43 98
61 95
77 163
88 183
17 120
32 97
57 179
33 86
98 185
32 78
13 152
90 156
83 77
31 92
17 191
63 139
10 144
39 190
30 55
66 41
40 156
90 53
46 81
88 149
96 29
70 33
98 169
10 182
40 118
79 118
19 157
14 40
72 101
12 50
23 22
45 132
72 32
56 123
10 148
68 158
70 133
20 138
50 35
64 181
95 13
98 74
53 188
76 105
61 168
33 55
99 26
80 170
56 27
58 141
32 198
31 154
16 146
75 53
69 54
16 136
87 144
30 62
68 126
18 41
91 123
56 94
26 129
40 200
24 168
45 154
67 83
17 117
62 65
45 20
74 58
10 10
17 168
16 145
44 40
20 29
73 127
94 93
17 189
78 66
75 54
84 143
97 162
84 189
36 84
95 169
87 190
39 146
80 31
86 94
23 131
64 37
24 48
92 147
98 55
16 14
99 44
83 70
44 27
15 65
48 102
86 33
59 25
44 91
60 102
14 142
24 110
39 101
96 110
23 197
53 72
82 99
72 170
100 146
84 61
38 110
31 78
72 109
92 145
17 152
89 187
95 90
97 84
95 88
17 50
48 183
90 129
28 62
48 84
30 108
11 73
70 154
89 185
12 56
64 74
11 188
48 135
19 191
83 80
90 67
38 28
67 76
74 165
42 67
82 169
60 49
38 26
16 27
77 76
77 151
45 115
10 45
36 37
44 123
39 148
63 49
78 51
48 134
31 65
26 120
59 178
86 110
58 173
84 25
27 21
45 33
91 104
62 18
17 137
35 60
83 133
30 71
34 14
65 33
11 18
74 138
56 124
64 11
68 186
54 158
60 14
10 145
88 92
66 83
58 128
59 125
59 54
17 77
10 12
54 162
15 66
41 50
41 180
81 98
95 111
47 184
78 79
57 68
62 102
77 33
85 96
68 101
68 177
80 41
10 91
49 43
14 136
84 170
38 168
98 102
52 179
94 38
44 34
11 62
80 80
15 190
67 76
98 149
11 103
72 76
63 27
33 196
16 14
66 112
34 76
84 94
60 111
22 147
80 61
90 106
54 128
77 119
85 29
61 68
67 70
67 149
96 65
51 83
97 153
63 106
33 43
59 117
76 156
40 123
10 128
32 139
77 158
28 92
36 137
63 143
65 128
76 105
73 79
80 95
50 17
15 71
42 35
72 15
52 85
26 188
84 169
60 101
10 27
38 147
58 178
82 173
37 23
90 110
37 99
85 135
65 61
66 168
71 28
67 67
93 124
27 128
48 24
91 62
19 33
91 16
36 131
96 128
47 100
80 58
71 97
68 139
17 10
48 34
24 123
53 144
69 180
47 195
65 133
35 78
72 98
94 179
14 85
79 162
37 177
42 16
39 24
50 44
86 95
78 65
74 25
71 98
18 113
11 41
61 182
46 45
15 14
47 97
81 164
78 85
54 112
33 58
72 80
29 162
41 25
74 26
82 68
46 56
68 49
25 38
91 17
68 99
53 109
86 123
10 87
95 57
35 134
36 136
17 62
70 191
70 136
53 108
95 142
57 187
16 85
98 10
86 132
73 126
50 150
24 147
74 91
94 47
53 142
58 27
92 70
62 93
79 45
65 22
19 188
89 157
46 67
40 177
31 121
76 72
61 185
74 119
26 34
87 133
13 128
83 182
79 11
56 38
11 108
30 23
86 114
90 180
75 171
16 181
86 124
84 152
35 84
33 27
78 47
37 118
17 122
76 198
16 17
43 161
95 119
81 33
51 188
11 25
16 12
39 72
15 92
91 77
33 128
99 118
87 66
45 152
98 169
80 145
58 27
74 114
92 123
86 181
42 161
21 112
74 66
57 132
26 41
74 158
24 137
13 145
24 145
95 46
39 89
25 111
12 130
94 64
97 173
90 27
83 105
94 140
68 125
89 132
50 137
49 136
51 199
66 110
18 21
76 77
51 170
88 28
43 24
64 185
23 161
85 143
70 154
14 49
44 188
37 56
18 103
11 19
83 106
77 65
44 108
91 39
60 155
54 20
22 152
49 156
77 28
84 22
27 24
91 72
99 53
98 148
58 143
29 91
29 119
47 200
11 122
64 137
69 130
17 67
79 186
70 59
96 155
56 29
59 144
90 192
81 30
26 177
87 117
85 55
95 56
86 73
22 127
20 88
20 22
25 172
37 11
99 33
93 114
62 168
16 155
61 66
39 120
42 181
76 121
10 84
65 103
28 179
35 191
21 120
20 55
51 32
38 155
87 55
19 141
88 116
54 194
67 91
42 57
24 161
42 98
40 156
64 13
37 85
13 45
50 50
92 129
78 159
94 162
67 164
66 70
83 188
56 94
55 188
64 163
21 130
10 14
57 94
25 64
69 54
86 17
96 10
63 180
22 63
91 16
60 65
87 140
29 151
44 144
46 18
60 151
57 178
61 68
40 184
51 83
58 64
70 167
29 70
26 67
80 108
37 162
26 161
34 38
35 170
72 92
82 121
44 138
61 19
59 12
33 161
52 74
89 19
89 123
45 198
29 23
75 52
16 91
86 143
89 135
78 134
98 111
62 102
14 186
35 88
67 148
80 116
56 107
30 96
56 47
12 199
42 42
84 102
84 96
58 85
42 146
48 90
11 106
70 139
76 137
86 100
33 132
13 118
51 175
23 80
52 140
72 117
18 163
49 117
78 52
26 101
86 76
66 109
81 16
56 107
47 109
51 49
23 35
11 90
95 13
61 65
56 60
48 138
94 11
18 92
47 90
98 84
15 17
73 173
51 53
95 179
77 98
74 35
15 197
17 167
53 97
64 166
16 25
80 159
51 191
71 92
39 55
38 81
84 171
83 97
46 122
76 18
38 94
65 155
24 171
61 134
93 165
84 13
79 45
99 27
68 55
88 129
53 75
95 174
43 52
23 81
34 159
54 196
92 145
23 198
44 115
90 194
51 52
89 80
53 33
65 158
72 28
71 22
31 107
67 151
23 100
96 156
32 154
63 144
75 168
45 56
49 73
98 174
24 89
35 68
89 163
58 12
60 123
54 118
10 31
62 21
54 133
78 192
23 185
15 28
16 77
59 33
38 136
62 120
59 72
90 149
94 25
78 59
83 187
51 11
96 57
23 130
76 34
41 111
30 78
39 182
49 25
62 128
61 55
10 189
26 70
36 16
91 110
26 67
35 55
18 126
86 104
32 148
38 20
50 180
99 200
11 77
84 18
41 19
39 86
70 192
85 179
29 75
100 86
64 27
29 191
17 98
20 42
29 65
55 116
60 153
66 48
17 196
41 45
47 132
43 56
26 111
66 144
18 156
97 130
53 194
60 138
47 58
53 149
35 22
52 23
68 45
26 37
20 130
40 89
28 38
80 198
16 181
96 159
65 182
12 130
88 51
31 87
12 60
53 78
90 157
92 81
29 164
49 76
66 193
12 146
14 111
44 35
82 105
51 48
10 93
53 82
31 79
75 77
66 38
77 45
77 57
28 199
40 67
89 104
99 50
96 146
90 35
39 85
48 154
70 37
49 134
90 24
14 68
20 176
45 57
41 103
19 192
34 114
80 18
98 153
29 101
98 52
85 91
43 78
33 71
33 147
43 36
96 51
40 73
33 34
94 81
50 45
76 49
14 166
12 179
87 149
94 59
94 72
73 117
63 50
57 67
31 25
99 147
53 31
32 106
66 151
93 172
81 93
96 156
40 111
49 188
83 80
26 71
73 30
66 103
48 199
75 56
65 98
48 103
64 77
46 165
49 50
52 34
77 191
68 13
62 159
86 195
12 82
73 170
53 87
64 185
14 54
76 143
64 99
94 83
48 109
64 15
48 195
70 105
69 63
84 152
62 143
27 93
33 54
93 139
83 147
47 60
48 28
36 177
54 82
46 127
77 118
95 152
68 14
93 141
19 177
74 123
62 81
34 156
99 90
78 78
37 82
47 71
55 164
40 61
57 96
16 70
39 131
64 159
28 112
51 24
12 34
98 28
86 166
11 52
66 111
27 104
21 113
84 127
92 33
81 156
54 177
88 166
87 80
97 63
78 45
96 113
79 59
43 187
42 149
11 91
40 23
16 64
100 171
33 23
67 180
55 134
53 59
20 84
64 45
99 155
17 59
20 183
50 21
66 144
67 50
42 19
12 63
65 10
92 98
73 49
55 36
86 55
77 116
92 37
11 111
34 52
83 49
20 111
13 25
68 42
97 122
84 163
65 181
27 199
91 177
68 169
70 41
60 111
11 187
39 119
57 141
38 100
60 39
80 84
24 76
50 153
10 180
73 163
35 78
75 60
42 29
78 101
11 86
11 51
96 161
32 13
57 143
99 104
98 126
87 69
25 116
87 11
23 149
98 76
66 147
27 137
31 167
26 93
48 61
52 137
76 116
12 135
87 64
56 74
79 38
23 172
86 168
89 60
75 159
10 177
76 74
55 116
38 162
46 105
69 154
36 56
79 193
84 163
38 41
67 58
35 182
80 34
42 46
73 109
18 31
27 144
53 41
43 171
59 101
20 59
31 129
25 159
74 129
28 21
92 169
89 72
27 133
91 143
90 23
46 17
90 192
44 175
88 54
77 69
74 41
27 43
32 66
57 125
58 134
78 20
23 49
29 97
87 22
16 16
36 125
37 114
68 18
22 161
29 32
55 50
39 181
50 45
85 97
37 74
89 140
45 168
33 10
60 26
91 137
49 69
35 68
59 21
28 61
11 150
40 44
39 182
44 118
100 82
38 30
25 79
94 74
46 182
95 144
90 108
78 53
27 176
31 162
59 31
27 11
86 163
32 14
42 81
19 182
11 171
68 165
82 183
57 108
41 146
22 16
89 188
76 41
56 35
99 194
46 82
81 71
90 62
26 200
85 41
64 130
90 14
29 72
100 166
88 195
80 87
78 176
16 103
91 59
50 54
83 197
85 70
87 182
28 177
60 99
92 183
15 62
61 157
15 196
27 116
55 55
56 22
82 88
39 60
77 65
78 12
81 73
75 141
90 37
87 78
21 168
25 21
75 47
69 144
91 134
73 53
100 95
84 32
97 193
16 110
54 29
85 131
100 196
72 11
68 10
92 194
89 129
59 19
46 194
43 51
13 77
51 129
50 172
47 157
10 76
35 65
54 22
59 30
31 79
59 84
41 122
30 92
19 103
46 38
97 120
62 68
10 186
29 193
92 159
12 165
73 80
63 141
100 37
87 144
96 35
35 198
85 117
19 187
88 34
67 172
50 116
10 152
85 25
16 102
49 136
31 51
99 130
55 120
76 186
44 63
77 125
25 157
78 162
36 94
43 11
12 151
74 117
50 62
32 112
88 150
28 42
46 75
73 195
41 141
86 92
73 191
98 76
95 69
76 135
93 66
76 63
17 97
99 174
24 146
67 124
18 145
91 109
27 163
61 48
65 105
87 119
80 181
42 87
21 87
57 47
42 169
62 193
51 113
23 35
44 95
85 167
81 128
59 70
92 190
73 14
73 83
100 12
59 129
79 147
11 122
90 170
37 127
100 190
65 172
98 111
18 17
13 117
73 186
12 46
89 129
73 91
50 186
30 109
13 194
48 164
14 61
11 71
97 139
73 61
76 140
77 19
31 82
35 82
59 147
58 64
29 13
24 121
57 60
48 147
60 96
28 34
95 66
58 169
84 189
14 149
17 35
60 97
24 128
33 18
94 132
36 161
28 38
99 145
65 122
52 198
13 24
41 177
16 160
51 118
73 187
30 119
53 68
73 162
82 198
56 103
93 85
51 85
11 157
66 45
12 155
80 108
95 107
12 70
63 51
17 35
25 88
69 92
17 173
88 175
90 67
27 98
41 153
74 78
70 45
99 30
47 190
78 181
15 35
95 175
50 95
56 148
39 188
32 141
56 105
15 129
15 14
45 127
53 64
42 87
10 151
48 112
88 79
95 80
23 199
77 24
55 75
82 66
11 44
47 44
77 155
19 124
37 55
45 137
79 88
55 31
87 165
80 22
73 90
84 182
27 158
11 194
100 179
18 107
50 99
75 174
23 171
24 56
18 12
83 147
15 50
29 141
85 144
83 92
91 66
96 157
42 90
96 67
97 31
96 124
76 150
25 39
71 38
56 157
15 91
28 143
83 93
66 180
64 79
23 127
30 156
78 170
32 32
57 147
39 45
27 39
39 180
20 126
51 144
78 71
20 29
84 200
98 109
60 184
13 93
31 135
62 14
85 127
71 153
28 124
11 155
31 194
94 20
94 143
23 67
17 32
84 38
80 20
93 31
58 159
84 147
28 174
40 40
83 200
62 16
27 24
100 97
19 96
42 193
54 105
91 85
41 136
15 171
18 116
31 184
57 128
62 10
49 103
96 45
56 67
86 68
36 13
74 112
94 105
65 171
23 176
63 172
28 33
45 100
29 156
19 56
70 57
15 198
62 109
20 95
74 106
97 69
43 151
61 51
38 119
75 77
70 132
76 48
58 12
41 138
77 65
17 41
74 62
35 83
76 115
60 171
95 164
65 142
80 54
28 181
95 70
76 100
46 140
69 191
25 97
88 100
13 135
17 63
70 13
67 192
42 169
10 150
90 44
27 89
44 140
95 94
91 162
55 22
38 121
47 43
78 154
61 182
83 107
21 96
64 24
14 71
21 92
86 159
70 146
87 58
48 130
95 84
68 148
82 13
26 122
11 121
52 22
38 175
46 159
40 73
44 192
59 10
48 190
72 53
10 28
37 20
93 88
93 82
34 34
18 116
92 166
98 42
88 129
31 142
37 121
88 104
95 183
79 38
44 85
30 107
63 27
45 117
96 54
69 152
65 118
33 68
50 116
16 106
18 151
24 166
52 95
16 26
11 186
97 71
52 171
42 38
91 128
23 136
30 156
15 117
21 167
58 191
75 119
52 161
55 177
28 175
31 17
98 162
35 90
84 128
36 44
45 91
18 101
67 178
56 147
94 163
27 69
45 40
31 71
75 69
70 139
91 132
43 57
39 182
98 137
62 40
91 86
13 155
72 181
53 76
96 48
12 84
50 14
67 128
88 127
65 135
50 75
10 32
96 171
68 102
51 178
42 100
43 96
56 84
69 199
50 46
99 32
93 187
52 78
36 124
17 123
86 81
99 137
57 131
78 150
12 36
61 198
76 34
44 193
25 181
30 101
47 58
87 182
83 194
15 171
31 54
63 188
88 103
56 50
35 52
76 122
69 161
90 196
83 12
29 114
52 10
43 53
84 172
45 137
22 84
39 104
80 43
13 96
33 36
28 13
10 170
50 148
29 65
67 136
79 152
80 94
89 75
36 76
60 184
93 34
37 153
14 38
39 19
91 144
31 104
75 136
11 115
53 24
33 47
12 81
97 20
48 185
21 123
74 166
61 106
42 185
13 118
59 66
72 159
76 15
58 190
77 147
81 46
97 117
39 154
68 95
43 174
91 92
97 174
79 24
47 69
99 172
75 65
100 147
60 80
55 97
78 138
83 16
13 69
78 79
94 155
48 51
68 87
45 68
56 35
20 195
51 126
96 115
83 24
78 26
87 57
66 175
16 191
39 12
44 170
70 138
69 67
28 73
100 134
53 69
56 58
47 97
90 51
39 176
54 84
68 172
93 127
59 182
89 193
36 19
58 65
24 107
66 148
16 131
75 145
73 62
77 96
81 188
32 172
54 46
81 177
16 30
99 28
89 63
16 17
36 172
73 41
98 37
99 70
20 82
81 22
57 29
73 126
39 89
64 23
34 164
58 176
71 137
22 40
59 14
37 85
99 132
89 98
55 117
27 183
77 185
29 144
71 125
78 85
50 178
45 151
39 111
67 169
65 143
21 59
23 68
100 167
65 50
35 192
92 44
92 167
12 169
55 75
29 44
35 119
81 71
96 196
80 40
72 62
21 16
58 163
85 67
100 85
62 38
21 107
39 72
75 135
77 48
30 146
32 194
27 93
42 168
21 101
55 97
55 23
83 109
90 190
77 150
69 95
77 163
99 115
100 109
10 87
19 93
35 29
39 109
98 16
45 44
82 118
18 104
18 56
57 129
20 22
51 109
79 121
76 142
87 119
12 97
14 188
18 50
71 132
100 162
72 68
40 88
88 149
97 129
56 38
20 39
40 170
62 169
96 54
48 138
66 151
69 11
79 58
26 166
41 43
71 139
23 146
72 99
29 31
22 111
38 119
96 100
47 122
39 21
48 169
78 172
81 28
36 101
94 46
25 100
31 16
53 194
66 77
61 89
100 176
78 192
60 152
59 25
83 171
56 83
28 29
87 103
32 71
75 158
66 82
12 200
55 107
85 105
87 150
22 138
35 196
40 40
25 41
99 64
41 126
82 186
40 34
75 36
82 103
41 47
18 62
50 107
15 82
90 199
50 18
94 191
18 87
23 173
77 120
86 143
82 16
29 33
89 37
90 192
59 86
33 127
81 96
83 141
78 58
94 43
38 119
93 91
74 75
33 137
97 133
20 95
93 50
15 23
50 21
14 28
42 65
29 57
81 192
24 163
38 171
76 127
20 50
28 107
90 71
88 166
77 156
80 155
18 191
13 72
97 25
74 122
61 58
13 53
22 10
54 110
51 32
86 81
51 65
62 30
18 43
43 164
65 68
17 16
61 129
47 104
44 13
48 46
85 38
91 122
48 116
63 74
26 79
66 53
14 145
78 104
31 103
25 21
49 197
75 40
60 118
73 90
12 172
52 172
78 58
46 81
39 158
67 145
100 112
93 14
51 105
81 78
43 187
74 158
81 129
99 129
39 144
88 158
82 179
82 137
35 66
38 44
80 197
90 72
28 20
84 199
15 196
57 112
22 200
48 164
85 100
50 164
17 144
18 172
83 72
66 193
18 182
89 163
52 36
30 130
77 122
55 173
30 48
48 98
85 187
89 187
85 187
83 143
82 115
62 74
81 65
89 148
37 114
94 25
71 135
12 30
81 117
84 186
22 121
97 45
70 157
66 38
39 24
100 95
93 106
91 127
41 47
42 198
18 197
11 136
11 11
27 199
41 193
83 94
85 89
14 43
26 194
98 31
35 63
82 159
75 98
70 141
14 194
92 130
36 195
55 142
22 43
73 135
89 146
61 161
87 191
80 135
51 108
37 23
92 94
19 141
98 100
35 161
44 42
77 82
72 168
62 54
74 176
55 57
43 51
89 20
87 77
12 69
100 100
67 180
11 97
19 188
72 46
63 102
24 60
94 148
78 41
51 49
96 193
68 171
64 148
75 118
78 125
40 44
15 102
30 52
53 156
68 29
38 31
47 113
23 160
55 98
48 74
59 28
54 55
35 165
36 191
20 83
39 103
98 196
64 131
14 37
20 121
48 122
93 20
54 23
79 107
23 183
58 70
23 81
15 21
73 174
65 141
61 161
50 164
93 60
39 47
37 45
32 178
51 100
23 13
10 181
19 69
17 125
12 186
32 88
87 64
65 53
40 107
99 59
37 35
11 29
14 41
68 29
13 43
31 50
29 77
71 191
99 37
96 86
25 133
34 63
38 46
70 181
68 176
66 57
22 162
40 72
95 154
69 54
33 32
40 55
22 137
81 56
96 172
38 199
74 118
39 113
68 11
34 120
29 168
46 199
19 87
74 165
90 173
82 27
33 103
28 138
39 129
72 47
92 139
61 26
42 119
31 10
51 67
88 140
61 131
65 175
25 29
90 48
35 147
81 40
100 149
19 124
60 175
79 20
98 28
34 159
83 10
92 100
26 145
57 113
28 189
100 105
68 25
10 30
77 51
13 77
96 51
30 110
56 196
24 128
91 169
62 194
19 89
60 57
85 166
65 121
99 68
99 183
69 11
21 89
60 107
37 85
90 191
65 163
55 149
69 30
43 20
72 130
74 128
77 145
55 159
78 68
58 103
73 122
56 118
79 191
62 200
61 185
26 104
50 197
20 59
33 13
94 39
58 181
97 131
42 93
82 12
58 128
13 66
73 76
67 71
27 21
73 154
33 82
57 165
40 144
99 117
74 127
38 79
76 147
73 76
39 111
81 12
47 27
33 99
59 64
40 172
72 74
18 93
18 48
85 67
49 137
28 151
92 120
62 14
44 74
74 117
42 171
23 35
18 31
15 125
91 128
98 173
12 86
74 181
33 178
76 129
57 21
49 191
66 143
68 40
88 75
37 13
13 110
63 76
87 196
42 37
30 130
56 136
44 108
60 153
94 176
94 44
45 172
15 139
96 50
27 143
31 159
12 194
58 196
63 20
50 104
38 114
88 69
56 62
29 200
15 119
57 107
42 161
94 199
18 14
37 133
35 198
97 115
46 172
73 104
15 102
56 52
45 54
80 99
82 144
22 132
37 95
49 14
23 128
70 20
48 73
75 124
54 57
80 104
42 161
51 54
27 50
80 112
94 73
70 21
74 121
25 69
14 171
32 106
22 120
67 74
88 81
49 74
28 48
11 191
71 188
60 105
67 175
68 143
51 38
89 53
73 118
78 200
84 51
22 30
55 64
56 143
36 104
55 85
77 27
31 184
62 132
53 86
20 94
42 165
10 195
56 94
13 164
68 44
50 41
82 187
21 149
55 52
49 179
17 59
18 46
26 54
19 143
15 117
79 172
60 171
84 111
16 122
56 22
36 122
16 42
54 139
99 80
27 98
24 152
26 97
63 180
57 178
11 94
71 192
26 188
76 96
53 70
50 15
18 18
57 148
47 78
95 75
63 89
100 49
46 110
64 50
21 100
50 54
89 135
18 92
57 29
68 42
29 39
98 16
100 18
15 110
19 62
63 78
21 181
12 24
95 75
72 22
93 105
44 192
85 102
49 173
90 83
95 54
77 96
64 194
10 36
40 33
32 121
98 50
71 40
17 13
83 141
87 114
17 82
20 96
36 10
51 160
29 95
51 38
91 86
89 106
37 146
26 21
37 74
56 180
41 160
26 53
97 29
52 180
33 83
22 118
38 156
55 178
99 104
69 75
64 59
97 114
93 145
66 83
53 199
28 157
39 44
61 79
47 200
55 177
45 146
46 156
84 16
100 186
13 161
34 111
42 54
74 37
59 162
18 28
14 163
49 139
33 27
31 104
83 110
58 121
61 41
16 168
11 52
80 169
36 36
88 67
50 160
57 68
53 25
64 102
54 105
54 28
83 113
64 183
69 46
45 89
86 22
26 136
73 54
17 111
25 27
31 150
18 83
81 119
59 137
72 98
64 116
96 198
18 60
65 41
34 104
59 17
68 189
59 192
88 69
94 134
23 92
85 106
18 112
46 86
25 78
86 146
87 112
43 11
94 144
34 101
61 197
54 197
38 73
23 71
86 113
44 61
47 78
84 182
46 193
38 94
54 63
58 75
57 195
52 148
51 131
86 29
76 191
48 155
96 58
82 185
30 20
44 199
98 23
38 133
64 91
21 97
96 57
10 130
76 59
19 33
82 160
46 150
34 113
77 34
98 142
27 165
36 97
10 105
96 187
30 137
20 77
83 43
27 16
74 18
52 84
36 67
41 85
97 36
55 133
11 192
84 90
32 70
43 162
97 108
77 25
13 70
74 89
18 37
31 88
10 173
29 77
59 49
62 67
79 14
81 126
22 109
98 173
37 36
84 156
85 127
12 191
64 62
36 111
84 187
71 147
84 174
36 19
13 19
14 88
58 111
78 41
12 86
30 200
32 182
25 68
44 148
58 116
57 151
86 133
95 38
94 118
63 137
75 45
71 25
64 12
27 194
14 179
70 91
22 12
18 178
61 24
18 164
12 169
56 191
21 116
98 24
82 51
88 173
80 140
89 76
93 180
38 29
89 160
10 180
52 26
93 98
77 126
38 35
83 18
30 39
34 66
25 170
95 26
25 38
77 196
89 143
18 16
82 154
41 116
62 171
71 134
12 15
71 164
80 166
24 56
10 119
43 70
71 64
81 96
83 109
52 17
42 109
87 34
74 10
21 39
27 93
96 83
83 22
23 129
73 63
24 26
93 131
14 103
11 16
65 98
58 123
54 156
84 162
66 106
75 142
46 199
76 98
75 145
24 162
19 132
79 92
77 17
44 34
51 51
83 143
29 168
76 88
47 87
30 169
70 55
44 140
87 158
26 168
31 160
49 19
82 144
64 61
15 179
56 106
96 160
26 181
50 126
14 93
14 151
90 39
29 185
59 70
60 28
84 87
69 180
74 113
67 62
25 96
51 71
28 82
26 62
78 169
90 164
16 12
16 158
47 132
100 32
58 127
33 52
93 50
81 166
59 166
20 139
19 80
62 75
24 52
89 36
61 105
37 117
88 127
79 161
32 59
29 72
90 55
75 32
24 179
65 70
56 37
64 28
15 52
19 103
74 42
76 128
38 142
17 109
100 152
49 138
27 75
27 198
90 158
15 37
65 61
41 103
61 139
39 60
37 57
49 76
99 105
88 91
44 103
14 148
43 82
44 76
91 151
84 88
16 136
47 89
21 55
45 140
90 146
91 188
38 166
80 148
34 100
25 150
24 50
27 68
52 25
34 112
76 50
75 97
59 149
70 38
16 10
95 10
95 180
38 182
41 72
21 14
37 11
87 198
35 72
79 17
28 42
18 98
36 153
93 101
21 13
54 118
29 119
40 193
86 127
99 43
39 147
46 194
62 45
88 20
90 77
63 38
85 12
28 12
33 154
95 100
72 54
26 182
12 147
30 82
78 170
32 83
54 175
37 85
16 88
55 160
44 157
68 85
58 136
93 135
60 34
80 90
15 86
39 84
68 89
76 118
58 93
70 186
82 111
34 120
37 200
48 166
67 67
53 158
17 194
22 149
48 161
52 139
13 122
78 70
56 22
88 103
14 44
32 15
16 193
37 135
51 194
68 191
43 185
86 120
72 62
17 27
53 118
26 59
93 44
44 85
100 163
69 195
41 88
53 142
100 124
44 116
55 42
21 22
75 54
92 26
21 190
18 141
21 66
36 159
98 175
70 169
18 43
64 155
83 163
50 45
87 16
49 47
48 80
45 87
37 12
21 74
90 12
28 143
34 69
31 159
79 179
29 192
46 111
53 176
53 65
26 194
40 185
50 132
97 134
54 31
75 177
89 172
12 165
82 47
61 58
58 67
57 144
97 69
77 27
37 162
96 78
38 165
89 61
68 160
25 148
35 142
40 142
71 126
29 70
69 130
18 181
90 167
74 90
37 22
89 115
86 10
70 195
36 88
54 83
97 39
69 71
76 189
44 128
95 109
52 99
61 151
96 91
95 46
53 187
35 121
85 77
78 105
50 108
67 117
61 51
80 54
48 161
82 137
55 169
62 121
55 118
74 158
80 200
36 23
53 75
26 109
89 77
100 56
61 40
12 177
45 153
58 16
53 85
82 45
68 32
22 111
19 70
26 160
71 85
74 100
66 129
69 135
100 56
100 192
50 166
90 12
46 19
85 52
40 195
50 139
62 109
74 156
65 152
76 83
58 132
66 198
55 24
31 77
72 113
69 192
85 79
23 186
58 55
18 196
80 181
12 66
74 26
66 81
82 193
81 195
44 170
69 197
51 146
97 98
73 176
88 126
76 126
77 134
24 14
38 42
61 106
34 96
32 153
80 112
48 142
59 92
22 143
87 117
71 196
76 137
11 160
54 26
26 39
82 78
33 122
33 71
67 51
34 161
64 124
56 183
26 23
100 189
49 197
92 65
86 154
17 185
46 120
82 19
62 194
92 35
89 40
85 154
52 53
98 97
22 31
33 77
74 166
31 21
34 183
87 197
97 90
61 70
71 13
58 170
21 10
71 156
81 112
18 112
65 68
54 167
75 99
69 123
25 98
24 69
29 31
22 59
57 47
20 132
31 42
51 91
71 117
96 94
30 169
90 197
89 25
79 137
36 27
64 191
54 36
53 39
79 116
51 12
38 51
17 68
83 57
55 137
86 18
74 36
33 48
17 56
22 38
74 168
87 63
89 183
70 18
66 180
60 143
91 120
84 116
11 88
72 149
35 192
23 45
27 199
78 94
21 158
74 36
91 190
39 106
53 21
37 36
64 81
41 173
38 175
15 21
44 116
12 99
88 161
31 148
78 38
19 35
52 154
91 134
96 163
38 159
82 165
73 188
51 199
52 79
81 70
35 79
51 72
47 105
15 124
23 14
29 84
35 183
14 113
30 46
62 167
27 94
22 34
41 19
19 62
59 70
57 168
14 142
21 108
89 85
72 111
64 27
87 162
42 65
31 137
16 185
73 119
79 55
76 193
64 40
18 164
38 20
61 39
25 184
100 19
15 12
32 22
41 126
38 29
63 92
88 105
95 81
19 188
98 31
99 12
33 56
92 151
35 119
19 39
40 161
71 13
96 181
85 14
66 21
63 131
34 32
68 23
64 92
54 73
26 34
40 164
22 84
27 158
90 161
13 117
25 56
82 128
31 158
10 155
79 30
31 116
68 133
85 190
30 173
46 172
98 149
11 98
23 93
73 47
72 41
49 18
51 119
60 136
50 89
21 89
78 19
49 173
48 167
66 200
79 45
30 158
95 150
49 60
13 101
74 130
89 95
24 63
97 73
64 124
89 123
82 104
87 50
64 117
54 82
19 167
85 109
62 145
25 192
51 135
23 113
57 67
91 23
94 55
99 154
49 81
11 24
15 52
51 94
76 114
52 97
44 105
42 48
32 98
97 65
38 143
14 108
37 188
19 143
98 28
57 77
58 184
30 117
46 190
49 16
29 189
77 50
43 143
22 154
28 140
55 85
45 199
58 82
16 126
73 72
38 132
67 87
41 53
28 185
21 27
14 180
20 138
20 143
53 130
36 111
95 127
45 141
94 192
81 154
60 81
30 105
36 178
53 163
36 30
97 106
92 160
42 96
82 149
72 189
38 147
60 159
96 108
78 41
50 157
14 37
65 54
13 84
37 159
20 95
81 15
28 69
16 121
90 105
28 15
40 160
76 183
41 90
10 39
22 10
84 149
13 67
14 36
55 46
43 200
22 16
71 145
11 191
16 51
45 146
15 200
44 51
81 23
15 116
64 95
85 82
45 189
11 81
74 101
98 52
20 92
83 126
66 145
74 135
75 54
60 86
47 198
78 80
85 102
62 107
65 146
48 74
50 161
65 192
95 84
30 174
89 113
11 24
50 59
80 65
11 73
21 191
86 89
83 103
35 78
72 190
98 31
15 192
59 199
25 65
50 26
21 69
11 171
100 199
15 98
83 145
35 25
71 31
46 27
99 85
15 190
78 152
80 149
50 46
16 148
46 72
64 173
48 114
87 58
33 185
43 187
24 129
26 86
97 106
93 140
50 41
27 98
63 185
26 148
53 15
31 166
42 80
25 30
30 125
44 140
20 68
39 60
62 150
74 181
71 60
69 79
80 71
54 74
10 56
99 98
57 150
58 173
85 44
32 34
38 115
75 91
59 112
91 13
59 77
32 128
100 126
57 18
41 16
74 64
89 159
10 158
19 58
33 149
47 166
62 73
37 159
41 120
93 95
61 143
11 129
52 132
37 110
42 62
26 65
25 21
41 111
49 143
90 142
98 73
98 86
66 32
48 134
38 148
81 86
62 33
34 25
45 102
12 117
100 84
45 114
87 39
57 108
80 196
78 63
37 169
89 48
27 26
52 154
84 43
43 119
30 88
49 42
45 80
58 157
86 143
23 70
86 85
24 165
33 39
96 183
30 200
15 42
37 45
92 54
59 69
19 156
18 140
60 150
62 159
14 185
27 188
36 116
14 44
85 188
95 142
14 93
82 44
62 32
84 132
83 170
95 83
38 183
49 135
73 54
22 59
64 38
21 106
58 153
93 47
32 13
77 132
66 164
100 42
29 66
34 85
95 177
93 173
48 193
37 112
21 22
14 98
95 29
82 17
20 177
48 134
25 76
32 97
89 74
61 70
84 115
73 200
31 146
64 72
77 100
97 29
93 179
27 176
96 154
92 22
36 80
10 132
71 54
85 51
70 170
85 114
48 77
31 187
93 106
17 174
38 76
58 130
30 153
16 73
36 131
84 57
17 75
67 191
70 51
55 81
51 165
46 116
12 119
37 76
68 173
28 63
48 85
25 114
13 132
47 155
100 105
55 85
68 34
48 133
64 129
85 107
48 19
73 168
14 137
63 186
43 127
85 191
19 53
66 61
48 146
14 60
86 62
16 64
35 32
45 196
64 21
73 87
12 137
70 192
98 110
59 194
66 46
38 83
96 131
50 109
22 184
43 138
30 93
14 166
21 178
60 131
31 84
40 62
67 84
20 83
85 51
58 64
65 103
78 21
42 115
94 121
89 100
14 178
94 72
27 142
75 147
79 82
100 102
10 63
72 200
47 12
43 56
60 173
43 47
21 26
18 147
45 72
96 39
69 50
75 35
56 186
25 76
63 192
97 23
98 165
36 12
96 108
92 99
84 28
100 107
25 132
63 25
31 111
25 86
63 168
92 155
57 82
97 42
11 19
35 162
41 112
59 184
10 65
45 89
91 63
41 162
15 60
82 32
15 31
43 156
14 41
40 186
59 152
87 30
46 94
22 156
52 168
67 37
75 65
35 151
45 146
34 125
24 111
41 10
29 76
51 164
25 87
10 42
34 166
88 189
24 66
64 100
87 127
18 101
31 65
43 122
64 175
33 29
52 14
60 38
55 198
58 31
63 141
98 113
99 159
74 32
64 111
43 93
74 70
28 18
11 78
77 171
98 19
59 150
81 62
74 138
37 192
22 156
44 65
39 83
20 34
72 60
19 70
77 162
19 170
40 121
72 144
39 112
34 124
72 20
60 60
20 79
30 150
39 28
95 136
23 50
88 49
41 95
53 65
43 82
66 71
35 94
98 106
23 11
69 78
52 28
46 182
32 23
84 144
47 158
100 154
45 39
99 142
48 145
47 25
66 74
71 64
19 156
35 197
52 11
33 192
38 46
56 161
16 148
92 113
34 195
67 147
41 125
62 24
69 106
77 130
64 159
41 150
15 166
59 93
22 42
14 62
32 123
27 172
17 160
44 188
100 184
27 53
82 44
36 190
41 118
54 133
12 147
86 34
14 50
82 144
43 45
85 195
100 61
19 49
74 71
28 40
71 184
29 175
78 163
73 180
74 127
31 191
66 16
10 28
13 153
67 151
31 180
82 189
70 155
54 95
99 87
32 115
70 29
38 109
23 97
74 106
45 22
80 130
64 154
50 75
25 131
30 138
21 14
30 185
94 176
40 198
62 25
77 122
30 22
49 48
33 154
46 166
70 61
85 185
60 86
54 154
41 118
75 183
93 39
50 126
48 67
94 67
96 78
10 161
93 75
75 43
25 164
100 185
91 138
72 72
17 71
78 96
70 107
18 145
63 89
11 162
92 36
63 72
28 73
29 38
67 52
52 157
69 91
30 51
88 153
62 108
88 151
98 67
99 116
19 36
26 116
25 164
68 82
22 90
58 80
60 82
89 179
60 150
16 22
69 154
52 148
53 53
77 99
50 167
18 135
89 31
32 33
59 36
45 64
40 71
12 56
34 77
18 194
11 139
80 61
36 24
17 19
25 96
82 191
21 134
78 98
77 18
67 15
53 70
60 196
20 24
36 96
16 98
81 152
22 140
40 185
100 10
80 65
84 123
96 192
13 23
58 77
90 76
33 133
42 142
79 110
45 191
13 92
11 130
21 181
24 68
25 66
52 180
54 30
73 20
84 193
76 145
74 100
72 164
61 190
79 172
35 106
97 117
81 94
39 52
75 127
60 83
30 44
66 127
53 199
77 119
68 183
84 104
34 117
37 126
38 185
40 196
83 103
55 99
51 149
72 105
37 95
32 80
49 63
84 58
80 178
45 96
67 52
79 64
54 56
39 65
75 121
46 143
22 185
75 31
75 196
41 51
31 127
75 85
68 184
79 84
18 100
48 121
60 159
29 124
85 198
86 90
43 105
34 131
76 64
71 87
61 123
68 184
29 93
15 72
53 191
88 59
61 138
90 77
14 166
24 145
83 44
28 103
85 79
88 71
13 30
26 36
24 98
100 13
42 121
46 101
15 42
63 45
21 142
40 88
78 168
85 93
70 79
57 185
55 41
84 146
19 194
76 25
100 34
29 116
43 137
43 78
52 179
31 161
65 91
96 28
31 93
74 104
46 140
25 153
27 157
11 76
99 114
23 85
16 154
56 105
25 28
14 82
10 129
47 118
49 81
62 90
39 112
77 169
18 94
28 44
91 40
79 22
24 24
66 104
52 109
49 80
63 24
87 168
95 185
83 175
30 64
29 72
86 91
88 39
51 173
45 69
52 27
100 169
33 190
66 53
40 92
58 91
75 97
20 70
85 156
66 11
53 164
81 29
45 125
48 74
36 165
81 121
23 36
61 67
99 173
91 158
49 55
86 182
100 96
46 88
68 130
15 105
88 174
65 183
53 194
71 16
48 179
74 184
48 16
24 52
15 173
92 87
16 69
30 34
52 176
53 50
32 44
83 21
43 90
58 149
49 71
81 84
87 82
12 98
43 153
50 132
85 183
18 187
72 121
23 27
21 167
87 23
40 11
69 40
16 71
75 17
99 134
97 194
64 25
35 159
41 74
98 114
70 121
34 97
97 155
73 149
30 172
14 121
82 18
87 108
53 152
98 33
70 50
89 156
18 129
83 54
52 25
82 70
85 102
70 189
70 93
16 167
92 100
12 102
47 60
24 31
67 159
95 152
31 93
77 86
77 20
96 58
93 132
57 184
46 97
75 80
59 132
21 109
18 147
39 173
29 32
62 52
28 93
38 11
57 123
96 41
27 60
69 12
68 30
49 16
41 181
35 163
21 123
56 177
76 72
38 110
93 187
43 75
100 189
77 55
93 175
97 88
26 188
82 17
43 98
67 191
62 121
27 33
54 45
56 147
21 171
24 24
90 73
41 58
46 200
62 185
60 32
11 30
39 175
23 71
30 94
100 185
89 57
72 93
52 17
63 22
27 152
84 156
51 159
22 98
49 128
25 154
49 167
38 183
62 55
67 57
49 149
27 188
82 48
33 88
69 154
14 54
26 148
19 119
29 35
17 64
59 134
83 104
48 13
94 85
80 151
45 18
80 185
18 117
51 120
11 122
81 117
22 190
20 19
81 183
16 160
60 189
19 76
43 14
16 190
73 171
50 64
67 83
34 29
97 115
71 15
11 12
30 45
11 30
62 144
69 112
32 71
13 17
78 13
68 60
36 145
70 176
11 32
21 69
65 91
64 180
69 53
40 62
96 27
83 178
39 107
42 108
87 10
18 149
82 149
48 27
69 52
100 115
60 95
59 137
81 192
13 116
41 142
56 189
91 94
47 163
43 76
97 12
24 198
47 101
97 172
29 61
18 155
90 109
55 184
10 68
24 174
93 62
64 187
81 95
39 38
91 93
61 140
56 24
18 89
88 104
95 55
33 96
15 143
51 92
24 62
49 144
55 169
83 162
96 91
25 56
44 148
61 67
19 55
33 45
25 19
85 17
97 138
93 86
84 142
25 50
85 162
35 51
22 12
64 106
88 103
42 33
11 113
43 149
62 185
54 137
93 189
13 79
63 90
54 28
39 167
98 48
86 75
69 102
57 136
69 182
27 150
83 101
57 117
55 65
44 99
12 116
54 157
41 13
65 162
16 90
70 112
33 100
91 61
16 75
77 189
45 69
39 83
93 67
96 54
20 135
63 135
82 52
29 57
77 149
24 120
95 181
50 10
93 52
19 71
41 92
91 186
60 64
73 155
68 102
54 64
23 186
55 98
40 101
33 126
74 177
15 100
85 89
86 59
12 174
56 71
60 23
35 60
29 159
26 41
28 79
83 130
56 127
89 135
64 16
18 111
22 117
59 162
87 145
54 150
55 152
86 27
100 88
78 108
35 148
33 162
43 100
11 124
96 153
38 88
65 130
12 164
41 43
91 64
21 179
32 140
98 45
34 161
45 78
79 13
76 52
39 63
33 100
61 12
84 56
57 55
16 101
79 66
37 177
81 156
13 146
31 128
74 74
61 126
37 170
95 11
58 139
74 175
81 63
80 147
41 90
65 129
49 53
10 159
67 127
96 27
83 199
34 74
89 33
27 59
40 164
81 35
25 137
86 196
96 31
76 144
91 155
90 113
91 79
87 48
70 197
44 111
61 32
62 112
15 18
27 70
71 64
87 117
15 161
98 35
90 76
54 114
30 84
90 50
50 110
85 192
20 188
79 146
49 121
74 87
91 61
52 167
52 85
64 150
26 17
75 49
88 187
49 127
41 193
98 45
68 99
54 52
26 173
12 118
80 66
35 88
85 185
48 54
32 149
10 150
62 22
17 62
73 164
36 91
11 189
48 102
32 198
100 18
40 154
67 129
96 143
97 127
87 82
32 18
45 17
74 199
77 169
63 28
91 104
70 110
77 79
23 24
25 189
10 90
42 170
28 174
23 46
87 61
22 136
34 182
58 27
72 163
80 84
54 139
77 111
79 115
84 115
69 78
85 195
16 89
90 19
33 120
67 27
28 16
82 39
90 96
51 191
43 85
49 60
70 96
63 128
86 185
20 173
98 159
76 64
75 175
93 166
85 163
71 86
54 136
19 180
61 15
58 123
60 87
44 148
39 177
85 27
97 131
31 68
52 32
24 192
79 17
78 134
82 140
30 162
70 147
33 140
15 154
23 85
41 78
47 57
17 143
47 59
25 109
23 196
27 61
47 172
61 166
23 82
42 115
32 192
35 27
31 56
89 36
58 33
18 198
52 192
26 167
45 56
19 180
62 28
13 82
50 143
40 116
23 142
59 80
74 125
53 129
40 90
57 146
24 102
82 183
98 127
18 156
56 46
17 68
18 188
33 97
55 177
74 145
90 77
13 116
32 155
38 16
51 20
12 169
13 117
86 48
99 145
96 59
75 152
78 111
40 78
94 69
28 54
16 15
15 93
50 136
82 177
52 126
63 116
15 164
55 89
29 109
47 28
23 58
45 119
95 108
55 178
77 85
72 45
97 144
55 55
14 188
79 42
76 62
27 28
61 192
34 27
78 153
21 102
47 36
99 159
85 28
46 145
43 159
97 37
86 130
39 24
94 125
63 73
12 26
67 193
15 43
59 174
80 99
91 18
80 129
20 81
96 125
41 94
65 72
84 28
95 193
93 175
47 133
75 116
90 173
28 200
12 139
95 45
65 91
98 175
37 41
25 179
65 137
77 83
10 14
32 44
91 178
46 135
50 77
77 80
32 170
88 99
89 96
16 180
30 177
51 187
75 75
97 187
38 58
75 32
51 183
87 80
38 74
31 92
97 99
71 34
19 86
15 43
56 57
14 149
79 42
51 64
37 166
100 108
37 153
57 120
34 39
72 118
28 49
93 66
54 15
59 72
91 35
24 85
93 162
40 129
36 12
41 122
81 98
44 36
13 194
49 198
50 158
52 148
31 159
100 10
24 137
55 77
77 21
69 67
50 197
94 19
79 21
18 21
27 172
30 171
97 14
21 19
44 127
68 12
61 13
56 71
80 97
98 102
32 133
41 124
27 166
27 194
21 85
17 129
78 95
22 43
61 90
90 84
49 52
76 114
79 111
93 185
86 178
84 149
72 67
97 82
12 26
10 53
12 102
69 169
99 116
70 109
30 97
70 55
33 112
32 184
30 199
76 63
30 99
76 107
37 117
97 54
49 77
69 33
68 114
47 200
34 25
42 46
82 112
23 73
64 72
70 58
23 69
52 46
58 157
52 179
16 188
40 28
99 143
22 77
90 88
48 75
28 197
31 37
62 23
68 144
97 192
99 146
37 170
69 61
84 190
87 43
59 62
61 63
79 148
39 72
85 50
100 150
74 91
29 166
45 100
13 180
78 168
67 185
68 172
16 84
100 74
95 161
35 23
31 187
45 188
90 186
90 39
86 95
35 134
14 47
17 35
27 158
72 186
53 129
73 177
44 140
68 165
83 43
100 136
61 138
63 100
27 194
92 79
32 94
33 182
50 58
98 169
25 31
14 170
62 133
44 176
11 63
50 163
59 139
50 137
10 64
59 42
71 10
83 179
29 136
46 46
99 189
53 44
65 181
100 183
50 194
38 197
62 141
88 164
44 100
29 20
56 172
24 32
44 175
36 87
28 183
12 139
68 149
57 34
28 29
12 63
16 17
72 91
72 62
42 70
12 21
12 128
56 144
55 198
39 195
70 73
69 50
73 192
44 196
75 140
39 54
47 59
34 118
67 31
85 39
27 145
22 184
25 76
62 88
75 89
13 169
47 81
33 153
61 28
56 110
47 185
29 195
47 36
19 196
11 104
65 161
62 118
10 177
62 114
47 56
15 137
88 167
76 54
25 102
41 89
79 74
73 177
79 129
14 24
77 82
62 171
88 10
73 29
91 94
13 62
78 149
94 199
24 51
75 56
22 159
27 167
64 30
15 113
100 190
47 73
80 67
72 148
76 165
18 87
85 123
19 42
85 150
26 176
35 126
92 156
78 180
54 108
61 108
91 171
87 160
91 13
52 120
86 127
59 118
46 177
16 142
59 101
21 70
89 104
83 143
100 92
14 24
55 143
29 54
80 64
89 168
34 73
31 39
58 15
14 24
39 200
66 190
64 91
26 21
76 88
49 88
22 97
44 182
18 91
28 143
32 60
20 55
46 41
67 156
37 53
14 27
44 148
54 188
100 109
12 45
32 174
66 179
58 92
27 121
26 17
71 139
14 186
96 34
76 89
61 62
86 172
32 29
51 129
26 148
100 36
95 45
87 172
82 91
76 175
26 57
60 87
95 115
31 22
68 132
68 142
25 78
46 106
72 54
41 103
53 61
32 49
79 172
60 132
15 96
76 107
81 132
72 151
53 99
81 198
69 109
92 57
91 96
49 95
77 177
12 175
36 160
66 168
97 34
82 36
13 49
34 86
45 139
22 38
69 43
61 102
41 18
38 162
79 102
47 87
73 87
91 172
92 75
67 20
88 81
53 63
58 170
39 134
90 19
81 179
44 20
48 16
47 51
24 167
70 68
88 64
27 127
96 35
51 39
23 156
27 104
47 74
97 192
68 24
80 183
97 75
98 95
53 64
37 92
23 100
81 118
40 117
97 55
33 79
13 199
93 38
66 65
59 187
14 123
64 79
82 25
62 119
20 90
77 89
88 25
45 144
17 198
83 189
80 23
68 149
69 113
67 114
53 101
12 69
95 123
95 118
42 148
72 113
77 31
54 200
55 23
49 22
43 25
29 85
54 111
58 51
100 32
64 35
93 99
63 159
49 76
27 25
30 147
34 50
91 142
41 57
83 37
60 189
64 91
37 125
82 119
48 36
63 165
87 63
31 190
96 119
23 132
15 122
28 85
56 67
33 56
16 25
29 195
47 191
62 121
18 120
75 103
24 170
20 51
46 165
13 88
29 140
17 61
76 109
80 46
97 197
72 101
34 40
85 91
92 192
98 136
43 62
18 100
63 118
75 97
77 26
93 200
21 15
46 39
51 18
73 79
44 32
66 69
52 86
92 105
50 195
59 31
78 91
94 77
12 85
55 147
63 161
92 78
64 197
62 102
16 26
69 40
31 185
72 123
92 115
33 182
69 80
41 156
12 169
93 35
19 40
47 166
10 118
46 11
28 163
49 118
85 118
75 50
58 113
97 186
62 12
45 126
11 45
83 86
27 148
72 78
38 84
98 22
100 99
73 106
95 139
15 84
82 37
12 171
79 131
43 179
81 189
78 36
70 198
13 59
52 45
22 144
10 183
90 111
17 192
44 198
37 95
61 30
29 49
65 105
78 191
56 146
38 178
58 33
10 128
85 163
52 31
50 82
71 84
69 128
17 64
59 27
52 28
70 115
36 60
50 59
32 93
26 50
45 20
21 110
51 168
52 101
57 190
62 23
10 30
21 162
86 87
15 76
43 48
80 186
62 22
91 182
78 61
61 40
97 138
21 200
31 33
56 137
34 138
21 86
54 134
42 63
19 48
85 139
38 132
92 27
46 180
91 114
14 73
89 125
39 105
64 150
80 68
55 163
44 80
38 176
15 130
82 24
70 180
84 97
83 98
14 99
20 178
58 109
62 169
42 94
100 191
14 23
86 186
47 98
80 68
18 68
99 145
100 199
18 79
83 80
74 52
89 45
44 25
25 113
45 20
49 80
32 106
41 103
67 113
92 146
15 107
30 180
52 130
35 188
82 94
30 167
94 80
93 30
17 189
86 101
44 173
13 52
41 130
38 181
38 179
97 34
82 174
47 149
26 34
63 124
42 47
54 119
17 113
42 33
34 93
83 143
69 139
51 156
47 152
24 144
24 106
73 15
54 24
45 194
99 134
69 31
60 29
46 109
75 100
44 77
59 100
84 70
30 196
80 141
67 173
59 99
31 74
40 169
58 102
45 171
90 102
66 27
42 176
70 97
43 80
32 80
47 197
72 30
40 199
14 182
62 46
77 71
11 198
57 20
45 46
31 147
22 49
36 102
15 112
79 112
63 198
93 173
70 166
84 38
31 177
59 180
13 112
28 144
59 124
80 52
48 11
44 141
14 196
31 64
29 54
57 110
27 193
44 88
29 98
12 188
68 169
87 108
66 61
93 33
97 49
71 179
36 107
58 112
92 152
12 200
96 177
55 90
24 14
62 170
33 105
84 188
41 146
25 189
37 158
75 25
44 131
31 91
67 112
64 130
21 182
31 125
42 83
82 170
27 173
90 32
23 140
41 164
59 126
67 104
81 185
36 124
40 134
11 165
90 30
71 144
84 67
33 12
67 73
35 70
64 132
34 136
13 145
47 170
91 72
64 188
99 36
12 184
65 138
51 27
31 63
72 12
66 73
47 104
63 176
70 25
49 100
20 192
75 115
30 149
78 77
53 77
38 69
31 85
22 51
100 177
10 129
29 68
66 15
52 171
92 171
61 110
68 12
100 149
45 105
61 116
67 55
52 119
22 86
50 133
26 162
49 75
20 131
100 125
87 117
74 139
26 147
35 192
59 184
43 89
70 81
70 104
61 31
85 84
11 60
24 78
75 159
61 145
84 97
41 25
65 199
11 135
39 24
46 116
77 110
45 129
36 43
37 151
43 90
22 14
100 63
79 196
53 46
76 102
89 53
98 160
74 93
15 17
52 64
18 148
29 140
82 166
75 121
95 36
84 142
14 185
98 135
74 38
75 163
40 127
72 69
34 100
53 23
65 102
43 53
39 62
43 115
71 156
83 179
41 80
35 66
66 136
45 87
36 185
95 116
36 99
57 40
27 148
15 119
20 165
18 88
64 166
77 88
21 95
15 147
42 198
51 73
26 47
53 142
58 43
18 154
83 54
61 144
44 81
83 63
68 45
19 83
96 200
72 166
46 49
22 103
72 158
93 46
11 137
94 48
100 56
97 147
83 29
45 136
78 164
33 157
35 195
84 74
82 45
90 110
12 163
22 187
81 190
25 116
12 31
95 141
73 168
64 21
65 189
88 109
80 10
95 25
69 140
88 21
12 141
85 102
96 168
42 23
64 111
21 149
28 127
48 32
22 188
25 125
64 34
36 193
93 134
64 51
24 119
29 47
44 196
86 174
64 49
15 163
38 160
10 105
48 22
27 24
50 182
17 51
62 16
63 62
27 73
69 12
30 178
22 84
55 32
94 157
78 89
89 43
41 52
25 169
92 86
19 109
91 143
99 117
23 184
60 111
41 116
90 82
70 175
25 87
25 58
86 90
34 196
99 28
63 83
24 125
35 191
49 70
13 195
68 127
24 190
20 79
62 163
70 188
27 151
99 156
74 151
35 179
58 12
81 16
26 15
82 65
82 198
66 174
84 147
64 192
30 171
33 63
37 65
13 93
94 159
50 58
49 128
29 77
24 55
34 36
20 57
44 79
89 60
39 90
13 17
49 177
31 186
16 155
27 145
66 77
38 130
42 34
44 174
91 30
77 28
52 79
83 181
42 164
13 43
59 81
27 168
40 72
70 130
23 193
73 86
62 190
11 38
95 106
71 159
58 30
63 194
87 117
12 91
70 36
16 167
22 40
81 177
89 87
52 140
91 194
97 15
41 52
99 28
44 45
75 117
69 197
17 29
36 128
91 15
79 78
42 83
10 128
97 31
79 10
16 151
79 199
38 176
10 189
99 42
59 192
15 154
27 125
91 123
87 105
29 27
58 143
19 102
90 195
100 120
70 106
92 19
71 47
20 166
19 10
32 125
99 22
13 11
14 73
86 179
91 95
18 163
29 140
59 142
86 31
40 172
80 165
56 52
14 166
39 81
93 59
45 10
15 117
33 198
95 169
63 171
76 47
87 157
52 41
30 155
20 172
46 33
82 107
95 182
22 128
62 81
10 101
58 70
62 127
25 188
52 87
59 193
67 113
39 122
98 68
63 28
73 24
62 19
55 140
56 58
96 96
71 65
31 53
11 194
63 36
94 87
76 183
49 80
50 49
67 61
54 112
19 181
83 165
33 112
97 33
94 14
50 132
50 127
99 38
17 189
49 145
83 20
15 188
19 66
26 126
57 177
59 40
13 197
90 21
31 165
32 89
40 175
95 82
97 60
48 65
71 40
68 135
10 171
38 153
82 192
49 166
41 149
57 169
56 44
89 74
85 46
18 189
46 38
21 134
76 47
62 149
100 42
90 140
19 27
36 39
35 14
29 200
52 22
81 120
76 170
92 76
43 12
55 49
28 192
37 164
41 15
41 105
35 186
57 71
11 172
34 44
74 118
72 151
46 54
77 30
75 121
51 74
30 26
12 29
78 151
96 45
82 95
12 24
37 29
13 127
95 199
81 19
61 47
47 111
21 97
88 150
81 93
20 174
51 170
65 117
15 198
91 98
67 158
19 16
52 41
85 20
13 116
68 20
34 34
77 88
81 96
48 150
55 94
78 110
35 160
78 174
20 21
44 93
61 26
71 168
29 54
67 109
74 52
12 156
93 63
59 187
96 115
88 150
73 124
63 62
61 97
54 85
61 140
48 99
58 111
42 36
80 89
62 158
86 76
67 197
96 191
14 122
40 162
94 127
19 120
26 12
49 58
95 136
75 77
39 166
30 136
99 154
32 171
16 145
77 45
12 19
16 167
25 154
24 23
11 56
82 80
20 183
50 158
84 138
27 187
46 33
46 161
11 158
57 131
56 189
44 86
58 46
81 194
49 23
99 91
98 183
84 119
63 133
94 127
11 123
76 38
75 79
99 189
60 119
47 151
96 129
80 171
48 101
43 198
71 193
54 196
74 71
94 162
24 12
54 107
60 45
81 136
21 124
64 162
51 87
40 15
99 183
17 24
33 163
49 18
99 100
26 152
84 140
25 198
59 45
77 110
69 60
97 15
90 13
51 60
24 145
94 118
92 63
75 200
14 143
72 193
33 44
91 68
23 79
31 116
92 12
44 185
18 105
40 80
91 33
54 20
25 17
44 117
11 81
48 108
50 146
34 100
24 43
43 154
85 67
63 27
24 150
90 167
36 67
100 154
26 189
12 102
18 114
65 87
72 146
42 52
76 106
85 93
98 145
80 74
98 171
75 115
38 158
61 166
46 140
99 149
30 126
57 145
100 58
65 68
24 60
46 130
79 96
42 139
64 103
75 64
54 137
90 184
12 72
64 110
63 111
27 129
25 121
75 110
86 160
12 16
52 100
16 19
32 149
61 48
78 173
64 136
38 114
30 194
56 90
96 177
99 174
19 50
49 43
55 106
40 162
52 34
96 48
12 68
77 13
31 59
15 51
39 84
92 127
90 153
97 24
19 29
23 78
35 125
66 63
51 127
90 134
77 97
30 16
84 181
22 105
14 16
52 68
77 145
19 11
44 23
68 27
26 57
72 124
98 28
84 25
86 44
57 118
39 142
21 129
37 177
80 27
68 23
92 116
28 70
28 55
69 178
68 137
30 11
90 28
83 102
82 187
64 35
47 66
32 71
68 133
99 40
54 95
31 35
65 33
100 162
27 21
31 163
17 17
78 74
86 36
33 113
82 102
59 160
42 127
57 187
94 133
63 31
75 114
100 50
50 16
38 15
31 185
70 41
28 175
34 70
61 70
34 45
98 155
41 164
64 91
56 175
97 20
21 41
57 118
81 61
73 104
44 186
31 99
85 123
14 121
16 96
84 31
78 187
77 191
37 101
60 144
14 95
56 137
44 78
90 50
79 192
86 61
73 98
80 25
19 45
83 47
66 183
73 105
64 88
15 163
43 167
37 98
38 82
80 30
11 101
12 123
85 58
57 135
22 147
30 178
37 151
64 113
32 106
52 125
38 103
40 185
94 37
36 165
13 128
20 80
38 99
85 177
27 21
86 114
85 82
24 139
18 129
84 179
30 81
43 61
63 33
46 87
94 161
41 181
41 81
10 174
80 98
44 139
43 83
90 88
88 156
18 200
61 90
17 152
44 124
93 178
77 114
16 51
64 151
66 198
14 127
26 191
14 120
44 167
96 194
82 170
17 92
96 77
45 191
12 154
16 75
93 105
87 40
15 76
62 22
98 33
90 43
12 28
53 187
22 190
51 60
47 172
10 171
80 136
99 89
41 119
77 64
50 155
48 182
66 140
42 115
82 176
93 30
43 145
48 31
83 61
65 136
100 67
26 71
65 111
25 125
46 125
100 64
18 117
95 144
64 105
91 41
21 28
83 118
82 133
25 140
18 42
10 38
63 194
51 91
58 92
39 167
20 39
42 130
93 132
19 46
80 123
54 130
99 195
62 148
20 177
98 133
37 175
91 108
78 103
70 137
60 49
82 23
54 167
15 67
13 16
55 148
40 194
36 136
90 136
72 137
45 13
82 144
83 74
25 189
83 106
11 174
47 49
29 66
97 130
91 127
65 49
45 131
62 163
86 51
39 161
67 32
96 92
99 142
37 61
92 167
99 99
15 146
39 149
53 188
21 147
51 58
43 31
33 49
74 44
99 126
46 91
39 180
67 158
74 172
51 95
31 187
75 79
47 187
24 156
93 140
88 132
28 88
83 188
41 12
77 39
21 69
20 98
55 114
41 182
52 85
46 46
84 103
62 47
79 176
37 85
82 116
68 124
61 14
67 165
23 176
47 157
20 136
38 105
15 121
46 169
13 196
29 132
19 141
71 199
37 14
22 31
76 135
71 158
84 78
45 189
34 138
49 110
19 42
62 134
63 134
71 23
97 107
53 48
88 158
57 177
37 165
86 127
65 165
56 81
46 28
100 131
89 36
68 50
41 67
76 65
81 76
23 142
90 45
100 65
96 48
71 178
41 60
89 123
65 200
98 124
51 85
35 26
61 84
91 22
76 62
12 176
67 168
50 145
44 140
13 27
21 62
25 34
30 120
65 172
64 163
12 181
76 139
97 170
47 107
45 29
71 81
86 109
26 155
46 51
38 75
53 94
23 85
18 61
51 88
44 158
89 161
35 88
91 180
16 178
36 61
67 67
16 22
33 193
78 62
46 82
72 124
73 76
74 107
44 24
71 194
46 34
78 133
93 97
57 35
22 41
67 70
42 62
31 107
22 92
50 110
31 130
10 152
22 53
55 167
53 42
88 84
54 157
60 44
13 162
98 139
52 190
95 113
54 124
65 118
41 191
78 192
43 73
36 160
52 23
28 50
22 129
47 156
88 152
11 151
30 103
70 127
80 110
73 156
97 71
53 61
59 113
16 25
62 186
65 137
76 123
25 97
52 122
16 150
75 87
83 198
32 180
84 116
71 154
53 136
100 178
95 97
43 61
14 111
96 110
61 88
51 45
75 96
54 49
85 51
14 136
77 150
74 184
55 48
69 170
10 195
57 36
81 59
21 48
84 167
70 28
94 192
37 50
67 41
65 123
63 81
72 142
76 17
53 107
79 106
82 95
98 45
91 36
81 29
42 54
35 65
24 83
75 148
13 156
86 56
46 105
54 171
41 170
70 15
13 77
77 187
44 56
39 126
68 138
54 190
36 152
64 97
61 122
18 191
33 67
87 169
58 187
93 29
77 139
54 98
27 159
81 20
57 128
12 108
28 102
40 68
89 163
20 121
31 43
13 174
38 170
76 61
47 103
93 156
47 128
56 68
29 150
79 90
99 35
16 155
54 106
87 23
39 22
44 186
42 44
68 168
91 123
36 13
65 143
13 78
27 56
29 168
48 79
75 117
96 88
25 74
80 129
98 95
62 20
32 39
42 62
43 103
32 91
77 44
51 109
53 138
39 114
31 172
33 175
23 109
94 173
84 68
94 60
45 63
21 77
65 159
56 133
94 148
31 180
83 68
50 115
94 42
60 123
20 33
38 114
27 171
79 104
58 199
81 35
44 68
60 166
63 53
24 100
11 133
79 194
70 157
72 187
62 149
96 45
68 27
21 125
17 79
49 70
26 26
59 173
38 40
22 122
41 57
63 95
34 90
79 193
24 40
21 100
89 109
27 194
93 151
57 157
45 180
65 141
79 133
38 101
49 73
78 68
94 34
76 144
89 85
75 26
21 136
58 137
55 96
72 13
67 91
47 87
78 177
80 88
42 154
79 95
20 24
23 181
50 128
85 197
23 82
58 162
99 174
50 74
44 72
54 105
93 60
65 68
18 53
79 180
14 147
47 67
67 49
82 31
29 184
62 23
79 84
29 96
78 140
46 116
43 81
75 199
43 68
22 33
37 34
18 152
49 99
20 154
87 99
76 148
21 45
48 161
100 12
83 189
53 81
52 165
18 181
38 127
73 51
73 172
96 175
59 90
54 175
66 54
23 39
99 168
85 28
40 37
30 27
24 162
95 165
75 73
99 134
70 15
17 162
89 72
78 143
63 30
69 16
78 11
77 109
70 153
76 119
99 170
76 28
85 79
95 102
89 127
25 153
81 31
17 130
14 71
69 88
32 32
12 177
73 173
39 25
56 57
58 128
26 114
29 170
19 150
22 146
87 96
19 30
40 34
53 32
65 66
65 30
12 26
13 112
62 127
33 137
63 105
62 190
68 31
96 23
75 30
38 68
25 101
82 78
26 82
54 65
99 32
48 47
39 104
92 60
46 120
99 25
59 72
94 55
59 187
19 85
22 48
48 167
47 75
47 109
53 157
24 106
62 48
15 71
12 136
45 185
38 129
63 92
20 37
29 105
24 26
56 73
39 167
82 48
76 96
56 200
72 132
69 53
86 69
78 134
51 57
53 95
18 141
28 20
42 158
51 12
92 139
47 104
16 127
77 136
100 132
100 109
56 61
20 55
22 88
84 181
26 141
41 154
59 96
17 70
76 123
48 70
18 182
68 178
66 150
60 165
30 69
15 135
44 47
34 105
30 12
73 103
98 173
34 68
80 64
10 155
53 44
40 59
86 33
92 167
96 161
86 54
64 196
54 183
70 34
17 180
49 186
89 23
11 195
19 70
17 30
53 79
21 83
37 101
98 199
65 79
33 21
71 32
58 146
48 70
19 137
33 28
52 166
58 101
51 112
88 62
40 198
35 18
40 82
10 177
45 190
46 61
32 21
55 38
47 111
60 150
64 160
69 181
20 31
22 128
10 64
37 87
57 112
44 153
78 27
94 107
26 196
44 38
99 64
81 187
44 176
55 33
39 125
30 103
57 106
27 101
59 33
13 20
33 95
72 162
98 114
77 162
57 48
24 161
62 77
17 88
51 126
19 31
93 136
46 18
53 168
22 192
71 130
34 147
25 19
57 171
24 19
90 98
97 144
80 194
25 48
70 108
11 14
63 36
90 75
59 195
24 187
97 54
49 41
95 153
43 142
94 17
38 56
81 75
12 176
100 54
100 140
10 200
66 103
58 129
78 91
87 32
95 130
94 14
30 89
24 55
93 81
73 25
16 180
73 182
30 149
90 190
58 31
30 76
69 23
31 114
12 139
92 24
17 11
94 52
89 199
16 133
96 172
29 71
48 60
75 127
43 100
88 130
17 127
68 67
66 44
76 110
23 150
28 64
68 165
74 63
100 46
54 85
75 178
61 180
81 20
44 79
52 44
69 53
19 48
89 144
79 147
60 100
84 190
39 70
15 125
23 139
63 153
64 169
94 182
68 179
12 76
15 145
50 99
67 114
63 143
50 64
72 145
51 176
40 151
59 109
100 181
68 57
93 83
54 84
62 186
41 99
76 153
71 14
73 53
54 32
82 18
30 119
20 61
61 108
68 174
13 120
99 76
46 108
72 14
94 78
64 109
13 72
33 32
35 146
11 37
31 127
91 54
90 20
39 151
14 173
77 126
80 99
58 60
28 185
69 53
69 76
63 51
43 34
46 58
82 13
64 139
83 143
34 165
18 154
39 94
22 83
10 41
43 54
71 44
95 167
53 113
80 39
89 24
56 70
97 56
34 191
57 25
68 42
59 109
97 139
15 135
56 55
63 38
26 78
29 172
27 172
37 121
79 103
35 109
12 28
78 79
82 183
59 164
68 96
79 32
58 108
35 112
52 166
18 96
76 34
59 100
64 185
15 50
27 189
83 93
61 103
72 68
85 56
46 122
92 138
70 41
25 145
70 20
46 105
15 188
33 16
67 169
13 141
82 121
11 158
13 157
23 166
59 180
60 68
67 28
35 88
54 64
47 193
71 177
19 24
95 48
40 94
28 65
87 47
28 153
26 11
68 98
60 167
54 53
37 190
24 53
63 120
66 166
99 193
46 32
65 149
49 81
19 99
56 66
29 133
10 174
21 161
38 144
10 161
98 175
18 57
53 71
43 146
87 124
44 22
12 189
27 59
20 194
72 26
48 127
93 112
90 105
33 162
39 44
25 35
24 93
11 35
20 93
75 35
92 152
29 174
34 199
99 30
89 193
10 96
23 17
93 41
60 114
83 172
66 136
79 178
47 123
10 27
40 26
54 44
10 111
79 130
36 84
32 146
63 18
68 18
41 104
96 127
93 64
97 200
93 139
38 40
71 11
50 111
68 121
49 40
83 196
19 154
20 132
50 169
80 174
65 156
31 47
28 107
92 47
34 113
16 106
76 59
18 22
58 169
35 126
60 177
40 181
43 191
63 72
39 74
54 157
70 135
17 147
14 117
29 160
99 181
17 185
84 185
16 20
17 195
92 174
67 57
90 145
89 65
46 50
65 52
75 172
44 44
39 40
61 123
93 193
64 77
88 155
79 48
96 35
52 123
71 36
34 152
72 82
83 178
40 181
77 163
35 28
67 113
21 170
93 92
41 172
67 14
20 41
38 113
49 86
55 109
52 48
32 82
92 111
47 64
16 102
15 64
87 44
22 44
54 45
11 42
77 106
66 155
67 89
55 68
91 136
78 98
42 49
73 116
69 74
71 63
87 39
69 129
65 106
34 143
11 88
56 170
57 21
28 186
32 57
46 109
36 20
18 10
77 20
54 31
18 129
19 71
17 22
31 75
76 175
98 103
98 183
19 90
82 40
85 159
27 142
79 115
97 108
75 55
86 75
72 46
60 150
14 174
77 119
19 124
99 77
83 191
22 110
50 96
83 190
60 72
17 134
16 149
43 113
40 194
64 91
38 25
47 158
61 45
31 80
65 14
76 175
25 28
93 118
99 47
15 12
92 82
13 107
42 43
96 45
81 41
75 87
90 200
14 66
88 178
73 25
55 104
53 198
15 97
14 102
91 66
62 86
48 84
97 181
65 23
52 188
14 17
17 122
91 154
60 74
100 157
47 156
87 123
40 26
52 111
59 187
70 66
78 128
92 76
51 101
29 168
18 156
36 198
80 14
90 77
21 125
24 32
60 107
10 54
18 177
51 107
49 122
94 57
45 146
17 192
95 13
41 170
59 178
81 58
10 139
67 125
76 172
86 155
98 93
78 44
92 175
90 54
56 125
74 180
68 25
39 152
70 152
28 30
54 109
73 155
32 26
45 122
36 26
86 109
15 96
55 22
99 106
54 10
27 158
98 113
24 173
64 66
23 197
82 97
45 178
37 186
46 164
28 34
55 26
58 133
84 75
74 26
47 11
90 23
62 197
66 198
40 34
77 137
11 140
73 148
12 96
67 132
51 84
74 62
68 110
19 34
35 152
88 190
64 88
53 155
27 173
56 98
37 37
64 48
44 80
38 106
16 141
12 47
59 37
53 136
61 128
69 156
99 31
38 53
86 170
41 38
52 194
78 160
73 194
34 18
85 15
33 39
74 186
12 13
28 19
13 171
88 121
45 37
81 94
10 118
16 143
86 49
82 115
53 156
58 28
78 172
94 100
50 23
90 142
53 119
78 179
12 109
81 60
13 85
36 81
44 50
99 160
16 150
46 132
34 195
91 114
15 196
66 19
67 133
24 80
79 124
29 175
73 169
45 12
78 21
43 68
30 119
95 185
21 114
12 18
13 88
64 95
93 169
27 136
37 55
33 165
13 85
13 22
32 17
52 120
35 142
38 102
80 196
99 119
79 24
53 39
57 92
54 29
90 50
62 174
29 14
49 85
17 121
63 155
16 178
56 168
53 74
13 170
70 22
39 22
66 59
30 173
53 189
78 45
99 190
76 168
41 191
13 127
84 184
95 82
34 168
12 80
34 154
79 144
71 150
97 45
90 52
11 183
17 30
38 112
72 59
49 79
45 144
68 173
35 99
36 110
29 116
15 119
97 73
64 78
92 62
93 64
94 121
77 156
36 87
69 27
34 159
64 175
77 114
15 51
64 23
24 90
32 175
53 20
67 104
49 104
30 23
93 82
52 49
23 142
53 140
75 83
15 76
100 22
41 48
85 13
62 57
41 11
45 113
29 114
53 144
60 186
25 19
49 135
37 117
44 27
60 56
20 167
65 170
48 146
41 63
53 90
47 64
94 176
30 147
48 175
97 141
100 68
67 48
42 74
27 91
91 55
11 13
97 104
36 21
78 11
46 42
77 28
68 194
82 64
45 127
62 51
44 41
52 60
26 125
20 78
77 37
38 187
64 157
61 34
48 196
74 64
22 160
29 124
73 120
69 137
84 59
11 125
61 131
81 13
54 143
38 105
55 195
62 31
16 25
26 142
67 102
91 69
94 144
23 57
74 14
37 121
28 15
75 188
45 63
73 13
47 72
73 165
83 42
27 61
26 62
96 111
87 42
26 58
59 198
99 60
37 133
80 109
64 37
50 96
64 109
14 86
77 28
72 81
65 80
11 152
32 169
28 130
46 54
51 198
90 149
44 97
75 27
34 41
85 114
17 134
50 69
28 37
89 126
40 182
43 62
52 171
55 16
37 52
30 144
12 168
81 96
89 186
23 82
64 10
12 188
63 52
83 188
87 178
34 200
95 130
74 135
86 125
32 44
74 68
16 37
78 69
76 90
60 79
41 116
49 191
85 57
13 194
46 135
17 191
69 174
91 39
11 63
24 94
51 143
93 96
27 177
44 115
36 76
44 71
71 85
82 128
11 117
92 19
74 137
70 28
10 141
37 62
35 33
53 135
93 119
87 135
15 29
65 174
41 55
80 98
62 119
73 105
45 182
63 98
62 135
13 71
46 186
45 112
45 113
64 196
86 89
10 140
87 23
50 47
81 170
45 41
43 173
58 135
34 71
12 115
97 161
29 70
62 144
29 198
14 40
89 100
49 188
98 70
17 165
70 90
83 64
47 44
76 78
19 34
15 23
13 134
80 137
97 163
49 19
93 171
62 196
59 11
32 144
91 184
20 22
45 85
28 38
35 124
40 132
75 67
19 109
10 162
26 38
48 182
77 105
34 130
74 65
93 82
93 45
52 150
60 195
23 145
32 188
89 150
100 60
61 129
57 29
25 70
76 13
54 116
56 193
43 29
24 19
78 78
35 32
36 146
70 74
26 48
51 24
17 46
85 195
76 77
46 55
68 92
16 178
26 32
53 86
44 71
12 188
90 184
96 178
76 36
65 62
74 148
22 84
73 186
65 171
92 136
93 21
39 119
87 69
24 12
69 14
22 106
87 33
24 11
28 61
10 74
61 123
15 34
17 27
33 98
79 93
90 35
53 95
33 115
38 129
49 144
58 11
84 147
27 151
80 78
68 197
44 159
16 198
55 138
80 45
12 56
73 125
83 32
74 91
73 186
15 97
61 164
36 22
25 188
59 101
51 17
38 30
98 60
88 193
21 108
48 89
43 179
31 78
53 44
48 182
60 168
91 193
70 42
72 85
33 20
43 85
100 117
22 16
68 189
67 30
85 80
18 71
41 134
59 103
52 98
63 19
13 196
76 40
33 38
75 79
85 136
83 89
41 125
99 63
59 159
58 30
86 13
77 109
22 51
64 104
86 129
29 26
33 160
61 174
59 15
11 80
96 50
82 15
43 97
52 77
61 163
88 107
28 200
79 124
52 61
58 11
23 153
25 148
35 117
56 122
28 17
27 107
58 173
67 43
41 23
45 137
34 50
54 163
49 93
47 134
66 126
45 167
35 196
41 12
54 80
43 100
61 159
12 157
76 131
100 22
58 122
25 164
84 36
89 33
93 56
40 128
83 113
16 72
90 52
30 63
51 63
31 31
41 173
19 165
74 167
40 69
33 169
13 72
79 194
92 157
43 95
99 21
61 191
50 149
14 22
100 155
88 199
56 108
34 175
51 96
54 92
83 73
91 31
83 77
95 73
93 64
60 130
16 177
58 23
77 153
81 170
17 122
22 126
12 161
99 136
61 62
88 55
83 122
83 103
100 135
94 67
13 167
45 107
80 107
30 111
18 145
85 200
31 71
58 107
23 46
93 122
63 104
17 67
21 108
27 36
66 170
66 52
80 80
43 101
20 68
68 79
26 104
23 112
29 46
87 40
82 95
70 23
22 162
96 36
67 62
99 124
87 168
19 179
28 115
79 67
68 103
37 51
15 57
47 15
22 15
84 18
28 40
91 133
30 124
28 82
62 43
37 50
43 184
69 91
51 120
71 136
10 127
18 62
48 152
20 110
41 124
70 101
47 161
16 167
63 183
71 81
67 88
26 69
60 140
79 34
49 119
35 115
100 159
35 62
14 56
24 111
39 123
21 146
98 35
97 158
15 173
38 77
28 172
89 166
93 108
96 13
69 173
97 84
81 129
70 85
31 120
84 188
68 18
90 139
75 67
42 96
69 147
69 134
78 143
82 73
78 134
27 68
23 38
31 58
62 100
42 175
75 140
60 97
36 117
24 183
51 143
61 57
43 84
60 52
93 124
97 68
71 13
33 175
54 111
41 20
45 178
15 87
14 170
31 88
67 30
57 82
19 182
26 74
90 153
26 104
33 53
69 168
90 153
95 88
46 19
11 131
24 106
70 148
71 181
75 195
90 117
44 185
93 48
14 176
16 18
81 112
42 107
50 108
95 43
64 135
86 128
91 83
35 94
81 142
51 56
87 118
40 34
93 105
62 196
67 108
26 193
61 87
14 110
43 171
62 23
93 17
79 14
47 187
97 133
27 16
36 87
40 185
51 48
51 49
82 12
34 91
73 178
73 138
12 174
38 53
82 57
66 172
30 163
82 171
47 131
26 117
65 123
93 162
42 34
72 48
69 170
38 75
44 118
71 35
32 133
27 121
46 172
27 40
12 73
82 72
60 200
76 54
16 124
85 105
29 38
42 27
15 93
45 168
33 118
11 91
30 114
21 74
28 116
85 63
37 149
70 25
80 148
66 92
30 97
51 62
59 151
53 145
15 15
29 43
56 170
46 17
13 170
96 181
50 197
52 108
100 180
81 116
73 183
83 41
12 16
59 25
70 185
42 22
53 138
30 135
83 192
39 12
40 44
33 89
14 69
20 29
12 132
10 19
91 155
86 36
69 134
71 139
63 77
30 130
28 197
69 135
32 27
12 23
85 142
42 135
64 111
20 93
97 111
58 168
56 166
96 25
95 88
16 61
70 127
26 183
93 88
51 176
99 53
40 200
95 113
90 39
41 132
41 77
36 46
40 98
86 81
59 123
93 134
90 136
54 176
66 27
17 56
78 180
39 13
16 128
97 156
45 151
21 101
82 143
27 83
82 161
11 188
99 156
59 100
35 194
21 53
66 150
23 34
51 21
13 173
38 143
69 140
92 37
65 132
80 20
48 32
65 11
92 97
96 153
69 71
15 83
74 178
61 35
67 26
55 61
76 198
34 139
73 131
24 20
88 158
37 111
18 23
38 20
18 91
66 119
17 152
19 110
59 68
85 175
90 172
50 95
77 50
63 149
52 20
94 77
89 32
28 169
39 89
23 190
44 186
78 166
13 143
49 110
74 10
42 129
64 131
82 15
72 68
96 186
75 156
15 46
36 39
23 45
98 37
66 133
68 154
62 26
46 186
88 141
35 54
73 10
64 82
82 168
52 12
11 39
83 37
43 157
57 124
37 29
45 47
65 17
52 93
37 131
28 194
99 107
97 130
95 21
79 156
11 185
69 177
100 115
73 111
24 114
51 85
54 28
98 150
52 157
35 103
37 133
57 170
22 133
60 181
67 144
99 190
75 94
34 164
73 44
33 115
96 142
91 125
23 156
58 39
37 130
60 21
16 50
53 136
23 124
35 162
20 97
10 17
54 160
21 33
47 88
66 186
72 150
45 33
98 198
29 61
93 16
15 32
49 76
26 52
77 141
58 79
92 198
34 39
100 123
25 194
97 22
96 74
54 112
69 111
87 194
39 79
29 56
94 100
55 103
46 134
78 20
34 70
69 155
31 17
57 175
30 101
43 12
37 193
57 106
56 44
100 86
39 164
83 35
13 76
96 49
39 184
60 78
59 111
21 188
49 100
79 142
37 192
48 178
26 79
76 108
55 194
73 47
19 139
69 42
100 22
79 80
55 176
91 94
19 170
47 26
86 86
80 104
54 123
56 83
76 176
58 148
22 40
30 170
39 79
61 27
17 149
29 109
84 66
82 32
92 95
67 139
98 50
70 70
82 114
38 199
10 167
95 102
16 153
62 19
13 117
91 112
69 145
89 11
47 57
62 58
52 115
32 135
82 51
54 140
72 159
74 89
30 105
48 189
45 96
90 100
39 56
76 67
53 67
12 23
52 113
45 78
100 123
97 195
76 29
61 164
48 115
19 170
18 98
21 89
74 155
55 186
44 35
63 23
66 133
94 27
46 163
27 86
21 121
42 71
80 58
34 140
43 120
12 195
71 88
95 192
78 107
63 65
87 74
61 23
97 148
76 86
45 170
94 186
70 86
98 52
82 103
47 118
82 135
29 52
26 40
49 55
80 87
68 68
80 10
72 191
36 177
35 80
94 82
81 36
17 134
30 135
63 82
31 92
70 178
49 28
27 22
96 166
52 28
25 71
98 170
23 20
51 128
21 92
30 168
24 180
87 18
43 149
28 180
46 118
68 188
90 39
35 54
44 98
10 71
78 156
26 41
85 29
56 79
27 182
50 74
12 160
93 119
38 185
63 161
61 120
75 82
68 169
51 165
56 41
78 68
66 109
78 198
60 81
62 62
62 156
72 66
92 51
26 45
38 139
74 172
63 188
56 29
65 23
86 44
11 63
98 85
56 192
33 135
24 170
100 168
50 156
93 62
52 53
77 54
52 137
33 84
52 112
35 101
39 132
26 192
37 59
24 169
51 193
15 157
32 111
94 109
56 170
66 85
59 102
78 70
100 188
14 174
97 91
57 24
14 31
83 29
50 147
41 165
62 113
73 123
68 66
19 124
16 14
75 114
34 171
65 179
70 140
75 56
62 49
71 65
22 141
24 163
68 93
33 48
18 91
66 85
80 14
16 26
67 50
13 159
87 126
78 190
90 112
38 130
92 172
88 42
15 90
45 43
74 187
55 44
82 42
21 46
49 139
100 77
62 36
60 42
33 185
57 61
43 132
81 68
47 187
17 59
87 139
42 115
38 164
96 24
61 89
87 64
88 157
69 71
14 32
51 157
19 168
66 125
100 42
57 46
32 105
69 161
33 177
69 182
50 45
50 159
33 78
28 16
38 19
78 38
32 192
32 69
43 47
46 102
89 167
96 142
74 32
28 149
27 168
75 161
67 170
86 171
14 176
28 93
70 76
92 69
40 150
86 70
11 112
70 110
41 121
26 14
83 144
65 186
48 127
84 181
16 87
59 155
52 150
33 112
89 12
13 128
37 98
55 161
75 172
99 143
97 133
37 79
23 101
95 32
84 31
29 136
10 175
81 13
34 172
28 185
81 107
95 147
37 143
63 48
27 20
34 28
40 129
55 42
52 173
67 90
81 88
95 124
44 150
51 52
95 86
44 94
53 182
46 31
41 182
99 60
77 73
34 135
83 18
22 86
44 52
39 28
83 35
23 36
62 112
11 117
86 149
85 24
37 84
35 54
46 149
25 57
19 26
29 56
44 171
43 37
74 142
57 187
60 18
53 185
87 134
85 152
53 145
80 34
16 55
48 106
93 26
65 37
29 178
57 68
78 37
59 14
26 185
24 157
92 78
67 135
75 63
29 106
38 96
98 69
67 51
87 157
80 161
24 101
88 110
79 130
24 97
70 127
22 168
32 96
68 67
61 91
95 151
23 161
42 160
66 31
73 38
21 90
56 14
68 172
59 183
25 51
91 79
67 195
86 117
33 126
42 155
12 138
27 46
21 186
53 163
20 27
83 38
85 33
19 110
89 148
51 140
96 185
51 10
98 98
68 91
98 114
30 73
89 162
79 162
22 148
77 199
100 137
71 95
13 69
35 155
66 109
58 27
71 124
39 94
53 179
14 79
97 19
12 156
52 73
85 162
11 63
14 198
36 187
48 171
18 109
48 84
13 62
88 123
22 162
96 41
24 181
68 54
14 73
59 13
14 161
75 169
21 147
70 56
16 80
95 54
99 186
52 17
55 72
75 67
57 136
85 186
87 29
98 149
76 61
10 50
17 162
48 78
16 196
46 107
43 185
92 75
36 122
96 60
73 34
11 38
57 36
70 120
55 76
50 160
41 65
63 14
79 61
46 190
89 50
62 166
22 90
79 47
49 135
46 185
61 36
58 142
12 59
67 152
12 164
40 117
74 154
44 88
20 25
55 104
25 17
47 111
76 122
93 121
53 44
90 37
55 163
20 145
83 74
68 180
100 28
81 100
91 17
43 29
20 99
26 109
57 183
27 48
78 179
63 172
28 86
33 127
71 43
47 81
90 179
91 179
13 169
26 43
11 77
21 51
100 175
10 95
53 12
95 104
54 113
14 24
63 119
61 81
88 33
39 81
13 56
29 73
70 149
26 43
20 180
46 13
27 77
28 177
81 52
54 59
33 169
22 189
11 58
36 60
88 65
83 149
65 11
23 148
64 162
96 188
30 87
47 140
94 111
34 55
41 187
61 152
89 44
66 63
63 75
96 186
74 66
95 41
43 191
62 61
47 183
87 115
14 61
32 67
52 183
35 158
51 61
100 146
76 115
46 199
74 112
42 110
73 163
75 80
43 142
28 126
10 192
28 37
92 107
29 57
22 72
79 80
58 136
56 39
60 45
79 52
87 66
33 160
100 115
28 193
50 182
39 46
15 149
72 90
23 10
57 157
99 164
15 17
84 73
60 184
70 119
83 100
11 178
69 193
66 132
96 14
51 102
19 152
99 135
69 141
34 169
65 29
31 168
96 74
85 118
10 183
46 84
63 10
51 153
10 19
36 30
38 41
85 63
86 16
81 23
58 144
50 88
92 157
83 44
75 107
59 79
74 178
20 184
59 57
75 23
30 64
55 101
40 177
59 77
76 163
87 196
98 116
100 114
97 150
56 116
11 121
62 181
25 181
64 119
86 122
33 138
93 18
26 93
34 36
11 21
31 95
32 139
77 112
88 95
66 43
60 175
64 60
58 73
46 118
16 112
14 157
90 60
87 143
83 172
98 147
19 180
35 21
27 64
80 14
38 29
10 194
66 23
63 148
96 106
90 90
30 161
20 122
16 33
43 198
17 55
37 177
76 176
76 186
27 156
97 31
54 59
61 190
77 112
88 170
76 67
91 68
50 118
33 82
61 87
62 135
59 23
49 178
68 143
26 71
69 175
20 94
89 151
50 117
48 63
54 91
30 158
36 161
61 172
42 37
78 134
44 12
63 117
24 179
60 187
86 170
33 175
58 38
67 181
40 177
88 54
44 198
81 37
94 99
46 44
54 79
47 110
68 136
33 104
47 75
39 197
64 74
27 142
38 96
19 69
14 199
15 152
31 137
36 198
81 178
68 173
12 30
75 149
30 98
15 113
80 155
89 73
23 102
73 143
16 170
73 81
96 137
40 40
80 33
96 120
54 113
85 100
30 187
80 133
20 134
17 113
46 167
14 129
28 34
27 99
21 95
26 38
84 46
34 138
75 117
23 91
82 183
38 175
75 72
14 119
19 164
55 84
34 29
85 41
35 96
94 92
54 122
17 55
65 200
16 48
23 83
21 158
45 153
22 78
74 82
20 19
92 40
18 188
78 141
30 147
94 171
13 83
87 170
54 93
14 133
61 129
44 103
38 115
38 61
51 91
29 192
11 190
43 37
89 125
66 49
78 70
50 122
77 167
17 92
58 104
82 33
92 74
44 130
57 24
69 162
91 157
75 26
62 197
65 167
83 87
76 14
98 68
57 89
69 38
95 105
38 39
35 176
17 97
