10000 500 10 200 10 100
59 43
90 160
20 93
99 64
39 169
52 98
86 16
19 81
48 59
48 64
82 186
11 176
80 18
27 172
69 112
81 106
60 72
49 192
46 15
49 20
88 144
86 148
55 72
35 18
38 134
52 10
41 154
95 168
98 88
79 161
41 188
46 157
46 166
24 58
85 47
74 188
70 20
63 153
71 175
34 193
23 76
34 93
46 22
64 12
94 42
99 112
19 52
41 101
83 37
54 10
35 61
57 78
93 145
90 165
60 35
25 93
16 193
81 143
31 58
49 149
94 130
65 154
45 140
75 11
15 47
12 64
25 20
15 12
68 174
88 140
35 167
53 144
70 199
47 17
85 74
69 13
49 38
98 19
83 33
29 158
16 65
99 180
80 165
92 96
25 170
81 181
46 80
99 116
74 31
59 191
47 102
52 133
14 151
34 120
37 197
38 43
37 88
27 172
56 47
33 34
52 115
39 164
53 150
56 84
36 24
91 109
32 90
22 68
45 197
76 13
52 55
69 98
56 124
11 29
59 127
37 189
91 101
51 47
19 75
23 64
10 17
35 49
10 26
75 150
47 128
34 81
71 65
85 150
43 38
83 162
37 65
55 39
92 146
61 49
92 18
100 144
96 87
95 158
34 133
94 160
73 104
23 77
75 200
24 161
100 38
62 57
32 94
17 70
11 174
40 94
59 33
10 51
26 41
12 35
27 172
38 68
41 69
50 56
65 151
76 139
77 173
17 93
60 93
38 140
46 105
70 92
61 83
12 59
82 198
45 122
27 136
14 65
78 114
26 85
72 162
60 64
45 53
10 44
45 143
18 46
61 29
93 187
65 104
52 39
25 165
61 69
23 131
91 94
73 80
86 121
62 36
47 19
30 188
55 58
39 26
100 190
58 65
11 161
12 43
38 82
94 140
23 141
71 88
60 149
38 47
41 42
44 109
13 186
79 94
29 48
93 172
61 169
36 56
43 40
31 140
72 131
23 75
47 184
16 119
80 154
42 66
50 73
89 59
94 83
29 136
92 76
20 170
24 179
67 185
37 149
82 142
29 24
47 164
41 182
26 195
13 81
85 166
50 25
61 24
57 158
72 40
17 79
90 111
81 68
96 87
61 62
33 87
34 58
62 140
40 144
55 18
89 185
87 181
67 189
35 119
97 144
25 45
42 192
89 92
78 85
47 67
60 42
34 35
94 15
28 141
27 100
29 16
66 145
98 128
70 12
100 145
47 39
33 13
82 147
18 80
95 108
50 181
79 102
17 51
77 193
21 121
25 176
62 20
10 158
67 119
63 196
53 151
80 64
95 77
51 92
74 76
76 106
70 152
68 83
97 171
29 29
37 11
11 62
79 158
65 171
89 24
64 151
80 44
34 140
20 81
95 80
38 43
78 24
40 195
38 32
42 16
98 78
18 67
74 51
64 162
48 113
19 54
63 140
61 112
27 21
80 145
72 151
98 88
68 16
10 83
81 91
34 123
64 120
93 110
46 48
67 26
24 69
49 35
28 193
28 122
88 141
73 138
68 88
25 77
24 141
48 145
21 84
52 33
68 91
13 198
54 49
87 101
62 128
99 151
52 107
79 167
77 173
52 173
75 163
33 167
10 65
100 191
97 21
87 154
49 192
30 52
76 19
23 160
22 91
18 101
92 27
93 78
92 15
66 72
83 134
72 137
77 183
57 150
39 164
53 118
87 98
33 16
59 125
54 88
59 120
34 24
65 67
72 149
42 155
40 106
43 92
60 98
53 160
99 111
13 185
23 99
40 32
70 33
84 115
60 174
55 111
45 184
28 101
83 84
62 186
37 177
95 21
68 185
56 156
83 138
71 158
67 66
97 176
90 148
66 21
75 137
51 130
83 111
97 73
45 120
95 186
16 125
75 14
36 44
93 25
97 144
68 30
27 174
52 132
60 130
73 63
44 108
61 176
45 57
46 47
69 96
14 106
83 74
65 163
63 93
43 101
74 26
76 80
82 162
23 133
15 167
29 148
63 22
66 105
54 184
41 79
96 188
13 156
41 108
49 181
41 162
70 92
100 24
21 191
42 164
77 67
75 153
50 25
93 171
35 78
34 85
75 77
83 145
23 167
62 184
34 108
60 27
24 168
55 152
41 39
23 124
51 66
66 144
25 86
59 45
57 90
87 123
28 35
62 32
46 131
19 160
33 196
26 50
29 63
35 142
37 128
84 32
90 176
31 130
61 102
72 59
80 129
93 183
81 61
56 168
85 65
49 64
35 127
17 44
52 117
84 115
44 84
20 93
32 147
38 155
75 200
17 74
21 198
70 105
70 84
71 83
44 21
78 42
37 62
93 161
27 95
20 56
96 34
85 94
25 174
27 41
39 74
24 123
50 174
58 163
26 112
81 39
91 195
100 105
97 181
59 69
31 131
38 110
16 98
61 170
15 64
92 66
83 150
11 43
53 28
60 24
95 64
99 96
15 159
12 149
53 56
79 36
85 168
53 198
100 151
39 149
63 21
12 156
89 36
31 106
81 38
26 27
38 185
60 185
76 126
99 104
78 163
55 24
10 87
69 17
29 10
68 64
81 13
26 195
91 52
27 106
82 63
63 185
76 80
53 12
92 101
33 21
45 79
47 37
39 69
62 15
84 43
93 125
53 123
51 98
20 63
31 44
65 160
11 199
59 187
45 58
75 151
73 186
99 117
73 198
97 101
49 110
17 115
98 24
14 189
19 192
16 149
69 11
23 76
28 182
40 32
23 185
84 143
42 23
22 35
73 78
92 44
52 104
54 34
75 199
51 51
35 108
78 70
44 141
27 109
64 20
78 174
42 125
79 17
97 18
41 171
26 12
81 86
48 198
17 45
99 167
24 18
68 141
81 173
46 35
27 26
34 55
56 62
19 172
94 130
43 147
74 88
21 148
27 77
96 117
89 142
45 42
44 169
58 71
30 76
92 88
20 132
96 148
100 147
54 98
19 98
27 19
100 14
54 183
51 103
13 15
61 26
59 37
13 41
36 171
26 15
88 21
97 35
19 166
50 99
52 70
67 141
58 185
24 37
82 26
69 89
74 186
86 90
77 134
38 154
38 50
84 197
98 118
61 42
56 194
33 11
76 141
83 134
55 109
53 136
41 112
74 190
94 164
37 153
64 21
90 23
37 64
71 158
32 40
95 121
49 165
75 110
70 86
65 74
34 25
67 131
28 68
34 45
15 42
99 140
43 115
23 150
23 15
21 16
32 118
23 114
86 72
11 200
25 100
32 155
37 117
15 107
45 27
84 49
16 173
18 125
32 176
36 99
32 193
44 70
15 33
41 15
61 40
99 86
25 122
80 110
35 138
79 34
40 170
19 57
61 95
49 50
66 90
82 95
22 45
95 37
35 173
35 28
84 90
25 177
71 135
69 83
42 137
83 70
62 23
18 70
36 111
96 22
86 93
42 118
55 84
43 39
78 199
28 80
55 174
78 134
92 177
76 23
46 158
59 62
67 21
74 123
41 76
48 158
62 64
41 109
87 19
49 184
96 17
43 139
64 154
66 132
56 145
43 64
16 71
52 116
39 82
29 26
47 187
49 129
65 70
68 179
17 187
69 108
37 69
53 27
75 175
63 165
30 137
38 42
14 180
25 102
59 200
66 31
29 114
75 79
11 199
88 75
12 63
75 32
75 85
47 179
16 42
33 191
22 16
79 189
59 194
76 90
55 29
84 31
99 82
74 151
92 170
73 87
35 41
50 188
82 192
12 189
12 154
23 24
68 33
57 189
65 114
87 40
26 33
10 88
29 196
42 198
53 75
84 40
14 14
94 66
90 37
73 29
49 55
70 162
57 89
32 117
12 72
86 147
96 52
61 21
77 106
14 33
97 92
60 121
38 124
50 92
13 75
74 154
79 19
21 41
77 109
47 112
68 117
25 87
35 127
95 196
68 129
85 25
51 103
44 129
14 156
60 21
23 187
76 184
84 103
80 115
46 185
93 195
66 97
85 81
46 192
19 67
41 116
47 154
54 61
78 79
28 159
83 81
24 77
86 163
62 124
20 194
46 116
29 31
74 112
56 47
99 191
40 68
21 199
38 137
59 159
40 110
97 117
35 84
89 90
34 176
39 135
65 155
47 200
94 52
50 100
11 59
67 15
96 17
72 194
59 84
56 193
24 91
29 188
42 94
22 32
74 124
100 60
43 198
76 76
38 14
92 173
82 99
33 23
52 12
80 94
79 181
54 92
94 186
95 57
97 21
54 183
76 57
62 35
17 113
62 138
71 88
37 193
65 109
99 126
55 66
71 40
67 118
43 151
67 45
49 26
62 98
50 13
63 62
62 21
56 151
31 104
30 80
85 58
18 169
17 133
61 15
67 115
19 108
40 70
92 107
39 43
89 128
43 184
44 97
38 188
72 188
33 98
17 32
93 90
91 143
58 68
78 199
85 137
42 60
27 92
20 126
39 195
52 16
66 98
29 196
92 141
53 20
45 72
32 198
55 76
91 188
43 131
81 129
72 135
95 107
62 179
99 186
66 119
79 152
89 95
79 136
15 151
58 108
98 10
95 188
72 66
18 10
16 13
85 98
28 130
30 198
47 49
34 104
31 197
88 18
27 23
52 183
14 112
37 199
96 17
71 178
70 182
34 126
85 152
16 166
51 41
99 33
17 191
53 104
52 194
10 144
78 100
92 24
69 37
10 113
13 30
85 152
13 135
65 40
44 113
16 179
24 34
35 46
54 129
23 55
90 96
65 173
83 158
48 188
38 31
70 51
74 57
30 74
43 91
28 67
72 144
25 160
56 69
71 14
100 180
96 155
60 91
55 61
70 158
48 54
58 184
55 51
78 131
62 65
22 63
52 38
30 10
33 186
34 37
40 102
94 92
21 103
49 48
49 42
76 47
69 27
20 25
18 126
14 27
63 181
12 124
26 120
34 71
25 15
59 139
45 148
44 175
59 47
39 71
54 40
65 178
55 172
52 160
63 140
86 77
35 100
83 194
36 136
17 159
29 175
60 48
72 139
37 16
39 80
98 77
34 197
75 11
37 47
95 108
35 160
32 162
84 187
82 91
38 41
79 86
17 158
38 171
86 12
25 116
31 98
24 14
75 59
51 106
32 189
18 117
42 10
88 30
61 55
53 154
20 151
100 135
59 28
23 48
56 126
76 125
68 137
86 131
95 179
61 104
36 40
91 115
25 132
47 72
100 68
29 106
74 98
90 160
73 158
30 159
58 153
58 119
11 34
21 119
88 98
76 170
95 98
44 12
97 85
50 50
88 111
68 195
13 30
85 137
23 174
20 82
81 191
50 59
29 62
41 49
50 33
83 100
53 159
72 162
24 189
99 198
97 170
64 142
78 167
93 189
32 185
25 88
34 105
48 22
96 148
59 151
66 114
98 113
75 187
22 127
43 98
54 139
40 137
55 78
35 170
62 43
13 193
77 174
21 102
44 98
20 90
15 64
51 155
11 109
34 64
30 159
88 193
22 41
62 190
52 32
68 19
62 158
97 30
62 142
16 160
77 16
51 123
18 87
48 59
87 62
87 65
93 109
99 152
18 177
36 92
64 145
80 107
65 146
54 76
46 94
75 140
39 118
58 182
88 173
20 56
32 188
44 89
34 180
46 57
73 172
55 198
66 84
15 39
63 54
63 130
72 174
75 59
32 187
64 152
45 115
47 37
72 108
99 20
40 146
92 87
16 51
92 77
88 11
72 189
55 55
12 14
24 30
97 155
62 137
19 19
35 126
81 167
90 174
55 155
23 110
85 80
100 139
71 98
73 76
90 38
29 26
24 184
31 139
96 97
72 88
98 117
23 164
19 58
57 104
86 55
27 67
69 177
64 95
66 179
34 194
34 125
47 92
49 100
60 90
68 95
12 114
44 171
97 129
82 13
70 54
39 80
18 27
66 172
90 164
61 116
40 200
83 189
88 184
61 133
28 118
85 41
47 95
100 98
34 74
49 90
65 24
98 72
38 59
98 188
48 14
57 192
98 179
17 116
23 111
48 34
50 132
79 49
13 111
30 62
39 103
47 115
10 146
84 171
61 42
73 17
93 106
39 94
76 200
91 89
67 114
48 128
23 22
58 83
21 147
16 97
10 100
97 179
14 32
94 40
24 151
26 144
12 68
23 196
17 81
31 21
96 19
99 29
11 150
89 144
87 59
25 158
28 108
15 38
18 129
51 37
27 150
93 192
93 52
99 142
35 93
38 129
14 114
56 145
99 93
82 151
55 184
89 135
35 88
60 42
55 75
29 151
48 84
56 76
43 173
41 70
90 183
52 179
75 180
62 150
95 54
20 58
94 74
40 141
19 190
62 11
16 86
91 123
19 138
86 129
53 50
21 187
65 30
89 140
78 131
11 115
84 33
75 33
37 169
95 92
57 159
65 44
55 89
72 47
91 167
16 148
90 198
38 60
61 120
83 48
66 124
100 46
21 138
79 66
96 55
12 86
10 63
33 91
75 98
72 180
68 137
24 115
76 82
27 173
31 199
64 85
63 185
16 91
18 11
39 50
75 116
73 103
61 89
83 154
70 177
16 85
50 103
10 46
89 198
52 19
97 72
23 118
32 58
87 23
30 189
98 150
20 33
70 117
46 102
23 133
61 47
97 13
67 28
79 115
41 102
28 43
90 62
50 43
77 194
69 14
14 131
92 109
52 72
12 88
31 108
94 65
61 49
99 86
49 130
73 126
98 181
34 187
85 155
24 188
100 75
20 130
11 189
45 172
81 76
58 47
79 113
63 141
94 160
57 62
37 83
39 112
73 159
37 140
90 161
71 61
88 140
19 74
46 63
60 180
54 138
98 124
22 118
24 45
20 147
28 179
53 97
52 127
37 53
89 181
85 184
69 60
57 87
78 51
85 182
36 90
99 90
77 13
47 113
96 119
25 136
21 123
35 53
10 122
43 105
79 122
65 177
15 33
42 96
31 25
37 139
18 41
97 131
62 48
40 83
54 137
35 97
40 85
28 120
75 58
47 120
95 125
72 163
77 172
10 65
30 171
17 91
80 44
41 45
47 99
15 82
79 150
18 84
53 153
13 53
51 40
52 23
14 81
63 146
26 78
41 60
53 26
93 71
15 175
27 154
94 69
59 121
80 25
44 86
94 42
67 21
87 92
98 70
85 32
35 36
76 16
11 183
68 48
68 104
80 194
78 131
33 104
61 92
94 68
89 131
42 119
48 185
81 189
37 16
58 82
83 154
82 140
69 154
94 33
76 45
37 104
62 123
43 38
26 161
18 195
94 41
39 54
86 158
77 114
92 96
92 28
21 96
21 29
76 181
69 119
95 113
59 34
18 64
69 61
99 24
55 127
44 13
86 115
20 13
59 147
50 36
39 184
22 190
57 185
71 99
94 38
74 138
75 58
23 158
70 38
74 30
29 49
79 127
90 38
30 195
17 73
88 15
47 187
12 81
15 186
18 96
55 193
30 119
27 69
26 24
72 71
81 97
23 90
59 108
12 18
14 137
12 166
19 150
72 159
97 145
65 43
55 180
13 130
56 119
35 187
33 130
24 22
13 180
27 61
94 64
42 32
92 164
69 154
10 184
39 200
34 78
29 12
30 90
17 167
70 143
11 198
55 10
60 133
16 134
21 110
59 75
77 200
67 164
14 186
94 87
28 97
54 48
60 33
86 53
67 193
80 143
11 124
11 31
47 189
92 61
34 186
27 52
91 199
63 181
14 175
55 21
37 43
49 183
53 31
71 78
43 65
95 79
39 29
22 56
67 76
87 129
16 56
17 67
13 199
73 60
26 127
20 65
80 143
94 70
48 96
95 53
31 23
96 174
48 43
52 73
74 149
58 13
21 184
57 49
90 130
50 198
10 182
22 81
73 145
65 155
49 122
72 34
65 142
84 22
74 71
17 128
81 98
97 36
48 23
71 107
36 17
96 42
33 10
69 179
93 76
87 197
63 175
12 167
78 72
30 112
92 107
68 165
74 183
65 120
72 109
11 182
62 164
88 170
85 148
98 153
97 125
18 55
96 24
39 36
23 66
41 41
68 190
40 180
64 39
15 20
46 159
86 119
29 36
46 108
83 58
44 63
81 32
54 94
26 164
30 144
59 81
60 35
23 23
20 86
11 125
28 33
48 132
99 27
94 52
34 176
95 198
71 95
74 159
31 87
61 122
45 185
66 27
53 106
48 46
36 105
96 144
14 88
75 92
27 54
64 52
98 56
36 59
49 113
46 164
52 174
75 64
33 121
45 190
36 135
18 74
49 41
69 180
64 82
19 24
66 27
86 169
47 149
31 58
75 78
19 73
81 141
67 53
24 30
96 122
11 90
65 38
71 25
20 62
31 123
69 46
18 176
49 57
83 75
94 198
92 117
38 38
88 40
93 130
23 135
69 59
55 60
44 180
20 139
13 16
36 151
27 45
80 100
89 72
54 188
73 152
49 151
33 195
22 60
91 63
13 189
29 53
46 43
37 157
17 86
51 77
29 37
78 175
88 48
24 114
65 105
39 174
14 66
93 58
41 115
68 123
59 45
19 163
49 20
68 72
94 104
53 168
39 73
38 81
12 32
21 181
56 72
88 195
30 145
93 66
44 175
22 152
100 166
14 89
30 54
58 117
43 112
54 102
47 69
15 129
88 179
33 40
85 64
56 191
18 120
82 57
61 78
98 104
78 156
61 63
90 156
39 192
35 119
58 85
64 87
38 91
43 113
47 128
52 20
11 18
57 17
28 68
40 107
30 141
44 189
33 128
16 186
19 54
44 34
30 104
47 132
12 189
36 172
78 55
59 78
55 156
25 163
77 161
52 198
44 166
41 95
74 173
28 34
60 27
30 167
76 181
55 173
26 177
81 130
75 170
36 130
44 83
93 183
77 174
71 157
47 18
77 76
66 165
20 28
73 170
59 148
23 105
26 186
10 107
87 147
89 112
58 46
80 181
97 73
10 52
67 137
86 93
21 63
55 125
30 83
24 88
30 89
99 15
30 85
23 10
90 33
45 120
88 141
13 131
71 76
31 55
15 55
89 37
21 38
11 10
78 69
90 198
70 92
24 43
49 138
22 43
92 189
39 51
71 75
81 155
100 167
87 187
72 12
85 141
88 189
40 187
27 73
80 48
16 187
39 166
84 136
63 84
61 174
18 75
88 119
81 54
16 95
18 140
21 98
23 151
95 64
27 177
72 120
62 104
71 117
12 74
59 112
84 20
20 117
95 167
60 171
65 154
95 94
44 176
82 185
68 112
64 84
50 19
62 125
84 166
19 26
41 128
14 10
40 34
86 89
93 187
100 54
10 159
83 55
63 142
18 103
93 122
32 155
77 46
61 66
70 155
100 41
91 31
41 86
45 193
56 89
61 68
48 140
66 93
22 195
11 24
66 100
72 118
91 89
35 168
99 177
75 71
59 26
65 93
49 13
70 89
54 85
67 47
99 186
40 200
14 177
21 120
89 194
21 165
32 12
47 71
95 75
82 19
93 91
59 16
25 200
16 199
66 86
79 121
59 188
55 72
29 200
50 84
13 41
13 119
61 192
18 44
24 178
24 170
15 168
29 175
18 115
17 94
62 40
18 105
74 170
36 35
83 192
10 15
92 191
74 88
17 147
24 92
52 19
56 14
28 81
42 165
63 174
81 29
51 107
34 75
15 134
16 67
54 75
91 148
75 17
67 113
63 22
30 100
36 100
26 198
13 127
61 200
23 64
81 148
84 186
78 59
46 179
94 65
17 200
51 154
64 81
27 13
52 61
86 137
77 52
48 143
39 140
63 113
95 13
69 199
66 116
84 151
46 185
54 161
23 40
89 65
65 192
57 48
70 184
47 24
23 132
42 48
48 164
20 109
56 54
73 199
41 154
76 98
86 177
85 187
40 184
93 161
42 131
28 71
99 175
64 184
13 86
81 189
54 47
46 60
87 25
74 95
28 51
95 150
48 63
66 77
15 199
36 65
61 59
65 88
35 34
50 173
77 137
97 194
38 102
47 109
69 125
41 108
77 176
54 15
31 15
56 119
31 132
90 177
52 122
57 35
72 148
70 100
81 12
87 101
62 159
86 20
61 24
71 71
33 19
16 72
88 170
98 71
61 199
17 104
95 124
43 110
62 171
31 167
32 114
31 98
58 111
31 190
50 70
100 138
32 170
44 115
85 12
46 85
27 46
64 142
71 152
95 31
63 94
45 95
50 121
49 115
35 136
15 170
78 177
65 75
74 150
36 107
39 178
19 174
42 183
85 174
34 10
52 56
58 57
52 137
52 169
95 44
23 167
69 121
31 154
53 89
32 188
70 77
31 190
35 32
16 31
83 105
52 43
97 161
20 159
23 102
92 160
55 52
33 183
58 69
11 193
13 61
98 177
11 188
15 43
99 159
63 36
31 131
68 59
30 25
29 200
19 178
13 97
79 106
41 35
44 37
92 178
83 50
74 81
33 142
37 69
17 191
28 177
57 30
73 33
80 108
73 175
30 34
70 126
65 162
89 161
60 22
46 98
85 115
42 112
52 105
93 169
75 133
67 38
23 23
61 20
49 106
99 27
62 77
30 82
32 138
80 49
15 194
40 33
52 150
99 176
58 173
32 161
28 111
17 101
28 72
52 89
18 139
89 119
35 71
67 66
45 78
18 170
79 85
94 191
36 195
40 100
63 132
70 93
50 93
39 33
61 117
52 144
11 40
56 83
30 98
100 122
22 87
31 80
18 151
37 18
33 79
82 111
82 181
30 88
81 30
16 50
57 44
27 14
70 91
10 189
48 91
71 188
70 45
67 151
33 171
75 130
60 89
59 94
60 55
26 177
55 126
89 34
61 33
76 57
95 181
36 136
38 167
19 60
15 33
92 188
33 182
65 86
76 170
78 174
19 17
83 135
96 189
82 116
56 63
94 169
49 29
45 127
97 48
91 188
84 31
57 108
11 137
52 117
52 199
28 187
93 84
79 161
51 146
62 128
34 82
100 63
55 22
13 109
52 10
16 144
93 137
95 56
55 57
50 23
46 97
58 105
49 165
81 65
88 176
50 130
67 100
48 193
48 16
27 16
63 40
42 81
67 22
29 84
90 135
17 159
91 119
65 193
93 163
84 14
57 61
17 38
90 160
89 107
24 165
81 25
93 106
48 16
11 46
33 31
53 200
81 23
96 87
90 22
60 84
47 199
23 194
29 130
64 79
94 163
77 183
71 105
49 96
44 49
93 22
21 146
98 73
41 151
53 187
61 190
57 32
72 49
15 46
90 22
26 48
100 194
73 152
79 152
96 52
78 23
43 84
86 98
44 163
49 118
10 77
16 41
61 139
98 159
33 93
89 134
32 145
95 27
75 68
69 178
49 14
57 187
53 195
75 56
21 188
91 127
40 137
87 176
39 83
19 93
34 126
64 141
12 188
68 200
85 172
46 178
90 44
31 85
51 91
46 38
35 160
91 155
87 135
18 183
78 107
40 27
79 115
74 136
15 160
20 170
31 179
39 128
65 177
70 72
72 199
48 181
95 76
25 98
32 109
60 84
14 169
81 82
47 103
27 28
49 187
58 15
47 180
97 199
100 11
88 45
34 13
31 11
27 195
64 147
86 193
65 174
67 144
91 87
15 107
73 98
99 93
40 102
71 102
28 72
56 36
58 146
41 145
63 175
41 69
23 85
93 142
71 43
39 126
81 143
85 24
52 159
91 178
46 23
72 195
49 25
69 14
25 103
93 130
74 131
94 20
13 71
81 85
62 80
51 45
17 54
12 75
73 11
57 85
17 165
35 144
64 143
16 162
20 118
19 158
85 124
88 75
14 164
25 111
58 173
25 56
56 28
40 73
37 16
90 87
69 71
54 194
71 190
64 116
21 90
28 167
38 84
47 21
53 35
63 103
83 112
28 89
22 113
19 193
45 123
46 133
76 122
53 63
66 102
81 40
97 63
90 40
30 82
30 197
15 16
37 170
78 69
42 70
67 11
92 112
66 177
31 173
44 182
41 31
98 26
94 110
36 81
81 39
35 12
45 126
10 125
45 127
81 166
84 178
45 94
11 134
29 146
96 158
60 155
79 32
27 63
13 72
71 93
25 130
11 149
91 126
86 163
97 122
66 83
12 117
18 10
66 58
90 22
53 116
68 17
76 160
57 114
92 47
79 189
41 136
30 44
100 75
73 148
72 146
93 86
94 19
95 169
55 97
36 95
12 148
84 185
96 15
19 194
38 140
56 41
86 162
53 171
83 93
97 23
55 160
45 113
54 28
23 36
40 61
60 139
23 67
20 171
54 66
58 137
35 190
51 136
43 42
21 200
73 45
50 175
60 133
82 186
78 11
29 87
24 177
51 127
93 184
99 127
98 106
81 88
22 30
96 90
42 142
51 30
78 102
86 25
39 148
58 198
79 88
78 56
72 123
83 119
60 92
63 189
90 143
97 127
28 133
74 69
62 96
28 73
69 151
83 45
87 133
68 69
33 139
20 97
44 88
22 32
36 96
67 11
73 130
44 45
55 178
68 127
86 38
62 106
52 122
15 98
92 26
57 109
89 72
73 60
23 56
79 186
78 115
82 23
99 158
57 120
86 176
39 52
100 80
43 13
51 132
43 111
38 80
20 126
19 38
11 158
48 102
89 91
78 173
28 74
11 175
99 109
90 51
38 197
81 121
57 156
73 145
27 22
42 99
80 10
37 158
91 54
77 145
54 88
28 60
47 91
10 157
33 28
36 185
60 185
86 46
92 191
23 29
75 49
100 163
23 66
51 51
65 170
100 66
88 148
43 53
10 163
87 72
51 51
48 28
82 195
70 189
61 67
46 188
55 147
96 189
35 92
35 156
80 70
61 153
53 149
18 89
91 26
40 115
33 50
41 138
81 18
95 29
47 177
66 24
39 10
23 169
23 87
53 19
90 157
76 176
60 10
49 38
58 59
82 129
36 119
12 156
78 35
47 46
91 34
33 146
80 86
46 162
10 59
11 131
55 177
86 132
41 13
18 25
83 147
87 196
30 53
24 15
48 147
92 101
80 124
74 49
23 172
31 15
61 25
68 57
26 107
37 190
95 15
62 16
52 193
86 61
90 174
86 136
41 130
83 135
55 117
87 119
29 28
46 131
94 104
12 78
56 33
83 133
75 94
81 11
46 163
52 167
82 163
26 122
31 173
50 180
73 74
99 191
60 43
35 169
47 165
79 160
30 125
60 47
22 53
75 162
22 146
83 187
33 51
33 44
62 199
85 104
62 133
79 29
80 36
82 147
59 55
89 10
75 19
91 54
95 131
98 91
98 133
64 196
96 28
38 189
22 74
98 132
21 29
11 38
98 160
87 90
43 102
51 28
40 151
74 164
59 100
95 169
67 143
94 50
61 25
73 200
24 164
100 130
64 104
43 82
47 154
33 112
58 74
67 178
32 46
77 139
64 39
17 11
46 115
84 156
48 124
70 40
43 130
51 92
50 139
74 154
66 148
30 159
88 39
66 80
81 122
16 54
29 138
29 145
77 141
62 25
75 121
94 165
70 37
31 118
81 64
98 80
18 149
78 44
31 165
31 74
92 145
64 59
14 185
39 168
48 138
23 12
75 59
10 142
14 44
17 96
44 165
48 121
49 194
11 112
38 113
89 88
23 115
94 173
51 175
63 91
76 144
28 13
82 81
10 123
13 26
34 57
76 196
53 116
14 167
11 192
39 25
25 149
59 60
34 96
57 105
52 158
62 91
52 86
51 105
83 120
60 61
18 125
41 157
13 67
85 80
95 46
58 172
84 92
98 173
69 55
94 198
93 138
43 185
51 71
86 66
56 32
93 170
89 185
42 200
86 114
23 144
94 18
52 180
40 136
47 99
56 50
73 36
11 196
99 45
53 100
39 91
47 39
26 113
19 29
43 132
37 34
38 127
80 12
24 177
46 79
35 185
18 15
20 120
29 31
26 111
56 78
88 86
40 73
44 187
78 144
98 47
50 15
16 77
85 92
19 20
99 163
39 102
58 15
27 23
57 189
67 169
51 138
22 16
21 87
84 115
14 133
20 64
86 159
54 167
64 28
91 55
61 194
69 193
31 12
50 56
45 152
62 100
23 113
31 111
47 143
40 85
12 42
22 35
84 92
21 85
83 23
99 135
48 121
16 37
70 155
65 157
79 142
18 16
53 196
80 87
60 199
58 36
39 145
67 53
53 97
59 181
43 58
32 139
42 42
68 113
10 70
87 114
11 137
34 99
87 102
61 115
93 182
25 131
42 45
44 197
60 102
74 64
67 114
91 163
14 180
81 176
43 157
47 95
62 52
52 92
91 13
48 44
75 181
67 155
99 161
55 170
20 150
68 56
41 48
93 53
70 129
12 112
93 130
10 44
36 12
73 161
71 144
25 44
91 13
53 162
100 140
10 47
80 155
50 165
43 147
55 43
85 37
68 194
23 185
48 173
36 176
83 25
47 172
43 65
97 70
27 160
100 148
69 110
12 134
52 139
30 83
10 189
71 160
45 110
90 20
86 154
19 59
22 127
83 71
84 26
57 30
92 152
45 195
89 114
86 127
82 52
91 68
74 153
12 44
61 184
17 179
71 84
31 149
36 80
55 14
63 163
74 94
75 46
68 167
18 60
58 46
60 136
88 176
26 143
96 162
99 108
40 107
83 191
68 14
82 110
81 179
95 65
89 199
25 195
86 95
63 123
39 190
99 56
100 158
33 29
17 160
60 60
53 109
63 156
13 132
50 143
42 150
92 196
66 122
93 179
57 88
48 160
85 172
29 86
23 26
95 48
73 32
32 64
13 160
53 87
45 75
55 24
53 49
77 15
16 52
23 21
42 107
67 51
61 198
27 197
38 76
22 190
29 155
43 72
45 63
94 28
95 21
74 186
47 73
18 65
90 28
34 111
10 68
11 193
76 122
89 80
93 55
31 107
98 157
62 137
66 161
76 181
56 18
23 55
15 200
100 61
70 199
80 164
77 135
31 166
25 167
73 66
74 149
84 43
74 176
67 158
53 146
69 131
98 147
17 78
67 107
24 17
57 113
60 15
92 127
40 117
70 60
79 126
23 180
31 147
23 129
43 92
83 63
81 72
84 19
99 189
21 92
56 43
71 167
56 64
12 62
32 29
14 188
69 154
79 104
68 122
40 25
74 142
11 69
72 121
59 166
14 16
47 105
92 96
66 131
69 29
49 165
58 139
55 184
71 140
70 36
42 132
92 131
93 164
23 99
95 112
34 15
59 156
60 179
41 25
14 22
10 136
18 105
97 150
38 178
13 188
22 17
77 77
15 58
61 172
33 136
17 32
54 23
45 96
69 50
46 145
39 190
26 61
58 166
27 195
60 135
63 169
29 167
94 123
99 97
16 183
25 191
95 40
42 36
90 49
69 80
37 129
35 86
25 177
45 13
48 17
25 28
85 123
93 43
86 30
48 174
38 28
31 38
86 190
79 196
81 153
64 44
62 158
40 83
88 16
72 148
87 67
52 20
11 194
65 69
89 27
96 47
29 28
67 116
43 152
97 67
100 177
84 198
66 44
54 89
52 179
96 85
82 46
26 47
46 183
34 75
47 160
68 88
46 10
50 38
87 127
19 100
24 19
63 59
70 189
50 93
48 40
67 34
10 106
12 151
26 20
33 131
19 172
45 192
79 34
51 168
12 137
67 76
17 176
22 189
89 128
69 175
25 92
56 79
71 113
24 98
11 88
67 114
38 38
82 75
13 147
89 35
47 121
85 29
38 91
10 126
77 155
16 20
57 120
33 56
37 174
31 145
47 164
11 156
52 176
100 97
69 85
24 48
60 88
76 136
23 119
69 200
99 173
61 131
54 143
36 136
84 122
72 190
98 172
59 120
55 188
59 134
63 151
83 89
89 61
64 29
52 97
71 64
24 81
59 195
68 185
11 174
59 53
35 34
45 152
97 37
59 150
67 32
44 134
87 173
25 148
14 199
36 41
70 148
60 91
71 170
68 116
32 24
44 127
36 27
95 182
32 38
94 38
27 75
55 15
41 190
17 60
90 40
74 72
47 47
79 164
52 72
80 171
25 59
85 147
56 188
37 166
48 103
84 142
76 177
85 59
99 121
14 154
90 22
47 173
12 21
98 87
78 36
44 182
55 167
62 196
60 77
59 44
36 176
79 183
70 144
71 118
19 163
19 59
17 152
88 56
52 179
43 68
26 12
39 133
59 20
51 166
43 133
33 101
41 176
88 82
82 115
86 196
87 104
52 74
68 97
83 40
42 98
92 123
56 181
45 113
75 28
76 121
86 100
40 81
27 117
81 39
38 165
90 121
24 123
35 136
51 171
17 129
87 107
94 34
47 119
46 121
78 58
29 110
37 76
42 68
39 134
53 36
97 165
99 180
53 197
73 119
59 125
40 79
96 88
41 175
25 83
54 156
15 171
72 102
48 68
50 73
44 78
60 134
14 89
30 142
100 72
15 96
36 97
56 83
86 112
27 25
27 165
20 139
60 80
28 194
50 43
91 196
78 177
94 165
25 64
94 184
70 156
35 178
60 111
43 71
31 108
64 51
84 101
34 28
19 85
57 175
37 121
59 50
14 99
88 196
83 133
98 122
96 103
64 175
67 149
54 69
20 144
90 162
45 156
54 81
83 45
30 149
11 25
78 75
85 26
51 110
62 72
72 59
88 120
66 21
85 91
59 159
81 34
15 113
25 145
32 43
22 61
71 180
85 24
45 34
30 160
52 11
51 156
39 61
65 106
100 179
67 186
98 43
60 101
79 44
61 152
90 91
70 102
13 123
25 159
39 169
51 82
26 14
20 52
47 125
66 149
78 135
95 62
87 189
77 136
83 20
84 121
80 156
49 14
61 151
48 25
99 125
34 111
98 147
87 16
73 123
44 187
93 112
78 69
100 22
61 166
98 126
17 167
88 142
23 172
74 157
37 34
12 84
51 32
22 132
99 113
97 16
51 145
88 159
85 61
35 53
31 25
80 124
25 94
12 154
68 170
15 51
11 34
73 173
72 189
97 108
49 23
28 22
99 75
17 15
92 143
27 142
81 49
15 162
26 142
88 188
46 68
96 127
64 198
16 140
69 68
21 109
22 195
60 83
99 115
93 16
62 159
67 36
87 78
91 152
96 125
13 143
88 20
42 98
29 12
94 47
14 118
58 186
61 111
90 24
37 147
13 94
18 43
47 124
58 153
60 142
32 35
47 104
61 167
23 119
45 72
30 105
38 145
29 135
11 149
11 115
54 44
43 21
91 186
73 200
34 31
54 58
49 48
82 158
88 188
97 48
28 75
34 61
21 34
98 109
79 179
68 112
13 67
10 112
98 80
96 33
58 75
57 23
58 77
23 161
49 68
84 137
89 164
76 164
41 196
39 14
73 131
95 188
60 60
87 83
67 32
95 97
49 199
75 31
42 102
21 175
97 56
65 136
82 120
11 51
68 15
85 112
53 14
86 167
73 19
77 38
72 167
17 151
76 78
87 63
32 29
15 173
18 160
29 107
65 50
66 38
77 68
79 35
29 60
86 148
90 63
48 146
86 166
88 17
53 134
86 34
34 141
56 50
24 148
32 22
59 138
27 88
91 12
18 67
23 127
28 167
18 56
81 10
74 51
72 77
96 99
54 151
64 120
62 173
74 160
37 78
88 35
21 115
13 90
14 113
39 52
46 188
51 12
20 133
10 48
94 50
55 123
79 19
100 35
14 123
40 166
59 125
49 168
21 73
15 55
86 86
10 76
61 17
27 104
82 187
70 162
77 100
38 71
87 139
11 90
10 102
49 73
38 91
45 78
57 132
82 151
64 42
81 103
50 138
11 11
80 139
23 195
86 90
28 160
42 174
80 80
78 139
17 115
32 27
18 173
18 128
39 157
90 183
49 30
71 77
24 88
21 37
23 110
43 160
86 137
23 152
34 200
100 194
97 110
47 118
64 182
21 49
81 26
29 40
94 186
33 68
57 179
62 190
58 35
10 169
87 82
61 190
68 11
14 38
45 48
85 37
60 35
18 11
60 165
76 89
80 183
78 67
98 86
59 49
88 195
52 94
36 129
47 192
26 133
74 84
56 20
22 21
71 54
62 109
20 76
91 180
36 179
43 41
61 114
96 19
14 111
38 29
12 52
50 12
79 84
79 167
89 63
56 152
38 22
60 115
99 70
56 181
35 175
75 124
44 114
50 41
70 80
42 97
15 114
54 119
22 29
35 104
40 63
77 180
52 106
71 198
94 32
38 35
31 21
68 108
89 126
68 162
12 20
46 139
45 170
19 112
76 155
21 70
79 61
37 127
41 178
71 166
40 146
53 28
27 162
81 104
100 86
80 126
10 157
36 20
69 156
20 136
97 150
13 139
36 89
59 33
55 12
91 88
45 11
63 127
35 76
85 93
44 129
52 48
44 117
44 33
40 23
10 172
38 199
65 18
97 188
84 188
97 52
53 160
89 25
58 60
12 150
10 42
60 174
44 197
84 172
97 196
85 32
13 171
63 99
57 152
82 63
81 120
32 58
73 172
92 177
87 176
26 187
57 47
92 132
33 94
32 107
90 111
42 78
100 193
24 103
70 97
51 106
90 105
36 107
100 49
100 142
92 74
35 54
18 132
93 166
55 80
77 150
10 22
54 105
66 38
20 194
80 197
39 175
13 74
48 21
100 198
51 150
80 125
39 194
18 170
82 116
62 75
61 73
66 105
26 136
35 187
20 101
13 49
54 151
67 190
72 70
56 159
21 101
14 13
23 151
52 96
39 44
53 144
29 92
58 97
57 46
88 169
68 132
32 55
97 165
30 66
73 74
97 66
11 119
50 58
40 64
74 170
59 127
22 26
15 196
40 58
71 40
83 191
72 77
67 44
21 124
53 111
62 136
30 153
13 58
96 135
79 190
65 31
65 40
85 147
65 195
33 111
59 64
80 17
37 182
14 16
86 185
85 115
60 84
28 17
55 135
22 65
45 91
40 83
17 145
33 190
56 89
23 16
79 46
88 96
56 109
71 166
12 19
43 57
77 183
41 68
37 51
71 84
83 30
34 96
78 52
79 148
67 29
37 96
12 190
31 104
16 83
53 36
100 185
87 50
100 182
60 127
33 52
61 198
84 32
76 103
97 22
85 49
64 25
79 119
90 116
77 148
54 104
30 147
32 100
83 76
87 95
21 170
26 46
42 75
75 82
61 177
25 39
50 148
75 150
98 103
44 100
40 120
75 67
95 104
30 74
82 105
35 38
43 140
29 41
14 178
45 194
81 51
27 192
93 98
66 76
73 72
45 63
51 183
25 91
15 144
38 122
69 158
98 112
68 69
39 145
36 123
53 21
88 160
90 175
42 188
34 48
18 60
33 84
41 88
20 163
10 119
50 91
27 78
87 16
26 11
73 195
16 88
58 110
67 62
37 95
56 168
67 142
46 100
39 82
92 180
77 30
13 185
78 18
64 126
69 21
60 166
32 73
38 65
60 113
81 100
93 179
65 175
17 107
66 158
78 52
49 67
66 80
33 196
91 148
25 125
30 69
17 17
95 157
48 148
39 12
57 89
73 127
61 145
22 149
43 56
37 62
60 85
52 199
90 19
33 44
54 126
97 47
75 79
97 28
24 84
58 86
38 54
83 69
27 79
69 114
10 30
96 83
51 119
59 28
42 71
62 106
51 200
48 142
28 158
92 116
50 33
13 70
50 47
30 89
60 160
80 86
84 11
36 151
39 83
82 69
30 75
58 153
72 130
13 164
19 98
32 186
23 115
37 20
91 28
83 112
99 135
63 11
55 168
33 77
37 186
18 185
11 124
98 146
41 75
27 175
21 32
64 105
92 59
88 132
65 36
86 77
87 31
99 119
54 95
41 40
89 167
54 153
32 196
81 177
69 51
68 32
100 155
68 53
38 64
90 103
80 18
56 96
76 91
23 51
92 44
63 77
57 139
87 112
75 140
60 25
27 84
76 75
65 18
88 64
53 92
86 197
51 170
51 153
11 119
100 79
17 96
35 198
86 188
61 12
42 19
73 107
91 109
94 144
46 89
47 32
21 29
37 93
80 133
42 92
95 38
36 70
21 150
83 193
74 188
37 63
16 43
28 134
11 153
14 124
19 140
52 34
91 19
82 169
19 175
14 37
73 86
32 171
93 176
97 163
11 179
88 13
87 29
68 198
81 36
52 57
77 89
73 147
36 42
92 62
86 41
66 62
36 29
58 144
55 16
10 179
95 166
27 50
58 142
85 11
56 180
45 178
84 174
54 10
25 106
71 43
94 16
75 76
40 140
65 51
57 160
95 175
71 34
48 176
59 83
73 177
59 57
55 165
79 101
14 57
60 71
21 155
28 28
36 103
35 84
97 148
74 18
86 12
29 158
79 51
18 177
64 136
76 194
62 97
33 88
64 134
58 55
89 26
24 132
50 75
16 130
84 71
18 178
77 23
55 94
32 18
22 103
84 137
20 44
95 34
28 189
79 93
87 91
31 129
46 72
66 71
34 37
85 151
34 48
87 161
32 49
59 24
21 112
86 83
40 197
82 112
55 109
50 50
44 126
22 55
96 15
85 11
81 70
79 90
46 138
10 41
90 40
29 141
54 28
86 155
10 165
96 10
43 61
14 129
70 63
57 17
95 112
11 123
64 183
61 103
61 75
48 118
74 32
14 113
88 138
28 110
73 124
98 19
77 194
83 195
81 133
65 137
89 64
68 39
62 105
69 200
42 109
25 119
91 19
50 194
35 111
84 71
45 56
13 52
45 61
21 96
42 91
54 73
21 125
36 12
56 55
11 21
28 141
74 106
100 174
14 119
45 46
32 130
31 126
55 155
37 61
44 15
58 117
90 131
26 192
95 61
37 157
78 43
75 24
27 90
82 104
25 93
72 33
59 77
89 15
21 148
49 93
85 52
98 52
28 63
16 127
12 145
34 30
52 192
48 161
90 76
17 103
45 48
14 172
35 96
78 136
72 87
55 40
77 50
47 145
83 182
34 61
87 145
82 126
20 138
61 40
48 185
68 186
63 80
56 182
82 178
88 75
13 180
63 59
11 32
91 167
53 66
31 130
36 121
85 181
85 176
100 84
29 165
31 58
57 70
70 76
27 168
45 146
16 68
26 21
97 21
54 94
85 27
97 121
95 113
20 17
80 156
65 114
94 195
44 199
80 22
42 146
78 37
81 172
37 108
17 198
68 182
90 17
53 148
26 158
84 52
79 184
62 123
24 162
29 59
59 25
80 56
59 73
84 51
58 22
54 48
61 90
43 122
80 50
53 70
86 142
48 17
15 131
61 22
19 68
95 75
41 154
76 43
85 70
47 83
33 78
60 91
65 164
50 99
41 71
94 33
45 92
98 150
95 160
33 150
91 54
35 123
55 10
38 69
22 63
34 142
28 107
45 132
40 56
81 96
95 11
14 165
31 172
97 173
22 98
46 193
64 180
50 184
34 72
10 72
70 38
45 99
71 80
34 27
83 95
35 87
95 53
87 56
57 178
59 190
66 162
88 60
29 97
91 142
32 130
53 127
78 61
44 115
86 90
12 100
36 66
61 137
83 72
100 168
85 10
61 158
16 182
33 124
93 96
41 81
68 91
33 196
36 67
10 94
15 85
42 166
94 15
78 115
57 107
69 139
52 82
45 91
85 126
100 155
98 92
18 59
42 55
81 137
79 29
96 103
47 59
78 88
46 183
34 131
49 119
34 17
39 178
12 76
53 125
54 137
60 78
86 11
74 61
76 79
47 13
89 27
98 62
78 160
74 141
90 167
58 172
68 72
100 116
64 73
89 181
74 91
87 16
93 24
79 74
65 181
38 88
62 173
35 124
86 28
95 44
39 136
15 12
93 198
29 158
38 193
27 114
19 61
77 188
81 31
33 12
33 151
15 53
13 74
79 77
57 53
81 142
42 138
45 199
71 107
80 48
35 159
26 195
82 116
10 129
11 86
78 182
48 43
74 194
41 23
20 64
41 171
36 89
94 162
60 86
34 87
80 11
17 120
58 77
15 30
67 184
44 149
96 177
45 43
51 132
91 61
26 156
69 34
58 195
76 145
42 98
64 25
76 89
88 116
22 182
98 174
63 86
78 174
41 125
97 75
51 106
59 85
72 22
35 96
96 118
53 108
26 84
66 127
41 80
42 163
100 191
87 48
35 80
37 172
39 71
10 95
74 15
100 49
40 102
81 55
51 19
26 46
94 75
76 100
52 27
96 50
65 42
67 127
99 143
18 174
80 178
70 23
84 82
51 53
19 19
66 36
18 50
80 134
44 57
16 104
27 130
91 125
46 53
34 118
13 183
71 64
67 172
53 186
25 151
81 49
42 126
84 11
44 160
32 125
36 12
28 125
94 15
51 115
29 135
37 87
70 136
32 121
55 39
93 195
87 135
95 140
35 130
86 48
58 120
65 119
99 12
53 53
54 127
85 109
68 34
59 23
72 148
80 133
73 40
87 179
62 160
95 48
75 103
20 192
50 71
33 134
20 187
94 125
70 178
37 41
15 41
82 16
83 31
20 178
51 66
68 71
94 95
53 149
95 16
17 31
37 93
46 185
71 175
65 59
87 154
85 177
94 178
85 186
99 121
31 104
54 162
68 46
14 73
69 88
74 169
97 169
33 86
65 175
88 83
51 34
37 157
28 21
18 183
97 155
98 12
18 102
87 45
52 42
51 167
17 200
67 50
42 186
63 165
10 30
43 15
41 75
39 55
54 118
25 127
54 153
85 165
82 115
56 36
79 129
24 110
74 149
53 163
87 142
30 139
18 165
37 37
87 150
99 138
68 132
44 174
16 36
91 195
16 181
38 131
96 67
71 82
49 34
93 163
28 161
76 127
92 66
39 177
32 80
36 118
67 43
28 129
15 51
24 10
18 20
59 153
74 184
90 105
59 90
11 173
57 180
67 20
42 119
44 118
49 167
71 21
93 116
42 69
61 107
35 32
25 45
89 16
30 53
65 58
77 22
19 27
96 186
90 103
88 68
19 92
93 45
42 33
69 86
100 152
47 197
14 144
18 171
69 59
88 83
72 168
16 172
52 130
20 44
56 60
27 43
34 126
99 88
20 52
56 86
12 169
98 168
73 113
62 106
61 173
27 113
14 117
13 147
52 40
50 70
20 105
26 75
93 194
26 24
98 138
76 39
29 172
15 63
41 178
32 67
16 182
78 111
53 53
29 135
57 83
18 38
52 142
28 30
65 99
47 193
71 134
61 178
11 49
44 10
50 42
51 19
31 59
30 112
63 21
85 51
35 85
41 72
44 195
21 173
20 149
24 143
50 17
87 200
58 194
100 116
49 111
17 71
70 67
61 107
93 62
96 185
56 49
58 175
66 182
89 172
43 134
74 34
42 77
50 41
44 98
51 139
90 116
70 182
48 194
99 73
47 79
21 14
10 147
82 197
54 171
95 80
91 125
86 89
82 193
38 83
74 112
61 111
90 43
39 22
32 23
85 104
48 176
61 55
27 110
67 71
29 62
20 27
83 88
58 190
84 93
96 183
82 105
37 65
94 198
25 165
57 196
47 147
21 189
59 114
57 86
62 21
40 138
12 158
84 11
93 118
63 40
41 110
60 184
33 73
88 86
86 44
65 140
56 52
84 195
68 70
47 153
33 84
72 154
15 129
65 10
39 92
11 159
26 189
91 10
69 166
13 133
77 157
40 12
98 21
54 199
34 144
10 175
31 63
99 81
81 149
51 72
45 157
42 54
14 15
63 49
64 152
43 23
88 65
80 151
14 89
66 170
78 143
49 49
92 116
90 53
64 68
98 116
46 179
22 34
78 35
39 198
58 89
35 129
63 103
46 64
92 71
58 13
30 21
31 75
61 38
100 12
14 55
40 132
52 100
17 39
44 73
62 124
89 92
53 139
55 165
71 188
53 49
68 83
79 86
11 31
63 88
71 32
24 186
34 158
15 154
86 33
94 45
57 168
88 21
87 133
14 122
95 55
40 132
10 64
51 97
11 145
65 131
34 131
35 143
45 23
15 74
43 135
31 15
99 58
70 31
67 45
96 145
11 125
76 61
98 129
66 108
48 168
87 61
63 166
47 176
51 135
44 47
68 171
91 184
90 112
14 54
50 169
33 81
35 87
52 138
43 103
84 100
92 95
15 180
44 21
31 83
58 25
86 58
47 16
82 37
52 68
63 88
48 91
97 164
48 113
58 196
73 158
24 119
27 113
34 125
35 74
63 113
36 162
99 98
40 193
26 109
82 27
53 132
27 189
56 120
14 40
63 151
62 55
57 40
61 11
57 103
52 196
69 156
20 166
14 126
63 190
11 63
62 64
63 158
57 123
98 188
76 15
54 141
92 52
32 17
44 169
37 119
88 115
26 143
79 139
64 82
13 136
75 156
73 163
98 64
63 13
43 60
18 11
82 68
50 36
14 119
46 197
32 181
54 124
48 34
32 13
27 12
84 107
17 151
47 115
38 190
62 77
55 148
20 106
87 166
57 146
97 127
50 112
44 96
84 51
80 131
10 93
57 37
53 135
94 81
31 35
52 180
56 154
17 24
87 199
43 181
48 86
53 108
38 57
45 66
32 158
43 187
21 142
33 62
17 44
16 138
66 47
22 184
18 87
95 71
39 31
55 73
48 24
28 139
48 17
51 13
41 14
72 59
74 35
33 66
39 66
74 151
14 132
69 115
31 198
34 160
18 70
91 148
94 24
85 168
89 104
81 40
19 183
52 119
64 22
81 122
84 168
50 24
93 50
65 174
90 148
37 87
85 177
70 114
53 134
89 65
80 96
41 179
74 198
51 130
74 94
84 132
39 158
100 195
60 119
99 88
69 122
63 118
16 190
47 110
39 147
17 194
57 104
23 155
85 91
22 155
13 192
70 57
100 75
27 190
49 62
24 94
14 41
24 93
62 99
87 19
50 11
26 122
42 197
81 28
21 195
93 105
15 80
56 156
47 47
81 173
53 43
56 95
89 111
85 139
48 171
58 68
64 152
47 99
68 78
94 79
37 89
93 79
10 170
64 125
38 191
49 107
92 175
18 97
82 192
47 108
26 197
70 178
69 189
93 161
51 183
14 172
34 57
74 51
25 96
88 33
34 85
51 109
85 166
22 180
14 76
48 141
17 96
63 85
40 16
12 163
58 119
23 82
84 197
33 182
78 134
14 169
47 10
98 134
67 117
50 145
32 21
54 98
21 69
69 13
80 40
50 87
57 143
36 136
12 126
92 31
71 166
99 134
68 88
56 176
32 171
59 200
64 71
10 133
74 114
43 196
93 167
97 114
62 63
43 48
83 179
24 82
85 80
77 154
35 94
94 175
45 71
65 90
19 94
90 62
34 23
52 164
32 152
84 110
34 161
66 36
14 38
76 104
56 157
58 88
92 178
91 127
57 58
51 193
21 94
65 184
27 123
79 108
72 67
87 100
79 156
29 178
49 78
89 114
10 152
38 98
50 54
45 20
74 75
80 88
27 78
47 66
68 39
46 65
41 194
89 136
92 126
18 178
65 38
34 28
96 105
21 152
98 153
60 94
96 18
73 176
37 64
19 100
51 49
88 33
79 154
54 35
46 93
64 73
22 138
30 145
67 51
34 56
13 103
51 42
76 156
75 19
49 93
62 147
40 86
72 17
79 150
95 109
42 111
42 198
100 128
79 124
19 61
46 184
49 176
39 64
27 77
82 184
51 195
56 135
45 143
69 132
61 50
55 169
75 55
63 21
12 152
56 164
98 171
51 178
96 38
79 98
47 150
78 108
56 77
86 46
69 49
31 146
71 29
75 41
25 124
36 90
32 31
56 100
91 66
47 160
40 153
61 42
38 196
81 68
43 25
91 104
37 93
84 166
50 176
60 51
11 93
46 187
49 50
71 150
52 197
42 43
86 11
75 73
11 36
97 112
38 78
45 149
62 78
79 116
93 155
84 165
96 132
45 196
75 80
36 99
39 120
61 47
78 197
37 161
98 63
23 95
36 79
16 114
94 170
16 21
40 199
97 184
73 170
32 123
63 190
81 138
43 143
15 52
84 107
53 183
45 75
69 136
40 133
76 134
23 91
90 48
35 165
42 63
44 54
99 27
76 188
89 143
38 174
83 91
16 18
93 84
54 185
76 49
90 81
34 63
87 163
18 73
26 167
73 105
68 125
56 98
67 143
69 64
18 68
16 40
40 63
65 173
76 168
86 199
100 38
30 31
50 196
61 162
42 65
25 49
20 54
23 91
32 21
35 147
33 135
54 168
19 135
65 56
66 196
13 140
76 127
14 68
26 99
81 129
14 151
75 133
30 126
18 14
69 13
45 38
92 150
36 147
23 180
87 198
94 91
98 29
77 141
48 174
83 150
68 15
78 113
65 118
83 28
66 19
70 116
23 12
52 87
63 183
39 185
98 62
55 160
18 105
77 12
78 175
37 24
100 96
40 184
28 200
91 169
81 76
10 100
21 184
43 92
71 64
39 168
21 164
43 41
33 50
38 12
33 60
63 47
33 187
50 194
69 54
15 49
53 91
42 42
21 138
55 62
64 23
29 130
49 148
57 111
90 47
35 55
12 151
61 65
44 157
94 145
57 87
14 166
30 123
28 63
38 144
39 73
37 158
29 200
38 197
47 136
23 22
56 153
77 116
68 121
71 110
76 96
76 71
81 176
97 80
91 65
52 189
42 46
95 165
55 72
53 167
66 195
81 200
98 185
82 199
68 178
42 184
32 117
94 168
67 60
82 165
40 106
56 87
12 120
86 31
90 13
11 10
20 20
30 189
40 137
90 144
16 116
21 31
93 194
22 159
58 58
86 11
27 120
23 140
46 153
93 65
54 170
61 28
39 87
90 28
100 24
47 171
64 89
62 197
26 12
32 169
30 122
26 58
13 80
83 114
92 170
54 31
32 34
27 163
50 78
10 146
48 142
18 89
21 130
76 168
60 84
66 13
32 150
81 80
74 70
91 96
38 175
65 22
67 179
92 153
51 177
18 184
92 57
17 14
67 169
94 130
98 152
98 113
94 16
72 142
41 20
87 128
23 167
100 14
86 136
49 45
45 98
78 96
92 134
56 144
85 115
38 189
62 28
82 157
13 106
39 124
68 148
84 122
83 13
24 103
37 126
57 95
38 10
62 12
91 102
94 58
20 62
74 73
20 183
97 128
61 140
75 48
68 136
26 45
95 130
72 78
21 120
95 113
71 165
31 75
81 104
52 94
100 14
25 58
87 199
87 118
64 70
29 91
36 116
90 135
39 108
15 112
97 18
52 181
73 173
44 82
14 192
97 32
65 145
40 35
49 78
52 147
95 99
89 156
70 176
14 93
92 159
12 145
73 85
72 184
44 172
51 146
19 32
14 11
21 69
79 132
25 191
26 141
18 127
57 137
99 30
40 30
33 68
42 169
12 112
94 21
36 17
47 111
98 146
73 28
50 160
86 17
89 71
54 61
33 66
38 134
24 61
75 87
26 163
97 105
37 29
28 192
51 95
25 110
71 58
20 90
55 121
92 11
61 89
58 22
46 95
14 74
17 122
61 87
49 50
15 193
11 120
19 140
90 129
91 90
75 189
33 38
60 110
80 134
59 114
57 177
23 114
72 167
95 24
53 154
80 78
90 146
46 151
87 47
32 146
48 100
95 118
79 86
48 158
28 60
49 199
18 114
91 99
45 161
11 167
44 21
64 82
79 76
85 85
88 146
96 61
66 198
59 164
98 62
20 158
19 36
55 182
75 90
60 63
83 37
61 177
23 107
13 26
23 124
20 130
58 165
52 128
58 25
38 110
23 56
35 32
61 45
67 65
24 129
98 166
96 159
76 26
36 43
63 104
84 178
67 70
41 59
71 126
73 123
99 186
10 115
36 94
66 87
12 74
73 110
93 15
22 24
39 167
10 129
14 58
28 117
78 70
44 150
49 105
64 42
73 84
87 142
42 118
92 160
48 78
99 65
49 171
61 170
75 171
33 51
98 195
14 181
65 167
40 71
34 23
67 174
21 94
96 108
58 200
15 15
68 170
35 194
77 163
47 98
10 60
84 27
76 119
53 152
52 149
97 192
93 138
37 102
69 146
75 54
36 110
21 43
46 165
26 18
85 20
26 103
87 67
100 181
14 139
18 106
88 167
50 114
84 83
47 169
62 58
68 185
54 116
98 36
78 75
65 50
40 185
10 21
62 107
96 93
14 145
76 167
89 107
89 58
55 130
24 52
64 61
58 158
78 76
61 91
32 72
71 70
77 118
42 164
88 116
95 83
20 45
10 184
66 164
71 166
78 80
81 94
46 45
65 142
48 79
32 74
58 197
32 41
27 59
26 152
17 73
61 70
60 95
80 93
13 129
36 187
51 89
75 174
99 143
64 78
18 181
70 198
78 121
16 114
72 55
27 179
96 111
22 47
55 114
34 98
95 10
55 63
84 176
49 34
76 164
45 175
88 67
29 144
59 200
77 191
21 134
25 15
88 61
79 61
29 195
71 51
26 55
76 106
62 175
45 162
26 54
37 127
84 129
31 132
45 139
79 26
18 136
25 128
84 96
56 174
98 150
97 106
96 140
77 48
49 176
48 97
91 179
85 175
85 105
86 56
30 72
75 149
74 116
52 185
48 54
77 91
77 194
21 43
98 64
84 91
62 146
81 102
60 22
42 52
87 195
27 194
44 14
63 86
46 17
28 121
65 71
82 100
30 41
67 62
98 57
26 146
89 165
65 138
24 136
100 138
78 143
34 40
73 117
46 88
54 29
55 30
21 31
13 19
45 96
21 192
91 58
55 179
50 29
43 44
32 161
81 129
77 147
38 72
18 118
20 32
91 171
88 92
17 15
96 98
78 184
11 109
60 71
100 77
82 24
26 66
92 104
67 99
82 187
70 149
68 133
16 84
61 44
22 116
48 66
74 15
40 138
46 104
47 191
52 110
94 103
48 32
81 195
70 91
62 104
16 107
36 53
94 173
32 147
18 170
76 158
11 96
73 110
58 137
45 182
54 126
30 56
41 125
23 91
81 52
94 89
58 86
25 152
71 41
20 180
34 144
78 29
18 54
36 29
77 51
29 71
63 129
39 137
31 10
58 81
82 77
14 23
88 135
98 10
83 84
54 20
21 139
96 80
34 180
49 18
55 144
48 19
89 40
65 160
83 16
74 127
27 43
20 57
60 149
26 156
79 80
12 95
54 48
19 46
82 107
42 70
97 167
98 180
73 68
57 81
92 170
36 191
24 182
77 193
54 116
33 29
25 136
22 27
49 122
100 24
59 129
73 113
37 198
94 114
50 53
73 174
34 13
13 68
45 11
39 182
89 31
37 125
50 136
89 175
87 26
35 97
46 117
18 62
86 114
90 22
52 172
83 22
24 172
42 13
82 132
64 133
87 16
36 153
94 21
42 189
29 138
42 195
28 108
54 180
52 43
55 22
22 200
50 11
77 127
11 187
16 43
28 54
19 21
82 13
86 147
99 104
44 121
32 151
44 189
46 106
37 166
60 58
82 164
56 180
45 108
17 183
22 152
97 11
60 56
87 38
18 50
50 120
79 97
30 11
12 44
25 129
20 46
58 18
38 80
50 134
61 199
77 140
63 166
20 134
67 190
58 79
44 138
43 22
34 81
90 110
83 142
45 158
43 81
48 52
60 199
43 151
25 115
63 168
62 76
53 157
86 106
20 117
26 45
59 68
16 164
93 96
16 50
62 148
46 64
73 116
14 188
86 80
95 192
23 47
37 182
37 166
30 50
59 121
91 54
49 45
73 169
66 178
85 198
44 174
81 137
43 113
75 168
30 70
84 73
78 69
63 123
50 131
15 129
83 70
33 75
72 34
26 59
91 96
19 149
48 107
94 192
92 31
27 45
53 140
72 19
92 152
88 56
33 139
57 190
14 192
37 126
92 120
68 50
70 52
69 118
29 96
16 180
83 90
12 29
50 122
18 51
24 183
91 190
52 115
53 141
44 65
87 145
12 85
34 33
47 195
43 76
18 71
94 28
89 114
80 25
32 98
34 121
47 197
46 44
24 133
63 61
48 85
10 184
19 33
76 110
43 169
75 152
75 75
96 56
26 17
18 37
79 171
10 28
73 102
32 122
89 37
62 43
50 191
40 116
12 76
31 85
41 23
50 139
81 29
31 111
36 78
62 176
35 130
85 59
62 56
49 77
54 166
95 38
80 170
15 22
94 182
81 123
48 169
93 149
83 46
79 67
16 19
41 176
18 58
94 182
48 27
92 52
96 33
11 182
73 68
20 59
96 135
53 88
38 54
25 134
22 86
47 27
50 77
23 55
19 48
99 94
65 150
65 91
75 38
52 187
35 110
30 158
70 60
80 182
72 72
18 185
51 172
66 86
49 25
29 17
12 10
68 163
71 59
44 144
51 138
100 196
65 187
22 126
57 189
32 163
87 87
29 30
12 171
99 120
80 59
63 115
99 50
66 31
70 144
67 199
12 117
50 185
13 147
55 184
54 60
41 17
71 115
49 17
61 157
77 136
82 54
39 87
23 141
65 37
75 118
56 30
14 51
98 172
21 136
30 167
83 123
22 167
38 33
42 178
25 123
47 39
11 177
93 104
34 68
23 44
95 180
38 76
82 91
33 84
42 46
21 78
32 67
31 40
11 39
66 114
89 144
76 140
79 81
85 58
41 188
27 159
85 168
51 62
98 115
59 119
45 198
71 133
56 30
80 168
71 24
36 33
11 46
67 121
86 28
62 77
12 60
15 25
51 103
53 98
47 57
95 182
88 193
11 132
36 142
17 116
44 23
73 158
99 101
42 166
44 69
64 169
36 112
33 160
95 106
78 45
94 86
77 29
16 152
77 135
77 93
93 71
81 10
18 178
21 142
79 64
44 30
54 120
27 61
100 181
69 171
17 131
66 41
96 190
79 145
68 120
73 17
65 157
95 53
85 153
77 121
23 186
59 61
97 117
98 50
15 90
90 135
82 132
22 184
43 193
30 89
100 178
40 136
100 126
55 112
40 17
64 84
59 17
38 164
16 69
68 42
55 67
50 14
82 155
85 131
70 159
42 102
60 128
51 92
60 82
23 121
80 70
61 148
16 196
10 22
77 136
50 58
78 65
76 12
69 71
36 200
81 165
24 178
57 194
16 135
23 107
60 200
22 116
48 65
25 80
58 188
15 166
78 30
68 119
58 61
29 178
82 53
69 173
93 56
61 134
86 63
44 80
84 29
36 31
93 97
33 196
97 128
28 164
38 12
43 24
76 106
88 135
24 178
16 191
89 117
86 37
94 178
89 76
94 115
26 125
29 19
52 129
95 125
90 129
20 18
36 12
48 178
60 62
32 110
86 33
86 189
10 40
18 10
73 185
67 193
50 160
55 73
11 160
79 24
35 138
39 30
92 136
37 143
56 198
70 62
33 91
29 124
87 38
40 26
38 61
65 165
46 41
87 121
22 70
54 79
17 180
99 181
77 164
66 125
48 167
26 34
43 71
76 169
36 115
59 155
65 25
59 30
50 22
64 91
64 120
100 101
17 104
49 37
49 196
69 71
93 195
76 62
84 86
71 198
19 59
38 10
98 114
92 164
49 183
100 199
80 37
90 24
22 194
33 19
96 46
65 25
93 18
76 117
98 120
13 128
29 87
61 64
44 192
81 140
60 72
11 99
95 103
42 51
82 198
84 128
73 196
27 96
96 42
96 141
93 139
80 142
56 40
55 60
45 44
90 28
68 194
51 49
45 73
85 36
11 16
20 125
33 141
94 15
84 45
39 146
13 37
13 42
12 82
65 111
46 148
22 66
45 67
28 81
64 18
59 43
34 82
56 26
60 22
39 185
91 22
35 96
94 38
69 128
13 65
59 70
78 158
16 188
89 31
55 20
54 165
70 76
36 56
88 59
28 158
82 182
11 17
83 40
62 27
53 190
76 188
67 129
74 197
83 35
24 174
67 101
95 112
99 196
15 103
70 69
29 154
23 52
75 140
79 49
47 62
54 83
34 109
83 60
64 117
22 146
55 143
99 71
68 57
71 55
46 177
24 53
99 199
49 112
86 21
63 139
13 11
99 179
45 44
88 37
62 135
40 84
41 63
20 166
89 54
89 81
37 170
52 194
56 63
100 172
73 100
65 159
86 143
66 32
24 18
46 171
15 76
46 65
67 42
98 82
90 85
42 151
52 121
53 88
93 71
40 47
67 159
94 83
37 177
90 143
65 199
81 172
10 179
69 47
73 101
39 140
52 94
79 74
19 56
56 200
90 10
29 99
97 86
63 125
88 120
38 90
41 192
38 15
34 132
25 33
62 184
76 30
80 75
25 126
93 67
53 59
36 184
92 91
10 141
72 187
23 94
56 191
71 173
48 76
43 70
18 127
72 105
79 165
92 84
93 134
81 16
28 51
70 152
92 103
81 159
74 187
26 200
10 149
66 26
46 98
66 157
19 173
38 36
41 75
99 28
66 72
31 182
49 67
57 66
23 69
58 93
85 88
32 75
61 108
34 72
12 189
14 63
43 101
26 121
24 20
60 165
58 16
26 38
34 122
91 77
11 130
50 101
76 73
71 65
76 79
50 188
64 145
15 73
49 173
87 55
64 166
96 86
43 199
71 88
85 29
84 167
26 136
89 178
58 55
45 23
71 181
27 36
92 95
48 14
18 126
56 72
88 112
46 84
62 84
68 73
48 139
49 96
38 141
73 95
50 150
36 132
18 132
24 77
76 78
19 128
13 152
72 106
69 161
37 185
95 186
85 160
100 131
60 19
78 164
76 79
57 57
17 43
55 181
45 48
47 13
31 96
73 179
57 40
27 25
26 195
96 117
16 146
50 54
31 131
16 103
61 120
62 31
45 172
53 86
90 104
52 199
19 66
84 34
56 137
66 156
38 71
89 129
18 109
64 184
36 33
90 60
50 58
18 119
20 105
82 61
30 127
91 19
48 79
58 124
37 105
83 12
38 141
62 195
80 148
93 101
12 108
57 136
86 54
91 28
43 92
22 170
59 173
19 24
76 45
16 101
98 38
30 128
40 56
90 39
61 144
79 186
27 147
69 50
54 188
25 162
48 161
29 111
93 111
19 28
59 84
87 129
31 66
45 102
14 23
87 149
70 127
46 52
54 78
15 63
27 173
10 157
20 169
24 110
21 13
87 68
65 113
80 20
59 65
63 125
66 87
83 57
69 52
21 76
86 34
74 28
10 188
84 196
20 64
40 56
47 77
18 167
70 123
14 171
29 133
82 78
34 13
19 44
99 67
68 187
63 83
13 154
32 11
91 48
11 76
27 146
26 52
68 167
77 155
68 142
93 76
43 119
30 156
72 146
35 85
66 170
88 159
68 72
20 72
15 47
95 47
23 147
75 139
23 75
16 116
64 193
47 48
42 105
49 87
11 82
60 195
80 164
91 165
20 134
22 10
38 40
28 176
44 171
49 156
61 29
55 74
71 97
76 145
75 151
32 63
15 37
61 74
30 31
49 69
68 108
73 127
84 150
10 138
46 60
93 178
21 177
39 112
19 154
47 86
45 100
77 127
15 18
52 161
41 72
82 16
68 132
58 108
98 79
33 23
61 173
21 29
79 42
17 43
71 31
35 134
41 79
19 92
93 94
34 139
32 94
86 125
23 122
42 142
91 134
34 141
60 168
41 98
48 134
43 60
19 93
78 77
86 87
49 71
65 33
11 148
96 189
78 156
83 162
45 122
54 95
41 45
68 65
95 105
91 108
41 144
58 183
67 197
59 23
75 62
59 111
64 198
79 117
79 52
30 93
88 185
46 69
40 62
71 175
91 135
25 157
23 116
40 155
34 30
66 193
65 57
38 127
31 46
23 29
68 155
76 74
71 113
90 181
43 101
90 144
74 80
54 169
95 61
84 120
35 112
27 198
63 37
73 36
24 10
46 173
83 180
53 116
88 45
18 57
56 116
70 14
28 135
71 193
24 96
95 110
94 46
93 10
83 53
20 11
68 82
96 30
31 64
57 166
45 75
55 56
79 56
20 19
38 55
37 188
89 159
54 182
60 49
17 112
82 40
93 180
74 131
53 17
91 180
30 128
82 38
25 79
90 56
74 65
70 113
86 85
49 184
93 87
56 93
40 137
27 146
77 79
75 138
12 83
83 80
53 185
97 198
40 13
57 164
29 167
31 155
38 137
61 130
31 183
85 56
44 158
11 56
19 68
94 156
94 146
60 164
93 155
67 36
59 36
17 70
95 66
46 87
25 196
53 61
12 73
61 140
93 121
21 100
91 24
39 163
44 102
46 111
98 109
39 58
81 149
88 171
92 176
97 52
46 109
52 171
94 53
11 46
28 118
13 164
44 13
19 113
47 75
30 196
76 173
17 153
22 14
30 170
44 24
19 172
46 136
82 117
45 74
42 143
22 132
89 136
95 55
87 62
71 106
40 115
46 144
55 42
96 34
25 149
17 23
73 15
13 84
47 173
53 118
27 173
78 65
20 175
31 191
68 51
84 127
54 17
44 67
78 17
90 51
32 152
82 97
13 80
65 100
49 184
83 10
36 78
35 108
49 188
23 122
64 37
13 39
25 108
69 84
40 200
13 114
18 55
73 151
86 47
79 189
62 79
70 200
37 77
50 21
68 27
83 137
22 194
93 111
51 84
48 82
73 153
60 55
89 40
19 167
77 67
78 99
11 167
42 126
96 26
68 119
62 114
49 110
54 21
65 73
19 26
38 190
70 153
80 20
74 83
48 60
39 155
95 119
80 90
86 176
34 47
92 140
20 140
23 101
89 81
21 90
61 109
43 110
91 158
42 44
65 141
30 171
22 87
51 37
67 169
29 95
80 119
94 179
31 118
17 53
11 65
71 108
31 57
82 47
80 172
39 45
57 41
56 29
91 162
77 128
33 81
66 179
87 70
18 69
29 80
27 167
98 112
45 143
55 126
94 185
57 105
86 53
100 102
89 75
92 140
27 36
77 38
80 31
96 184
72 97
30 69
61 19
94 173
99 151
38 155
52 61
42 199
14 17
32 188
10 175
74 119
91 182
64 15
68 88
75 137
90 95
44 61
75 188
62 78
55 165
82 117
92 126
89 141
71 37
15 80
51 121
53 12
84 180
65 126
29 49
43 65
87 124
22 59
85 161
87 93
81 194
90 185
45 115
32 117
15 119
95 143
70 199
50 131
16 196
94 89
60 175
61 168
30 81
60 32
63 189
97 10
32 137
70 145
27 153
36 14
45 70
95 122
30 136
21 90
66 143
42 188
95 135
79 59
45 25
82 69
93 40
59 39
65 97
81 17
36 56
85 133
54 11
39 28
77 119
82 112
56 143
76 43
33 97
82 126
83 186
29 160
41 97
52 13
22 184
58 55
20 75
19 22
74 75
18 35
89 183
10 88
30 57
11 45
83 36
74 101
99 168
57 81
88 71
15 48
49 117
11 128
58 114
76 80
22 193
53 185
37 86
62 143
45 37
63 100
62 138
46 119
47 72
70 182
56 117
88 31
38 156
16 37
63 111
89 69
83 78
93 121
10 160
30 110
87 62
25 116
74 43
78 139
72 67
61 82
23 161
38 29
55 73
54 197
42 197
100 98
36 131
89 51
62 115
34 142
18 194
12 32
28 103
18 175
27 102
33 134
72 149
45 190
21 52
87 17
48 50
31 157
94 158
64 104
82 192
56 105
17 93
89 64
92 109
41 168
29 107
12 84
78 97
33 112
52 58
96 200
22 46
27 113
90 176
61 133
48 75
23 196
82 199
44 19
62 132
45 152
93 100
35 129
10 143
76 148
85 171
96 133
51 103
67 77
73 97
64 66
51 80
29 185
96 155
59 29
93 172
91 159
94 71
72 102
91 161
100 48
72 18
35 14
87 60
15 10
73 124
69 152
63 184
100 116
15 153
31 46
15 149
99 38
54 126
56 45
35 24
35 61
66 75
36 156
15 180
10 94
27 66
18 119
75 195
54 200
29 181
57 114
49 62
88 160
79 116
53 107
52 99
27 153
93 67
60 90
10 85
56 162
46 41
23 35
88 126
70 194
95 92
59 78
72 71
16 165
79 54
34 129
92 73
92 130
57 32
61 190
27 36
38 114
87 31
91 137
72 164
45 97
77 81
26 20
93 24
69 163
46 89
18 56
43 15
91 83
13 38
63 200
75 44
10 166
42 52
35 56
15 55
32 82
26 129
47 90
89 88
43 56
98 155
41 120
13 99
46 62
89 108
16 12
53 165
24 51
99 93
51 22
73 83
48 107
92 199
24 167
90 82
84 76
61 136
43 39
62 53
50 173
95 165
13 136
63 188
85 136
30 95
81 83
78 87
61 192
30 20
66 15
85 24
23 163
27 132
25 197
15 127
30 169
38 188
46 41
14 103
69 98
72 160
97 200
85 173
73 165
32 193
42 118
41 73
15 156
28 116
92 192
66 165
33 167
61 109
47 149
70 187
15 43
72 39
45 13
59 77
78 59
99 161
50 75
28 69
52 50
56 26
70 60
17 68
68 155
43 45
50 190
74 183
98 190
20 110
54 66
66 184
29 46
41 104
58 20
41 176
59 181
96 137
24 195
92 100
87 183
49 95
37 179
99 26
20 133
84 184
94 125
50 148
67 132
44 115
57 57
77 24
41 105
13 133
91 189
53 92
29 180
30 143
68 76
61 126
90 151
60 42
83 97
21 79
97 75
27 14
10 96
75 172
83 23
50 134
74 149
14 173
49 23
29 85
16 117
11 155
77 132
42 176
60 188
25 91
25 60
63 197
54 136
21 12
70 115
100 172
17 173
15 12
55 102
26 141
30 133
19 120
79 81
73 127
21 162
11 143
47 125
15 11
56 150
27 52
41 161
75 140
10 11
58 162
31 74
15 157
54 188
48 104
83 184
78 172
24 39
46 179
97 97
52 36
85 14
84 123
12 136
81 119
92 27
20 63
28 174
26 131
56 107
21 73
91 55
85 58
84 171
67 82
36 60
86 125
95 29
90 73
81 123
25 115
24 106
10 96
67 199
30 84
44 50
14 17
100 182
40 45
36 136
64 40
85 68
36 71
72 24
92 87
11 160
78 142
58 181
74 157
59 53
91 105
15 199
81 55
100 21
88 175
33 29
51 132
54 182
50 18
18 171
31 199
28 130
51 17
41 190
54 110
35 47
45 192
55 140
98 69
90 127
81 120
90 70
48 76
25 88
22 112
46 23
97 32
96 72
95 75
79 68
42 159
100 12
60 185
57 187
62 136
96 130
76 102
81 141
28 62
65 75
28 121
37 96
82 53
79 26
76 84
41 116
40 11
48 184
47 125
63 82
95 127
95 150
44 192
47 187
70 130
19 62
82 162
83 16
85 172
56 167
34 107
31 110
43 43
70 138
64 107
43 62
45 44
44 73
66 113
20 123
99 155
94 127
82 167
61 165
91 178
80 14
20 35
96 14
33 51
87 48
15 197
61 24
20 123
99 87
39 13
27 111
92 28
71 96
51 183
56 166
92 12
19 66
53 129
17 118
88 56
25 162
77 77
59 82
34 129
79 46
28 13
90 112
34 28
100 60
45 101
15 183
98 39
91 153
47 153
43 172
19 25
80 73
88 174
90 103
11 170
37 56
81 151
56 26
95 199
42 193
80 113
83 24
80 67
45 100
88 36
50 39
90 47
46 155
37 113
15 114
19 39
20 55
23 162
21 171
37 159
63 59
55 160
48 13
72 39
50 57
23 18
19 128
89 32
98 89
43 195
16 16
45 196
96 34
63 144
82 117
61 11
23 186
97 60
93 30
60 158
44 166
11 176
94 66
98 40
31 132
93 159
45 79
33 190
12 133
11 142
39 79
46 58
84 126
67 96
27 18
88 45
16 42
67 132
58 17
90 64
57 17
32 77
74 41
49 32
95 64
77 56
65 130
38 18
72 33
94 45
38 171
66 58
86 91
44 144
49 185
75 59
32 85
13 121
15 57
89 102
56 152
86 66
58 96
76 192
35 23
34 195
67 108
60 39
75 76
86 109
44 23
35 96
20 128
79 35
98 194
78 131
48 119
28 69
94 105
41 145
80 110
44 123
71 13
53 49
51 146
75 151
15 151
67 78
55 97
58 97
65 52
96 57
15 14
25 187
34 189
97 49
38 92
67 149
51 158
61 17
11 159
93 84
52 48
86 199
95 77
12 25
87 113
25 102
38 31
17 70
51 42
82 152
61 136
95 41
21 89
56 18
62 50
29 146
60 65
64 23
11 61
67 74
80 144
43 125
76 54
86 198
70 159
22 32
70 49
85 178
79 167
57 187
41 121
98 96
43 120
45 153
43 13
49 179
10 13
84 156
48 132
19 156
90 124
55 198
91 106
57 135
33 36
63 102
96 97
19 167
37 162
90 30
73 157
100 156
37 125
11 40
68 86
64 12
58 39
33 37
11 28
35 29
63 127
16 44
65 152
50 73
86 142
79 100
85 114
84 81
77 179
14 151
22 118
55 107
93 175
73 104
38 118
46 90
48 88
12 101
84 147
21 165
99 100
27 200
84 154
21 86
12 181
57 17
100 11
12 67
98 48
13 21
35 127
80 21
17 68
93 88
88 119
59 94
56 151
86 44
94 185
52 58
39 169
37 84
64 192
84 167
67 167
13 38
89 122
82 142
28 26
49 17
40 138
18 144
37 15
78 36
54 120
43 176
44 185
74 80
26 66
76 59
98 68
38 138
25 193
99 14
46 143
12 144
100 156
24 12
68 108
74 194
37 135
94 129
93 71
86 117
79 89
18 172
94 118
42 194
72 10
15 141
42 62
83 67
45 36
84 21
14 120
78 174
80 195
28 164
93 123
98 14
83 111
63 193
68 106
11 151
90 14
46 94
40 40
79 95
41 64
96 21
36 110
93 27
98 87
95 182
42 126
77 55
24 183
53 55
89 33
21 16
23 130
62 116
56 117
46 47
18 129
86 144
67 43
13 177
53 17
71 186
16 187
99 160
41 78
13 78
22 53
97 150
52 50
96 154
14 110
49 149
89 48
20 110
12 119
37 68
37 65
93 58
99 84
65 63
59 65
58 74
62 60
76 80
65 123
66 79
29 23
45 104
92 154
27 178
31 134
66 19
14 110
55 84
12 97
96 157
94 90
11 82
98 88
23 84
12 198
48 76
100 23
93 116
91 26
48 82
80 172
87 183
26 171
14 65
14 193
97 62
53 64
70 66
75 108
84 164
41 136
25 159
68 52
85 160
81 11
33 62
53 145
61 77
67 100
51 25
28 188
86 19
98 33
92 15
55 59
66 79
97 30
80 156
52 125
75 176
12 192
99 143
33 94
78 73
41 186
78 120
28 178
10 46
35 70
15 176
67 43
28 125
69 105
80 170
78 40
96 189
69 26
90 179
33 163
99 137
49 174
40 121
93 51
100 174
32 199
60 51
93 26
68 117
56 69
34 162
17 75
14 164
39 103
85 22
23 15
81 13
22 49
83 151
68 103
86 23
13 96
95 177
95 53
73 54
62 22
74 54
79 177
62 190
34 171
87 136
82 173
63 198
95 107
63 146
44 95
14 166
10 24
59 136
23 56
99 22
81 38
23 168
13 95
83 106
74 181
92 85
90 46
67 40
16 52
99 186
84 135
50 161
27 115
42 59
83 141
31 73
66 171
21 196
73 42
22 143
27 199
19 19
76 121
17 199
58 24
32 144
35 178
79 142
88 44
100 97
14 106
33 166
82 66
55 132
92 106
55 133
89 157
42 138
93 181
99 85
17 163
81 188
19 145
11 76
88 143
66 177
47 166
79 115
87 147
37 142
54 177
13 168
62 37
22 55
47 84
57 56
95 170
13 29
13 185
63 116
31 79
46 188
34 55
13 111
10 14
15 65
38 139
13 137
33 171
97 27
37 133
77 134
98 128
52 38
10 70
55 61
13 57
70 28
68 185
11 138
30 193
76 192
95 47
65 141
59 153
50 84
85 52
70 31
23 184
99 104
43 25
62 14
97 25
37 187
58 173
49 42
25 140
15 140
57 196
91 16
48 81
54 99
75 143
67 137
52 191
28 22
72 186
85 100
65 93
49 54
13 32
70 75
28 132
93 183
45 129
44 140
40 123
31 189
29 170
19 56
70 155
19 188
34 130
25 186
68 186
82 122
68 138
54 23
27 23
25 39
45 15
62 16
64 29
97 37
88 119
54 171
60 187
51 58
19 67
90 172
47 116
65 104
23 80
54 156
17 112
55 100
45 198
82 67
16 101
82 58
47 191
30 106
14 31
43 136
53 18
70 175
95 191
58 21
43 16
10 29
88 174
57 56
79 26
84 40
69 30
58 149
16 151
65 40
11 51
13 104
85 94
98 27
99 190
12 190
73 26
99 135
74 128
45 35
46 116
53 105
47 188
74 190
95 164
81 154
54 16
67 108
21 191
33 198
35 175
30 197
54 48
21 34
37 111
33 154
92 137
96 175
57 146
46 83
78 37
10 135
27 127
22 179
84 179
27 118
87 15
69 188
30 44
21 41
16 114
47 16
90 87
36 186
82 189
88 153
15 139
44 82
17 142
78 26
18 79
62 95
96 70
52 171
27 137
36 94
23 41
84 113
32 124
12 163
99 11
79 151
40 24
53 49
86 126
91 99
41 22
14 122
35 110
52 30
72 116
92 87
68 79
51 87
12 111
19 150
96 176
31 95
10 166
89 169
74 22
42 129
84 94
41 150
56 154
78 40
24 150
29 60
61 151
34 44
39 176
27 16
31 105
76 164
92 58
33 173
96 42
69 138
64 185
50 142
47 123
54 73
13 132
60 92
96 60
81 200
81 131
75 31
62 130
12 95
67 160
34 91
53 33
57 139
56 149
80 189
41 73
34 157
59 198
98 122
30 186
95 105
38 149
82 141
72 132
22 99
18 158
16 126
93 29
31 19
22 179
21 84
50 103
87 91
82 78
69 170
79 167
83 191
31 44
23 37
11 200
47 79
35 128
34 137
69 103
29 160
18 187
88 146
38 73
19 33
75 82
37 47
40 111
78 198
37 180
33 132
43 196
47 157
76 49
86 114
79 104
41 45
61 128
61 23
19 60
61 197
10 61
54 24
61 92
71 128
76 90
25 115
26 82
77 30
50 198
52 85
84 29
32 13
65 145
87 182
70 107
21 171
90 43
81 164
87 49
92 62
62 164
33 14
32 38
87 179
80 181
18 171
76 195
78 168
40 43
68 156
29 149
88 121
97 132
75 150
36 19
61 122
73 169
30 40
11 173
84 75
99 93
23 174
49 40
31 70
19 112
96 36
84 185
100 63
68 74
26 130
94 14
45 78
78 22
77 22
35 138
39 160
32 167
24 152
98 96
13 93
50 102
61 80
62 87
66 67
50 159
76 56
76 82
62 11
39 76
49 101
70 145
14 56
84 36
26 109
80 84
13 165
44 132
15 105
40 190
78 12
16 171
23 177
82 27
88 159
31 22
92 119
31 131
45 69
77 16
12 123
97 12
38 88
87 144
90 186
13 167
97 147
38 68
54 11
12 122
46 22
85 40
40 113
86 118
74 183
90 183
34 59
44 14
80 162
58 164
47 147
54 179
88 89
33 37
17 166
37 93
75 104
98 108
81 127
97 179
62 185
29 37
88 190
11 192
84 55
54 142
74 108
43 106
96 179
57 121
18 103
72 143
58 171
14 13
15 132
45 28
12 188
15 171
81 131
75 172
29 140
64 189
42 55
17 77
26 26
56 20
10 45
72 137
87 69
13 124
94 167
75 129
29 19
12 174
50 83
43 137
21 103
61 103
57 18
43 25
86 11
61 187
70 32
62 95
25 108
64 103
30 174
84 49
17 143
66 167
80 180
79 60
96 50
98 74
25 167
79 127
83 136
13 58
79 80
24 70
10 175
82 51
69 16
87 174
68 147
50 187
15 65
56 52
22 42
70 175
47 195
54 168
94 36
89 110
39 181
82 106
44 177
23 146
82 59
43 176
15 103
50 143
65 51
75 106
12 122
67 105
45 25
49 90
32 131
64 192
58 12
54 110
62 43
58 38
83 19
99 131
91 19
62 136
61 102
86 178
87 156
29 174
26 166
77 66
59 96
63 30
92 144
62 122
36 198
66 135
81 197
60 163
67 174
79 110
65 151
44 133
70 182
90 122
84 13
88 65
22 57
12 42
19 37
74 43
91 147
70 85
58 78
95 171
59 157
58 160
91 179
82 57
17 43
62 107
54 191
88 180
52 69
34 81
71 18
59 142
54 127
48 120
66 85
96 67
31 160
91 183
99 131
88 120
61 74
61 54
52 31
34 145
54 67
18 198
73 174
38 52
50 200
99 116
34 51
83 160
10 190
30 182
62 47
32 106
75 161
81 187
47 173
74 94
26 168
15 149
13 97
31 63
90 196
75 24
77 164
69 90
46 138
39 95
24 16
37 107
60 162
31 171
76 23
51 17
41 191
60 167
15 190
13 195
27 20
72 74
34 15
33 171
46 46
31 162
40 77
65 41
83 152
50 16
45 88
66 190
100 22
36 177
60 198
26 39
16 34
33 35
82 78
26 25
35 83
58 10
23 67
19 32
25 42
17 48
67 51
52 20
15 15
88 108
16 34
58 64
55 61
69 153
53 107
71 65
87 189
98 175
94 118
58 107
28 35
32 92
18 195
14 174
15 156
95 56
59 40
51 81
49 43
94 42
59 22
70 186
45 196
61 77
36 179
11 84
54 163
56 123
61 113
92 32
15 190
42 91
54 32
85 176
56 16
47 71
59 148
66 51
91 38
50 55
52 136
89 41
91 140
20 98
58 72
35 154
50 21
97 146
66 27
12 143
23 151
43 73
36 81
83 63
79 76
98 115
90 59
79 165
83 122
86 84
53 195
73 88
94 115
12 93
14 144
88 177
34 82
15 14
84 198
40 84
74 187
100 140
39 179
98 78
30 157
69 105
19 33
29 10
11 37
78 92
16 162
49 109
50 175
53 186
96 23
11 89
37 80
50 89
96 123
42 170
46 176
51 95
96 78
37 159
72 200
28 119
33 176
34 194
75 174
59 143
77 92
19 18
41 72
88 63
22 98
14 107
83 118
83 94
96 109
92 134
24 137
61 91
40 92
74 83
25 107
92 74
100 69
22 173
23 23
30 137
82 80
10 28
61 57
60 196
56 198
77 107
78 195
70 90
22 94
39 186
29 11
45 180
85 198
76 192
57 10
49 166
48 184
57 90
86 139
17 61
74 59
64 114
75 146
23 195
30 180
77 29
36 84
47 72
32 196
71 136
73 13
72 119
22 128
18 70
51 129
92 45
63 78
29 74
95 166
77 74
48 92
80 169
81 137
47 69
94 94
100 193
80 139
76 105
15 154
15 144
25 107
33 103
14 150
31 42
48 101
40 103
67 43
22 149
91 146
14 145
29 55
49 170
37 70
17 71
78 82
51 140
36 36
88 197
43 75
57 113
70 179
30 148
60 143
91 35
92 147
87 139
24 129
37 28
29 172
100 33
37 137
53 53
41 49
58 140
11 122
18 79
91 124
24 156
72 135
54 145
26 172
54 139
83 13
45 110
42 68
99 72
48 140
86 180
98 200
15 114
10 15
87 65
16 53
96 17
69 22
57 102
97 80
24 128
45 19
45 102
57 36
63 93
11 102
36 189
82 13
61 87
18 129
90 182
11 174
55 171
51 16
71 45
67 125
43 13
61 43
96 10
38 69
65 58
96 10
91 127
49 161
76 66
16 168
89 61
13 79
95 171
62 117
17 15
13 190
84 188
45 114
35 115
90 125
65 200
98 30
79 151
24 130
57 93
35 75
91 61
41 188
99 73
13 81
75 180
74 109
34 137
53 176
45 61
67 35
44 69
72 176
64 37
83 47
32 47
18 107
100 100
61 163
59 42
30 107
34 170
99 200
66 72
34 170
10 142
26 173
18 50
19 20
37 98
45 40
63 13
36 54
72 76
22 109
68 94
72 164
90 44
66 181
38 13
72 51
98 167
36 146
40 15
40 150
54 56
43 59
44 161
31 174
36 154
91 179
40 133
11 166
48 170
92 94
37 140
69 140
68 193
40 156
57 106
45 123
99 129
17 33
64 141
66 138
36 146
100 197
34 123
11 66
47 129
48 87
36 129
100 17
65 146
18 140
63 90
76 48
30 78
21 142
39 112
90 146
49 38
84 147
15 103
44 64
95 175
81 112
15 181
77 45
72 104
99 21
37 59
13 46
20 143
21 157
17 78
67 124
16 65
82 100
52 95
28 10
78 118
83 15
41 53
70 89
61 46
54 175
96 194
62 65
88 42
18 12
38 135
67 60
42 61
19 169
81 127
100 58
52 103
95 198
57 147
86 137
86 199
59 122
13 166
50 150
10 189
12 131
12 143
90 157
34 153
44 162
53 95
25 157
78 95
78 178
38 62
59 47
18 90
58 96
45 158
29 76
35 41
91 114
53 30
35 191
95 17
98 96
66 184
59 134
87 50
85 155
15 90
54 197
68 172
52 47
25 150
65 98
55 153
95 178
14 115
92 191
51 163
63 46
65 173
13 47
10 124
82 137
48 14
99 196
91 25
72 127
74 168
73 168
61 91
43 137
49 156
27 141
76 35
60 87
54 191
99 42
14 137
76 162
16 124
21 160
41 20
29 126
90 145
50 120
76 82
69 54
70 196
32 168
82 183
93 71
45 190
96 131
35 95
17 110
62 70
54 170
29 169
60 80
46 200
22 183
45 89
53 153
30 42
67 126
57 18
91 41
67 113
20 168
74 75
49 59
63 159
81 37
84 135
17 84
94 118
57 59
64 137
97 103
38 188
50 37
39 59
56 46
43 74
14 12
47 125
96 96
63 102
99 54
71 51
82 184
88 59
56 200
93 110
53 199
32 164
69 92
86 138
20 197
44 176
90 164
84 83
43 26
78 195
100 33
100 41
29 26
74 93
56 98
44 161
86 89
54 166
27 159
86 142
75 127
31 199
63 38
66 184
69 99
54 137
45 44
66 151
57 103
92 119
95 57
27 153
56 25
51 172
27 20
27 151
55 52
73 71
70 73
30 148
88 53
60 85
80 96
49 160
18 91
56 55
84 170
46 118
61 137
65 159
