10000 500 10 200 10 100
66 52
21 167
10 122
100 176
55 123
93 42
81 189
36 50
99 169
82 146
43 26
67 66
14 20
39 73
17 176
92 32
78 194
12 72
33 103
77 87
55 155
68 87
55 94
88 20
44 152
100 21
70 22
45 43
81 25
96 172
61 84
23 62
17 182
70 58
44 161
71 145
68 76
25 79
85 193
28 43
72 66
59 155
47 143
31 146
84 139
31 171
31 133
90 155
77 146
31 42
58 138
64 64
46 74
55 185
44 43
65 54
54 116
64 21
70 62
34 38
83 96
15 56
16 52
95 154
17 35
20 159
87 16
98 19
15 167
15 181
26 65
73 142
47 76
78 50
38 132
77 119
74 120
77 45
40 20
79 24
66 29
65 52
80 38
74 150
15 99
89 25
66 176
17 168
50 133
35 170
50 152
52 104
47 98
56 77
70 172
77 165
94 108
78 70
58 112
22 153
47 139
10 198
24 147
85 177
93 47
59 156
39 57
18 82
10 19
70 96
68 83
96 194
41 111
89 139
42 94
68 66
64 80
62 180
76 71
95 140
19 125
26 119
72 188
78 160
51 161
41 32
46 149
33 46
81 123
83 93
21 87
17 61
72 55
15 27
15 18
68 46
71 74
26 148
71 167
67 103
40 174
47 182
14 162
16 194
45 45
60 113
57 57
48 123
36 47
29 40
70 119
73 32
88 52
89 89
82 77
33 157
33 106
50 186
56 31
76 186
26 87
64 10
56 105
91 59
34 85
40 19
60 200
51 30
91 12
95 82
65 90
46 142
13 42
42 119
23 128
67 143
59 45
11 161
48 110
51 81
65 121
84 31
84 145
61 183
81 173
100 47
53 159
50 92
11 150
32 54
52 148
53 82
73 174
70 144
100 74
10 89
54 128
41 148
71 196
28 62
63 38
51 53
79 122
79 199
36 158
95 139
53 61
96 110
18 97
54 129
92 90
88 189
91 162
36 123
73 109
29 125
34 96
58 167
78 125
47 79
91 40
98 199
59 72
22 138
75 196
92 141
36 96
66 115
61 86
58 35
100 56
77 166
10 140
53 171
78 98
44 180
11 102
64 40
14 130
81 167
59 56
100 32
15 58
82 42
19 17
16 163
70 61
96 26
34 83
10 121
55 59
32 142
92 101
69 158
79 162
39 190
39 53
40 24
19 170
26 100
68 179
91 62
32 35
60 75
50 65
20 122
20 108
13 130
45 78
24 73
39 55
14 90
98 73
28 42
19 25
52 62
84 39
67 56
44 183
25 184
39 128
96 27
85 33
67 56
88 56
43 153
88 193
10 43
45 181
55 141
26 30
47 21
55 107
69 135
46 178
90 193
37 66
40 176
100 178
95 11
78 163
30 148
91 18
14 64
12 78
59 37
73 19
45 191
25 106
70 49
51 64
89 55
60 72
16 52
79 73
63 96
17 29
75 12
85 67
50 91
55 82
32 77
21 180
98 52
33 14
14 12
42 167
69 54
75 99
68 100
92 163
62 19
84 50
23 85
32 121
18 65
78 106
20 129
60 43
42 183
92 105
20 151
55 64
96 122
34 91
35 159
10 29
78 101
41 11
52 20
16 163
57 138
53 73
90 144
38 80
85 144
30 133
34 68
55 111
58 14
100 44
58 89
51 132
46 167
80 199
61 99
10 118
88 29
38 136
18 86
62 133
66 181
15 158
74 117
36 71
38 82
86 85
88 12
76 184
71 183
75 189
58 164
56 130
45 86
22 22
66 71
100 36
72 54
38 133
27 74
85 82
52 143
59 128
59 16
26 135
96 136
67 115
82 29
52 126
22 122
33 111
54 105
27 78
54 143
79 109
73 48
43 152
86 13
17 147
42 33
80 53
40 26
45 79
22 192
55 15
68 155
29 119
26 75
54 198
55 41
95 45
11 132
95 104
83 109
84 167
14 166
15 134
63 189
19 70
54 52
25 138
95 14
49 78
44 86
81 131
42 25
32 41
65 197
47 104
45 29
25 103
10 124
47 20
88 83
54 158
73 191
15 144
68 185
41 117
64 108
17 10
12 57
57 92
19 188
85 170
78 122
21 46
46 121
95 22
31 149
64 163
72 65
78 177
77 161
20 133
46 153
53 13
20 17
85 74
57 147
54 55
31 150
29 147
77 138
54 108
26 152
17 47
40 19
80 100
93 129
64 81
71 199
93 125
70 24
80 54
100 77
13 73
52 12
52 131
10 22
42 69
67 142
67 193
34 142
84 142
52 137
35 186
17 119
73 163
22 144
56 160
40 127
59 80
99 85
81 112
23 60
41 83
25 99
94 164
23 11
47 145
41 140
95 116
53 84
78 57
37 128
40 103
100 60
65 27
53 174
23 54
21 123
62 47
15 68
93 52
50 128
47 28
65 160
83 182
26 56
73 105
10 66
36 73
54 194
60 72
53 41
79 44
27 88
16 166
50 105
67 59
55 47
33 134
100 55
27 84
29 165
85 98
18 31
28 158
27 72
39 34
14 158
87 79
11 163
70 35
56 117
57 133
94 195
74 195
49 193
88 164
97 101
50 30
99 43
83 180
63 198
86 30
83 95
14 44
83 178
52 136
26 165
55 92
79 147
83 30
72 199
49 140
96 44
89 43
74 138
74 195
46 48
56 133
48 158
66 11
13 57
21 74
15 27
57 24
48 64
29 146
100 50
41 173
20 67
16 196
55 50
74 173
92 57
19 65
97 94
77 163
82 25
84 197
18 182
88 49
69 120
29 119
38 92
81 88
44 119
49 165
66 116
42 91
97 63
13 168
79 33
56 132
86 178
10 102
32 182
12 48
58 148
23 83
100 71
50 200
43 65
48 183
66 122
35 155
85 62
71 166
36 96
77 146
73 46
68 77
81 32
50 162
18 138
40 52
73 26
30 32
33 14
30 95
65 143
67 144
47 185
28 101
34 27
47 166
88 128
56 102
38 192
23 163
21 120
34 172
88 55
52 61
76 51
25 50
80 187
42 200
35 115
16 72
72 159
20 17
21 92
44 79
24 185
66 34
28 67
72 85
43 20
96 36
11 104
65 66
55 81
24 104
74 177
56 140
92 195
57 64
85 77
32 182
29 17
87 10
40 54
32 51
88 64
99 159
37 143
33 92
77 101
78 31
48 175
48 56
53 151
22 76
66 87
53 146
48 128
11 12
51 74
13 79
50 143
81 108
82 73
38 121
31 177
24 85
57 169
25 163
73 62
17 182
88 130
94 77
54 94
12 73
28 166
50 107
34 192
25 15
14 196
26 72
77 134
21 166
55 121
49 44
80 178
36 134
71 164
55 199
25 123
72 36
79 34
82 18
60 160
34 124
14 183
16 192
43 198
30 19
70 106
86 112
79 90
32 56
95 89
26 122
50 137
33 112
81 124
48 30
65 177
20 82
39 195
29 75
43 52
40 131
72 149
14 76
90 100
16 125
66 189
74 12
91 59
51 130
65 77
64 79
77 160
15 12
54 46
95 190
37 196
16 59
12 176
65 26
10 90
56 76
20 53
89 47
80 36
89 97
98 161
27 169
80 161
97 97
73 92
38 107
41 28
24 74
18 124
52 69
67 75
93 126
81 57
95 63
37 174
95 200
88 138
62 76
60 14
55 117
66 71
49 26
80 192
94 105
60 193
61 185
97 142
57 28
87 95
91 95
87 53
65 24
60 105
58 123
92 75
23 26
11 75
18 46
79 123
70 24
64 126
18 194
36 132
53 79
32 136
53 129
83 79
99 14
50 54
69 105
22 179
16 98
98 154
59 131
42 119
31 34
65 166
35 147
57 82
29 158
76 32
50 40
96 72
53 118
95 162
95 101
57 156
48 14
78 167
47 50
41 101
86 165
60 113
49 198
52 148
48 45
94 84
38 114
35 132
51 106
57 66
17 76
45 16
38 186
68 36
49 103
59 99
57 16
98 190
78 39
26 12
67 150
66 162
25 76
40 106
91 30
11 190
70 26
15 167
22 22
35 58
88 143
11 194
18 192
39 196
48 141
27 139
28 106
27 143
37 37
63 165
60 54
79 145
63 171
81 94
37 148
52 142
16 133
59 82
15 118
64 167
60 75
21 139
27 27
38 142
48 165
88 102
17 81
44 101
67 192
62 79
46 172
71 73
74 168
67 28
71 22
32 157
64 112
25 80
89 189
51 174
98 162
51 184
58 156
39 129
25 91
34 151
21 61
13 157
78 181
27 127
16 13
86 102
63 190
68 66
71 38
94 175
10 171
91 54
45 64
90 138
36 23
75 51
36 124
50 116
64 25
69 118
33 137
56 179
71 14
90 148
86 118
27 75
81 124
98 35
90 136
39 167
28 50
80 68
44 58
57 89
50 59
30 114
86 39
75 177
53 149
52 141
100 91
40 166
39 169
22 36
79 175
60 98
17 53
50 32
59 173
11 186
39 130
88 82
23 35
71 45
42 195
74 61
98 13
38 134
42 38
71 98
54 196
70 49
24 16
28 161
32 194
89 53
67 67
76 126
55 196
63 88
39 137
82 119
41 200
80 134
77 33
100 62
88 61
45 88
95 15
38 90
46 15
95 167
55 102
10 200
32 75
13 130
90 70
14 186
21 112
19 120
13 163
73 175
94 117
56 124
88 122
85 187
26 159
54 44
11 89
88 169
70 120
11 178
93 159
97 72
52 104
55 49
41 175
100 123
52 98
93 79
56 72
26 181
55 40
61 102
40 57
43 94
93 12
23 192
12 79
51 74
79 66
62 83
77 149
62 188
34 86
58 77
85 143
69 191
61 94
49 135
31 197
54 175
79 135
61 181
40 72
51 29
61 11
45 11
81 142
56 17
68 76
48 188
95 177
44 13
90 93
25 55
27 11
87 110
90 16
93 14
11 10
55 27
100 170
17 174
67 61
85 150
84 132
39 159
55 160
12 21
19 144
17 175
50 108
49 124
94 40
76 14
38 174
38 64
91 73
70 97
61 63
98 95
93 27
75 136
25 59
99 72
58 13
24 182
63 165
54 48
20 77
69 35
67 96
92 36
95 161
67 127
69 181
90 51
53 65
26 197
21 146
19 150
84 150
83 82
12 80
20 109
20 16
78 40
92 66
88 83
31 179
40 84
72 20
14 179
64 146
100 54
99 88
60 62
96 169
45 163
32 98
38 38
87 70
73 27
75 124
63 166
67 121
12 83
93 18
70 72
54 80
84 67
78 133
13 38
39 97
89 184
94 106
57 132
31 80
21 115
96 71
72 118
85 185
54 157
98 95
33 170
45 180
19 167
13 190
13 34
24 40
19 92
71 51
52 124
11 184
14 158
91 174
76 80
13 109
52 152
96 121
68 160
98 22
70 11
53 165
59 87
27 87
38 153
88 35
43 92
43 171
12 129
77 159
62 102
60 79
98 62
41 39
12 90
96 181
93 53
99 183
32 140
73 165
30 63
94 12
13 53
63 17
76 116
47 193
91 33
94 105
15 82
16 140
63 177
42 119
30 88
59 25
36 36
29 154
46 24
72 35
65 150
71 60
81 51
85 117
14 157
22 194
12 169
80 66
10 76
36 17
32 120
36 193
33 57
13 35
30 123
34 150
62 158
42 172
66 96
67 96
94 122
96 147
78 44
77 56
13 31
62 63
14 109
46 131
60 23
60 48
77 82
82 30
96 40
34 60
93 80
85 44
87 57
62 104
72 37
96 23
95 35
26 43
62 166
90 133
64 142
56 138
49 11
69 74
68 172
60 11
10 92
26 86
41 48
68 74
71 152
95 146
37 28
27 133
36 143
64 17
18 80
30 141
27 146
55 135
99 152
61 11
66 194
12 26
19 89
26 129
50 42
61 39
86 75
83 66
10 48
11 136
73 39
83 21
37 148
91 114
59 104
51 176
82 25
91 151
40 147
87 157
82 166
74 39
79 169
95 70
56 181
14 169
45 139
34 185
41 147
24 197
28 36
30 139
71 17
54 189
27 181
62 133
42 152
45 198
45 78
53 193
53 130
35 90
61 140
76 166
36 16
44 149
17 155
17 127
75 20
97 138
56 82
71 158
46 75
61 188
99 66
34 45
79 140
92 75
34 20
85 31
20 23
68 103
83 79
60 152
90 136
11 101
67 193
86 63
41 56
10 54
14 74
98 142
10 35
38 149
73 69
11 106
95 140
11 73
60 51
87 119
33 148
48 37
77 89
18 51
34 176
100 69
60 196
37 75
12 62
10 109
41 15
58 25
87 58
65 175
90 125
50 119
92 124
28 55
75 58
38 160
99 34
90 117
51 95
34 115
45 49
28 68
90 73
27 21
52 162
77 63
32 123
17 192
67 117
45 71
25 199
57 42
64 115
89 96
26 153
58 147
11 46
16 68
69 109
30 73
14 88
68 190
76 119
67 69
27 93
55 45
37 195
73 157
11 70
60 153
38 97
59 35
10 125
83 86
52 186
96 138
63 119
100 73
55 174
52 85
30 107
67 191
61 63
66 54
55 43
98 157
12 117
38 106
21 119
88 108
77 175
37 189
63 38
49 120
56 38
79 111
50 181
50 57
38 113
80 178
10 141
82 119
33 160
69 132
84 28
24 195
56 119
70 85
78 66
25 192
62 44
25 50
93 68
29 80
51 42
30 161
39 35
55 52
38 95
22 84
50 36
88 128
78 83
68 136
29 29
58 55
94 73
63 122
56 36
33 146
98 92
11 42
17 177
51 123
87 58
19 27
90 97
86 51
72 170
93 153
91 125
52 96
78 136
33 163
13 30
46 53
62 36
90 29
20 181
31 117
57 161
87 157
54 123
30 93
79 196
87 125
27 86
16 174
60 27
44 197
11 88
64 171
81 146
11 139
47 176
51 199
80 33
57 59
26 197
66 60
16 178
81 157
60 16
81 120
42 110
74 114
58 177
76 101
44 118
83 113
63 151
38 73
24 89
28 164
25 64
89 99
15 42
18 140
72 29
76 94
67 18
63 138
39 127
52 150
31 112
72 150
22 186
42 57
11 156
30 194
24 57
64 118
94 182
49 128
24 150
31 151
26 64
95 164
92 138
99 46
88 187
23 123
87 51
90 90
69 13
30 83
44 19
67 161
19 91
18 22
83 145
67 19
39 94
33 32
77 129
96 115
92 98
27 131
27 51
28 11
42 138
86 126
86 96
83 159
20 19
81 60
83 177
17 196
24 85
95 136
26 129
18 163
62 99
12 200
96 170
45 185
32 107
84 76
36 41
65 23
57 27
19 47
45 155
14 108
74 103
12 87
53 83
24 92
47 198
10 135
100 113
50 97
28 73
92 56
91 41
71 188
91 132
40 97
22 110
47 160
98 60
39 78
24 151
71 149
69 72
19 137
69 46
16 16
47 40
58 57
17 143
37 142
61 113
50 195
66 77
60 47
54 65
29 103
96 74
82 153
24 147
49 132
67 135
87 114
17 43
94 58
26 48
39 94
52 72
14 186
84 107
87 87
69 159
58 167
58 53
45 11
100 52
35 195
56 137
33 164
19 134
95 168
11 33
30 167
66 183
23 33
14 27
39 72
68 111
54 51
79 191
68 189
89 29
62 64
67 135
24 147
28 83
29 62
96 18
35 22
90 24
10 101
10 189
29 39
80 22
64 97
24 167
53 90
23 90
28 141
53 14
73 104
14 23
54 183
94 29
60 66
81 61
39 97
16 142
66 183
85 51
97 11
13 199
29 25
17 56
59 146
42 65
48 160
77 49
62 145
33 159
16 146
89 11
48 81
58 181
43 142
86 176
95 61
97 77
68 83
77 53
81 26
65 90
35 31
73 118
29 41
63 19
100 107
34 18
100 199
13 106
78 64
35 104
40 77
12 34
89 137
77 191
14 52
50 151
91 31
81 82
34 178
98 60
47 146
87 106
30 101
42 83
41 105
87 136
15 191
31 145
84 104
79 124
57 37
82 40
57 154
56 154
58 46
31 58
38 115
95 126
61 200
19 15
19 51
80 98
47 167
34 12
62 21
73 15
47 190
18 162
32 169
92 117
34 162
74 19
83 141
37 104
57 200
52 66
59 94
98 105
31 62
81 143
88 55
18 155
77 37
82 31
98 74
78 54
48 125
47 123
73 42
27 27
37 148
49 104
16 59
46 158
32 150
38 196
49 69
98 60
26 109
23 136
52 63
99 29
58 65
75 65
36 159
13 172
41 178
12 13
69 118
38 181
44 82
64 61
66 169
61 81
40 58
59 93
81 18
90 111
56 54
22 13
72 92
99 175
48 94
50 140
12 183
61 91
98 140
83 50
38 98
61 198
71 150
68 57
31 24
97 74
74 189
22 137
51 117
11 185
74 133
22 35
45 66
39 24
50 80
21 127
71 28
100 136
100 58
100 191
40 184
60 153
31 175
66 74
99 22
78 137
34 195
65 126
79 99
82 78
31 47
60 159
82 163
50 99
43 120
10 105
99 188
94 97
12 159
55 98
79 41
91 182
39 17
51 129
66 69
90 119
79 23
96 37
79 15
41 18
11 60
10 28
18 183
46 31
52 120
76 178
40 165
49 29
37 88
95 100
76 167
97 118
50 130
14 200
17 116
56 61
39 143
35 12
50 38
22 110
25 165
39 164
70 68
95 123
85 174
53 158
90 75
14 165
57 43
74 152
16 25
37 114
38 126
47 126
33 162
87 145
63 136
19 100
19 112
28 184
19 79
72 47
73 16
54 182
11 19
48 19
100 158
70 35
36 83
69 58
45 199
23 14
33 122
83 150
54 139
17 131
35 73
25 195
17 45
45 163
50 131
97 122
20 161
40 184
90 119
22 100
17 78
86 73
21 30
91 67
32 167
45 19
39 200
73 176
45 32
72 132
90 176
51 64
87 43
99 170
43 145
27 91
100 17
82 57
70 20
56 39
86 146
13 61
13 95
23 32
46 17
50 92
69 28
51 120
71 37
48 34
77 193
18 38
67 114
12 58
78 21
46 145
48 147
77 123
41 53
70 170
92 98
28 66
100 29
69 189
71 86
91 72
72 150
76 99
14 198
46 31
36 33
98 187
47 184
96 54
81 97
71 153
37 76
31 144
57 15
77 186
61 166
28 13
83 169
41 22
89 49
32 27
21 53
70 86
57 156
52 106
47 167
62 80
10 89
27 149
90 167
92 30
77 12
53 70
83 148
100 181
61 160
50 126
67 55
47 60
37 176
67 97
65 58
48 174
28 12
39 76
75 100
38 124
56 163
64 118
64 109
100 164
10 118
67 70
58 112
98 18
55 98
22 51
46 116
38 105
41 182
88 132
87 110
57 27
59 82
33 27
90 77
17 71
35 91
73 192
40 73
86 124
34 149
95 150
21 12
87 195
89 69
21 130
16 193
33 64
95 126
41 77
97 83
36 200
22 90
85 178
69 22
92 157
31 89
79 46
72 27
10 140
55 179
52 99
42 60
80 89
48 77
19 169
22 115
83 135
98 181
41 170
91 36
38 197
71 99
70 49
88 117
56 23
45 91
20 111
89 109
13 118
63 168
88 148
75 98
64 99
91 17
17 114
80 61
18 192
14 186
46 87
64 62
87 42
52 56
39 106
49 176
30 154
71 122
78 69
78 196
33 131
89 70
28 89
38 188
71 114
30 154
87 119
61 135
100 193
87 115
97 180
33 112
92 77
34 78
93 86
26 116
50 120
19 72
89 141
58 123
80 53
83 67
80 104
94 113
100 194
71 184
69 153
75 150
51 184
45 178
65 135
23 75
82 112
36 96
70 17
83 97
80 85
70 23
61 167
91 118
96 188
18 199
18 40
41 13
46 188
56 83
91 117
31 19
92 129
96 71
96 114
64 18
96 155
87 42
12 192
70 146
55 51
80 185
79 115
38 116
50 21
41 68
16 12
30 168
73 195
22 110
57 61
96 163
26 15
62 170
76 145
80 29
81 82
100 110
33 44
73 110
21 58
67 26
28 89
42 12
12 66
76 57
47 75
27 145
70 37
98 99
28 51
82 11
90 143
20 109
72 171
49 75
12 30
27 101
56 96
38 14
67 60
33 69
93 71
83 195
46 139
24 114
21 54
79 147
94 69
77 16
34 109
10 103
30 184
74 38
78 141
50 31
69 115
65 115
77 137
77 118
27 68
94 100
49 158
93 121
61 114
97 101
84 30
38 164
79 18
97 84
66 55
16 162
36 39
86 180
72 30
78 63
15 141
81 22
97 21
50 160
95 83
21 182
61 75
98 151
13 158
11 54
57 174
58 184
96 105
48 190
22 83
72 56
13 49
35 134
41 24
73 29
39 143
66 43
50 167
82 113
37 40
39 148
70 16
83 37
10 138
48 79
63 114
93 56
79 16
82 57
57 95
99 161
54 120
38 67
99 178
10 53
72 192
36 43
43 165
23 131
93 110
18 157
88 170
74 19
82 14
94 49
25 198
40 148
36 24
26 68
94 49
77 54
72 123
60 39
74 148
10 56
50 13
74 136
36 37
75 192
55 77
26 174
39 105
93 35
41 192
16 134
88 26
53 71
48 86
81 93
92 104
41 125
16 163
49 124
15 50
12 96
98 21
47 35
92 12
56 35
10 189
19 55
62 180
64 19
81 60
75 112
78 62
84 127
75 153
79 80
63 199
57 132
26 35
50 126
87 39
93 74
38 176
55 76
27 80
52 42
15 200
50 128
50 46
84 142
73 116
57 13
24 179
48 146
25 113
11 107
10 87
69 35
59 134
81 61
86 199
55 156
13 103
92 102
82 171
30 149
54 78
42 43
61 108
62 103
85 93
95 29
73 193
40 76
77 168
25 130
98 64
71 185
27 11
16 95
53 164
69 101
29 17
28 109
98 157
56 170
59 11
30 63
67 65
71 120
35 56
22 19
18 168
86 88
98 145
51 184
81 60
48 140
74 83
43 194
100 73
15 101
56 27
97 90
50 83
19 148
15 70
60 83
14 194
12 49
90 156
15 69
79 172
86 94
73 91
39 84
35 117
46 28
34 150
57 38
63 129
65 28
13 177
82 69
22 106
36 130
53 174
34 111
85 19
37 189
92 127
99 76
65 90
61 189
40 23
42 107
90 46
62 174
74 69
64 13
98 184
87 49
30 166
89 101
83 167
78 119
100 196
54 148
74 100
69 159
75 28
23 98
60 33
57 120
89 125
18 58
63 101
89 86
68 68
51 85
20 109
78 140
21 178
36 11
90 90
68 11
21 69
82 16
73 182
57 197
11 93
46 35
76 185
10 72
29 109
100 122
86 162
11 134
26 183
98 37
11 138
33 193
10 149
100 133
97 168
34 79
37 27
25 66
21 36
25 120
83 96
86 164
18 115
82 17
40 75
40 160
99 116
16 31
31 194
71 37
78 127
80 21
28 31
33 189
37 27
50 13
26 162
41 183
76 108
59 164
56 56
64 199
68 140
15 48
93 27
17 115
34 194
92 131
44 26
61 94
26 49
44 191
90 87
29 99
51 17
50 180
83 50
67 47
91 51
94 112
11 196
69 55
13 166
57 35
92 116
35 90
35 17
12 10
97 98
96 144
26 27
61 11
12 145
12 47
53 169
92 97
22 19
59 196
37 139
80 200
40 141
89 54
36 14
79 107
38 187
33 50
72 186
16 71
66 112
29 160
68 122
80 87
34 42
59 128
98 126
42 70
42 61
92 57
37 180
53 179
60 25
36 192
24 69
59 176
13 35
14 95
52 35
51 100
76 99
53 61
37 190
63 102
31 56
90 127
94 124
39 22
72 145
37 184
60 109
82 50
81 116
34 103
33 152
61 30
37 42
51 86
14 23
49 115
74 126
46 116
88 158
73 200
57 176
99 172
12 164
33 62
29 169
68 42
49 192
68 13
48 156
57 77
76 88
40 60
51 45
33 74
31 116
51 161
23 79
47 20
82 165
25 134
45 93
71 119
82 49
77 129
64 55
89 164
84 31
97 159
21 10
80 102
42 141
73 52
32 15
51 73
97 190
31 170
65 184
42 178
47 32
29 27
96 124
94 33
52 47
30 32
36 36
21 177
83 177
40 198
20 124
34 197
100 67
65 17
10 75
64 96
14 91
11 188
16 116
42 172
48 23
38 22
24 141
58 16
87 38
64 143
31 97
29 109
98 148
11 48
80 122
99 133
27 47
48 62
57 152
44 149
59 71
85 36
75 150
33 141
84 69
37 196
92 66
89 153
40 63
50 48
71 147
20 32
10 112
74 180
92 173
69 72
97 90
76 67
12 153
11 83
66 125
92 20
85 26
46 15
87 177
50 77
87 46
62 129
72 48
60 55
97 58
66 76
89 37
81 43
57 175
40 23
20 16
33 101
82 18
89 125
17 195
41 130
53 156
97 10
82 31
95 35
92 185
88 61
55 57
87 23
14 32
41 143
65 103
36 105
86 162
67 118
16 86
12 18
54 161
91 34
18 108
30 84
98 174
96 148
76 73
35 73
25 40
21 167
84 71
80 67
24 135
79 10
25 66
60 74
43 70
21 30
88 193
67 83
48 83
55 17
60 13
20 84
99 86
19 167
85 156
14 191
15 30
47 146
26 52
53 146
10 152
63 81
58 136
90 109
44 196
73 198
23 18
87 64
31 144
57 84
10 98
69 33
97 109
53 69
65 32
72 85
22 24
70 140
17 153
29 12
57 177
26 191
55 103
99 122
61 119
46 180
70 91
47 168
73 25
43 185
49 62
73 64
56 91
48 71
17 64
86 35
76 73
88 68
67 114
60 56
95 28
95 82
100 60
85 143
86 97
80 156
85 39
12 70
47 35
21 176
71 25
72 141
61 92
30 77
61 31
98 72
39 171
37 170
13 15
81 139
92 60
40 96
65 147
33 31
46 130
72 82
57 73
33 33
18 64
34 195
50 67
42 146
94 33
33 79
43 71
49 175
26 145
26 55
74 47
45 107
10 139
98 112
13 23
65 200
37 101
99 175
91 61
72 16
62 79
44 134
62 114
82 106
61 191
76 14
64 70
61 48
44 112
39 53
42 151
77 23
100 69
62 199
68 174
37 47
27 111
40 14
16 101
37 138
35 104
18 164
76 75
71 185
44 174
21 123
56 103
61 187
79 190
63 103
99 20
82 36
78 154
21 179
86 185
68 181
13 79
80 75
61 167
15 142
12 131
87 85
30 66
85 16
76 99
98 39
53 92
16 73
53 162
31 113
82 10
66 79
27 58
26 45
49 46
36 177
11 107
26 22
40 189
84 39
10 172
43 18
60 190
91 144
29 145
95 141
63 183
48 46
22 197
21 98
12 103
65 32
39 192
53 185
99 107
38 66
71 126
70 199
36 168
88 109
89 41
18 100
59 81
48 97
73 40
85 133
76 103
97 154
47 64
91 73
38 196
45 84
15 47
30 79
81 67
49 160
15 27
74 155
66 186
88 189
87 57
30 192
75 119
83 65
65 127
57 156
54 101
56 64
22 177
53 164
100 111
25 153
11 194
86 70
26 192
59 48
99 191
81 42
96 29
47 104
53 47
70 90
12 133
19 97
17 99
72 165
71 195
38 171
39 68
93 190
49 111
75 142
84 111
73 32
35 94
55 120
68 198
39 113
57 18
48 82
81 82
88 150
23 198
78 64
92 196
23 158
21 147
95 29
60 118
36 53
41 190
80 176
22 15
85 182
74 110
51 143
22 122
59 79
71 56
40 27
97 30
19 170
58 97
28 68
35 62
19 37
51 95
44 82
24 113
13 157
31 140
58 47
99 35
69 24
43 71
85 145
70 38
63 102
98 102
89 129
51 92
14 28
66 12
36 98
84 198
84 171
46 188
48 42
12 123
13 116
33 109
92 98
44 164
73 62
89 172
81 63
38 12
48 62
87 25
37 141
12 48
75 172
70 140
100 70
46 81
33 69
53 35
24 117
32 190
82 120
65 26
66 68
11 76
51 33
41 135
21 147
69 119
99 31
78 143
26 133
63 89
46 25
27 23
56 169
65 167
39 17
16 82
39 33
63 38
59 82
75 63
54 159
35 181
35 52
50 136
80 181
54 20
35 173
57 194
37 58
89 50
57 165
25 175
66 114
29 87
34 20
64 58
91 156
85 192
54 197
29 25
54 164
30 26
99 59
23 120
51 191
55 185
60 125
47 164
10 16
93 68
23 56
30 16
98 189
28 52
55 168
55 15
75 115
42 110
51 62
24 114
74 32
53 29
56 102
11 29
19 99
99 168
66 25
36 190
49 24
30 20
19 142
93 157
13 68
73 63
97 108
63 184
73 88
93 121
22 17
39 109
13 27
17 72
72 93
31 90
69 136
67 132
80 137
78 146
10 167
92 158
53 188
29 47
77 166
62 76
31 121
19 100
44 94
93 24
78 66
42 105
82 25
77 90
75 137
61 190
20 56
89 42
23 131
96 131
46 82
78 90
10 194
92 152
30 185
66 86
24 91
97 63
60 39
74 101
80 191
80 113
94 80
70 102
40 47
96 97
76 50
97 133
76 10
74 143
53 72
20 79
91 52
80 59
43 98
91 70
94 62
83 169
39 140
56 155
71 114
24 117
40 73
75 41
26 124
29 124
41 45
52 160
100 170
88 159
91 12
36 189
48 23
88 39
61 48
25 152
48 58
30 150
14 130
48 37
60 176
15 82
59 189
38 119
42 72
18 46
93 140
33 172
52 13
34 150
55 16
87 47
43 181
88 28
28 189
84 175
18 51
31 196
62 88
80 18
37 13
43 67
85 100
77 118
40 60
93 167
68 180
95 143
12 21
64 92
34 39
61 185
15 135
63 131
57 115
78 37
46 14
29 84
39 166
57 51
24 103
17 105
44 42
99 108
10 30
29 74
79 101
29 173
78 81
50 92
41 85
71 126
91 57
98 37
50 67
16 60
19 107
62 107
42 24
16 13
92 27
29 116
32 169
53 187
84 13
88 56
37 63
56 21
49 47
64 144
24 116
15 107
10 171
94 173
43 41
91 51
16 74
94 19
20 66
92 103
55 140
36 192
38 143
26 102
51 72
28 106
13 61
15 21
16 39
62 60
79 181
90 140
24 101
77 130
45 188
45 70
10 193
89 141
15 107
31 160
84 122
75 168
89 90
16 48
96 184
23 10
73 43
59 61
48 132
75 114
56 12
90 68
44 79
48 175
82 85
59 145
72 20
69 23
67 113
35 41
60 194
36 104
14 194
36 162
73 158
89 67
36 92
75 199
55 168
73 137
46 128
18 93
55 36
48 61
68 180
37 79
76 146
30 31
10 171
86 109
73 101
92 132
52 134
86 166
96 125
50 189
79 26
66 181
88 200
63 57
40 146
53 195
16 142
12 74
45 52
43 84
62 160
33 171
16 158
28 39
29 60
97 146
80 142
48 185
83 180
93 163
17 180
99 60
72 27
83 78
88 141
78 78
66 180
34 37
72 197
38 40
36 127
15 166
67 124
90 53
71 14
24 72
81 186
54 127
76 90
23 137
69 169
30 164
55 53
60 128
59 101
71 117
93 177
54 131
82 77
61 70
41 11
46 86
51 98
28 42
43 73
97 51
85 197
89 32
33 49
19 111
53 151
30 12
18 144
57 72
70 150
59 135
46 85
76 160
48 68
29 194
88 15
45 16
96 115
65 94
72 32
10 116
16 66
23 122
57 116
31 42
41 137
81 17
37 31
26 38
13 12
18 64
62 132
80 62
77 120
39 22
72 163
80 159
77 90
19 50
81 108
13 61
73 92
89 122
57 79
75 24
13 26
67 133
90 160
76 16
45 153
31 65
61 168
65 156
74 138
62 75
68 121
29 123
66 38
41 161
38 17
35 200
15 97
97 46
55 139
78 170
94 92
23 197
26 92
82 173
69 192
98 86
79 17
31 160
50 88
19 186
84 138
19 162
52 139
11 103
95 72
50 158
41 141
96 79
58 173
100 74
91 111
16 120
39 25
29 197
52 42
57 19
89 189
42 195
89 190
54 25
38 182
88 81
74 193
42 189
40 23
65 151
55 57
15 86
62 162
63 187
25 108
56 186
93 188
23 44
47 121
64 82
79 54
98 68
51 146
91 33
89 131
64 128
42 65
81 93
93 130
24 42
70 96
37 168
75 29
43 82
72 83
13 64
65 150
55 186
58 191
50 76
16 13
42 121
36 29
96 107
74 105
90 52
97 178
22 96
31 44
99 182
68 165
96 66
67 180
19 30
12 125
23 112
26 112
74 17
48 80
35 146
59 96
72 18
58 29
42 115
55 93
88 193
97 153
25 183
50 165
94 145
47 122
40 38
78 145
32 30
91 194
54 42
89 175
58 175
25 167
42 101
84 197
100 129
29 185
96 103
12 159
37 37
58 139
28 147
88 123
69 142
61 154
44 26
55 68
49 167
44 102
57 129
63 195
98 70
87 12
13 150
45 54
91 62
78 64
100 132
23 188
60 136
97 90
40 114
85 165
92 27
22 159
100 200
20 46
57 154
54 53
49 31
17 101
62 146
65 105
12 175
82 162
69 77
55 62
46 22
40 82
75 127
38 28
26 37
34 16
99 125
50 127
47 192
56 52
58 26
60 36
15 82
76 123
36 83
35 174
40 45
63 168
70 131
41 110
93 72
76 14
60 188
17 133
89 171
59 160
38 165
60 10
66 48
34 62
72 142
28 38
41 103
69 182
35 13
13 57
83 51
89 62
58 13
56 61
23 13
46 15
76 71
10 80
47 172
87 52
64 158
74 133
49 99
58 150
23 49
55 190
95 101
54 163
57 79
15 100
67 77
37 94
10 154
74 90
42 96
20 60
28 57
90 169
97 142
40 69
79 158
68 93
46 121
42 175
38 112
25 116
89 23
91 160
96 186
54 114
78 194
86 190
64 23
25 17
39 120
33 157
20 169
44 148
84 138
65 124
22 39
70 49
48 61
71 63
78 70
88 161
95 197
67 148
11 151
35 186
17 97
65 160
30 35
37 190
37 72
78 34
89 186
30 188
62 94
87 126
68 60
11 61
11 79
37 110
67 175
97 112
37 60
54 150
22 21
60 92
90 117
14 197
39 12
30 161
79 77
83 72
99 38
25 27
15 121
65 171
68 45
62 10
75 188
52 23
50 132
52 82
93 44
33 141
45 105
75 154
77 30
77 143
95 138
37 200
44 131
88 188
16 74
97 104
18 160
48 83
66 45
67 152
10 77
43 137
59 36
21 188
29 150
27 149
81 155
40 180
10 139
80 73
84 198
14 87
40 107
66 70
97 136
17 42
75 147
95 50
76 124
76 94
20 10
34 173
48 11
32 62
45 162
71 166
94 115
36 138
45 55
82 175
40 62
91 37
57 28
54 24
53 148
80 37
23 163
17 146
31 173
25 170
57 146
64 114
78 30
36 93
98 70
16 78
78 117
41 164
44 194
19 120
68 130
14 110
18 168
58 99
68 75
75 95
76 47
28 114
81 72
29 155
79 107
14 98
86 149
43 170
47 83
33 126
20 36
49 116
66 125
38 156
50 96
27 54
41 72
85 22
53 177
53 88
56 21
95 119
56 82
77 168
60 168
61 158
91 163
15 42
22 100
96 121
47 82
40 141
21 144
16 122
82 164
66 47
71 29
85 11
13 65
73 56
62 106
50 71
86 76
62 190
52 112
77 174
87 118
47 150
48 133
79 25
66 93
74 115
20 61
16 35
74 107
57 184
65 84
40 115
15 191
64 138
66 58
100 108
27 69
67 50
52 141
11 132
97 184
98 180
51 175
11 173
45 85
12 127
55 53
12 152
34 159
70 158
23 45
58 195
68 135
59 140
24 166
45 143
89 107
44 183
100 126
16 196
94 155
98 12
51 155
61 63
29 66
81 163
90 76
36 26
53 45
84 120
99 26
41 149
24 197
80 48
20 131
20 167
58 157
14 127
71 146
36 67
85 22
86 124
98 199
11 133
60 118
34 66
67 149
99 101
94 181
57 134
80 27
33 61
92 113
89 128
55 12
51 81
84 35
30 147
66 157
49 112
69 165
37 51
92 26
69 125
29 126
14 173
63 192
53 138
27 56
15 197
56 93
64 94
100 94
91 186
68 131
81 158
29 109
25 53
59 164
21 188
80 47
56 53
69 37
86 177
40 89
20 131
10 73
41 133
21 55
28 51
78 59
15 94
32 198
33 127
32 148
75 71
76 95
44 44
29 160
83 27
37 16
61 63
30 186
90 57
40 127
19 60
69 97
68 156
63 124
34 99
89 17
12 77
46 140
25 68
83 167
40 160
17 56
100 51
45 30
31 115
60 18
47 145
36 175
73 42
22 25
90 182
76 135
83 146
92 14
93 185
59 112
46 165
76 179
20 20
87 147
12 168
53 134
28 81
71 55
30 29
67 66
47 114
27 103
16 108
27 107
99 121
84 58
59 188
42 156
87 57
28 167
82 57
92 170
12 52
16 64
98 84
95 116
32 133
64 90
47 182
54 145
37 196
43 31
13 51
72 12
20 101
42 156
77 91
55 121
11 139
64 26
15 94
97 53
87 184
29 101
58 121
31 89
65 82
34 121
56 130
21 65
66 114
21 23
39 158
75 172
99 108
92 175
13 163
40 84
66 174
39 133
87 41
25 53
78 165
72 59
24 132
52 137
89 169
22 84
84 105
20 67
41 64
85 48
54 81
50 184
54 118
12 160
93 171
98 84
83 21
93 51
69 91
77 31
61 172
38 198
92 172
79 123
14 96
30 73
58 126
84 43
66 16
96 35
67 49
27 112
79 86
100 24
71 175
96 26
28 163
83 65
35 100
97 182
95 182
13 174
67 146
53 162
90 53
81 151
95 119
21 165
88 59
74 162
51 68
97 191
19 44
96 178
56 55
91 141
89 35
55 134
98 165
78 167
63 127
59 122
74 192
47 39
44 86
36 74
97 43
71 188
27 155
66 11
75 167
40 36
13 101
71 16
46 122
13 95
61 90
19 83
85 114
11 144
84 169
30 178
22 117
48 79
20 173
66 70
23 89
10 154
43 123
97 66
73 155
42 104
24 10
74 159
24 154
44 148
66 133
40 146
72 134
71 132
44 139
29 67
48 154
53 28
17 46
24 154
48 79
30 78
23 77
78 15
32 129
88 165
93 100
84 144
58 147
100 151
61 111
12 147
28 94
97 175
58 93
69 142
83 198
75 86
45 46
87 117
44 88
73 92
55 13
54 32
80 123
59 101
53 34
56 131
33 55
97 70
26 33
41 123
16 43
21 116
75 133
72 88
90 127
98 19
70 26
10 146
76 58
43 15
37 127
89 44
95 63
95 132
66 151
35 150
58 96
23 85
99 111
57 61
100 176
85 32
76 168
35 175
98 79
32 164
74 182
48 190
22 146
41 165
85 188
13 102
30 193
44 146
28 183
69 196
61 112
66 193
92 39
58 139
23 22
40 126
18 143
18 60
37 79
25 197
86 152
70 184
99 118
87 68
20 148
23 123
25 124
24 195
34 126
22 83
16 56
50 176
47 179
24 99
78 50
11 158
22 37
32 157
37 113
17 89
81 121
72 176
26 162
65 19
75 124
13 69
84 156
21 181
82 91
21 35
29 18
76 167
47 167
68 35
69 182
75 174
22 160
98 182
48 141
96 52
94 127
20 56
32 189
23 38
75 150
26 32
10 67
51 47
52 157
74 124
10 52
77 84
47 69
67 167
37 78
25 64
78 141
60 98
37 181
13 29
24 10
21 132
38 85
61 112
88 85
55 22
36 168
80 150
96 174
38 57
62 146
15 89
96 66
92 36
55 147
88 20
42 120
46 58
24 132
13 57
47 40
15 155
43 178
63 55
84 64
78 46
98 79
91 108
28 125
41 25
41 12
95 40
44 189
96 160
90 71
76 149
20 119
63 120
28 51
99 92
69 110
64 128
75 97
75 136
90 13
28 105
51 198
56 193
15 23
96 128
14 11
85 197
68 191
31 61
25 102
14 182
58 114
67 13
38 200
42 44
64 134
48 62
36 74
90 139
63 28
53 184
36 154
98 141
37 118
97 29
10 156
15 65
85 175
98 92
67 29
95 200
52 65
35 105
53 150
36 38
81 121
35 189
69 44
64 62
14 164
27 15
24 126
43 31
58 151
39 96
32 62
98 166
28 22
69 90
65 148
77 130
36 173
68 155
52 112
70 12
46 109
41 37
73 99
76 169
68 16
44 62
91 194
28 28
81 132
81 189
99 25
97 159
39 102
46 48
87 163
54 123
56 79
45 140
22 53
11 83
42 185
34 139
93 197
42 36
55 65
72 28
86 177
95 112
87 112
59 105
62 43
58 158
14 190
52 123
84 27
60 91
14 175
49 32
52 199
34 120
19 95
67 177
27 136
36 140
54 81
39 156
14 62
77 47
60 32
52 106
35 31
22 73
12 60
91 188
58 144
14 155
36 44
79 122
86 85
20 61
53 118
100 92
16 142
83 42
75 155
26 35
16 169
57 194
16 16
25 98
78 88
85 32
18 195
20 137
30 26
50 57
51 26
85 125
96 133
94 143
72 139
33 86
10 111
49 125
80 82
34 110
47 86
78 127
88 97
66 172
35 94
81 47
72 32
13 89
12 164
36 87
69 66
14 200
93 85
93 105
70 159
46 118
51 181
79 159
65 141
45 12
67 193
83 157
61 56
95 24
82 111
90 111
43 107
35 155
63 78
62 139
97 108
57 136
75 134
75 199
87 47
82 121
53 95
44 98
12 134
30 150
21 56
50 55
30 36
98 135
56 103
32 196
73 164
53 132
68 25
76 15
55 154
23 136
75 24
27 10
48 180
78 36
20 53
30 179
57 104
39 195
39 29
18 29
40 143
12 124
97 103
31 42
53 98
65 138
17 191
21 103
46 87
31 27
71 33
12 53
86 152
83 145
56 59
43 198
16 159
64 172
78 93
70 152
83 171
10 114
32 27
99 175
65 180
77 100
88 40
52 173
74 13
50 196
79 125
69 98
29 157
13 157
72 94
43 73
60 40
61 68
18 37
50 27
96 77
61 41
59 60
18 132
54 165
52 160
42 142
34 185
60 138
37 160
64 114
93 129
66 53
59 23
66 73
10 109
80 148
98 91
27 187
24 105
65 162
20 85
93 133
37 193
34 54
91 135
33 28
65 102
90 71
26 186
76 168
70 140
96 99
10 157
37 86
10 81
43 159
68 142
17 46
95 195
21 129
83 70
85 13
86 85
77 121
83 74
46 199
24 69
36 77
70 26
92 120
17 191
80 96
77 181
32 87
82 44
73 147
40 29
27 110
85 68
45 186
100 153
36 179
38 125
92 59
25 198
31 104
34 69
24 164
14 144
89 68
80 101
12 104
35 199
52 45
76 34
94 41
30 58
16 20
82 86
73 179
98 39
45 116
57 94
49 182
96 142
100 15
15 77
10 196
47 135
13 154
93 83
15 180
26 48
88 125
72 59
57 51
16 198
18 30
51 58
41 118
48 73
91 76
59 77
83 37
98 146
36 183
47 40
29 171
15 173
24 24
84 19
26 154
26 44
71 119
45 29
30 125
59 195
35 76
29 106
68 94
20 127
32 91
51 81
74 57
76 146
49 142
75 148
12 15
53 113
76 95
92 195
70 45
33 32
21 81
83 57
31 191
35 85
13 175
96 154
48 76
81 114
83 98
16 124
100 87
75 70
47 11
34 13
33 75
82 192
100 198
77 156
19 44
74 113
95 40
15 61
56 178
83 135
95 70
41 21
11 129
32 140
89 159
71 21
12 23
55 23
15 73
86 30
50 53
54 138
45 22
76 33
99 198
83 87
10 60
50 35
83 23
12 154
27 153
45 49
79 189
48 29
38 75
26 182
62 27
21 22
29 130
14 50
62 47
74 38
27 91
27 120
48 73
33 120
57 59
65 56
74 64
36 122
52 137
79 46
76 65
64 14
57 138
39 157
17 25
34 94
43 70
87 32
89 99
26 23
94 122
87 39
46 135
32 105
28 119
55 69
17 43
15 13
39 140
36 168
10 166
88 105
82 87
96 34
10 90
31 167
56 129
78 200
85 191
43 169
28 110
23 106
22 122
53 159
62 90
67 83
55 200
77 125
82 127
60 105
46 19
92 84
53 133
47 45
33 30
56 55
47 62
39 95
50 81
26 101
77 23
45 59
37 174
76 142
46 146
16 150
33 173
91 114
84 128
29 51
87 174
74 122
61 90
45 75
11 104
67 165
43 162
27 151
76 19
58 56
81 172
19 153
42 73
43 71
90 37
49 183
92 29
62 102
96 132
16 113
20 155
93 186
37 135
40 72
65 71
40 143
69 157
12 30
49 174
80 64
62 25
68 78
57 184
21 188
80 159
13 16
17 190
98 72
68 128
64 89
42 95
30 75
44 117
65 137
32 198
38 135
25 80
16 79
43 195
42 21
99 178
66 109
94 19
14 112
71 170
100 191
25 44
67 149
15 150
96 85
29 97
91 182
46 44
34 73
78 138
18 34
10 146
99 104
54 147
71 157
88 29
80 192
52 12
25 80
86 69
11 144
60 39
12 145
52 176
38 123
92 136
22 28
74 101
65 80
77 151
58 197
21 175
29 98
54 172
75 173
17 166
98 17
85 41
27 90
53 13
19 163
18 194
16 64
96 148
25 176
60 184
89 111
26 182
88 178
15 20
63 36
55 88
43 193
40 39
83 191
32 130
43 47
40 157
38 61
20 79
60 23
42 31
57 85
19 166
45 31
23 57
53 174
75 113
24 120
63 70
50 197
15 85
41 157
32 179
71 179
75 66
28 154
86 159
28 134
37 113
35 100
24 33
35 139
82 61
20 79
99 158
83 155
44 175
13 118
46 140
25 31
21 110
27 105
35 35
18 15
24 14
29 120
39 22
45 165
56 106
17 15
69 174
38 140
30 92
32 122
32 145
76 50
97 162
57 135
17 196
10 147
26 89
78 59
90 136
28 17
84 122
70 116
42 26
55 87
93 126
27 152
40 187
20 136
66 159
76 135
87 54
58 175
76 159
74 77
10 91
27 147
43 119
37 143
84 152
36 64
39 72
53 137
63 51
22 197
85 178
54 175
44 55
90 199
37 27
37 119
71 172
76 155
94 139
79 46
64 161
70 158
21 172
79 81
40 33
55 44
59 51
48 53
64 12
65 121
16 139
46 193
63 94
80 43
40 88
87 135
80 22
13 93
33 31
81 29
89 84
40 76
87 116
93 42
31 14
96 181
29 182
67 118
69 165
37 141
21 51
18 113
51 181
44 69
19 12
53 99
12 164
62 32
77 149
56 19
82 16
88 161
99 16
82 128
16 28
28 45
13 156
34 145
28 187
44 12
99 114
53 96
32 109
16 190
39 194
59 54
30 42
75 40
70 105
49 41
83 47
57 36
20 89
56 173
66 197
30 107
39 98
28 52
94 132
22 99
49 62
44 146
87 192
51 154
28 177
85 64
19 126
12 60
39 61
22 123
10 199
21 32
31 65
53 137
63 105
47 133
15 22
34 72
16 119
10 144
27 76
52 153
43 88
20 28
83 57
83 61
81 14
39 186
33 147
79 56
64 170
15 52
23 123
78 16
31 174
34 149
80 170
38 64
46 126
11 39
50 89
28 50
79 185
85 154
92 147
14 48
97 32
78 119
66 25
19 200
49 98
88 83
18 49
96 137
44 62
90 137
44 100
68 35
27 33
78 81
33 31
27 152
55 199
55 21
12 18
60 56
97 180
33 16
80 87
76 14
42 153
62 103
89 162
52 148
89 172
77 31
27 159
94 68
51 65
45 24
12 133
21 22
59 190
30 153
80 184
69 59
77 121
87 178
13 123
87 111
74 188
67 109
20 105
26 147
99 90
31 55
73 53
27 147
94 108
77 152
97 57
47 27
29 175
55 93
79 187
77 13
21 148
97 142
57 101
10 34
55 93
73 193
27 180
66 190
91 39
46 192
40 165
22 97
69 57
98 58
25 196
16 39
34 186
75 186
42 103
90 66
97 154
31 144
69 20
50 43
45 119
45 169
31 64
51 43
41 66
91 145
76 166
99 196
62 167
44 59
11 66
98 77
12 186
37 165
31 189
29 66
25 31
95 11
37 133
90 19
100 148
40 95
39 172
93 86
29 114
65 50
23 71
45 11
44 173
86 74
66 186
85 89
85 199
81 114
94 124
43 165
12 121
86 197
82 161
11 73
67 38
48 110
83 74
58 169
71 98
99 50
27 16
71 112
42 40
77 12
37 183
83 70
62 47
87 38
99 183
98 137
71 57
99 154
27 169
50 33
16 199
78 184
11 46
89 63
15 155
33 75
91 53
34 105
36 22
86 153
79 77
15 59
82 148
19 89
23 147
14 27
23 199
69 171
47 140
59 133
38 89
48 74
13 154
88 66
100 123
80 14
73 143
80 135
52 66
17 72
64 171
10 147
56 134
93 34
97 163
62 179
12 177
70 28
34 42
61 141
83 137
64 188
41 199
10 35
49 180
10 88
82 199
81 140
50 163
47 26
94 166
33 21
61 90
64 138
12 157
35 120
71 23
95 16
86 72
48 97
28 151
92 23
66 52
53 102
24 184
68 152
14 178
29 156
10 23
67 32
60 162
51 86
43 114
85 39
93 168
71 49
34 144
73 88
50 82
21 22
32 141
88 35
32 149
18 197
52 96
89 154
29 35
48 54
38 144
45 136
18 53
95 50
84 60
85 26
100 107
13 18
37 24
39 199
23 45
99 168
39 66
83 11
42 151
74 73
69 173
54 48
40 174
72 79
31 15
100 199
68 146
33 24
19 71
71 166
62 38
50 60
35 54
12 28
15 150
91 155
11 90
14 14
99 81
18 131
86 190
67 42
74 158
65 116
14 91
69 147
20 36
20 35
95 79
66 119
52 179
37 186
53 89
47 166
72 94
87 90
26 46
27 40
60 192
89 22
71 71
31 23
83 178
43 20
17 137
39 119
54 25
28 196
25 115
64 85
37 78
23 104
21 110
22 130
77 101
35 26
75 144
99 80
14 101
87 21
94 42
87 164
99 78
61 173
49 163
26 13
83 44
45 189
34 40
27 88
21 103
27 115
25 157
59 11
21 97
57 128
23 186
15 29
64 116
52 68
99 71
42 131
25 168
37 93
88 58
66 194
60 119
10 18
62 137
58 166
57 75
78 197
65 28
100 136
66 39
49 33
36 64
98 48
21 72
53 94
96 146
61 92
18 17
47 152
37 154
43 190
27 10
72 102
73 32
27 196
38 53
56 173
47 173
69 195
58 186
20 177
84 19
25 17
50 181
25 183
37 75
24 198
85 10
53 137
73 170
49 84
90 173
29 164
29 112
10 32
100 89
84 50
100 89
38 138
77 15
79 47
27 136
75 190
42 133
76 159
51 102
70 137
36 134
29 62
76 101
86 154
57 105
76 123
84 72
58 74
74 192
81 192
84 146
56 63
36 150
47 25
99 98
70 159
95 118
97 110
35 117
63 42
13 79
55 26
21 36
64 40
56 23
39 167
53 33
72 104
32 85
73 46
79 114
72 48
48 37
60 84
50 55
72 177
67 93
20 88
45 127
26 181
35 162
47 165
56 189
74 180
81 199
62 68
43 43
85 178
92 97
17 58
20 190
66 89
21 93
19 66
67 106
64 193
61 185
32 52
73 47
48 46
97 69
28 24
49 53
19 16
11 97
90 82
21 132
52 11
47 149
42 55
67 126
58 112
60 49
87 105
40 198
93 188
50 88
28 12
24 25
47 70
17 116
90 19
98 147
14 84
73 121
65 185
95 42
19 169
19 94
95 11
10 35
92 191
98 22
94 43
10 32
53 183
29 112
52 198
92 77
40 19
18 53
20 56
34 112
75 179
96 110
46 108
55 22
10 70
64 91
81 127
50 73
88 73
30 166
11 76
12 163
55 51
90 79
77 135
65 157
19 198
73 137
56 45
100 194
34 26
66 53
43 40
92 73
91 112
39 16
49 92
87 85
15 28
76 97
15 179
50 88
91 153
87 103
94 186
73 138
65 23
86 167
98 118
44 169
52 112
43 28
68 166
11 194
21 124
34 159
71 177
94 100
50 83
78 161
82 111
78 115
41 100
60 191
56 177
43 36
30 178
69 127
21 24
77 149
64 31
11 61
38 166
12 148
55 189
37 151
29 28
36 45
84 181
15 126
43 38
54 67
77 51
13 171
46 147
73 24
43 70
88 18
49 48
65 118
70 109
29 148
23 146
67 67
95 40
54 104
37 180
16 95
74 189
55 129
15 29
72 169
18 39
73 159
50 178
13 126
83 134
25 34
95 100
57 48
71 97
96 41
61 126
64 140
74 35
97 115
53 32
43 178
82 83
34 151
97 33
94 136
76 184
92 80
17 95
75 78
65 104
92 79
34 79
13 178
81 98
93 193
32 188
47 194
95 149
88 120
61 42
87 172
53 81
23 121
43 13
92 170
21 142
23 149
93 101
60 159
44 61
60 153
79 164
32 131
31 89
27 127
53 162
35 160
98 184
20 199
91 113
38 137
11 37
64 87
85 54
30 139
30 17
47 189
39 58
34 148
95 13
59 80
17 16
98 29
86 132
45 29
72 16
95 111
41 63
30 15
89 33
98 78
83 78
16 77
30 29
89 107
45 111
62 41
85 38
75 150
29 122
100 47
100 147
82 16
68 159
18 172
69 200
65 66
67 128
80 25
29 171
64 192
69 120
87 20
92 127
23 151
34 151
29 21
69 159
80 140
28 60
46 120
74 173
55 149
90 132
80 47
56 129
89 195
39 105
68 40
90 187
96 92
19 191
26 55
95 142
31 87
10 117
26 95
31 27
13 12
58 50
45 72
96 144
83 61
26 115
56 91
11 71
46 59
45 120
15 54
21 132
14 76
56 173
85 172
54 48
51 160
50 89
33 101
37 131
70 92
72 64
21 158
46 190
10 30
19 176
73 184
95 28
95 190
24 63
81 33
83 10
88 33
35 57
30 111
79 119
68 45
86 187
40 141
36 75
29 108
62 58
82 170
50 162
22 132
71 163
86 138
96 137
92 73
46 128
82 14
28 188
45 40
81 86
53 195
31 176
31 22
81 14
55 143
95 162
48 11
40 50
71 131
23 143
55 13
37 190
54 128
92 79
76 196
26 195
96 127
17 113
46 25
83 143
35 104
37 76
42 95
22 88
56 137
28 41
65 113
54 170
27 52
60 64
35 25
38 80
93 49
10 104
12 121
45 66
24 185
26 185
93 69
39 117
81 115
13 158
66 44
16 123
19 188
93 167
58 56
82 168
45 50
41 172
82 151
38 50
65 159
69 58
46 119
59 67
18 179
79 94
36 186
74 121
68 15
97 198
66 146
83 170
76 79
11 22
70 169
16 31
100 109
45 189
36 110
80 73
73 114
35 122
60 187
60 94
82 142
24 75
50 100
11 138
37 176
74 64
21 34
85 114
72 199
74 195
94 193
95 39
27 47
81 49
83 15
22 68
13 89
65 77
49 168
32 192
86 177
91 130
93 175
72 177
21 159
24 102
51 83
33 100
92 103
62 187
97 137
55 54
26 200
16 26
93 148
96 154
51 85
93 146
23 140
23 53
25 137
38 92
99 119
50 151
64 187
81 120
39 13
77 161
62 129
21 192
38 16
12 21
55 51
92 184
75 100
56 122
95 24
72 68
45 60
100 167
78 168
76 182
32 93
79 196
52 119
55 131
22 154
38 60
15 120
52 28
87 92
87 91
81 18
91 61
87 158
41 127
87 125
88 118
22 72
56 51
19 122
61 150
21 136
15 92
72 66
22 88
54 94
93 76
74 117
13 183
90 167
41 44
13 39
11 100
47 109
98 104
75 157
95 117
64 75
28 139
56 153
85 101
19 16
87 160
77 138
60 41
87 52
95 187
72 49
33 195
71 70
28 190
95 141
85 132
75 149
85 159
23 108
46 159
62 70
69 58
39 60
57 102
72 177
32 27
65 17
15 16
38 109
33 139
62 146
82 99
91 130
73 16
51 151
90 185
57 82
95 40
40 122
65 100
19 64
99 158
96 150
62 183
90 182
56 142
73 181
40 42
19 132
30 181
37 12
26 137
31 29
33 61
24 143
27 83
92 90
24 111
29 196
73 110
42 36
23 148
73 125
68 161
73 50
59 152
97 150
84 171
48 77
43 132
21 26
13 59
38 67
52 157
20 97
83 83
98 151
20 153
65 31
32 123
28 76
37 158
19 196
96 185
81 194
37 125
14 187
58 159
74 178
16 128
79 194
53 19
10 74
62 19
94 97
93 10
29 49
90 10
57 107
49 129
94 145
83 153
69 71
94 197
58 48
98 157
52 168
28 197
67 194
72 148
81 182
35 74
10 127
92 110
79 82
47 168
70 126
70 192
78 53
88 79
80 155
78 166
35 67
92 197
38 22
68 140
43 136
18 68
33 100
53 108
94 50
37 42
74 40
54 197
77 42
93 18
26 123
95 130
65 158
59 61
11 113
65 186
73 48
41 101
36 87
62 154
38 118
45 136
12 62
69 75
31 199
88 102
47 56
15 167
31 191
20 196
44 62
85 142
12 78
67 103
63 106
75 103
33 85
18 15
99 183
67 52
54 175
30 146
54 18
18 57
52 151
78 124
21 77
57 146
41 141
68 143
21 117
11 104
15 117
87 151
13 11
87 102
24 159
28 29
58 171
23 188
72 184
49 168
53 19
59 48
35 175
57 40
22 69
98 127
85 87
85 76
53 93
61 87
94 37
52 40
69 47
67 163
19 173
77 103
28 88
25 176
15 144
16 187
84 184
99 10
13 13
72 193
16 88
78 159
65 28
13 156
48 61
80 108
94 115
35 59
45 163
45 76
75 106
85 153
72 188
79 194
66 51
86 86
36 109
35 87
45 56
94 14
26 26
56 174
83 134
47 145
84 124
47 24
88 95
70 153
69 141
88 117
52 175
23 132
89 59
48 10
95 95
70 55
68 160
46 64
23 96
84 179
28 41
73 82
52 12
82 51
44 192
99 147
59 173
81 49
23 131
71 149
23 119
44 149
74 66
84 161
26 10
47 14
88 198
67 179
15 133
67 144
70 200
89 135
93 181
29 25
15 89
40 149
47 32
63 76
17 121
61 62
67 19
85 197
34 188
100 39
52 49
41 88
47 84
94 64
70 40
63 42
65 86
56 116
30 122
39 18
18 62
24 198
14 172
45 122
12 23
30 78
27 167
29 144
44 22
20 172
51 98
41 161
29 15
34 126
22 124
94 13
16 26
21 113
33 48
11 146
54 29
43 157
46 24
51 80
91 120
10 101
88 76
10 35
45 194
73 30
14 107
95 115
37 56
48 133
25 74
50 168
51 136
93 122
99 46
84 30
59 87
30 18
78 25
16 57
34 38
34 127
98 123
67 101
88 103
49 106
34 146
35 103
34 41
25 97
79 38
21 77
45 81
73 91
78 163
90 127
20 36
94 191
58 129
60 161
28 159
12 19
13 174
81 50
72 126
23 104
58 97
40 114
82 100
70 64
45 154
23 96
89 56
81 151
30 20
45 27
55 21
17 116
92 138
48 21
47 137
30 83
11 108
52 192
26 181
95 103
70 80
88 136
42 96
57 144
24 62
27 119
93 187
80 81
38 34
10 30
42 29
88 17
43 112
43 168
50 76
38 70
62 80
84 115
46 125
73 115
86 18
82 51
40 102
25 162
78 35
60 131
62 107
70 24
39 159
18 124
93 73
14 23
24 11
65 152
82 198
73 125
43 134
99 31
14 131
95 196
56 186
18 54
55 108
30 124
43 94
26 112
91 52
60 144
18 52
27 23
69 197
19 76
60 126
75 178
86 101
62 56
77 142
66 191
64 13
31 127
77 195
49 120
31 153
34 112
40 172
45 87
57 85
11 119
25 93
33 78
62 112
59 114
72 47
76 137
10 62
86 181
61 92
98 93
87 177
37 105
90 186
79 137
42 157
70 70
19 164
75 55
95 85
25 163
11 85
56 162
13 154
41 14
29 64
99 146
77 159
48 200
77 55
28 14
60 13
84 73
98 56
56 85
99 99
75 52
24 138
64 154
62 190
45 192
50 100
12 106
86 10
99 192
30 85
35 78
31 114
12 120
83 82
90 113
83 42
43 189
48 12
79 104
18 144
97 66
20 77
91 91
12 133
76 144
85 144
29 161
35 197
50 39
98 74
52 71
58 118
40 142
99 44
59 133
49 176
27 43
71 26
72 141
76 51
21 200
64 139
29 86
26 39
60 35
25 100
93 76
12 189
32 150
21 75
70 33
89 115
36 114
20 12
85 102
62 194
100 82
37 83
68 90
67 94
29 60
45 55
18 44
61 155
11 110
20 110
86 114
21 21
75 168
73 116
71 111
19 15
12 64
68 184
15 44
50 102
70 104
99 85
86 34
18 144
49 104
20 89
45 89
63 57
16 157
32 161
22 117
63 93
94 119
11 158
17 187
86 113
53 28
56 50
24 50
41 198
100 58
13 173
90 198
71 37
54 37
89 21
51 28
98 136
34 24
60 113
12 164
72 113
46 35
100 55
99 158
76 18
99 151
59 187
45 55
46 103
75 33
72 69
75 62
23 10
30 109
19 100
34 173
95 76
25 156
84 73
88 17
38 163
93 106
36 107
15 15
43 76
96 135
59 124
74 151
85 108
61 59
44 144
39 200
18 50
32 196
85 112
15 38
22 162
62 88
51 129
20 89
100 144
53 130
39 54
83 12
74 152
35 171
82 126
100 148
34 147
45 123
58 168
84 188
64 107
19 40
65 159
53 51
89 177
76 12
75 73
59 26
18 132
73 153
64 179
43 67
57 86
97 27
45 153
38 26
42 80
67 106
84 19
24 196
31 140
16 60
66 56
62 48
65 106
81 78
97 112
16 10
54 138
74 64
62 54
14 162
66 171
91 197
98 36
38 188
58 43
78 191
80 157
51 132
27 51
26 160
98 158
46 164
51 199
20 197
38 141
97 21
48 47
60 114
54 53
27 83
12 183
42 41
51 147
25 45
30 164
98 163
26 176
86 59
15 18
33 49
73 57
92 83
32 111
56 10
56 109
95 85
84 192
39 52
36 79
55 147
12 104
37 197
48 101
12 75
34 145
88 59
17 17
17 107
83 140
31 95
52 34
86 152
70 107
23 175
49 124
52 40
74 75
86 119
18 126
28 97
76 120
93 83
47 99
38 89
79 131
58 99
39 165
73 193
38 65
94 48
16 132
81 28
42 171
18 16
17 142
100 10
96 93
29 32
55 107
62 64
17 107
71 14
34 24
61 155
45 16
93 101
16 137
48 10
56 77
69 47
46 154
47 114
23 144
36 49
23 91
19 100
25 77
46 80
40 144
64 13
68 71
43 154
46 67
39 127
54 183
18 166
28 11
84 194
75 59
64 39
62 180
89 149
69 98
42 182
85 75
91 56
69 134
79 134
68 177
59 147
31 46
65 117
76 35
45 36
76 187
92 45
34 59
30 45
67 33
18 31
74 55
56 57
48 99
63 23
22 85
45 56
43 116
47 180
65 116
22 68
43 114
84 91
100 130
39 131
82 186
71 95
62 51
14 63
68 145
70 15
43 80
78 162
30 45
64 170
59 147
42 97
96 174
75 45
83 125
24 99
14 140
37 186
64 126
29 142
25 181
66 133
19 29
50 67
20 35
79 59
43 107
23 75
90 146
50 26
54 120
54 24
11 121
78 61
92 114
14 173
12 184
28 166
29 21
68 133
90 102
61 83
74 171
78 144
78 102
89 199
45 118
80 92
93 88
83 120
70 180
55 107
73 188
10 18
95 138
84 89
31 144
33 103
34 155
57 52
82 27
32 90
58 129
81 186
75 181
52 51
66 188
70 166
32 63
83 49
92 159
27 95
26 113
70 60
51 33
14 157
79 187
66 197
55 62
95 143
25 109
27 23
96 153
72 137
74 196
98 49
73 126
94 78
65 143
92 139
43 52
55 59
49 154
65 166
37 82
76 69
58 114
87 143
98 82
34 138
66 76
53 53
100 133
44 52
63 71
87 63
11 99
33 186
69 12
43 102
64 82
10 108
82 65
82 118
62 141
67 80
91 55
35 31
18 66
17 75
21 98
29 106
52 85
25 83
58 64
69 14
83 179
13 166
73 175
97 24
17 151
68 166
35 39
51 196
25 104
68 88
69 64
65 32
94 97
48 69
91 123
79 109
94 176
92 179
31 169
71 130
68 130
90 137
85 126
36 99
14 68
16 43
45 14
11 105
51 13
42 51
19 59
69 92
56 45
49 27
27 106
69 168
10 86
78 39
51 80
12 53
24 148
45 103
43 185
50 52
86 15
43 179
73 65
78 110
78 153
22 149
35 95
43 107
92 41
74 196
40 85
13 114
11 169
67 175
48 58
82 16
15 154
99 117
79 77
60 154
92 165
68 123
15 17
14 75
74 199
18 194
71 152
21 127
23 158
16 117
49 184
11 91
66 129
49 168
75 46
71 92
87 44
99 127
55 77
14 134
45 105
85 192
33 77
78 20
38 63
25 63
88 93
47 195
80 164
68 61
10 105
37 55
29 191
41 12
92 16
55 154
57 106
42 10
52 85
98 30
19 181
19 27
55 26
67 107
22 196
96 34
62 123
63 62
20 72
71 193
56 22
92 10
71 135
10 135
59 65
56 191
36 37
28 131
39 50
32 78
18 16
27 159
66 193
30 86
55 96
95 176
32 67
30 70
73 198
32 54
44 150
53 120
61 51
68 96
72 99
57 150
70 87
66 100
72 140
27 177
39 97
43 156
62 149
34 190
47 41
19 52
51 78
14 11
50 33
17 76
24 105
55 49
56 145
35 105
60 136
60 132
82 77
30 29
56 146
67 15
64 74
92 180
93 41
33 126
85 121
17 177
58 17
100 51
37 198
84 80
94 92
93 30
90 132
71 28
30 80
18 76
31 103
15 129
59 101
72 190
31 47
95 81
42 57
100 72
45 111
72 53
43 166
30 174
95 135
85 187
45 46
25 171
56 151
96 96
21 167
10 85
47 94
92 123
15 99
64 39
38 150
58 192
53 167
20 56
86 156
25 107
50 117
13 154
77 20
63 131
29 146
100 33
75 183
61 24
46 176
46 80
13 169
61 61
89 58
57 36
28 163
20 50
28 76
81 181
39 42
99 107
60 117
78 60
52 120
30 193
16 161
24 41
23 179
28 64
100 44
38 62
100 89
13 119
25 117
38 62
81 11
65 170
88 133
28 61
88 138
27 182
68 139
29 49
70 149
45 165
39 37
14 32
75 163
73 70
54 85
60 50
91 125
29 47
74 84
70 143
49 165
71 154
45 181
51 41
53 118
91 178
76 66
74 60
65 185
56 99
100 108
98 189
84 193
30 123
80 169
71 132
40 33
90 79
84 100
97 198
43 149
18 153
45 197
22 56
81 189
35 94
37 105
33 140
65 152
67 17
97 162
27 74
68 68
28 41
63 96
41 188
28 35
32 72
47 19
79 77
29 84
60 116
53 87
67 120
53 130
70 149
24 110
93 97
73 200
50 170
52 200
48 152
46 141
49 99
31 153
26 148
86 149
60 37
76 130
26 86
14 96
31 162
89 90
27 17
51 29
50 28
65 156
26 75
75 15
10 46
47 153
62 185
57 90
40 171
39 180
68 113
42 124
78 116
65 167
45 137
26 144
63 36
90 146
99 16
98 66
76 109
80 101
46 153
49 148
75 44
33 191
37 24
84 42
12 162
64 119
18 16
49 74
77 173
12 134
55 183
38 97
24 51
58 27
60 22
37 139
92 113
84 193
78 65
50 101
69 33
82 136
63 93
64 93
76 63
32 110
84 60
14 148
84 15
21 140
75 151
84 95
98 29
11 12
88 134
73 123
72 135
50 39
91 102
81 127
33 161
50 21
79 54
31 179
32 145
21 121
44 17
80 171
25 137
33 134
48 98
22 70
66 127
61 117
28 21
76 196
61 92
75 58
86 188
72 39
55 144
68 71
95 10
83 10
44 36
76 29
28 11
18 191
66 179
95 170
26 163
53 36
12 194
87 11
40 111
59 158
94 35
36 50
80 82
25 162
41 196
21 53
96 92
44 125
14 163
62 103
24 81
24 191
49 35
31 99
21 55
80 35
22 119
20 105
77 159
31 98
79 91
31 150
25 197
52 86
19 12
13 106
35 129
67 23
45 89
69 135
84 12
25 35
16 78
50 133
77 61
17 180
66 14
46 180
19 69
64 183
17 65
69 189
11 175
69 161
39 136
57 40
38 76
71 102
23 60
98 192
44 76
61 119
60 165
98 103
10 154
51 118
44 186
13 25
61 130
46 89
26 92
28 24
27 50
69 145
62 162
46 55
34 172
21 151
57 63
15 182
49 173
28 47
82 27
46 184
21 81
48 33
37 34
99 164
71 197
10 187
87 109
44 38
96 27
57 38
81 76
63 153
72 131
67 50
83 96
12 138
47 139
48 152
33 73
44 59
67 67
43 48
97 99
27 46
87 76
61 62
54 105
13 13
74 25
86 48
89 121
13 100
56 180
25 44
14 156
36 133
19 129
78 179
10 90
24 200
50 132
33 121
14 109
89 106
23 189
88 57
80 164
91 181
96 19
13 39
28 108
34 200
26 177
97 120
77 67
29 44
11 23
73 46
42 100
47 68
90 130
58 41
42 105
57 57
17 58
91 122
16 92
27 58
97 142
65 168
51 131
53 18
90 179
75 88
40 18
40 180
62 126
14 52
90 54
86 178
75 29
86 123
71 42
30 22
80 184
39 195
86 14
52 80
61 80
22 83
54 170
91 70
40 95
64 182
19 55
80 106
41 81
81 29
31 43
31 109
66 44
10 153
59 129
42 74
32 56
81 130
97 53
45 156
28 102
73 142
64 118
37 65
34 88
23 124
89 139
72 160
22 170
58 64
40 178
98 140
44 141
55 72
48 59
30 166
15 176
20 142
99 167
81 82
72 81
94 188
56 72
14 13
53 80
92 174
15 61
62 81
29 173
43 198
97 13
50 26
19 115
87 73
60 177
94 170
25 16
46 111
15 147
92 131
29 47
59 95
35 17
37 89
27 153
38 55
87 72
95 158
91 73
67 101
11 18
89 163
65 70
50 114
38 52
45 76
78 161
45 199
68 172
19 192
96 187
78 124
78 152
41 78
15 145
72 86
75 83
33 21
85 155
63 172
68 183
86 108
18 52
10 133
20 16
40 13
20 182
14 94
42 52
19 171
96 174
54 184
95 139
63 21
68 143
71 112
40 73
34 89
94 139
40 173
61 157
36 181
94 125
77 94
38 79
35 175
30 132
20 143
74 176
19 176
15 180
83 86
89 119
100 11
95 199
49 192
62 194
80 159
68 89
43 128
96 128
100 54
65 105
56 164
63 162
86 19
61 48
67 14
38 81
48 36
22 34
40 100
79 21
46 180
29 123
59 80
65 53
56 144
48 132
74 49
83 90
32 55
80 187
63 107
73 131
56 181
51 194
22 26
60 151
84 149
38 146
57 135
17 186
75 181
68 199
18 31
60 144
10 60
84 191
64 20
26 133
40 98
59 115
14 153
11 153
51 150
46 141
48 132
100 153
61 64
77 176
34 83
64 195
82 72
13 133
93 150
72 116
13 12
38 196
93 129
21 77
85 91
94 153
64 155
61 168
77 122
11 137
80 63
88 171
11 160
60 28
73 180
42 191
15 199
10 159
80 179
94 27
70 87
13 125
96 96
65 72
18 35
35 55
30 152
13 56
29 140
41 63
11 52
32 123
24 62
30 20
44 150
75 121
26 28
54 90
60 149
47 166
75 194
73 106
11 36
80 99
56 48
76 107
64 28
80 174
84 166
89 132
39 43
48 186
95 131
83 20
100 70
76 75
18 187
32 52
78 146
56 33
92 138
97 118
83 194
50 79
38 119
47 118
92 96
75 58
76 191
94 95
94 65
12 159
33 154
37 109
52 164
50 126
68 83
52 78
21 169
70 101
84 169
69 83
54 134
78 102
54 20
21 29
93 192
11 140
64 200
43 87
20 23
11 64
29 68
83 16
63 79
43 157
22 137
92 146
99 14
49 39
93 79
89 135
36 79
26 58
81 156
58 41
42 159
86 86
83 50
54 96
74 42
99 10
52 149
14 84
21 16
55 190
66 14
14 189
49 41
44 151
43 171
36 199
68 122
52 190
43 20
12 102
100 172
18 44
16 71
17 95
29 30
47 196
58 74
40 129
34 29
79 136
83 127
58 184
80 40
17 200
59 80
83 116
36 26
25 15
68 67
22 176
84 27
35 155
63 176
54 18
20 27
71 59
53 99
60 183
82 15
100 24
93 128
14 192
90 79
23 52
14 140
98 88
10 19
99 92
68 159
66 32
91 87
34 142
18 135
29 150
13 173
46 90
27 115
40 43
32 100
27 163
95 124
94 63
63 126
20 161
97 67
62 103
66 107
29 164
32 35
80 25
84 120
10 97
28 177
71 61
46 58
93 173
28 107
88 148
40 192
65 150
37 134
76 46
29 132
29 93
60 157
94 154
77 13
98 145
34 23
98 122
72 63
64 64
92 141
88 14
12 131
74 12
86 50
85 94
60 70
20 172
65 107
17 158
61 187
89 133
90 120
73 92
92 183
68 154
95 169
67 56
23 156
90 175
96 119
68 21
41 89
66 70
98 130
54 139
94 142
61 160
82 160
98 55
76 41
19 88
36 179
68 143
33 35
11 173
85 198
38 166
63 189
39 115
83 97
36 77
79 136
22 111
90 122
88 60
91 176
89 196
90 115
65 131
30 55
96 106
89 87
47 172
80 163
29 14
76 151
54 109
21 130
31 25
38 18
65 47
32 56
44 182
26 171
88 123
83 15
14 111
69 133
76 11
81 180
26 144
66 132
63 60
36 105
77 169
19 185
46 119
12 70
16 23
97 33
28 78
77 176
12 166
90 83
47 47
90 48
42 58
87 77
32 75
97 196
95 107
21 70
10 41
37 137
58 184
63 11
28 20
24 62
92 151
26 18
91 64
17 190
61 48
82 42
88 60
100 190
83 60
38 194
87 11
15 158
15 133
74 68
78 180
72 185
18 121
77 117
93 49
32 131
96 185
54 21
44 43
81 22
26 81
26 196
91 179
63 111
70 134
47 98
78 133
33 42
59 97
48 72
48 76
58 44
90 177
42 116
71 99
13 124
47 155
15 97
67 72
88 88
58 20
38 130
96 80
38 39
61 132
58 125
63 115
58 102
34 58
39 122
28 136
99 140
24 177
20 45
36 77
17 65
85 120
90 51
60 168
50 11
19 25
90 140
67 107
41 43
54 71
50 125
65 44
54 108
15 112
22 80
24 109
96 110
82 163
58 63
65 75
69 72
59 11
26 65
58 65
70 86
43 97
37 144
75 86
39 164
62 60
38 41
88 44
92 10
71 114
10 171
10 161
79 91
80 67
37 114
14 88
39 92
87 43
98 128
64 143
58 172
95 170
17 153
72 144
51 32
65 81
47 36
74 36
77 46
20 107
45 80
81 184
25 181
57 63
45 158
12 44
52 189
41 155
41 16
21 137
61 146
88 32
94 92
23 154
31 16
53 101
64 88
40 92
55 123
55 190
60 162
46 32
70 58
23 113
43 96
46 115
26 123
55 34
48 60
96 156
17 60
89 165
36 130
13 29
68 44
87 146
85 85
99 168
63 188
71 18
63 165
15 137
94 126
15 114
44 161
27 42
12 115
76 194
87 118
35 132
16 96
51 170
61 110
24 147
23 39
35 23
18 122
18 103
17 133
23 46
77 76
56 148
99 119
34 91
80 28
55 10
89 155
93 128
98 106
80 195
18 51
50 151
62 158
82 54
88 82
75 196
89 181
61 194
32 150
89 147
61 141
51 104
56 138
52 172
30 96
28 23
89 197
54 143
80 61
74 66
48 99
48 124
85 47
40 168
10 23
72 199
80 83
64 94
35 145
96 77
53 75
83 20
45 75
99 25
80 185
98 80
36 176
16 153
98 111
81 53
29 78
22 122
27 165
50 16
98 93
98 162
22 185
61 51
34 191
88 198
48 181
30 80
85 93
49 21
90 186
43 161
35 127
33 59
47 132
58 22
73 160
10 195
53 20
59 24
74 123
43 198
48 133
50 102
15 121
31 62
71 190
67 183
35 139
65 51
27 96
69 129
48 80
91 20
46 180
30 113
12 90
86 70
42 200
36 81
77 97
60 49
37 189
97 45
70 84
87 64
90 183
39 46
40 128
82 187
32 124
49 75
82 53
75 69
76 119
79 186
74 116
53 135
17 77
79 98
26 100
27 142
36 134
97 157
40 55
58 12
44 85
87 195
11 33
56 194
78 47
29 169
79 34
68 101
37 95
81 73
27 162
22 66
17 13
35 191
50 199
100 48
60 91
26 34
63 140
39 78
77 27
98 151
10 162
58 164
27 62
44 62
90 40
50 132
81 197
98 113
74 137
31 101
62 37
49 154
36 164
17 165
15 91
20 31
86 10
43 143
60 42
46 99
49 157
100 105
23 164
67 171
73 180
37 118
89 39
11 195
70 115
43 195
76 96
44 92
76 53
26 193
70 72
75 169
10 133
55 195
50 124
26 18
26 79
100 132
46 41
46 144
72 107
99 186
87 28
24 132
73 145
50 190
92 37
68 57
14 74
31 79
13 59
83 112
17 57
52 79
45 182
40 55
84 25
70 124
33 151
48 126
77 192
55 102
29 94
76 33
51 44
95 167
61 32
37 43
22 134
38 179
30 169
27 46
59 108
91 49
34 59
41 166
80 124
86 113
61 60
87 19
58 59
73 177
21 76
40 173
96 166
82 181
90 29
82 139
12 30
84 29
64 165
55 142
64 96
42 117
55 34
43 39
63 146
38 177
32 69
98 65
53 123
96 180
58 107
97 134
66 140
13 197
59 183
62 13
15 57
54 46
76 90
26 177
19 125
66 69
76 124
75 40
59 13
23 53
64 173
83 59
54 175
11 16
61 36
95 56
74 174
26 177
53 180
95 89
50 149
20 110
40 116
44 131
18 173
21 51
85 174
17 56
43 167
20 126
88 116
60 119
16 86
82 143
72 91
38 181
53 23
91 125
86 53
34 92
100 73
82 160
38 54
38 184
23 90
29 34
15 103
80 106
18 104
88 87
90 137
17 68
63 192
24 123
87 82
59 81
46 137
32 182
83 68
63 22
24 118
61 187
60 32
95 42
91 175
64 133
98 198
76 83
33 196
26 55
92 31
58 21
69 179
82 182
56 33
11 37
79 61
52 195
55 150
23 53
83 167
41 57
12 188
20 197
60 147
98 103
28 22
95 169
88 151
55 59
74 143
66 136
71 144
45 120
71 178
77 38
52 160
50 130
78 14
42 196
13 21
95 162
47 35
71 46
29 101
30 194
35 46
62 102
20 103
38 94
18 28
88 46
40 198
68 170
13 135
99 28
56 85
91 23
45 176
81 152
41 19
37 154
13 117
79 79
86 90
57 112
39 108
70 130
34 157
93 173
17 108
98 81
47 47
72 137
13 19
26 111
70 54
80 119
41 133
12 193
83 173
90 164
94 95
97 29
13 14
18 154
43 36
36 139
95 186
78 86
13 175
21 67
100 73
62 32
12 164
74 61
40 162
22 60
77 131
13 141
24 114
54 91
28 164
53 35
41 116
36 187
41 142
34 152
91 29
34 32
67 42
95 163
62 120
83 94
79 113
71 51
62 141
12 10
95 173
18 118
93 181
87 190
61 149
26 149
24 158
61 195
12 75
95 15
26 22
18 101
43 145
51 185
94 95
91 55
25 43
93 189
22 90
94 158
17 162
78 49
23 120
82 131
47 43
96 23
70 56
21 192
83 100
61 143
31 184
80 118
67 173
70 61
14 128
15 90
90 158
96 31
37 185
45 84
16 110
54 95
44 77
42 191
80 63
55 197
60 121
10 84
22 42
22 168
50 188
38 72
26 30
96 44
65 66
44 77
70 58
64 166
16 48
83 115
14 89
51 181
41 46
98 136
92 43
71 39
53 195
71 187
49 15
38 51
96 160
92 81
78 102
32 156
67 192
33 85
22 193
51 145
96 164
61 129
20 27
28 70
46 80
85 58
18 99
69 22
12 39
87 110
31 129
26 92
94 125
75 66
94 76
23 168
27 125
39 79
21 76
17 198
63 16
59 97
32 167
93 198
41 192
67 126
13 163
13 105
49 28
67 48
95 184
85 167
16 123
66 94
34 27
37 179
83 159
75 173
14 196
55 120
99 98
61 150
20 97
63 182
97 59
56 52
62 56
82 184
71 97
48 11
38 13
98 12
24 76
41 87
93 166
81 79
60 86
57 136
76 116
83 131
38 158
79 28
86 12
20 48
25 124
67 78
49 28
80 88
90 77
62 177
96 15
37 140
54 117
78 129
56 36
55 19
69 53
90 41
47 83
26 188
74 118
68 123
47 157
93 73
20 19
72 110
50 138
77 149
99 137
77 99
86 148
54 192
54 179
62 67
96 124
70 58
61 153
45 43
92 195
50 177
45 190
71 50
37 148
42 194
73 88
97 91
93 43
11 26
84 127
55 95
95 172
11 125
69 137
69 55
74 108
26 156
47 130
57 67
51 16
81 27
24 186
34 141
81 34
17 62
15 84
61 66
39 112
34 169
99 183
22 22
28 68
97 199
41 186
19 131
60 138
22 129
30 99
98 164
90 70
28 139
83 184
21 189
41 198
37 178
92 194
81 91
40 181
54 92
84 188
70 11
16 182
88 92
29 43
37 69
16 92
66 47
88 193
64 36
76 37
37 169
93 26
56 125
47 160
20 15
26 73
44 94
62 181
22 169
33 52
15 139
58 58
27 75
65 78
80 62
35 127
77 147
77 102
30 183
86 121
61 52
37 48
34 82
80 156
87 64
49 122
95 176
80 44
58 42
57 142
38 16
97 136
80 33
91 89
13 155
57 47
78 37
22 155
36 126
65 194
58 131
30 26
27 129
28 147
99 185
66 98
73 190
95 188
52 105
70 50
24 120
19 77
27 185
57 78
77 177
82 134
42 30
41 34
28 54
35 153
87 102
16 50
16 95
28 126
12 148
67 70
85 97
72 36
61 13
17 13
57 19
25 108
16 131
48 31
14 147
14 12
27 23
67 152
92 124
45 120
90 87
74 173
41 162
75 99
27 169
46 166
87 83
63 61
17 26
44 179
37 78
29 33
76 78
40 44
33 96
78 129
95 178
49 191
50 165
44 147
21 35
95 134
40 175
17 156
75 89
39 176
53 160
18 115
97 196
12 94
40 124
96 86
85 157
77 106
75 200
92 55
53 155
47 177
60 16
10 165
95 88
35 97
50 161
84 118
99 172
82 68
29 46
80 40
38 43
91 137
83 11
51 111
86 13
34 129
95 18
70 149
26 77
54 156
55 68
28 14
39 98
61 169
40 38
78 171
12 179
70 148
14 110
73 158
62 135
88 167
85 45
63 61
69 195
30 161
23 125
83 136
49 58
27 168
91 146
10 192
63 67
41 126
98 18
19 146
64 35
33 130
17 49
13 194
72 41
15 139
72 162
36 190
48 190
16 140
11 140
30 82
56 70
48 17
82 125
67 65
71 87
47 41
92 166
71 181
37 200
47 175
81 15
73 192
43 165
56 153
65 85
24 123
54 75
64 67
73 105
88 161
36 107
75 130
92 25
43 113
22 74
26 28
70 72
75 96
47 164
63 175
23 116
22 14
93 49
73 193
23 16
98 148
48 167
84 198
72 10
57 50
60 40
93 165
42 101
11 173
51 165
44 146
57 66
11 84
48 65
67 93
34 51
27 197
91 130
64 22
80 147
99 25
64 165
38 122
21 85
37 163
19 64
42 142
43 102
69 69
72 114
22 72
54 13
85 16
56 105
59 85
39 125
82 71
64 125
51 189
12 99
53 92
29 103
79 95
100 93
60 195
36 149
83 196
28 146
77 107
86 52
64 157
99 149
70 99
55 32
54 116
68 60
70 96
63 75
66 169
11 178
86 199
14 51
34 77
52 196
61 81
90 32
68 57
59 77
68 65
64 33
25 41
35 21
35 79
49 129
49 89
69 31
58 53
19 103
23 103
47 139
51 179
88 32
41 153
62 193
13 41
37 200
26 142
29 21
13 141
95 57
35 68
94 151
54 185
28 54
26 163
94 104
55 187
92 19
43 91
11 168
85 27
28 186
53 199
15 170
69 159
79 12
80 161
94 173
37 27
53 76
40 52
90 186
43 141
33 189
50 197
77 166
25 166
88 25
96 170
41 147
19 55
75 167
98 146
76 173
43 199
94 18
82 63
20 100
26 189
54 68
85 87
53 51
79 175
85 38
13 73
18 94
89 168
11 146
14 43
37 121
21 10
73 104
67 145
34 100
43 126
12 162
99 14
80 99
67 92
30 167
44 145
83 117
22 176
35 48
77 23
81 94
84 109
98 121
90 34
50 200
99 23
12 197
25 186
53 49
100 65
51 76
12 131
83 134
33 66
57 137
70 152
14 137
44 39
74 105
32 113
18 57
29 86
44 187
18 182
79 183
23 85
14 68
70 40
56 134
58 186
56 188
94 113
51 19
24 194
40 50
37 39
84 75
75 163
54 200
30 109
92 34
53 40
22 20
100 105
69 10
35 37
54 71
92 155
36 126
18 16
69 98
68 85
19 151
86 24
25 34
86 154
13 128
83 162
68 97
47 127
55 191
68 128
17 137
57 176
83 75
99 50
27 26
94 148
62 184
90 161
48 107
64 88
30 119
30 17
44 129
77 169
56 131
13 46
21 23
96 120
42 193
44 72
77 107
49 198
33 195
31 143
29 94
39 148
84 70
90 63
42 132
69 174
28 162
50 142
49 30
86 84
19 65
40 52
74 179
77 97
33 30
30 95
100 59
55 139
71 41
64 174
27 89
54 69
21 156
37 47
56 84
41 41
96 89
13 123
66 168
28 83
95 70
95 145
24 33
39 83
100 141
14 71
79 194
25 70
16 131
50 191
28 49
44 166
69 149
45 39
44 120
40 147
28 125
85 121
90 19
43 55
70 50
70 170
60 47
91 57
54 158
44 26
39 91
66 169
79 91
49 190
81 155
67 12
30 49
57 48
27 117
63 199
92 31
51 65
33 50
70 80
90 172
30 47
45 121
96 135
50 80
52 34
41 60
83 147
22 171
34 170
84 121
43 109
35 179
79 32
79 98
53 69
68 41
12 143
58 156
42 198
97 23
83 103
55 101
51 184
21 77
60 193
25 142
86 131
39 87
26 160
28 99
39 65
58 147
52 126
94 118
30 172
31 188
80 25
85 158
43 193
59 174
17 44
48 130
42 57
74 162
49 12
43 57
95 33
36 86
59 140
85 115
72 125
99 28
82 55
35 161
42 32
34 76
75 72
21 53
67 11
27 170
94 86
63 92
13 42
88 124
35 184
59 126
41 175
11 91
40 164
17 89
37 199
91 74
31 173
35 32
50 165
73 200
66 41
47 193
41 81
48 89
60 189
64 15
17 193
30 13
72 161
89 186
32 92
80 72
43 19
57 82
57 130
42 67
18 186
61 56
68 19
15 165
22 14
35 182
14 88
83 198
82 144
54 28
12 64
20 133
38 28
82 91
50 109
23 131
20 51
61 194
90 155
21 102
15 128
48 200
91 135
65 76
55 180
40 147
95 28
57 150
17 106
70 37
69 10
69 120
37 156
19 168
12 93
82 113
67 188
97 70
14 131
47 43
32 73
70 187
26 102
49 193
72 189
45 34
72 178
19 83
50 102
78 87
66 133
39 49
43 146
98 85
86 88
59 198
74 119
33 108
62 163
40 40
61 120
64 161
96 53
84 53
71 107
67 173
20 164
23 193
30 164
16 175
17 16
39 46
11 30
87 179
51 65
87 156
18 118
87 95
93 172
65 127
84 111
53 151
80 133
64 195
39 41
31 182
90 15
43 15
39 14
16 40
64 25
98 66
59 101
93 115
70 154
68 163
96 174
10 173
40 78
38 46
89 180
32 169
90 110
31 42
11 12
24 195
84 57
91 172
21 77
10 65
93 161
87 108
95 175
63 62
15 47
57 175
29 181
88 34
60 161
53 194
99 129
26 11
95 114
41 168
52 102
12 12
62 72
32 18
40 180
44 89
92 11
55 66
86 72
46 71
13 168
97 39
56 117
10 94
46 57
73 12
72 106
87 11
28 114
79 13
57 101
73 132
66 21
76 127
76 121
50 128
11 95
43 28
39 18
24 54
37 17
81 36
80 60
85 80
38 90
72 101
93 19
50 126
78 64
63 126
91 83
85 129
66 31
66 191
78 81
33 139
47 113
67 22
33 45
77 171
31 188
100 127
99 116
36 71
28 116
45 188
18 84
64 178
27 86
31 11
25 57
25 67
21 127
42 145
50 184
23 109
20 177
85 42
25 100
65 83
63 135
14 26
46 31
98 136
50 15
20 107
36 99
45 44
34 87
100 30
49 94
45 84
51 177
86 175
57 41
25 125
13 163
43 197
51 179
66 156
21 91
37 68
66 70
12 70
11 102
27 38
40 41
64 79
98 49
64 149
52 123
26 68
25 58
59 112
52 18
38 41
54 142
28 122
90 44
26 170
48 93
58 123
21 131
75 197
77 66
63 72
88 40
92 108
55 16
86 136
81 121
77 157
41 110
61 85
41 103
92 102
73 51
73 176
41 59
93 164
93 139
53 117
13 200
46 100
10 78
18 74
99 24
70 51
97 165
40 111
98 193
70 98
87 71
17 59
43 89
35 58
34 92
69 40
39 32
49 141
36 178
37 112
95 80
80 159
27 123
28 124
94 95
10 194
46 129
98 98
87 131
32 57
81 154
11 147
96 40
65 121
60 115
35 53
89 28
45 50
78 93
46 79
30 51
14 156
71 158
99 200
51 21
31 144
75 156
94 16
89 191
71 47
14 193
93 133
63 113
62 175
70 181
65 196
61 159
18 23
88 26
97 48
54 69
23 45
67 72
14 54
29 22
94 10
70 24
79 48
93 128
26 167
55 109
14 174
67 135
54 26
83 200
46 200
31 46
18 127
30 131
96 14
88 127
35 170
91 160
44 111
61 73
98 38
58 62
91 82
24 190
68 182
48 175
87 101
