10000 500 10 200 10 100
27 69
73 163
72 41
12 177
20 193
33 120
57 198
47 60
44 120
39 86
100 91
15 12
82 78
74 90
57 186
15 85
72 29
37 66
100 35
73 39
29 32
75 192
26 192
10 133
19 153
14 105
77 42
86 135
62 90
40 175
90 49
46 142
40 141
21 163
66 84
49 16
42 163
25 169
52 93
34 86
72 154
33 100
64 87
59 118
48 93
52 86
14 186
52 43
24 69
37 115
63 41
29 93
16 184
70 191
76 176
72 112
49 57
49 137
31 58
45 167
68 180
60 116
75 113
16 136
44 189
86 160
35 36
17 88
65 104
89 86
34 167
42 30
19 44
38 191
59 76
25 77
23 52
89 64
93 176
94 150
54 105
49 15
47 151
74 141
87 184
59 146
76 80
100 185
52 166
78 72
28 176
27 109
31 165
83 196
80 197
67 105
17 75
65 54
26 47
36 114
54 76
94 193
93 69
14 104
47 197
44 88
92 148
97 21
46 194
91 75
71 195
11 134
26 123
49 151
21 15
99 57
22 158
85 50
47 70
11 74
50 154
12 60
77 183
55 57
94 122
92 18
18 113
96 51
77 164
67 62
35 99
16 72
73 170
69 96
59 100
58 96
69 155
94 19
76 61
22 156
100 179
87 132
23 128
43 162
79 186
95 81
82 122
13 154
71 77
27 121
96 52
81 85
15 197
26 178
76 174
12 51
59 119
47 87
70 168
79 149
59 83
14 60
90 185
48 108
97 74
42 94
20 79
19 156
50 130
59 123
27 88
18 98
67 160
64 86
14 67
92 80
68 97
57 157
30 133
70 200
39 105
72 156
78 106
81 71
70 88
97 172
17 193
79 15
22 67
63 78
38 137
80 86
67 100
16 150
47 119
30 95
41 63
79 41
36 175
35 38
52 130
45 50
90 70
86 73
19 159
82 94
19 134
42 163
13 13
79 100
41 60
80 180
92 58
97 117
16 134
77 106
16 167
70 198
89 67
25 197
20 56
44 154
75 83
21 34
95 50
82 51
89 154
23 58
18 62
24 55
94 131
90 94
65 163
23 146
31 196
13 66
88 55
77 74
94 170
40 35
40 67
76 155
35 119
62 43
24 167
74 10
29 82
34 16
76 198
91 85
38 117
54 110
58 195
41 111
34 94
92 27
99 55
83 14
72 174
29 157
37 147
57 81
56 73
58 107
82 61
44 128
59 189
52 151
88 33
75 191
17 40
76 112
87 180
93 71
73 176
61 137
69 197
74 16
15 116
63 173
86 140
22 179
11 150
69 155
11 12
64 133
100 196
78 141
50 173
25 172
46 51
77 113
47 137
82 172
88 55
92 85
58 87
71 178
31 15
64 52
73 120
58 94
56 41
38 112
22 58
36 195
83 12
79 11
69 49
34 35
21 138
82 144
45 186
81 95
82 75
15 30
62 134
97 100
15 161
85 22
41 107
93 151
39 159
96 92
85 146
16 157
61 71
65 141
94 20
25 69
98 16
100 92
10 24
84 149
84 37
87 36
41 22
91 88
49 172
30 43
31 109
30 65
41 89
40 47
47 75
63 28
94 16
57 43
21 135
63 71
25 187
72 119
81 118
80 44
64 188
16 72
16 66
29 109
38 168
71 88
69 74
36 136
13 37
72 168
39 194
73 124
36 148
64 54
23 82
90 21
59 178
25 200
86 54
65 10
57 77
14 76
77 37
94 65
39 23
20 26
53 61
76 40
44 48
12 108
35 17
50 55
51 24
66 50
63 176
29 102
74 173
52 36
81 191
46 64
64 114
78 41
93 86
67 186
46 191
100 87
24 56
73 13
68 200
71 150
76 117
56 70
76 40
15 89
97 178
29 33
61 89
84 78
13 171
42 132
73 22
38 11
80 164
31 150
55 80
84 181
81 163
87 98
91 158
29 45
97 164
64 71
98 167
63 39
14 46
68 141
89 193
43 138
59 169
32 162
55 198
51 57
63 13
61 175
10 143
20 140
27 121
71 172
37 162
80 46
45 15
34 99
42 141
18 175
84 135
20 170
27 121
43 114
70 183
49 129
37 141
29 75
86 91
33 139
40 91
71 93
12 175
61 138
79 61
51 46
81 92
54 117
39 75
77 149
45 152
31 25
38 179
80 166
94 149
90 155
68 123
61 170
73 72
67 34
99 62
13 108
32 119
76 169
99 89
23 62
84 37
68 167
48 158
89 97
13 80
28 11
55 133
41 134
55 121
69 140
32 93
85 117
46 106
69 16
28 23
94 70
25 157
77 100
63 181
59 65
59 81
91 118
73 81
85 30
47 52
33 165
79 50
77 158
84 10
22 154
26 53
30 108
84 71
21 137
78 37
29 145
10 79
57 112
58 126
54 142
48 135
81 147
65 53
95 144
55 90
13 112
38 132
82 134
46 61
21 88
26 83
66 187
13 129
53 124
18 74
73 67
53 36
90 197
63 152
19 146
16 58
58 188
99 88
19 25
32 34
20 49
61 148
28 102
52 168
42 143
47 146
33 85
20 79
61 52
59 64
97 84
45 66
62 113
46 35
40 105
56 75
34 31
80 22
88 110
40 183
99 66
87 118
84 101
97 65
86 39
68 174
36 52
52 28
63 195
22 126
19 147
97 86
92 34
49 113
24 79
61 53
35 46
60 97
60 170
17 123
64 92
43 133
95 147
94 110
35 26
14 62
91 70
41 152
94 36
23 72
75 195
46 83
91 98
73 189
51 143
11 109
71 28
74 11
45 14
40 127
90 181
69 36
98 139
25 156
97 86
61 136
83 155
88 110
55 32
77 175
56 52
26 43
76 137
63 78
74 168
82 14
36 27
97 19
66 39
78 187
68 14
13 39
89 152
23 55
14 81
56 161
32 125
57 184
79 59
72 45
11 101
14 17
19 79
24 118
40 13
17 68
46 47
10 20
65 58
85 185
31 130
99 75
65 13
13 150
65 154
85 123
45 34
57 185
17 169
10 55
25 196
98 32
82 54
49 52
38 165
31 75
63 24
28 160
75 20
24 102
78 116
60 40
52 166
84 86
95 116
59 149
55 110
34 165
16 58
89 100
23 65
74 128
92 149
21 141
41 40
23 166
34 78
84 107
59 41
51 21
14 158
26 101
55 175
48 43
40 94
77 88
99 142
47 71
96 159
74 70
46 65
61 156
39 75
63 20
66 110
95 75
67 34
83 148
77 53
91 97
74 136
78 129
70 34
79 179
89 23
18 193
55 117
58 55
68 75
89 110
42 152
19 65
19 184
74 28
76 183
19 16
84 135
74 16
27 169
73 164
58 76
94 103
13 170
67 187
79 56
57 63
54 114
19 196
21 120
12 168
10 173
52 64
62 153
91 88
32 99
48 146
98 50
63 193
45 18
35 98
38 119
88 84
11 91
99 142
43 137
63 125
76 106
43 38
48 94
15 192
13 179
66 170
47 198
65 82
12 185
60 115
88 142
39 169
98 112
66 55
55 64
53 191
50 193
57 39
36 134
20 91
32 180
94 153
22 88
15 14
64 25
71 18
65 130
95 11
18 131
18 123
41 69
47 166
10 132
32 160
73 69
29 190
73 167
82 69
88 166
62 138
68 14
20 159
12 122
11 18
27 59
37 59
34 87
93 24
30 64
23 96
21 68
52 15
73 48
31 100
36 159
28 37
85 173
79 162
59 190
61 181
53 144
88 10
61 121
64 61
21 42
38 141
36 97
69 146
29 63
22 182
52 94
11 28
86 48
78 194
77 194
74 119
80 58
59 12
20 156
75 165
69 54
71 109
62 95
94 98
46 133
52 182
100 132
25 104
13 56
82 28
84 116
62 30
32 100
57 154
49 108
28 87
51 66
12 136
82 84
10 121
28 169
70 55
22 168
28 91
94 69
58 85
72 89
40 182
83 128
91 79
34 96
92 52
23 142
95 147
17 77
40 55
100 12
70 135
10 71
53 184
51 168
33 148
19 186
71 79
66 85
76 182
49 104
28 167
25 54
20 105
70 192
74 156
12 94
98 186
48 171
59 129
68 59
65 38
62 27
32 169
66 55
72 139
83 26
67 37
66 39
46 13
44 126
58 67
70 93
12 187
23 44
59 23
60 34
21 172
29 149
94 188
22 156
53 186
17 74
55 64
67 189
99 167
26 71
46 146
28 120
19 39
26 68
39 113
100 116
14 156
64 67
30 101
25 112
33 16
63 143
96 122
31 172
29 67
67 156
50 187
67 157
97 73
82 90
76 152
92 81
79 82
41 94
48 173
90 103
79 25
49 92
72 189
48 69
35 96
19 102
16 133
88 142
76 118
54 193
66 49
48 188
17 55
98 139
34 121
81 71
92 99
58 94
16 38
17 176
64 189
70 50
19 149
52 161
80 35
53 147
57 92
97 17
69 59
37 29
97 200
77 127
53 65
68 28
83 186
17 17
18 93
32 139
88 61
66 141
32 97
28 173
63 87
61 160
72 148
96 127
21 91
74 88
59 85
40 38
70 143
41 66
78 138
95 111
91 138
85 97
87 195
72 57
28 48
88 38
36 16
75 176
17 29
28 42
43 12
98 187
59 151
43 194
54 91
55 120
14 21
37 97
43 75
94 131
85 172
30 165
81 158
21 97
97 47
17 148
50 65
58 17
96 30
90 137
82 170
64 151
37 85
94 63
52 34
47 130
84 187
64 27
80 78
15 188
30 86
32 200
80 90
86 191
71 60
94 42
73 197
17 54
10 74
87 75
13 113
59 116
17 111
68 87
50 68
26 138
11 199
57 130
81 165
72 20
71 91
19 88
39 58
59 12
44 61
100 20
86 116
89 106
71 81
43 48
83 79
98 128
60 113
28 10
86 20
45 114
72 85
15 10
51 146
95 77
63 124
33 35
68 35
95 77
67 158
66 90
49 113
87 149
70 108
92 116
74 181
28 41
98 65
64 189
51 88
33 72
68 165
69 62
30 71
81 162
53 66
53 78
25 80
53 16
23 165
93 140
71 186
50 10
98 56
33 94
24 98
32 158
66 74
33 118
71 161
90 176
66 121
69 17
52 69
28 22
57 180
16 191
85 144
12 58
22 55
47 147
44 119
34 49
77 158
12 161
78 36
62 157
51 11
41 181
96 200
22 138
33 144
33 187
37 163
16 100
77 29
38 195
39 184
37 164
35 191
53 82
47 104
63 185
52 24
45 189
15 180
16 45
38 98
10 33
81 109
13 111
23 12
30 87
56 140
20 171
49 39
10 191
85 125
38 39
19 162
54 27
46 187
53 109
52 127
38 156
23 98
42 175
89 185
41 151
36 167
41 97
68 17
24 129
57 84
59 136
41 50
44 30
62 36
13 133
57 82
89 31
89 190
59 135
100 100
37 141
94 29
63 62
63 159
31 12
46 14
93 121
46 113
17 103
94 92
28 136
15 159
73 200
54 175
88 187
37 42
41 153
47 198
99 131
88 38
36 41
26 115
11 109
72 116
39 200
83 59
68 15
27 92
46 30
78 162
40 130
11 177
52 54
81 108
28 174
33 152
93 22
90 180
27 105
28 123
80 114
67 61
53 33
41 169
71 30
38 82
94 123
34 76
58 76
86 185
73 154
84 77
74 23
38 87
88 141
100 44
75 25
15 17
12 59
32 113
35 127
36 72
53 87
27 37
28 156
40 24
74 192
73 97
13 159
54 145
20 27
21 19
73 117
65 124
43 24
65 88
10 65
50 12
68 132
71 139
33 95
40 187
41 88
61 114
29 123
89 180
76 103
41 26
43 14
40 51
46 190
97 13
67 123
16 40
68 88
20 132
41 165
51 82
32 45
70 111
34 87
98 120
38 78
10 43
89 99
46 167
16 34
88 154
42 28
97 193
70 196
91 101
73 86
91 34
23 180
100 122
89 46
100 90
35 22
87 40
58 28
65 20
81 19
36 22
99 192
22 133
93 150
86 169
24 28
77 190
53 172
38 109
35 166
57 166
91 156
91 110
82 45
11 48
23 105
75 103
23 64
97 105
70 82
87 83
75 110
75 120
92 175
58 134
93 61
41 139
64 139
31 11
94 158
60 50
77 100
82 193
39 191
75 34
76 13
100 185
78 170
30 39
39 167
50 127
99 105
14 77
28 103
60 39
39 140
45 157
99 65
76 38
20 67
15 162
11 181
90 27
41 94
12 138
51 62
92 121
49 142
65 22
11 65
42 139
88 164
63 57
56 65
39 119
78 12
14 36
12 48
76 177
30 122
67 13
100 23
36 175
71 133
68 21
32 60
66 14
39 45
22 87
19 11
67 66
12 119
83 18
82 136
12 110
15 121
89 74
81 80
52 111
69 58
76 22
73 72
64 166
76 144
67 52
80 91
35 193
22 22
51 179
83 16
22 48
75 45
56 105
79 173
22 140
34 150
92 151
46 22
26 185
47 12
60 144
33 179
26 115
73 180
56 138
73 195
59 158
85 109
19 167
66 112
65 102
73 80
50 116
28 181
48 113
66 171
45 97
63 36
88 139
81 140
43 24
27 95
17 16
97 55
28 76
10 102
68 61
93 64
100 130
91 112
38 48
24 111
45 53
34 181
11 144
82 102
75 75
36 151
63 181
61 77
64 28
27 90
52 184
93 90
46 200
14 146
93 118
48 194
59 15
22 164
94 116
58 150
55 52
13 107
32 162
16 123
43 186
70 80
60 168
89 104
63 174
70 35
37 139
46 73
97 46
100 159
15 114
75 178
94 52
48 32
97 79
27 14
41 191
77 54
29 67
12 146
74 40
91 144
97 42
50 158
10 87
100 75
96 46
83 169
15 148
84 136
38 179
94 124
67 69
76 170
34 160
31 178
13 129
62 12
10 172
56 62
50 120
70 71
83 191
13 110
36 52
53 29
13 199
86 43
16 132
19 14
55 140
18 125
15 147
22 52
34 153
34 19
40 74
89 93
63 133
26 45
41 61
69 49
69 28
30 138
31 130
85 85
71 167
88 172
25 170
99 74
85 161
39 15
80 177
53 132
72 114
47 127
92 74
63 45
22 93
88 64
77 158
72 125
28 160
39 81
22 154
46 73
23 72
74 161
56 189
88 191
86 103
84 88
93 106
90 81
83 117
10 54
65 95
59 42
32 87
43 27
80 79
95 168
70 11
49 33
48 64
97 136
78 176
26 147
79 137
75 113
45 175
37 140
10 147
100 180
92 106
30 87
37 130
63 183
99 194
76 143
55 73
32 59
51 115
92 141
16 44
61 117
58 53
68 122
38 72
44 46
25 119
53 19
95 189
11 191
71 28
93 83
11 78
10 152
26 149
89 55
75 11
91 23
91 63
97 67
95 57
10 137
20 47
78 79
22 159
61 60
73 47
24 113
67 65
80 119
32 191
32 19
70 148
45 47
87 180
42 170
35 50
53 68
12 74
13 156
62 28
77 53
70 161
25 23
31 42
36 52
79 118
67 46
33 127
62 88
61 30
90 177
17 175
48 191
25 24
51 115
69 174
28 142
35 158
29 172
91 109
80 65
67 118
71 104
66 50
63 163
97 82
28 153
11 26
40 139
35 111
74 96
24 54
86 40
89 14
22 66
77 91
11 174
92 89
49 65
75 124
90 21
71 32
92 52
38 130
68 124
65 77
19 159
88 90
82 167
26 43
72 52
48 188
52 167
62 159
13 196
56 93
24 78
65 193
68 177
90 144
72 28
31 153
32 153
56 18
47 149
60 186
82 19
100 82
55 49
79 28
14 112
14 94
31 49
50 143
78 52
78 159
83 118
47 68
33 143
72 33
28 140
97 126
83 182
88 124
19 37
49 130
16 75
58 163
76 122
80 151
36 35
56 56
73 41
77 58
48 12
29 88
32 112
30 112
74 33
96 179
90 190
23 65
14 143
87 191
86 190
49 73
39 94
47 11
50 77
98 99
24 197
18 43
59 34
15 44
62 193
32 173
25 142
63 68
88 100
25 161
31 42
48 147
22 165
25 51
62 73
67 133
56 161
77 189
29 156
53 85
99 66
48 152
92 129
96 104
30 111
51 151
75 132
29 69
75 68
11 171
20 71
66 22
60 136
87 59
77 33
23 38
68 57
52 109
43 20
91 48
21 132
31 86
31 108
89 193
48 76
48 141
76 111
40 34
63 153
14 127
18 61
32 87
60 157
89 127
38 63
72 132
75 176
52 48
97 196
71 71
85 25
72 51
39 176
48 184
81 193
86 126
51 109
29 195
44 41
19 97
13 108
39 100
37 79
36 178
38 22
48 157
69 93
89 198
21 117
90 187
97 135
45 174
45 158
10 120
34 133
69 126
53 57
15 135
95 198
68 22
92 195
62 68
25 20
21 146
41 68
46 58
39 109
91 35
98 43
70 98
63 173
22 196
52 82
49 190
77 86
87 110
76 192
45 157
52 77
44 152
73 99
36 149
77 53
93 85
70 184
22 52
54 61
55 29
15 21
96 56
64 41
30 167
84 169
83 57
74 91
35 193
77 29
65 200
41 181
44 150
18 101
50 142
44 83
21 130
51 23
48 13
15 154
97 100
86 138
77 11
77 189
21 30
80 178
23 80
86 127
37 144
67 65
73 192
88 90
13 54
17 119
60 171
35 50
64 38
90 82
86 27
96 54
72 99
90 90
11 33
97 42
86 55
86 95
27 57
96 11
28 101
88 171
78 14
89 175
49 19
35 93
97 138
47 119
21 33
16 49
65 36
30 66
29 44
62 162
96 149
29 14
40 105
55 154
82 17
12 185
74 27
17 97
74 79
55 56
98 35
23 171
81 21
28 177
49 179
99 159
55 123
21 19
87 181
56 193
26 156
14 58
49 120
77 193
82 26
61 114
99 156
94 147
72 111
41 66
56 82
72 59
19 52
48 67
65 96
43 64
70 102
88 67
21 122
48 33
11 98
35 11
91 20
42 64
41 70
89 54
66 156
50 181
96 15
88 51
62 141
95 187
31 60
94 76
62 147
89 110
57 35
26 132
97 80
62 11
30 127
40 126
64 171
24 123
47 188
74 144
85 113
30 13
67 27
65 157
72 169
45 30
84 21
29 84
18 159
33 75
85 152
78 179
59 163
62 143
19 109
96 121
19 37
80 196
56 25
58 41
50 63
99 32
16 13
30 178
62 12
69 69
70 109
11 98
54 183
25 42
14 138
37 124
52 99
16 64
13 93
41 120
73 168
40 42
20 69
19 177
68 106
89 25
41 126
56 98
70 188
65 20
98 105
14 134
24 75
27 130
38 126
71 126
52 13
97 108
24 189
14 156
48 141
73 144
45 127
81 18
16 15
42 39
54 175
33 148
20 195
86 51
63 161
67 35
74 168
83 57
86 39
87 94
42 195
29 103
94 91
45 35
99 152
30 50
77 71
75 19
20 109
89 28
33 70
40 54
35 200
64 15
26 126
61 74
25 149
53 64
96 78
72 169
65 188
10 168
25 29
81 179
51 81
99 19
78 72
87 191
31 177
40 144
17 117
23 45
50 175
42 138
53 31
93 93
76 137
65 110
84 82
25 128
69 107
62 116
69 43
66 62
70 124
91 135
66 34
63 161
32 112
13 72
25 26
63 186
52 60
81 153
27 27
61 106
36 82
48 114
41 141
47 147
25 14
41 139
21 94
49 81
52 19
36 151
12 143
20 31
70 74
80 146
49 119
89 36
33 85
86 106
57 150
28 102
41 146
70 37
52 173
86 57
25 73
23 60
64 199
34 51
77 99
37 176
24 82
17 199
15 17
28 173
80 191
89 156
58 126
25 18
30 112
57 102
39 128
79 34
57 77
43 20
88 106
12 197
11 62
66 157
30 143
33 49
29 24
73 112
32 199
39 81
52 29
14 151
19 191
91 117
13 73
52 55
19 156
18 191
82 68
82 77
20 97
64 177
79 154
32 116
40 51
16 106
10 35
81 83
21 53
92 82
21 138
31 129
52 191
41 100
67 87
88 80
80 127
70 128
94 178
22 54
16 51
32 155
56 50
43 113
37 26
44 53
86 157
31 68
21 112
77 49
38 170
17 184
31 19
83 20
32 166
10 59
40 58
25 149
89 63
16 35
10 90
80 77
86 71
76 37
27 138
74 14
69 16
43 46
75 142
13 56
74 134
51 157
53 153
53 102
79 179
37 152
79 26
27 149
72 198
60 81
98 73
60 63
31 116
55 139
19 147
18 176
41 111
50 83
79 59
43 114
68 145
15 139
77 127
64 69
78 84
90 81
64 68
94 70
97 78
97 52
59 14
51 138
26 172
38 22
46 61
69 123
94 56
13 10
60 161
35 142
97 53
29 35
28 191
98 129
24 137
83 104
61 42
81 121
41 96
36 99
96 103
98 164
86 72
76 167
84 55
54 111
80 142
40 52
49 96
38 22
48 186
54 16
97 192
76 74
96 104
68 55
23 174
42 191
82 173
61 112
19 64
98 159
41 170
12 150
82 25
97 131
50 145
81 71
37 85
91 45
75 119
22 199
39 121
50 172
26 167
38 155
69 95
77 47
26 137
42 185
72 25
43 197
42 73
74 117
87 46
92 149
92 64
66 69
76 179
57 90
33 135
43 187
37 171
54 149
14 65
67 80
78 47
50 83
39 200
43 79
58 164
95 21
55 18
87 23
46 132
38 154
45 161
77 107
43 18
78 59
69 178
22 187
97 71
74 146
93 80
68 105
57 87
52 82
93 18
49 126
89 43
60 28
11 64
58 168
19 193
45 179
32 189
41 38
90 77
70 163
74 20
85 12
70 196
87 14
82 23
90 18
66 53
56 71
75 196
29 191
92 98
79 10
38 177
95 180
78 56
63 22
73 31
89 198
55 142
95 95
27 175
23 11
87 152
67 125
36 145
62 156
13 128
95 142
12 38
22 170
70 85
48 185
77 49
75 189
28 14
74 137
15 178
81 28
19 76
70 98
87 103
25 76
24 31
85 169
62 172
23 178
35 164
27 198
50 165
86 16
23 91
29 192
100 146
37 41
65 197
53 55
44 194
95 164
41 150
54 119
92 92
24 21
27 102
82 103
49 26
15 79
81 117
97 19
89 145
52 96
100 169
20 62
80 105
17 30
100 148
67 188
82 57
18 107
38 61
84 58
20 152
92 27
77 40
51 143
38 98
34 139
13 23
88 72
12 60
21 185
74 31
57 80
22 23
17 70
71 30
27 163
97 67
52 40
23 38
55 116
48 33
97 14
23 111
52 176
42 181
45 180
40 153
61 123
73 58
93 62
76 122
41 73
81 196
61 120
39 98
100 172
48 124
83 10
42 96
94 16
50 180
97 99
83 66
86 120
42 47
52 15
13 19
42 182
29 193
95 81
62 171
90 54
52 73
23 162
22 96
76 35
99 153
95 28
83 180
90 145
74 155
85 29
78 49
78 43
72 146
18 144
29 179
86 53
32 108
72 32
70 194
22 90
36 46
66 199
13 91
86 86
50 115
71 52
12 150
78 17
37 20
61 77
47 184
43 84
99 147
84 129
69 28
53 130
66 139
66 102
27 93
64 108
74 127
48 173
53 78
13 37
28 176
89 144
26 47
13 93
90 168
100 168
46 30
16 72
24 47
34 32
77 17
62 149
93 146
43 54
96 146
24 146
63 198
95 123
87 129
58 94
11 27
89 147
63 193
12 71
84 27
34 182
41 67
28 181
67 96
31 69
61 149
39 196
64 116
56 56
48 123
80 196
78 23
50 52
80 174
87 89
42 28
77 68
23 45
59 153
19 116
96 37
41 49
46 55
74 162
98 65
22 41
25 68
62 24
100 103
17 45
21 31
60 97
38 14
100 150
70 106
83 170
41 143
15 199
34 16
32 88
54 65
25 144
14 38
88 55
89 190
53 136
23 188
51 122
39 198
91 150
58 150
80 79
49 149
28 79
26 36
20 70
66 120
56 58
30 14
37 123
17 14
72 58
46 124
71 16
62 63
36 45
87 96
24 116
53 12
61 42
100 186
94 186
24 149
35 96
100 158
15 191
96 89
37 198
52 40
70 124
22 181
39 140
28 117
88 154
12 62
58 23
36 132
67 164
16 41
47 56
70 68
22 173
46 107
24 173
63 196
18 73
97 99
37 74
17 80
13 170
25 35
75 191
65 13
55 60
49 34
40 55
62 186
54 62
17 187
49 72
15 164
99 180
22 182
80 113
66 92
56 36
97 108
49 119
24 23
49 146
50 118
88 153
47 39
25 39
100 60
40 51
39 80
70 98
80 95
87 157
49 104
80 116
62 53
23 135
76 46
92 127
94 92
43 101
75 105
10 159
77 30
42 190
86 51
73 175
30 110
27 112
55 158
68 60
41 96
100 112
96 87
12 108
87 129
82 134
21 128
89 200
38 135
19 93
11 98
59 111
94 41
54 78
52 84
18 44
55 156
70 125
24 27
92 55
72 31
25 191
17 92
33 141
50 200
39 23
77 134
73 140
26 180
35 199
91 179
67 56
13 31
48 189
100 24
82 15
65 43
70 16
64 38
87 163
88 24
18 169
12 121
13 135
60 137
12 198
71 187
11 71
60 45
18 77
95 114
100 117
13 143
47 115
24 114
35 30
12 96
82 119
78 119
50 128
77 30
95 14
39 191
38 46
25 146
64 130
15 61
86 27
85 13
77 187
73 52
63 88
98 49
44 166
82 72
66 56
53 40
59 122
35 169
87 123
12 115
23 185
29 132
26 183
47 177
11 73
20 198
49 156
61 170
46 47
29 36
17 146
41 188
17 153
32 69
70 92
61 161
42 184
98 100
84 49
68 135
18 117
12 85
12 21
39 15
23 108
30 185
47 141
13 155
82 150
66 181
23 62
51 129
60 56
66 33
100 139
46 29
28 133
27 117
65 149
32 45
31 175
79 122
68 23
76 31
70 133
16 47
21 187
91 52
22 38
68 150
43 77
29 21
15 73
45 166
19 94
28 90
73 53
98 28
78 121
42 73
68 94
47 82
59 98
13 157
47 43
46 137
38 97
95 133
64 121
29 47
23 143
66 95
43 173
80 74
54 174
38 181
23 68
54 183
11 52
60 149
44 67
83 39
23 33
31 179
33 126
67 171
51 166
85 98
50 22
75 75
39 142
68 97
77 152
78 200
31 40
44 123
87 33
91 94
19 136
41 44
26 132
95 141
84 135
68 79
43 43
80 155
99 21
78 28
22 165
71 10
100 188
63 113
84 97
50 110
28 112
52 105
95 23
28 175
25 118
65 95
82 19
47 170
46 135
19 37
87 58
92 115
10 195
89 99
24 67
39 113
35 187
94 56
27 97
62 171
60 96
17 199
24 171
76 148
32 30
72 25
44 78
21 136
34 191
27 154
92 56
43 69
91 118
46 86
10 159
66 62
41 178
19 150
82 72
69 52
86 137
39 184
19 40
63 78
49 166
98 99
52 110
20 98
30 95
66 76
71 96
99 98
59 11
19 20
55 200
60 178
34 185
22 141
38 102
94 66
71 62
34 123
32 134
72 33
54 37
90 94
76 28
79 17
58 72
81 136
29 123
59 29
83 118
50 121
62 22
15 121
89 175
62 57
37 97
79 150
77 193
58 69
73 47
40 105
77 116
50 24
15 188
12 136
33 46
62 159
12 77
34 144
23 156
64 172
35 116
84 189
28 177
18 184
84 145
38 188
76 140
73 111
41 88
32 55
43 136
66 26
68 127
53 98
39 174
84 169
67 34
67 40
61 35
55 67
39 101
57 74
79 78
49 180
20 42
90 124
72 60
16 24
100 145
36 80
83 24
56 50
76 26
50 70
13 115
87 65
96 194
11 89
80 125
46 48
75 93
60 146
61 147
38 141
79 115
15 30
73 103
64 168
91 162
54 36
25 177
90 125
36 63
84 62
95 94
59 156
35 85
68 142
38 105
100 134
22 160
84 140
28 67
12 47
68 179
66 138
86 199
57 169
63 87
44 61
77 144
42 171
27 153
50 93
58 38
78 67
16 23
71 94
25 170
97 142
82 26
29 125
34 153
95 99
32 137
60 32
47 179
26 142
91 149
73 179
69 94
34 18
66 108
27 30
30 76
27 24
39 84
68 152
38 99
12 109
54 190
22 149
16 168
18 121
58 136
61 115
86 179
19 148
79 90
85 153
12 151
63 92
27 172
20 104
99 105
69 117
91 156
60 107
35 145
56 39
12 139
27 121
54 110
55 24
25 57
47 168
58 177
39 75
83 137
84 40
79 172
87 192
49 34
29 72
68 138
38 93
99 89
75 14
98 94
92 32
22 38
56 161
92 93
100 175
88 26
18 104
89 197
88 159
58 15
82 43
99 144
12 62
27 153
11 66
59 128
90 200
48 100
96 183
47 40
12 55
40 15
53 88
33 88
36 76
47 88
23 80
27 79
95 77
18 42
22 90
15 42
55 138
64 71
45 158
98 99
35 170
76 196
73 128
73 115
96 20
16 146
72 46
50 45
47 46
79 89
96 59
24 59
91 97
91 129
42 43
37 101
42 144
63 125
64 23
67 108
98 75
85 158
22 68
89 68
100 92
72 74
14 113
98 172
81 65
48 98
93 140
97 166
94 107
93 188
47 141
32 188
86 161
30 139
95 160
21 167
39 20
14 35
86 198
18 166
53 120
95 25
47 75
32 155
67 92
67 114
38 59
66 82
22 67
75 59
58 61
26 89
86 123
100 37
86 134
53 26
27 101
90 124
55 44
75 137
90 20
80 193
85 185
95 100
47 106
67 90
72 18
98 72
67 128
98 95
15 137
43 126
50 164
13 193
97 140
71 146
74 45
30 18
11 55
17 115
47 100
43 152
74 40
82 83
91 158
45 40
82 100
45 143
63 48
43 83
43 129
62 127
16 200
27 37
23 86
19 27
79 12
85 129
99 36
82 21
61 170
48 99
57 72
81 145
48 19
86 110
81 90
14 124
46 15
21 178
73 137
73 134
89 186
94 194
40 63
39 27
18 100
50 136
77 192
38 72
98 120
22 183
24 31
44 134
64 101
19 184
92 128
42 167
57 169
30 146
81 186
95 98
90 123
18 69
65 126
98 158
60 125
19 67
52 69
87 26
25 102
97 19
42 139
50 154
43 179
38 173
29 128
67 93
68 116
92 176
74 104
65 99
25 117
60 18
81 169
91 158
97 78
67 133
95 186
80 157
40 28
14 171
94 44
84 17
62 58
10 182
28 160
22 25
92 57
81 74
36 102
32 129
74 41
23 29
21 181
96 55
26 149
26 167
51 123
34 155
39 10
92 145
69 37
16 58
94 15
50 144
21 187
14 120
77 168
53 87
73 158
56 169
28 191
62 133
72 154
34 106
91 44
20 158
84 54
74 21
68 171
96 31
11 70
27 196
80 79
82 198
89 57
57 177
100 145
38 173
22 187
72 118
42 162
79 136
25 102
92 130
82 123
79 50
49 91
23 42
46 161
50 40
32 49
95 76
69 116
56 148
12 138
64 168
25 152
22 171
11 72
40 137
16 73
29 190
85 43
53 158
54 105
18 54
52 48
24 194
53 12
72 100
50 27
15 83
31 183
23 43
47 167
31 60
79 168
78 15
100 116
46 69
76 195
46 199
75 76
55 18
30 132
89 40
15 188
16 139
74 179
75 45
89 163
43 197
100 179
46 174
57 187
32 127
54 167
66 45
82 138
62 133
38 196
90 61
43 97
33 174
78 161
43 64
57 169
50 96
49 106
35 41
85 145
81 117
79 104
19 187
57 49
25 122
20 103
45 26
63 184
76 110
28 73
23 110
47 68
49 180
11 108
81 99
85 22
78 197
61 12
22 192
21 124
19 86
96 108
55 39
75 158
15 79
93 146
31 84
98 28
25 20
98 118
49 191
74 160
44 89
67 192
59 12
47 15
81 133
75 56
18 47
56 144
95 55
59 139
42 137
49 14
18 104
33 100
27 95
74 125
48 20
71 76
35 31
27 167
67 15
41 181
94 47
69 181
15 35
68 66
36 97
21 152
53 36
55 151
58 101
85 117
76 182
56 191
42 64
70 32
82 23
54 157
13 149
27 187
93 78
19 157
54 135
81 31
82 172
30 103
71 69
52 50
39 194
100 97
89 40
87 183
86 143
99 148
53 98
25 86
26 199
82 174
72 185
30 115
13 21
99 94
71 27
73 143
12 17
88 134
58 192
23 135
14 55
87 47
54 38
74 130
89 200
95 12
33 164
29 183
28 146
64 77
32 32
15 27
25 92
78 100
66 89
34 38
66 129
99 120
38 42
44 58
43 186
94 68
52 189
18 168
57 139
76 119
25 75
29 192
36 109
30 39
51 159
79 143
81 177
80 87
28 145
89 93
51 16
80 124
57 23
80 151
77 126
46 113
89 196
49 170
25 38
70 114
77 110
36 96
96 153
66 139
83 152
38 50
89 195
43 197
22 76
12 160
31 16
44 36
31 42
88 150
52 25
29 79
76 155
92 34
40 14
10 48
27 16
100 158
100 95
14 40
72 101
10 197
72 128
30 131
81 71
19 51
82 178
67 34
100 130
98 83
32 64
15 133
36 31
18 116
63 45
100 121
83 180
45 87
62 15
64 66
35 131
28 176
64 49
43 40
60 123
18 146
38 56
86 91
44 160
52 58
70 187
49 174
14 131
76 72
11 89
99 34
65 78
23 141
64 74
98 130
50 128
60 186
83 167
95 94
55 117
78 186
50 133
46 90
63 41
37 43
14 123
16 174
68 133
14 130
39 107
26 15
35 170
56 29
37 110
88 105
12 98
23 163
98 70
77 106
34 25
40 87
56 72
25 151
29 187
26 22
48 174
90 161
71 61
98 100
11 158
96 31
13 106
73 76
31 58
78 111
70 177
10 11
17 70
20 42
99 54
65 183
31 94
36 183
53 188
15 129
17 99
75 190
19 156
38 183
13 82
11 78
76 81
15 97
81 75
91 40
14 196
79 180
100 199
43 35
91 66
78 152
49 147
35 193
16 29
14 129
85 91
99 171
34 119
60 147
29 40
84 146
96 43
22 137
83 109
27 71
57 159
34 163
10 154
70 30
38 153
42 117
97 167
35 48
98 189
89 113
89 184
68 76
14 196
96 79
52 18
23 135
34 175
58 116
76 97
57 145
18 128
42 104
45 161
15 23
16 149
40 190
83 27
42 170
94 112
75 162
66 32
62 130
52 37
77 146
54 25
48 185
92 164
47 59
47 74
50 117
46 19
11 188
40 15
69 94
33 48
86 58
48 185
42 88
74 46
33 180
59 136
97 195
51 96
94 67
49 138
58 194
76 124
30 28
55 181
93 46
86 10
29 133
79 73
39 50
33 89
32 182
87 16
48 180
80 52
41 84
92 63
67 171
10 102
73 129
38 144
32 145
97 81
63 151
66 133
80 96
17 42
87 79
47 98
84 185
84 116
99 163
67 157
96 191
68 166
22 153
87 83
36 75
12 187
74 142
81 60
20 152
35 150
44 175
86 123
15 30
95 48
97 52
31 138
82 97
24 151
47 57
54 158
64 31
25 160
79 107
61 23
46 145
86 124
20 31
23 99
56 97
82 55
86 154
62 193
54 131
23 111
56 42
81 99
77 78
64 70
54 111
44 56
63 89
86 187
71 59
15 173
33 66
86 129
53 33
38 81
93 130
14 175
71 94
21 69
44 166
19 159
15 34
95 144
90 27
95 45
96 82
93 67
49 79
90 148
42 151
15 99
85 54
37 64
21 159
20 143
40 52
98 21
36 150
67 32
35 152
92 66
77 119
12 161
25 130
34 112
36 171
46 152
65 74
84 196
37 151
32 168
76 83
29 90
74 200
43 22
26 23
30 196
72 44
34 141
41 86
98 66
13 75
42 114
69 67
45 14
35 91
26 31
49 25
29 187
84 66
75 188
13 120
18 10
44 162
78 118
54 15
96 138
72 13
80 40
69 195
37 99
44 37
58 70
52 52
21 90
55 77
52 178
44 82
49 163
56 163
16 103
56 76
75 70
56 125
58 183
31 157
72 25
55 22
64 81
22 155
11 184
24 59
42 62
30 14
53 187
61 117
93 179
24 163
88 105
37 184
47 28
10 11
76 190
54 142
68 121
68 52
13 183
39 131
57 77
42 60
51 146
22 165
26 172
27 16
59 36
66 198
12 174
31 111
74 44
71 55
58 13
26 103
37 42
22 52
67 181
47 163
11 113
15 72
12 75
48 172
40 90
75 169
86 190
75 47
88 187
16 53
91 11
23 197
95 24
10 143
81 163
86 143
78 53
25 171
40 104
58 41
83 155
66 90
45 100
80 20
39 19
31 75
35 32
100 54
71 133
43 84
64 113
49 161
73 74
38 95
44 95
36 196
72 126
85 37
32 13
38 124
67 124
97 55
58 105
20 35
58 107
86 144
89 148
70 187
14 57
27 11
47 198
28 35
45 105
78 184
83 123
98 142
82 118
94 35
52 107
74 93
74 181
38 44
100 153
77 162
59 124
15 186
10 13
13 88
89 95
28 37
50 191
74 97
72 31
24 165
88 25
77 176
64 84
77 168
66 84
67 80
10 158
74 141
96 120
100 91
75 112
73 66
97 153
63 31
30 119
82 125
81 43
32 152
26 132
98 19
15 92
60 35
90 167
70 32
28 16
50 135
51 74
34 41
21 18
69 192
80 70
67 61
62 37
58 85
14 166
23 188
35 175
78 141
77 10
27 93
71 97
14 168
42 61
75 10
78 104
11 18
11 151
70 110
74 115
95 181
35 80
50 195
60 34
39 60
82 142
85 106
76 182
43 43
80 115
77 146
69 78
67 173
63 44
32 50
17 89
67 73
50 42
57 78
51 24
91 156
58 93
92 37
64 124
94 129
96 126
54 68
65 49
87 66
10 157
17 54
52 171
14 48
98 197
19 112
100 66
88 19
74 118
43 46
66 107
34 113
22 83
42 71
88 33
59 196
92 55
60 68
94 178
52 71
24 66
93 15
60 61
33 115
21 61
24 53
72 160
56 34
79 170
78 176
70 66
72 25
93 41
21 170
85 33
40 14
24 12
38 33
66 56
24 75
43 133
18 109
40 117
14 168
14 94
93 101
72 158
89 82
85 43
67 51
63 81
30 146
83 88
30 180
72 173
80 85
37 184
35 40
14 182
93 176
75 184
46 24
48 36
64 152
34 159
17 126
81 70
80 156
48 84
28 104
99 32
94 173
11 15
55 127
21 53
41 62
86 22
86 168
11 16
73 130
33 134
39 26
71 161
30 142
73 173
45 135
100 67
59 32
20 176
33 102
68 95
71 56
94 74
41 21
59 177
48 66
10 40
12 103
49 98
44 101
88 145
99 86
34 178
13 117
24 101
29 194
53 185
89 159
63 129
59 172
50 133
20 36
90 132
75 198
62 17
67 111
14 146
89 198
76 139
36 120
82 145
35 69
62 197
35 53
60 19
90 51
97 53
12 127
39 27
78 48
86 22
40 30
10 180
82 125
75 153
29 192
80 169
44 93
84 122
56 133
69 173
96 95
25 50
51 22
76 158
99 114
26 30
31 172
75 173
56 163
36 152
58 89
99 36
48 129
78 151
42 100
19 35
65 161
89 51
41 155
88 54
96 22
86 46
84 119
82 101
62 10
84 56
77 184
82 104
80 51
89 186
60 190
12 171
85 129
84 145
35 63
18 187
37 130
63 102
53 107
29 163
68 66
95 39
47 113
76 27
89 53
92 139
78 44
26 14
65 164
78 91
33 14
36 114
80 165
88 25
49 30
17 22
73 17
68 193
94 28
53 96
24 44
47 126
18 156
54 85
62 123
25 158
34 64
99 82
19 122
52 113
18 96
28 72
40 189
17 23
46 118
33 100
21 156
16 51
87 168
56 73
99 114
87 61
93 137
52 41
87 74
60 21
70 90
93 85
81 182
50 108
76 51
40 50
97 45
34 151
23 62
30 136
68 89
60 178
17 164
63 73
58 174
15 18
17 180
44 133
23 14
13 60
57 81
93 96
43 36
89 162
23 104
84 75
42 128
41 198
98 61
97 118
33 167
36 89
62 42
27 129
17 117
80 113
81 102
33 126
15 67
87 15
83 197
63 166
30 123
27 37
51 77
37 53
41 116
13 32
50 18
84 15
30 131
74 112
89 139
42 150
71 137
39 178
15 56
31 101
86 150
54 19
78 118
26 81
97 37
27 24
66 54
56 160
26 159
50 28
79 121
26 136
64 166
93 33
47 100
95 35
78 75
75 87
82 118
80 59
36 83
41 11
60 114
94 146
16 53
44 13
79 154
88 64
15 96
65 175
19 34
91 57
61 65
21 103
72 114
91 161
13 24
52 158
19 122
93 43
42 66
64 195
50 29
16 195
48 159
77 145
84 191
61 103
85 149
56 72
80 169
16 93
69 185
100 132
19 143
56 115
82 33
80 84
79 181
56 179
74 46
91 165
52 138
71 126
41 106
99 182
26 19
57 56
79 136
25 144
11 186
56 143
99 11
30 82
38 116
19 164
61 197
75 32
15 38
55 41
24 135
19 198
20 131
79 182
77 74
94 179
83 26
24 90
38 181
74 31
37 45
84 91
46 135
17 187
19 82
13 97
69 83
27 26
97 182
31 114
54 166
13 150
26 56
70 53
79 45
36 144
96 82
73 133
84 160
100 23
59 158
80 114
43 49
96 88
93 149
65 120
94 127
89 139
49 121
27 52
17 79
12 58
80 42
99 10
72 100
19 98
27 169
47 132
86 153
52 59
76 33
41 58
38 38
42 145
41 192
74 149
30 195
68 86
67 199
26 71
81 144
58 190
78 183
75 119
91 153
21 58
87 138
88 149
34 116
71 181
97 124
30 42
36 125
79 167
17 25
31 43
11 63
48 71
37 187
59 24
93 171
46 138
75 192
73 139
70 44
81 79
57 47
45 77
51 72
38 107
36 115
99 68
55 15
32 35
76 154
62 153
13 134
26 97
47 41
94 97
48 145
36 34
37 120
94 188
49 178
90 91
98 99
28 104
14 122
87 139
85 22
28 42
25 25
83 115
87 177
33 167
66 190
100 146
84 135
33 113
79 70
23 48
27 142
82 106
82 115
28 151
87 149
16 117
82 156
27 86
81 54
73 96
63 64
38 187
66 40
86 123
37 114
36 103
40 169
39 131
93 66
40 32
94 131
43 21
52 182
23 62
27 140
69 113
21 55
43 14
75 41
37 199
26 154
73 22
34 122
84 27
76 90
21 13
77 32
61 119
32 113
50 62
22 162
46 68
86 130
27 93
97 65
79 106
18 13
86 153
70 104
76 125
100 41
68 195
58 144
57 90
18 127
46 142
32 172
71 96
60 117
84 62
43 91
85 12
85 97
100 41
56 146
53 197
79 107
84 85
55 148
70 140
53 128
100 154
50 81
99 22
59 49
18 13
25 53
22 45
43 13
16 174
13 77
60 170
32 184
71 45
90 40
56 27
99 55
71 101
26 63
10 180
68 199
83 53
28 19
45 34
32 200
12 15
10 168
70 49
21 51
26 126
34 80
96 83
82 158
34 95
89 86
89 157
97 79
56 169
82 132
75 145
42 190
93 28
55 147
46 152
56 185
29 112
51 64
67 33
44 158
83 75
25 36
96 161
95 53
90 16
95 121
43 150
58 145
50 134
50 57
32 122
10 197
40 140
30 18
37 115
50 146
13 53
44 11
41 78
12 177
31 72
48 78
50 51
15 11
26 147
75 104
69 133
53 114
44 172
21 100
54 131
44 65
80 40
18 53
34 176
58 35
33 160
36 103
18 160
63 29
50 196
90 165
30 22
33 66
32 43
34 91
59 24
49 182
64 78
29 174
47 75
59 136
35 145
43 57
80 155
48 32
51 21
38 122
33 108
34 39
59 157
47 126
97 111
62 46
22 175
64 76
20 61
28 96
24 84
97 122
38 63
23 31
35 174
12 121
28 144
29 65
64 136
10 92
31 132
74 69
97 181
92 168
31 181
16 58
51 49
93 114
63 157
20 21
73 78
62 54
11 125
48 133
63 112
80 141
64 186
26 183
98 179
68 28
44 34
27 44
93 68
27 20
78 82
97 189
50 175
20 15
93 164
33 194
97 197
39 152
73 178
74 170
80 106
52 136
31 87
24 48
41 139
32 13
32 101
75 15
93 79
39 17
97 193
40 152
82 180
69 194
94 81
78 113
91 173
12 152
51 62
52 48
21 91
53 11
18 87
68 122
65 71
86 20
77 174
70 74
64 108
29 110
35 74
84 10
79 104
91 140
13 185
64 147
70 50
21 122
50 30
43 105
93 184
83 166
24 120
44 132
44 141
35 29
59 97
48 73
96 24
73 169
88 11
39 117
59 129
53 22
83 115
29 39
30 76
98 77
71 78
22 36
57 62
91 45
73 96
59 163
83 154
83 152
20 90
45 50
25 140
84 179
36 192
36 164
85 55
54 76
81 84
76 155
83 169
59 107
20 142
77 17
55 22
81 72
89 48
50 132
29 186
28 53
15 139
27 89
40 91
98 129
16 100
10 123
56 117
45 188
83 111
77 165
88 175
72 46
52 160
97 43
61 121
42 145
68 114
19 64
10 31
71 182
97 110
96 32
46 146
36 96
32 35
72 191
76 131
12 43
17 69
14 36
76 174
50 60
21 47
57 126
66 141
82 10
14 33
68 89
88 63
85 68
59 80
82 109
15 150
68 113
45 61
97 19
34 153
70 133
96 196
74 57
60 179
39 199
12 123
30 24
54 129
62 63
77 197
17 30
44 147
57 199
64 94
16 31
53 99
14 36
56 57
25 51
50 197
87 58
14 194
58 95
75 20
42 142
69 176
87 196
78 117
62 120
50 33
47 70
97 162
57 37
82 45
75 43
79 184
90 174
84 29
59 120
73 82
26 67
93 45
24 171
99 78
66 197
97 97
57 44
16 197
62 66
38 183
36 117
13 56
17 165
80 193
62 126
73 136
10 122
43 110
89 167
91 48
97 100
73 51
44 15
74 26
84 122
86 14
36 188
51 141
93 169
79 36
36 29
49 120
69 177
51 77
41 29
82 128
83 71
44 97
50 59
75 160
74 134
22 31
66 89
59 95
47 117
29 163
41 127
100 99
14 145
37 68
99 124
35 127
81 176
23 105
41 170
71 27
28 71
30 68
100 32
96 28
32 96
73 97
46 106
79 138
39 173
48 58
79 35
89 125
97 41
42 79
16 105
21 126
12 157
72 159
36 159
11 162
99 179
74 89
100 66
11 190
75 88
83 169
22 65
65 137
89 134
62 141
26 146
84 25
67 72
47 124
93 172
67 97
39 157
51 99
100 68
84 95
92 148
81 81
53 169
39 143
59 67
91 153
81 162
20 126
99 164
57 98
22 169
81 151
71 14
97 182
37 151
97 40
26 152
49 145
39 163
65 45
85 14
26 53
45 178
66 43
47 61
34 143
52 138
27 167
53 133
99 36
74 24
62 194
89 21
60 108
58 69
69 24
32 153
61 83
21 79
100 137
55 69
34 150
92 185
36 161
45 64
78 44
84 97
62 66
57 18
53 103
89 151
11 186
96 27
40 76
96 197
46 48
26 126
64 83
38 148
69 49
25 97
44 124
39 132
33 114
71 188
55 61
50 190
87 84
71 127
70 147
20 197
70 31
38 47
61 54
77 13
55 19
65 188
16 106
12 157
44 103
69 69
49 103
98 44
18 109
53 170
88 149
46 83
15 111
97 117
57 127
48 92
82 20
54 91
24 42
45 147
83 12
63 132
76 108
20 125
27 192
78 105
42 82
24 131
14 120
30 182
48 159
62 173
89 164
34 107
79 144
77 152
36 125
100 72
89 93
12 83
36 80
74 46
57 156
69 179
62 15
21 134
75 54
46 154
59 12
28 35
93 170
15 91
87 105
83 139
78 161
43 116
65 22
34 58
58 142
89 87
100 40
36 132
89 138
36 137
95 11
93 107
65 183
14 64
66 184
79 119
35 59
46 49
45 199
27 82
80 147
82 108
68 169
52 105
79 181
21 67
48 47
23 152
64 195
16 129
32 52
62 165
77 93
64 184
85 124
30 31
87 24
97 90
73 12
27 111
80 48
41 164
95 154
47 149
90 165
78 148
55 136
85 130
17 161
96 110
83 22
19 188
43 105
39 42
16 106
20 112
11 155
30 73
59 34
55 79
36 110
39 26
42 151
28 86
25 125
58 16
18 161
83 164
35 115
57 185
86 183
44 199
72 14
83 89
47 83
86 48
40 197
34 72
92 76
38 102
46 178
68 128
16 146
60 47
26 153
91 92
37 161
88 115
52 175
45 25
24 152
79 84
99 162
43 139
19 138
60 28
20 182
63 97
32 81
22 199
83 30
66 180
36 25
88 189
40 110
30 90
16 89
25 53
65 155
57 78
83 43
46 51
89 86
19 164
75 115
75 11
87 97
46 159
46 97
17 145
18 173
48 80
53 42
82 101
75 105
99 123
46 110
49 176
59 123
98 165
97 123
97 15
11 147
23 165
28 132
40 61
21 178
51 177
95 55
34 50
25 91
79 154
83 126
48 198
93 112
28 119
16 128
36 88
20 109
34 151
69 196
29 179
59 155
60 13
56 54
38 25
33 37
85 125
88 120
11 22
30 106
32 99
98 76
60 119
97 73
10 59
12 93
25 84
52 182
31 91
23 175
86 183
29 96
69 177
19 74
12 80
53 164
29 194
46 190
58 58
64 25
79 142
40 156
43 189
69 147
44 16
23 197
99 144
16 141
65 164
91 153
19 174
55 35
83 167
17 145
51 99
15 143
16 89
76 100
82 79
13 191
97 10
61 96
38 123
25 86
10 62
23 143
65 144
10 68
76 35
95 169
96 184
62 199
100 31
15 184
36 178
22 28
15 13
81 143
57 185
36 35
81 78
83 117
33 179
99 166
55 178
42 150
57 66
69 77
32 67
16 30
46 55
97 43
54 176
84 197
52 26
38 28
38 42
30 150
58 132
24 68
76 92
69 113
50 199
95 79
65 61
46 143
82 160
14 177
36 173
16 117
78 26
64 127
19 136
85 113
67 34
32 19
17 31
81 85
45 146
100 128
92 75
27 147
96 45
24 182
91 95
63 50
29 98
91 13
65 108
58 112
36 152
80 69
50 109
18 45
88 142
12 72
70 32
14 62
31 153
50 118
12 175
97 193
83 190
76 118
25 177
85 50
29 185
11 122
23 97
72 159
81 141
42 66
73 83
69 51
28 196
15 118
74 183
69 86
15 150
20 69
31 68
34 76
22 40
90 180
99 189
53 177
51 34
46 92
85 195
18 178
76 136
50 181
42 48
59 113
15 83
30 158
28 125
94 36
43 64
83 104
98 188
74 194
75 157
25 163
77 61
25 162
10 56
92 172
36 31
96 126
73 77
31 88
32 150
48 170
23 186
61 100
19 188
22 15
61 21
97 139
24 130
43 126
93 87
73 93
54 193
22 55
46 136
34 83
74 90
50 133
56 160
24 69
15 160
12 135
27 87
19 88
36 18
18 14
56 122
63 24
65 150
81 195
35 23
85 182
94 142
66 191
52 160
30 92
16 168
39 90
47 134
27 61
54 24
17 58
32 197
64 71
62 131
50 52
65 156
65 69
40 160
23 42
11 152
56 38
29 162
58 164
33 130
93 37
64 102
58 102
50 170
36 65
72 50
14 66
81 174
11 137
54 27
19 52
58 114
25 111
49 42
98 183
65 111
67 127
70 140
30 144
89 35
75 31
49 149
12 137
12 56
57 55
28 63
64 87
30 190
70 85
69 61
58 14
74 100
14 17
55 194
16 138
44 149
19 138
78 69
28 41
25 159
52 10
40 196
90 31
47 96
46 38
80 186
92 153
72 187
12 114
84 111
23 30
71 55
26 191
44 75
44 50
36 130
73 88
17 172
43 154
75 36
77 37
72 69
23 119
27 140
60 56
14 119
44 145
58 99
39 121
20 179
32 18
75 55
29 76
20 26
90 85
40 56
92 109
33 113
99 182
46 94
67 116
47 148
42 19
23 16
13 10
98 113
87 114
84 127
17 175
30 54
41 17
25 183
79 36
90 178
15 161
51 66
56 96
73 148
99 72
23 57
91 161
91 124
100 139
46 98
30 15
30 16
80 85
46 173
48 129
88 140
78 42
79 199
79 53
21 55
18 143
42 30
25 105
38 21
60 16
48 191
40 117
95 78
68 40
30 147
29 43
75 69
99 126
84 194
22 56
16 106
46 184
28 136
35 93
38 143
30 121
82 177
99 153
49 51
34 138
88 185
39 95
67 45
15 154
30 181
98 98
10 41
38 34
20 181
38 157
11 82
42 101
88 105
76 124
22 79
58 155
16 31
24 128
40 61
22 117
10 102
49 139
33 130
83 144
94 124
99 77
31 190
41 75
87 42
44 84
70 71
61 186
95 101
11 193
59 15
47 36
49 179
77 84
81 172
32 62
33 161
32 135
24 141
26 89
32 42
63 106
32 45
30 61
52 26
14 131
61 196
40 151
18 144
89 126
29 95
62 54
95 151
61 27
100 33
72 85
17 113
77 12
11 116
57 128
82 129
34 175
83 59
97 143
70 193
79 173
59 68
96 133
24 28
61 121
49 78
100 150
20 30
87 172
36 38
44 89
74 23
68 147
85 32
47 130
65 170
61 102
57 119
29 89
65 196
11 31
29 48
23 119
40 124
67 47
59 33
54 174
86 11
43 152
92 200
41 69
96 196
33 49
10 16
94 95
86 193
86 141
22 87
97 143
62 163
34 27
81 128
60 76
16 112
89 196
36 143
55 124
75 69
91 73
30 157
57 122
95 96
37 11
41 112
21 49
13 147
29 82
41 79
12 47
89 18
99 136
38 141
100 88
85 87
95 76
90 153
37 183
84 71
54 65
15 150
33 69
27 160
56 183
49 132
22 41
29 83
15 91
27 69
23 46
57 187
32 11
22 143
83 200
41 190
37 30
55 158
17 57
30 74
47 190
38 80
22 159
32 41
31 20
31 62
13 69
68 11
77 200
12 76
94 170
49 84
42 25
98 123
29 170
66 145
66 37
24 12
67 21
59 78
49 156
85 122
75 191
58 129
87 89
65 19
19 125
26 91
61 146
54 56
95 45
99 97
29 37
93 79
75 176
91 135
48 99
46 190
81 192
82 123
17 178
63 150
66 69
31 64
57 66
22 165
47 122
65 185
12 25
68 62
25 32
17 144
87 65
56 76
64 117
14 170
90 188
50 18
100 172
89 105
62 25
61 151
38 164
27 152
90 20
72 192
60 23
47 28
49 112
67 169
84 106
36 136
91 79
46 161
27 82
63 99
52 169
78 78
56 175
21 133
60 78
66 70
78 103
56 12
22 173
82 55
100 131
87 14
64 169
98 93
73 75
22 181
74 31
59 19
11 123
81 33
69 110
34 103
65 171
26 39
19 98
37 87
86 87
63 93
62 101
83 139
19 157
49 52
48 190
82 195
30 26
26 124
61 132
52 129
85 144
20 90
82 63
29 125
77 102
69 60
95 183
25 11
46 130
67 161
79 128
49 75
64 26
14 91
32 59
21 72
77 20
27 77
31 163
79 57
45 30
52 101
52 96
60 185
85 190
88 10
83 122
26 82
18 129
78 85
40 26
64 192
73 143
28 101
80 103
17 35
99 55
17 147
26 71
55 32
64 98
27 168
86 141
46 169
81 57
50 69
29 45
80 100
47 163
12 149
22 183
58 10
32 121
77 44
12 123
65 42
27 133
66 52
42 94
22 178
41 86
86 35
29 141
69 165
81 182
100 13
80 86
66 45
93 195
66 200
27 180
61 128
67 64
100 30
44 11
38 154
36 65
52 52
96 148
38 122
81 141
68 115
11 150
79 44
83 51
52 61
28 98
60 177
45 192
10 165
87 194
17 103
14 96
85 77
32 196
76 186
66 135
42 175
47 94
79 72
18 96
45 199
87 146
38 157
16 172
64 131
29 38
69 68
46 43
87 34
82 145
50 187
77 153
68 197
56 44
60 193
30 14
70 136
53 189
91 109
89 35
69 169
78 106
95 54
97 183
98 190
23 109
78 27
83 11
30 120
45 127
72 167
91 147
34 124
39 38
19 139
32 84
89 162
85 178
94 142
80 105
21 109
92 151
46 108
34 15
28 188
99 174
88 106
85 100
49 99
91 75
94 13
52 178
93 173
27 23
70 159
41 89
54 165
70 36
23 12
73 112
43 186
85 188
23 27
60 134
99 59
74 165
79 169
91 93
15 141
21 77
31 46
19 200
37 185
82 117
53 111
45 31
24 148
70 32
14 140
17 124
32 176
20 116
23 74
36 85
35 127
58 147
52 130
85 185
63 24
29 146
19 165
91 44
100 197
41 99
80 43
69 190
46 145
67 174
97 104
41 66
56 55
77 14
73 192
76 133
43 135
94 153
75 88
56 32
98 96
77 64
89 178
97 159
41 172
100 152
72 13
58 140
46 41
24 54
66 177
60 59
11 99
14 53
91 20
50 84
100 40
82 35
79 35
38 151
94 139
46 116
86 131
45 21
98 20
57 15
66 86
62 142
23 67
42 175
42 83
54 174
62 39
83 165
67 37
12 83
65 39
79 129
58 65
89 144
90 48
18 85
68 13
75 122
52 33
47 182
52 166
78 63
44 198
60 103
51 176
24 43
63 187
19 187
34 145
29 140
59 122
86 130
23 40
61 39
30 181
65 182
15 188
56 184
19 105
13 63
68 107
65 107
74 102
95 157
88 66
75 73
13 110
26 126
73 87
98 26
37 188
83 34
95 64
99 12
44 139
26 61
83 174
50 150
72 95
17 133
75 24
22 152
58 20
21 109
14 97
40 177
34 144
54 102
14 41
48 10
71 13
67 14
98 41
26 73
31 82
45 100
85 46
90 43
85 184
79 166
36 88
46 177
85 166
95 73
60 26
91 166
59 124
37 28
81 145
79 104
93 132
23 136
87 88
35 23
30 154
76 141
76 166
32 84
28 61
12 127
21 41
62 119
67 105
79 133
21 51
65 110
87 51
97 140
43 57
60 21
88 198
35 63
64 135
41 93
36 106
77 84
53 145
70 115
97 153
36 133
59 117
74 19
85 100
35 130
54 145
98 170
37 136
21 127
43 182
53 77
12 73
16 69
74 189
44 101
78 64
40 178
23 88
90 150
36 157
78 146
26 63
74 87
61 160
24 103
91 68
62 72
49 165
64 161
61 126
99 137
67 85
28 172
58 122
94 162
12 43
26 45
63 66
89 129
39 170
16 10
33 66
76 181
53 25
65 27
91 193
96 165
72 90
54 84
11 101
67 124
89 188
48 74
37 125
65 113
57 67
48 144
57 197
69 166
70 64
67 197
68 160
33 191
55 140
59 73
95 176
22 187
63 190
34 60
14 96
18 30
78 75
94 119
50 87
87 105
67 112
86 63
85 105
63 132
12 184
12 97
55 14
79 144
93 177
60 130
19 156
20 90
40 113
74 135
83 105
15 196
84 174
36 99
63 146
61 135
28 48
24 88
42 148
43 67
22 46
84 39
77 136
71 43
23 139
13 81
21 29
62 94
63 170
62 93
95 58
97 66
94 92
11 160
29 18
76 175
53 35
80 67
69 144
52 53
85 111
41 138
64 44
53 167
45 37
58 141
45 120
14 193
81 184
43 40
66 21
58 89
84 39
91 29
79 89
50 76
51 17
76 164
38 36
84 77
50 32
65 13
48 35
93 165
37 191
44 53
97 52
64 70
84 99
48 97
12 173
95 190
33 167
20 75
15 126
87 121
51 172
57 133
73 141
33 37
75 135
55 155
77 34
68 101
25 125
38 123
20 172
34 120
73 108
57 175
55 172
49 46
10 41
11 140
99 109
35 125
18 92
60 85
51 93
98 61
13 185
64 126
38 130
20 117
48 75
41 105
27 199
52 179
39 154
91 34
94 152
26 140
22 28
87 171
74 22
100 141
36 50
90 198
13 124
27 29
30 48
98 56
92 132
27 121
18 19
74 160
50 93
67 25
82 137
41 66
55 61
85 190
56 84
99 71
37 122
10 18
37 80
20 29
63 156
65 87
62 106
35 125
81 180
80 166
63 147
34 87
68 27
14 121
100 63
36 121
82 116
10 179
87 60
53 19
12 181
73 170
99 198
83 119
17 77
57 93
90 105
40 43
16 68
35 66
10 158
96 139
51 173
70 103
71 137
94 59
83 73
53 25
81 156
76 69
14 17
20 67
30 166
51 77
48 99
58 188
91 155
46 164
13 66
48 193
81 43
26 132
24 113
97 188
58 103
46 134
57 31
18 66
60 157
29 64
52 133
99 124
85 190
53 57
12 18
78 92
86 134
99 169
25 14
58 126
29 56
51 62
12 93
16 108
73 117
76 117
29 34
74 148
34 161
17 91
71 65
35 41
41 40
56 34
81 31
100 186
60 74
93 189
64 200
41 29
50 101
30 156
44 20
36 183
74 120
21 184
82 90
54 164
33 90
87 177
30 13
84 31
53 31
60 78
37 149
59 136
61 77
47 18
36 16
81 101
70 86
61 122
92 143
82 108
31 117
46 155
70 46
86 40
96 17
83 109
89 27
63 49
75 170
62 24
90 91
27 145
33 21
27 156
99 164
94 176
29 160
35 65
75 128
66 84
72 47
19 112
43 48
26 193
35 51
35 14
19 145
90 144
46 15
21 110
69 174
81 114
60 59
95 150
42 85
58 133
24 15
81 200
92 39
28 83
75 52
57 56
58 58
43 143
17 110
55 75
75 193
44 16
58 169
22 71
14 11
57 20
53 82
40 105
87 76
78 34
28 87
62 105
34 92
87 42
49 155
34 98
29 130
65 20
60 104
30 187
63 97
100 157
67 81
66 101
14 82
68 87
31 28
61 139
23 73
13 146
41 100
93 188
58 13
54 141
87 101
52 56
13 189
34 10
98 129
40 59
50 49
50 14
80 119
79 42
65 135
72 31
35 65
73 99
37 38
71 19
54 31
42 161
27 134
98 122
18 85
42 107
34 107
82 12
45 97
23 51
59 44
59 101
65 81
31 33
65 94
31 59
68 164
84 168
82 25
25 193
72 81
11 45
92 32
26 47
60 103
53 164
77 151
57 103
49 119
49 174
86 181
77 139
49 86
91 62
57 16
36 22
79 166
41 87
37 116
23 108
49 12
59 191
47 169
19 27
100 40
53 111
44 67
92 198
96 145
66 66
14 126
88 59
46 148
16 79
38 61
22 94
65 91
55 82
40 20
51 180
38 134
79 105
77 129
17 155
15 174
41 67
82 133
57 181
10 53
53 177
100 80
69 32
53 189
29 86
95 25
40 72
26 168
58 139
78 113
82 13
18 148
20 198
95 199
70 194
83 81
51 20
95 62
63 155
50 137
84 72
68 118
31 100
85 144
40 193
24 166
63 156
50 110
22 14
93 153
57 194
21 189
20 27
70 46
16 114
71 34
18 147
67 131
75 70
34 119
30 143
42 102
35 40
18 73
81 131
46 63
39 70
51 150
26 137
38 80
47 12
76 25
36 111
10 40
100 41
69 55
91 77
29 116
46 170
79 164
92 47
33 46
90 134
86 15
11 193
55 110
21 55
20 167
42 92
65 127
62 189
24 142
87 162
84 16
35 102
66 31
95 61
64 68
26 74
15 77
26 193
83 83
97 124
92 26
66 89
33 174
42 159
33 177
44 15
68 73
87 196
12 68
77 195
27 86
31 42
37 168
46 130
92 117
11 134
71 104
55 119
11 113
94 13
31 41
59 116
60 138
40 19
25 11
81 143
25 93
27 40
12 31
24 145
96 79
93 114
100 114
76 71
50 122
52 149
60 105
41 78
99 19
35 59
94 112
18 120
72 19
24 99
89 175
85 22
71 134
66 48
41 172
87 107
27 174
69 90
39 154
87 154
70 67
14 27
82 47
89 39
12 130
43 110
57 183
55 170
21 48
50 198
69 118
86 125
29 173
62 13
54 15
12 111
78 182
94 85
47 86
82 75
10 85
56 131
59 119
38 27
38 131
75 20
32 120
45 173
14 183
62 61
25 133
90 82
35 111
68 154
28 114
74 45
27 47
39 77
47 111
99 157
63 132
88 123
32 145
89 177
82 93
12 158
31 21
53 173
37 61
81 175
77 189
37 175
54 29
32 35
33 181
82 14
56 192
87 175
91 44
32 106
42 200
86 186
79 137
73 199
67 127
61 175
78 13
91 164
16 67
38 197
97 24
42 149
41 172
84 164
57 95
19 198
93 167
15 149
88 184
40 136
47 141
50 48
95 103
62 20
70 43
94 197
62 62
71 63
18 111
77 105
77 129
17 134
45 107
57 43
53 72
93 22
94 100
31 168
90 83
89 175
90 17
78 186
34 160
98 158
19 108
61 110
23 177
73 167
43 181
97 185
33 21
92 76
11 57
68 126
22 44
12 69
54 116
15 176
44 137
74 158
40 17
57 115
55 145
65 66
65 124
90 190
30 69
68 68
20 144
75 91
44 128
50 72
73 47
66 131
21 192
23 62
27 190
21 13
15 92
77 104
53 154
58 185
11 171
57 173
13 79
98 135
61 34
35 62
19 87
94 67
47 93
89 121
94 108
17 38
38 15
32 48
13 47
71 25
22 118
26 166
12 51
63 16
77 141
87 159
59 73
34 118
13 179
77 59
76 176
58 97
31 41
65 184
24 11
39 152
17 186
15 129
48 38
36 146
73 46
27 18
56 142
81 86
81 199
18 28
58 45
39 199
10 95
66 189
84 11
13 59
66 78
26 67
41 156
45 119
29 106
89 123
30 118
51 12
96 157
73 134
79 180
85 111
59 157
56 14
99 60
12 189
69 63
48 78
35 57
66 32
62 179
45 66
93 189
99 56
62 155
95 158
89 156
73 52
47 180
60 114
78 153
80 11
45 169
62 68
64 131
94 44
52 79
60 48
41 34
50 33
99 97
86 134
40 71
52 199
40 75
39 145
81 58
71 77
90 90
65 86
30 47
32 163
50 64
71 27
57 118
36 88
71 53
97 78
33 19
95 29
66 55
87 124
59 154
79 142
97 148
55 76
55 182
52 145
77 61
38 145
49 33
42 195
93 44
38 33
93 15
95 149
19 38
22 153
92 86
32 46
51 135
84 40
72 185
54 196
65 158
88 58
63 185
41 79
75 159
87 115
91 167
97 23
25 148
84 29
25 83
20 79
10 21
26 189
46 105
36 84
69 124
32 42
97 197
94 170
85 35
56 119
24 159
92 17
23 142
99 174
98 113
21 97
29 173
86 141
24 69
29 129
89 147
31 134
13 94
19 120
59 199
26 132
70 35
66 130
62 187
38 13
36 190
74 23
40 199
73 61
88 192
53 72
43 185
24 125
53 121
51 41
15 138
91 120
91 124
75 130
74 187
66 10
14 56
17 159
15 21
14 133
35 21
32 163
32 22
32 118
33 165
93 73
94 135
29 64
39 76
90 159
59 162
65 81
11 48
24 83
31 71
26 84
40 32
79 122
48 145
53 189
36 32
25 32
81 88
30 15
92 92
38 60
28 189
85 82
44 184
15 107
81 14
76 171
34 48
89 114
71 165
97 113
93 175
43 166
73 43
100 61
35 10
32 191
47 64
89 46
68 49
10 114
80 168
76 123
83 19
38 20
22 150
66 14
63 80
96 199
78 163
16 59
49 183
73 173
98 112
31 106
73 27
31 47
60 137
18 190
78 17
48 163
34 145
22 102
83 160
38 149
65 194
80 129
36 69
54 44
31 154
53 165
22 193
99 177
87 14
13 118
15 19
18 190
34 69
96 21
91 57
84 185
32 10
76 26
32 57
45 61
20 21
63 193
78 48
94 176
84 179
29 85
27 186
99 163
20 31
75 117
82 177
18 119
75 57
61 68
30 39
13 127
47 157
26 98
81 132
43 69
87 179
70 119
52 84
73 40
63 98
62 195
59 91
10 72
71 93
83 41
20 49
49 16
15 121
36 43
92 191
29 196
30 90
63 155
21 38
87 112
89 175
34 21
34 19
33 193
48 35
13 46
18 35
16 113
70 169
79 41
64 70
57 172
88 162
35 157
61 132
89 137
22 164
50 183
46 52
58 119
96 29
96 163
12 29
44 21
60 43
51 191
75 122
77 74
33 87
23 116
22 88
86 180
77 21
88 68
25 158
22 153
60 154
41 75
73 12
51 14
15 173
63 138
52 156
95 21
41 53
21 116
35 192
95 26
86 78
40 88
44 83
75 55
23 147
72 75
98 50
73 16
68 95
99 128
28 190
11 126
26 88
67 186
37 170
69 103
60 107
40 94
31 44
13 61
36 81
84 173
51 49
53 155
99 167
83 197
98 65
39 188
60 198
82 65
74 196
26 36
66 162
43 105
23 125
85 198
74 125
36 139
95 193
34 98
85 42
35 136
16 59
96 84
77 140
70 45
82 141
90 37
95 56
51 119
85 131
20 190
73 130
37 41
79 87
76 124
84 66
99 60
83 194
19 15
34 116
63 68
28 155
33 149
92 71
30 26
79 27
88 91
40 177
35 112
38 95
35 26
28 106
28 111
43 31
60 54
70 179
90 185
27 73
65 178
12 66
48 147
42 30
86 74
13 173
97 105
74 33
33 40
71 19
56 73
41 57
89 190
81 95
16 180
17 151
33 113
35 195
17 112
23 131
55 66
66 175
37 183
53 103
85 193
64 198
45 165
63 195
23 123
64 150
22 68
16 103
44 128
33 73
62 157
97 38
79 119
38 195
54 75
83 158
22 53
50 123
95 52
80 183
63 71
90 110
31 75
74 121
91 145
32 77
96 32
38 113
43 173
96 86
11 69
42 105
78 41
33 163
48 10
97 91
62 121
39 22
99 25
10 11
62 162
57 60
13 26
84 168
51 113
50 57
20 130
82 128
81 24
39 87
70 58
45 108
75 181
31 155
39 98
24 178
17 77
10 86
18 66
74 103
26 119
28 185
59 125
94 31
68 194
20 197
21 120
77 19
83 69
75 117
83 164
66 37
76 188
28 168
13 178
60 43
15 65
72 157
42 153
56 162
13 129
54 18
37 106
63 160
45 57
85 121
42 14
71 96
69 82
55 66
44 146
54 168
100 140
29 11
97 123
58 37
57 165
78 112
49 106
20 57
85 161
64 187
98 160
88 10
40 157
92 135
64 156
76 125
78 26
21 177
32 111
91 13
87 114
80 136
63 199
72 17
47 172
27 168
24 119
26 16
10 33
82 190
70 43
81 118
69 41
37 43
23 142
87 39
50 26
52 110
55 191
66 27
12 154
52 137
89 196
88 137
93 105
70 74
42 63
62 42
95 98
55 79
16 177
87 130
97 116
75 61
15 168
59 90
24 129
51 14
85 181
17 188
23 111
38 45
80 42
56 79
42 17
61 183
95 100
21 30
39 185
21 112
26 25
69 116
87 39
59 91
64 82
48 117
60 151
85 169
83 73
30 135
57 62
79 130
46 72
58 158
76 74
36 51
92 83
49 56
67 76
12 144
81 36
23 176
96 34
34 159
55 35
55 20
52 54
16 39
77 133
26 16
87 78
98 131
100 36
19 86
60 135
49 95
24 80
72 159
22 35
51 22
12 54
86 182
46 38
96 59
18 51
28 11
80 157
36 114
78 152
98 130
56 19
32 68
61 106
96 36
15 156
20 57
59 136
79 142
50 71
71 147
12 100
16 75
68 102
24 83
77 191
37 174
21 48
18 132
69 102
63 119
67 27
44 78
32 195
74 117
51 54
84 43
87 32
52 44
86 109
17 21
79 164
11 120
19 69
79 168
41 199
14 39
31 73
77 21
78 162
24 168
64 34
89 172
52 131
22 24
60 166
53 150
26 41
99 153
82 132
29 83
72 27
36 189
88 42
99 170
32 172
47 52
74 182
91 74
46 72
70 185
85 158
51 10
84 46
52 112
79 94
57 119
57 119
96 45
12 150
63 19
33 186
75 161
15 97
39 122
30 157
10 41
37 61
68 126
16 16
56 86
43 65
89 55
13 145
87 191
95 116
57 59
67 62
40 111
12 65
23 130
84 128
90 149
81 24
49 119
83 123
71 164
61 20
85 196
60 142
33 71
38 187
34 24
28 151
29 40
87 148
16 49
72 165
44 120
70 83
92 52
41 55
48 27
38 90
19 64
57 199
95 124
38 88
42 76
83 63
40 88
57 111
92 121
95 159
71 98
35 91
87 59
79 190
21 68
19 110
58 124
42 91
68 115
34 28
43 73
25 132
92 127
18 121
54 129
35 99
47 133
95 179
80 161
20 101
96 91
91 162
66 131
22 95
56 87
51 71
15 17
24 122
54 56
59 24
51 112
77 23
99 115
74 69
60 34
86 137
84 160
25 142
62 16
90 171
73 185
22 64
22 55
54 169
21 18
28 119
50 117
67 198
82 167
80 141
41 25
49 129
57 20
26 109
54 141
79 132
63 132
20 138
80 162
42 143
30 110
70 133
71 15
72 93
29 186
46 17
86 145
37 50
12 49
51 25
77 50
36 127
37 132
68 24
27 14
61 106
76 41
33 176
19 158
51 84
25 135
89 187
35 70
43 78
86 199
100 112
29 39
55 64
89 137
26 98
76 80
32 100
23 54
51 191
67 177
60 189
42 200
83 12
81 12
20 170
62 186
82 92
99 131
54 30
65 69
18 31
63 156
99 93
48 39
61 34
57 192
50 138
39 188
18 83
10 65
92 65
92 167
59 87
79 116
39 155
35 69
37 157
40 118
43 24
91 188
46 174
31 83
90 193
71 118
49 126
43 161
86 66
84 128
77 23
10 94
59 61
15 188
94 190
75 122
40 96
84 96
67 111
24 47
81 82
17 21
18 171
76 10
38 98
91 23
75 184
74 145
43 82
73 118
41 60
62 141
30 139
100 37
12 48
96 164
24 50
28 162
71 168
79 69
70 111
30 20
77 11
85 173
37 109
62 20
21 141
93 127
22 30
81 141
86 72
78 32
60 101
86 167
17 189
45 146
13 107
38 37
23 155
16 36
32 111
88 66
100 188
38 143
89 180
53 98
66 32
36 198
81 169
62 13
93 20
81 77
79 149
93 69
30 125
21 10
85 154
13 121
42 70
58 192
30 181
57 135
86 52
64 170
58 139
70 189
39 166
100 87
22 160
26 61
54 85
11 154
36 139
75 191
63 150
89 70
34 115
69 177
83 170
92 190
65 162
44 56
64 66
27 86
51 123
72 144
71 42
50 58
95 162
65 170
11 75
39 63
16 55
61 159
10 197
45 144
12 171
75 107
92 166
96 73
35 164
55 109
19 105
55 188
73 71
23 190
81 39
62 138
30 125
92 142
64 88
11 100
32 96
49 128
31 11
19 163
81 30
68 13
22 93
20 34
86 192
22 90
93 109
69 149
50 158
97 166
50 19
50 160
91 85
11 11
49 100
84 95
38 78
35 88
81 133
35 137
86 170
86 168
74 88
54 168
68 72
44 147
66 21
59 200
35 183
31 25
34 186
19 24
36 52
12 45
97 59
35 121
91 43
22 163
82 48
41 179
71 64
73 13
21 52
45 14
44 34
36 129
88 174
31 94
60 68
29 21
78 146
54 179
82 42
86 99
86 72
65 34
18 45
99 66
21 40
29 112
26 133
77 96
17 196
80 143
48 131
39 23
70 109
46 76
12 134
67 65
66 86
61 187
75 116
57 30
56 134
57 54
12 16
39 163
85 141
40 109
71 81
64 182
15 136
98 143
49 67
95 108
11 86
41 108
68 158
24 13
82 104
49 148
59 40
56 156
14 58
83 86
72 29
32 131
63 160
84 46
47 92
32 181
50 82
78 13
69 39
47 143
26 107
50 65
82 43
35 107
99 118
77 43
70 95
100 92
82 59
51 92
77 139
83 153
91 195
50 94
15 15
62 179
91 161
60 48
60 75
74 130
55 172
81 141
12 170
10 154
25 196
28 13
25 152
72 188
24 133
27 192
26 153
13 71
43 34
58 151
10 97
51 125
88 64
70 169
65 88
90 96
75 180
35 60
35 76
21 99
36 142
85 180
70 81
75 28
68 193
96 47
16 49
77 171
84 26
47 172
32 83
82 53
61 179
67 15
67 142
88 97
70 37
98 167
76 183
96 56
94 176
65 86
53 76
20 163
94 17
92 63
100 22
39 165
97 200
99 89
38 118
19 45
20 117
54 97
79 40
83 74
94 58
89 74
41 28
54 61
72 13
13 159
89 19
85 60
92 138
10 194
69 158
81 66
80 84
82 164
37 119
100 164
11 31
48 135
12 108
30 118
53 99
99 149
29 43
25 162
28 182
94 70
52 37
83 36
61 101
59 47
28 93
36 30
100 60
80 175
28 163
39 68
87 11
12 182
73 82
79 37
23 142
41 46
62 67
13 102
41 106
28 21
38 162
59 124
81 17
93 191
92 33
32 53
76 132
100 113
69 43
57 88
67 81
64 187
28 18
95 118
47 50
34 146
29 182
65 45
75 10
61 12
60 128
97 102
34 123
91 84
91 189
92 174
89 87
38 198
39 49
28 53
99 65
13 112
52 102
81 101
43 48
100 170
79 170
81 47
18 119
59 92
18 105
18 168
58 47
66 121
33 124
26 187
16 196
12 91
15 111
92 43
25 106
57 159
14 117
59 32
62 160
21 155
74 192
84 68
29 131
73 137
13 186
37 98
89 65
85 122
22 182
58 159
84 179
47 196
96 134
10 143
30 154
98 149
94 41
80 196
48 61
82 81
20 98
61 71
48 192
56 164
37 160
14 104
18 39
99 55
64 139
78 56
73 85
42 59
19 77
97 121
26 29
99 186
87 182
35 93
74 62
64 168
49 190
21 194
36 182
78 182
72 36
37 35
83 76
65 70
43 173
12 70
92 194
49 153
76 124
28 192
72 113
13 41
13 73
31 143
88 95
46 19
16 196
58 76
96 162
44 35
36 161
51 170
10 184
59 196
80 180
42 127
22 190
25 60
23 36
35 151
61 161
23 86
98 69
73 48
46 133
84 199
16 33
53 113
40 134
64 159
95 95
79 70
58 87
50 180
57 136
88 77
100 134
92 74
35 150
52 46
33 29
60 40
77 78
27 81
30 51
80 158
93 137
86 63
15 182
37 192
26 186
86 13
80 65
75 134
57 10
56 152
69 58
37 94
72 126
14 171
88 26
71 147
96 189
84 19
98 86
79 87
89 90
93 12
58 10
53 194
47 128
49 74
68 150
13 167
83 167
49 63
55 86
12 157
82 75
68 88
23 188
18 22
28 99
87 66
31 194
98 145
91 49
90 162
38 20
15 85
26 64
43 181
80 182
39 80
48 146
56 28
97 145
26 53
28 98
54 200
58 13
33 34
51 196
60 62
31 136
16 35
72 96
72 174
11 186
65 167
98 55
64 85
92 47
72 77
99 60
75 71
83 41
58 127
36 125
29 86
36 137
57 73
37 161
49 122
29 134
42 99
41 73
74 190
93 103
58 90
77 155
10 59
46 89
46 67
28 176
45 65
90 76
15 156
74 17
18 27
74 156
73 141
63 90
90 173
44 19
62 179
86 78
33 172
36 56
19 162
87 194
25 155
63 188
18 140
37 200
83 158
84 73
69 27
18 50
17 11
59 118
80 45
11 61
83 143
34 67
46 151
63 186
12 141
45 37
69 190
55 59
36 13
77 44
92 119
17 64
92 178
85 121
27 157
37 51
78 79
19 69
89 11
91 146
14 49
28 66
61 54
94 175
65 81
45 122
56 138
17 131
35 169
71 150
96 67
69 68
39 142
12 199
13 195
34 128
82 162
97 94
79 144
82 106
60 143
52 58
32 24
69 17
32 74
63 130
54 191
53 89
100 137
63 118
47 76
73 18
94 73
77 86
21 35
32 75
76 31
94 70
50 145
18 28
19 77
52 163
18 157
100 20
49 173
36 68
12 186
31 97
84 43
85 109
20 155
84 59
97 118
100 42
93 18
35 93
95 51
28 143
35 119
37 158
42 103
78 152
25 136
20 180
23 43
58 81
27 83
35 16
34 71
78 75
59 165
45 176
97 35
20 57
43 115
60 78
64 52
91 161
52 90
96 190
59 50
15 132
10 22
16 114
29 198
14 174
13 158
48 21
66 89
85 148
22 95
92 76
88 45
72 158
99 167
22 69
73 39
50 151
21 150
61 147
94 86
35 131
31 92
22 26
48 32
13 18
58 12
89 75
56 133
39 16
27 22
65 149
31 88
80 138
60 198
36 197
76 26
66 117
88 113
64 123
93 142
48 73
78 58
49 34
87 35
41 123
82 128
21 112
63 14
46 64
48 167
83 106
50 32
36 113
97 22
25 92
20 200
39 141
52 159
38 60
19 27
60 53
81 88
94 172
41 47
73 115
28 130
18 19
19 78
21 109
89 192
95 65
15 189
67 70
28 160
12 175
81 138
27 165
49 26
58 130
30 15
76 89
38 99
32 87
83 86
71 56
32 198
86 111
15 106
48 155
11 136
23 86
66 168
60 110
31 199
11 69
55 118
53 161
25 112
48 196
72 54
85 86
90 175
48 58
39 180
81 11
90 175
39 200
51 151
39 148
23 161
77 197
35 177
69 129
22 25
64 97
78 187
58 132
34 12
25 85
45 14
57 141
70 186
59 143
92 72
45 151
46 97
36 167
22 125
37 195
64 40
34 30
55 129
25 31
42 131
96 180
52 35
28 136
55 82
85 169
28 181
14 42
22 87
14 16
52 137
21 163
48 136
64 36
81 156
35 40
72 197
16 65
36 151
52 65
64 113
81 42
36 187
26 14
42 116
72 119
25 66
52 40
82 108
19 100
47 158
38 15
82 183
49 52
31 105
52 10
43 174
47 167
34 129
17 77
48 35
12 109
79 110
80 127
23 49
76 137
50 191
32 27
64 34
93 128
78 188
86 12
84 183
44 165
50 162
37 167
10 48
13 122
85 58
93 31
90 108
21 138
88 99
24 93
85 45
52 119
67 161
91 37
78 90
22 97
55 54
31 81
42 173
89 83
34 62
78 161
12 83
16 80
12 119
58 162
53 27
13 30
91 191
23 164
81 48
11 187
38 135
81 27
20 104
50 171
13 48
58 139
86 74
21 138
10 25
76 159
32 169
25 63
35 58
44 83
81 76
94 32
31 149
96 152
60 185
75 53
79 75
48 166
66 43
69 144
82 45
35 134
39 125
80 16
43 12
32 114
21 192
86 145
17 29
36 37
79 39
47 80
50 83
37 65
98 183
89 187
94 145
46 53
28 129
50 86
92 182
37 53
15 192
62 157
56 83
42 68
53 85
98 38
81 195
79 118
48 136
20 26
82 67
81 184
35 162
23 139
20 103
47 159
26 169
91 148
87 143
23 197
28 165
12 29
99 141
39 180
11 84
95 191
60 86
99 127
59 86
65 11
25 46
47 116
64 98
29 121
77 91
97 80
16 165
56 81
42 80
68 24
88 78
80 96
90 200
86 45
53 100
71 130
15 50
25 16
62 122
72 191
94 44
49 124
83 13
31 125
43 77
22 60
50 166
85 142
33 180
41 95
73 67
61 81
37 82
63 67
92 13
81 72
19 161
48 90
78 12
34 92
20 189
20 45
54 131
15 163
27 176
71 33
12 116
85 161
24 12
44 35
90 96
54 97
98 104
17 65
23 58
11 197
94 132
46 21
70 18
42 15
51 75
40 47
87 154
99 191
43 47
33 184
20 134
47 33
31 101
45 178
12 100
84 16
75 37
61 127
88 46
84 72
58 161
99 136
56 150
62 92
93 163
74 164
25 190
74 189
82 119
98 83
35 162
98 62
64 151
97 77
13 111
43 142
58 91
21 30
91 24
18 49
76 53
13 138
18 189
54 188
12 114
92 138
33 194
54 85
63 190
55 175
85 112
43 16
82 36
25 32
44 182
18 70
31 95
64 110
15 145
46 34
59 158
62 145
42 173
49 139
20 24
77 107
81 94
53 140
81 161
87 13
17 77
34 20
33 114
30 68
58 17
100 151
57 76
15 160
30 159
47 54
10 54
51 121
50 85
96 79
78 66
99 53
95 189
22 118
73 173
19 173
100 111
91 21
86 39
99 69
67 113
100 14
77 108
11 139
98 197
64 72
43 134
60 18
10 190
71 24
69 123
19 186
51 131
77 32
23 190
97 23
38 47
10 124
100 164
47 150
63 114
36 44
42 170
49 181
75 190
68 164
53 34
64 136
95 168
47 159
33 70
13 124
56 20
28 74
70 122
69 155
46 100
44 94
98 85
20 49
18 91
69 199
72 174
35 114
26 135
36 164
32 87
100 146
98 148
49 92
100 98
15 95
29 80
76 56
48 75
52 51
44 119
34 116
96 27
35 78
84 136
24 22
17 141
100 154
58 42
88 148
20 104
18 117
95 64
19 151
50 123
52 130
34 85
53 169
88 130
58 121
18 99
94 122
50 135
47 140
95 132
35 119
81 163
98 53
98 64
34 191
84 39
85 40
68 199
90 60
31 66
43 15
74 148
56 17
45 45
91 70
81 56
61 46
76 80
54 57
81 127
20 132
71 179
34 92
86 183
10 149
79 157
10 26
49 124
28 29
65 192
40 147
88 112
61 100
66 117
35 137
99 16
27 21
58 30
24 37
83 110
67 96
74 151
66 13
76 179
22 76
18 134
40 61
98 49
21 48
58 119
80 43
63 42
79 154
66 191
70 132
33 178
62 10
57 151
35 67
27 58
27 120
53 189
85 70
10 143
30 37
59 104
67 30
60 158
48 64
17 198
26 92
99 34
53 168
21 139
41 125
79 179
81 21
14 81
35 27
40 10
25 120
17 159
27 106
98 158
100 86
74 190
99 174
20 81
80 42
83 19
40 50
69 45
46 177
92 155
95 153
96 92
75 125
73 55
87 156
57 55
38 180
66 30
18 102
42 159
24 177
63 112
39 178
28 99
21 86
62 192
96 52
97 144
76 145
61 40
92 23
12 154
18 142
74 20
60 141
32 189
83 159
46 133
32 69
49 155
91 119
67 48
74 72
55 171
85 24
66 129
95 107
76 73
52 121
46 125
71 95
56 168
15 13
28 54
73 166
35 83
48 167
12 66
71 147
25 89
43 58
47 41
11 133
94 47
79 30
17 127
61 75
57 12
72 38
57 15
59 55
61 77
90 31
73 117
36 181
68 172
68 35
60 15
45 128
21 33
46 13
63 84
99 67
79 190
11 155
68 89
71 83
20 65
98 133
74 115
70 168
57 164
10 88
59 194
23 42
21 197
15 190
72 136
10 179
91 163
39 120
25 155
57 73
78 163
72 13
42 152
46 176
32 38
58 127
98 91
68 70
83 26
10 181
93 171
58 98
29 136
22 28
13 55
86 143
77 108
86 107
52 182
23 40
85 159
71 41
96 138
17 171
64 26
49 127
35 176
20 142
64 55
51 44
91 73
11 151
47 145
39 97
34 175
42 158
41 106
17 47
58 133
31 19
49 12
85 180
47 152
81 132
26 125
31 162
20 165
92 13
35 13
25 78
90 48
85 154
23 45
20 32
32 31
45 183
28 190
61 77
78 127
29 181
25 187
28 61
35 76
100 81
93 29
73 79
35 197
66 56
65 67
35 53
34 109
75 156
54 188
71 83
67 52
42 178
57 27
34 179
32 137
96 185
66 52
24 45
95 129
56 101
73 181
100 118
14 171
11 32
99 139
97 116
80 181
64 19
52 143
72 113
38 113
15 79
15 194
48 24
26 49
59 131
37 60
48 153
85 156
53 31
75 102
65 75
41 51
98 80
33 139
73 129
53 102
18 197
61 134
59 40
66 148
28 23
83 52
88 49
69 163
67 114
43 51
14 159
67 107
19 121
87 65
14 109
78 47
52 75
85 137
69 165
34 131
96 104
70 188
91 24
78 58
34 36
96 128
48 13
56 67
15 114
56 164
73 101
85 139
25 193
78 114
72 195
50 200
35 39
68 85
47 160
52 171
18 54
26 24
27 189
30 172
69 193
96 137
26 179
72 103
49 17
41 193
67 73
95 143
54 10
87 167
23 173
79 21
94 79
95 96
85 128
59 13
17 45
47 57
34 60
81 15
74 180
63 90
18 20
49 167
36 72
70 24
81 114
35 83
60 82
47 93
98 79
50 164
13 59
54 149
21 183
26 188
62 195
79 36
91 121
49 70
15 169
66 50
73 154
23 86
74 114
84 79
74 88
92 97
37 52
68 67
86 43
87 18
80 143
33 86
82 102
50 90
97 74
37 165
23 53
56 74
64 64
20 161
26 175
68 122
100 137
19 96
35 76
85 50
61 183
92 115
97 94
46 167
64 147
62 197
40 26
80 168
64 35
85 65
54 198
13 93
94 30
91 147
18 104
50 148
99 136
81 183
90 101
88 31
16 80
46 59
74 110
94 19
68 168
87 11
46 116
81 143
12 94
37 31
99 98
59 96
73 75
55 97
74 26
69 13
99 179
43 58
84 102
25 68
30 176
80 77
92 197
75 27
85 121
31 121
79 61
97 64
74 106
30 92
47 112
80 85
19 192
70 191
11 22
61 196
50 183
13 80
53 104
89 90
80 180
74 55
54 39
80 157
75 103
27 102
51 200
20 116
36 131
70 128
28 30
76 132
23 39
26 182
20 142
94 170
41 117
64 175
53 145
28 103
96 23
94 95
22 193
23 34
10 152
38 89
66 97
67 197
100 65
44 103
51 94
62 140
20 131
30 168
76 89
45 157
47 109
71 136
21 75
60 69
66 156
21 41
18 180
63 21
61 38
80 84
51 200
83 166
36 150
41 27
14 47
73 152
84 70
63 70
26 113
34 195
26 98
29 132
22 85
58 155
41 79
37 100
85 74
23 30
76 20
22 74
47 65
47 25
81 169
42 81
38 35
95 139
10 123
96 21
58 35
12 155
98 26
88 195
67 110
57 148
18 83
39 20
71 104
92 63
39 133
28 144
90 200
38 125
53 165
84 142
41 146
53 115
79 162
74 96
95 145
95 34
16 99
20 157
99 93
98 65
36 166
21 27
92 102
32 131
36 101
98 77
55 11
22 52
45 135
86 34
33 24
42 98
66 138
86 128
