10000 500 10 200 10 100
26 23
100 155
22 176
97 101
76 98
82 31
70 107
68 48
51 136
18 171
13 42
45 97
51 133
87 39
72 102
51 135
83 30
74 46
85 168
22 147
95 41
85 192
39 68
89 118
97 111
83 127
91 183
35 147
22 175
83 156
89 119
89 183
36 46
82 157
86 199
34 113
15 137
62 22
23 177
77 19
46 18
73 73
93 171
85 129
72 186
15 22
53 18
47 65
19 66
89 102
77 159
39 138
84 152
79 111
94 80
70 58
67 77
82 123
56 130
27 14
86 170
41 64
79 42
70 76
61 197
10 197
88 25
72 93
46 84
32 138
95 113
31 107
51 106
73 48
86 93
78 16
38 91
26 84
51 55
22 65
98 161
38 27
14 186
20 164
12 103
42 66
50 108
20 38
82 14
51 104
90 141
55 25
91 24
51 168
56 92
96 110
75 106
93 49
49 58
45 194
61 147
10 31
56 65
55 101
20 148
21 33
40 128
80 110
90 160
79 11
47 144
16 116
24 82
17 152
27 11
31 103
83 25
41 46
96 196
47 184
44 198
68 52
78 55
59 89
86 73
29 77
28 44
98 77
87 160
77 68
75 185
98 152
83 128
12 124
78 191
10 87
61 136
50 135
33 148
21 38
52 147
94 71
66 88
30 119
23 179
36 51
57 159
98 16
26 34
35 31
66 80
15 33
20 103
71 39
70 193
68 83
77 163
46 164
70 125
65 153
25 80
87 110
79 17
65 158
10 89
88 99
25 131
100 187
28 102
32 74
16 105
64 99
68 134
78 173
82 134
36 174
88 118
31 85
60 42
23 10
76 43
43 123
74 43
43 19
67 169
81 96
71 73
72 174
60 47
29 98
99 70
91 28
31 188
14 146
98 158
58 184
45 67
44 177
87 59
10 101
58 90
96 112
41 194
75 193
70 52
85 54
12 196
17 111
50 41
68 56
56 46
91 33
70 181
62 47
65 17
80 79
60 147
59 94
96 110
99 192
80 21
49 64
21 174
33 21
85 65
25 24
33 142
84 48
40 70
65 173
61 45
35 18
36 98
29 143
70 33
12 149
64 22
48 72
24 21
90 190
25 164
55 21
74 74
57 48
36 179
25 32
73 128
25 195
87 156
83 22
61 92
22 66
89 186
54 112
48 55
64 138
65 128
27 157
100 53
95 147
48 59
40 45
23 31
35 23
52 20
73 199
55 17
81 28
25 36
46 64
85 76
79 134
72 186
40 38
69 107
61 81
61 165
44 198
99 190
92 185
40 67
15 145
66 91
28 133
37 138
97 20
82 10
77 28
70 55
41 45
58 52
61 173
99 54
46 24
27 11
63 86
55 14
95 199
72 16
17 56
95 139
91 147
41 31
99 169
91 64
55 94
48 121
19 134
81 58
23 52
83 170
17 162
62 171
64 134
41 112
48 142
37 45
27 55
22 96
85 199
73 28
13 77
25 170
74 147
31 194
56 99
27 161
58 11
81 63
65 108
46 115
10 80
58 150
21 82
61 162
35 17
52 162
60 162
67 129
62 171
75 141
56 128
87 185
87 53
79 64
80 55
70 22
69 162
24 94
13 50
39 135
24 56
83 198
11 71
99 160
55 70
88 144
81 44
30 117
96 187
71 60
41 183
71 31
75 77
96 200
77 161
70 40
33 52
66 46
18 153
14 166
53 117
26 32
30 58
16 38
100 153
53 141
33 172
19 78
62 77
39 199
93 33
84 67
13 65
13 178
66 99
38 74
63 73
58 179
92 78
98 199
57 116
47 177
27 100
41 169
23 144
34 49
68 27
48 63
19 30
100 134
22 195
100 169
83 138
21 200
37 175
44 80
76 136
27 20
53 124
88 47
81 145
89 56
46 35
35 88
41 162
47 187
26 63
82 45
20 145
89 51
64 42
85 52
29 168
85 47
22 40
91 171
65 13
94 181
70 169
73 106
71 123
54 86
20 90
48 190
81 177
31 165
75 173
37 30
71 68
28 75
64 186
93 116
51 105
83 49
32 198
21 25
28 80
79 119
16 43
76 184
69 182
84 50
29 176
36 138
49 150
91 175
25 92
85 145
32 30
94 105
38 172
100 182
86 43
11 32
57 29
41 108
54 197
21 199
89 40
80 58
17 14
94 136
16 135
16 128
24 130
100 25
31 164
25 187
40 97
62 117
20 68
66 161
71 185
91 80
78 139
50 48
94 173
34 61
91 99
54 83
57 54
20 164
52 96
47 80
69 182
31 165
55 33
97 148
27 128
92 76
20 191
96 31
92 111
66 70
23 127
13 71
26 63
10 54
66 198
12 176
63 111
67 71
74 87
50 164
67 103
11 93
36 166
43 77
80 62
27 119
35 102
80 193
61 59
72 126
45 162
13 78
60 62
32 28
51 23
94 167
66 42
11 52
18 17
37 118
60 78
98 69
54 39
89 147
38 120
84 178
87 16
87 188
58 59
50 29
97 40
32 32
92 67
72 114
31 16
13 155
32 59
28 76
96 118
44 19
29 106
59 153
14 107
68 192
71 167
77 72
68 197
46 91
32 182
75 171
86 26
87 93
42 182
47 197
74 171
23 172
98 67
24 31
34 64
27 142
70 56
24 49
57 142
86 150
85 124
86 132
92 67
41 59
40 196
24 182
58 127
23 108
26 77
21 170
90 165
61 195
49 159
87 84
52 163
38 45
49 166
61 93
11 35
27 92
33 41
62 41
31 48
90 187
82 90
13 111
56 111
85 64
56 161
54 181
60 184
51 54
21 36
93 193
57 100
17 126
13 193
23 134
97 140
89 21
84 97
12 96
73 49
88 110
21 132
80 146
93 150
33 108
86 148
79 81
89 29
75 22
17 198
81 117
71 109
99 178
78 94
47 47
88 45
32 177
45 82
32 148
86 155
94 29
72 191
29 184
21 118
15 74
98 17
49 95
72 153
77 134
11 158
16 22
65 163
13 13
94 155
37 65
44 28
66 33
56 27
83 49
41 78
13 94
37 160
61 191
53 74
64 192
67 140
96 46
63 46
31 136
87 43
15 123
95 119
90 92
19 28
35 93
23 110
96 171
43 10
65 193
100 129
93 95
52 19
51 182
49 45
78 90
46 174
20 153
16 193
99 49
89 41
83 128
24 154
14 32
51 102
60 49
13 30
33 133
94 109
77 129
100 75
85 44
90 43
94 174
21 97
38 67
41 190
27 91
15 104
28 140
16 151
22 48
84 134
28 32
20 130
72 30
12 181
72 87
14 117
69 70
73 73
41 153
34 133
75 48
42 192
11 54
88 156
21 112
59 107
10 166
88 106
96 75
29 94
100 100
86 11
12 57
27 109
79 171
92 87
43 90
26 18
89 19
21 92
92 98
92 77
56 69
65 93
33 82
71 85
16 30
90 176
31 195
15 120
21 139
32 197
100 97
15 197
16 22
87 72
49 98
53 186
21 156
45 112
54 98
29 53
79 117
86 16
41 103
25 98
13 145
23 104
50 121
54 183
44 31
70 87
36 14
41 120
30 184
81 41
99 40
89 42
34 103
40 79
82 17
17 81
57 61
51 16
11 118
15 171
53 64
81 79
88 141
25 72
51 42
100 26
21 200
80 62
78 118
100 120
29 98
98 99
53 18
72 187
60 137
52 86
14 13
81 103
98 166
81 89
17 112
14 113
30 175
80 13
57 95
20 39
12 157
51 177
18 99
63 112
15 142
34 48
92 165
83 111
27 171
54 171
96 117
70 16
95 69
76 196
83 177
81 12
56 27
57 120
24 164
13 142
79 63
57 71
96 186
75 191
18 184
65 60
93 87
82 181
37 98
56 165
60 75
21 28
38 146
87 199
41 13
36 57
81 185
96 105
38 134
15 148
15 99
12 38
21 86
66 143
94 38
75 69
64 96
76 18
16 91
99 185
15 22
74 172
87 26
78 189
20 14
77 89
70 177
40 100
25 148
83 57
70 161
42 146
96 69
43 133
69 13
29 65
45 193
76 44
80 146
62 181
17 11
31 74
70 198
21 62
20 27
73 188
67 91
31 78
21 108
43 121
75 140
34 171
19 55
94 163
71 80
41 184
46 55
17 102
77 42
16 63
92 129
48 80
84 26
36 181
49 171
92 79
86 120
86 86
80 75
46 199
87 34
44 91
55 82
37 165
87 12
36 16
75 112
90 162
96 56
70 74
11 86
20 149
94 182
44 13
37 94
93 44
19 36
45 40
41 130
50 43
31 67
58 84
66 125
71 141
80 30
58 42
71 170
31 167
26 37
54 51
99 193
29 105
36 32
89 148
89 174
10 127
30 51
31 53
59 67
100 181
85 20
36 58
41 47
74 154
92 184
63 38
81 102
24 47
99 90
91 120
95 18
22 116
13 69
27 69
89 186
71 57
37 84
46 199
70 142
42 16
16 190
14 145
40 21
21 82
84 42
42 176
19 60
19 122
14 93
38 90
15 52
47 119
21 64
27 68
18 112
95 144
16 152
65 58
43 136
92 85
95 144
21 41
94 164
26 135
73 156
18 148
69 174
91 167
91 195
23 55
29 120
76 72
33 121
89 56
70 72
100 46
66 13
31 31
21 52
38 24
17 193
80 48
17 71
72 46
78 60
59 14
18 124
49 84
82 40
24 135
71 83
32 130
51 92
67 75
53 129
10 175
94 94
52 130
49 48
24 63
61 79
94 89
23 200
27 81
70 115
10 154
72 199
85 117
39 56
92 67
45 115
96 139
34 75
55 29
24 78
16 32
58 184
61 184
96 95
83 22
36 92
22 62
32 71
37 23
47 196
96 136
20 133
36 175
55 155
34 132
66 77
60 23
57 86
65 65
53 61
71 24
47 86
40 77
43 90
83 109
85 183
79 38
32 131
56 113
12 198
99 152
74 42
99 168
32 162
36 134
63 165
17 200
97 68
31 42
67 180
35 76
99 197
63 77
72 152
60 57
51 69
58 66
32 186
100 41
35 100
46 12
49 135
14 127
16 79
91 163
56 143
41 41
83 177
37 89
28 133
81 98
24 156
10 136
48 31
55 109
52 176
24 28
98 136
52 147
18 148
40 106
57 181
72 52
81 67
46 129
12 88
84 34
18 193
26 197
64 172
82 200
79 38
22 101
79 39
96 21
96 190
13 111
22 76
45 193
91 105
17 145
61 139
72 48
56 173
78 20
39 183
79 135
19 81
46 28
18 116
37 109
30 169
19 140
32 185
52 190
90 54
68 94
31 146
73 179
98 19
49 106
63 52
44 78
72 87
59 55
76 149
46 141
43 185
55 174
27 13
40 58
20 118
73 83
53 117
71 25
12 94
78 161
54 152
91 80
18 148
21 75
52 100
97 56
66 87
12 53
11 35
52 181
93 86
69 50
23 158
49 140
29 177
44 30
18 152
51 11
36 69
27 16
18 104
25 66
81 126
20 92
22 54
20 116
41 169
13 167
89 42
33 43
86 50
80 13
54 177
73 112
99 102
75 26
29 193
99 199
34 35
100 90
34 197
14 52
15 195
73 158
76 159
11 112
79 76
71 22
28 119
28 132
50 64
88 38
46 52
87 17
57 162
69 190
58 159
100 167
60 94
21 33
84 137
13 72
20 49
84 99
72 30
19 191
58 190
61 174
99 99
80 152
49 143
53 40
92 195
78 54
78 165
41 152
27 34
77 147
72 98
84 31
26 109
72 23
15 105
85 174
87 20
21 76
83 88
49 54
71 147
26 182
31 18
26 33
54 169
94 106
17 59
22 27
69 13
77 78
33 70
94 146
42 190
24 54
32 140
52 172
97 61
21 18
78 130
84 124
84 55
11 176
53 21
94 83
24 54
11 167
85 47
36 15
62 146
95 147
13 23
57 184
68 115
45 178
59 99
30 132
58 165
50 69
99 121
75 44
13 138
76 100
87 135
31 54
51 29
49 178
79 131
72 151
27 198
44 79
88 51
72 62
12 151
45 58
17 129
39 57
65 115
26 84
15 117
15 141
80 119
28 191
68 102
57 106
59 68
24 16
72 28
44 160
23 33
92 61
14 121
58 62
35 120
36 96
38 64
51 162
49 168
65 87
21 114
55 180
65 179
69 126
71 120
65 18
44 136
13 138
40 42
33 104
89 126
60 200
16 92
87 27
86 135
79 140
25 108
83 42
55 149
34 126
16 86
62 32
61 68
14 68
81 150
20 73
66 26
12 98
87 76
81 180
57 40
31 93
46 60
69 45
17 127
33 88
61 160
80 24
14 114
30 139
37 87
70 172
63 117
27 55
78 27
74 15
58 145
22 38
24 44
11 47
91 77
98 186
20 79
81 53
77 103
62 67
40 36
22 148
20 141
95 125
91 50
38 58
79 71
59 32
85 171
23 110
85 16
44 95
13 94
72 67
24 163
46 41
72 174
63 131
50 195
86 93
41 29
42 50
26 26
65 17
51 154
40 55
14 34
47 66
51 121
50 149
59 68
89 93
97 182
28 189
24 134
94 41
80 43
81 65
80 18
60 89
76 33
73 143
80 117
50 20
44 143
65 154
38 183
22 85
57 125
87 183
97 166
42 33
70 138
89 101
20 25
50 130
55 135
65 141
48 93
72 100
57 131
75 58
43 133
72 99
44 50
41 128
93 117
87 36
12 82
81 23
39 129
99 180
96 37
35 127
31 70
79 191
49 92
26 127
56 25
89 94
100 119
47 116
55 184
33 125
61 113
70 197
34 124
37 118
47 118
80 116
21 83
63 22
64 188
59 34
29 199
63 113
66 174
91 187
86 182
68 66
82 92
36 149
21 81
52 180
78 100
43 189
80 44
65 183
74 184
17 56
60 146
38 120
33 199
90 120
43 61
18 97
64 81
46 172
60 123
86 163
74 111
42 39
77 173
13 166
20 49
97 159
44 193
12 148
53 29
92 194
65 64
26 67
97 147
56 109
68 54
100 147
77 21
10 99
92 41
94 184
41 121
88 110
40 42
58 126
98 137
86 176
66 30
97 148
28 115
35 79
47 139
80 136
29 24
66 177
10 133
75 148
28 124
33 179
69 149
96 39
48 45
45 119
46 90
29 54
47 156
66 198
43 183
23 65
42 10
36 96
55 23
91 199
80 135
86 93
22 103
32 180
61 170
80 193
62 177
24 76
71 13
100 48
42 27
82 36
56 135
70 173
35 177
91 107
91 148
70 184
19 155
79 200
22 105
85 196
21 104
90 56
96 156
11 137
12 188
65 21
17 84
21 114
11 156
100 184
95 32
58 188
24 174
92 145
85 32
27 193
37 32
94 77
96 155
24 172
58 166
18 85
67 190
60 144
49 32
76 113
45 137
64 75
23 131
49 31
30 194
20 123
36 84
61 25
79 25
83 23
16 24
54 96
37 109
20 192
25 178
36 29
19 48
37 46
99 148
47 165
96 125
56 180
40 122
15 80
44 35
98 162
42 13
94 96
54 109
25 87
91 13
47 45
57 21
12 63
12 183
37 123
59 149
45 128
53 118
61 51
92 113
54 36
100 104
19 72
15 31
39 134
92 98
21 97
66 71
57 112
25 190
46 196
29 148
80 52
86 143
22 53
88 139
64 15
67 23
57 68
23 69
30 91
79 182
69 88
72 150
83 162
25 46
78 121
10 80
70 71
87 77
25 134
65 15
78 70
68 60
94 63
74 163
65 98
72 145
12 40
12 166
85 77
68 149
26 16
73 172
70 106
48 13
50 97
27 23
33 59
15 151
83 14
57 78
47 79
34 100
79 129
52 123
18 88
42 14
94 155
90 185
80 67
64 134
93 28
65 155
29 64
59 10
12 41
11 183
51 113
15 41
26 160
46 58
83 90
38 177
45 59
18 160
72 192
98 114
16 84
43 130
86 17
53 28
24 53
53 171
98 83
85 188
32 30
64 125
61 142
98 188
35 83
73 151
42 62
61 150
49 144
37 96
12 53
75 190
51 115
45 52
40 14
24 52
12 140
84 156
86 89
75 94
14 90
71 102
35 98
47 122
42 164
62 14
17 122
24 125
71 198
60 68
42 71
80 58
69 121
24 104
24 191
82 15
54 53
27 66
37 170
69 26
92 186
67 162
74 90
20 178
40 97
25 134
60 190
34 13
74 39
36 109
91 117
70 122
23 42
39 145
15 178
73 135
82 56
22 114
20 195
70 46
18 149
39 94
42 195
50 47
65 25
57 76
100 104
16 136
31 19
27 160
97 84
49 193
83 12
13 88
46 42
22 132
20 115
39 141
68 134
21 156
34 190
58 103
65 62
100 74
25 152
75 123
70 140
17 200
75 66
61 182
10 33
45 100
78 173
63 91
69 84
85 78
21 89
80 179
22 53
62 56
59 98
67 52
51 107
50 22
10 150
16 82
36 129
21 155
79 56
13 30
64 104
57 24
47 112
14 168
69 89
50 172
57 37
25 57
43 86
93 140
65 63
44 52
14 36
58 105
45 85
10 33
66 44
54 15
47 63
24 123
41 40
49 163
71 151
11 44
28 79
11 106
20 16
91 157
17 188
23 137
80 199
31 95
72 30
10 33
32 94
78 90
42 84
68 35
81 84
34 83
81 65
62 128
33 148
68 149
70 158
100 50
95 89
47 21
95 56
92 57
79 11
97 109
48 11
40 132
51 25
44 81
52 14
75 18
64 105
32 130
76 63
73 18
14 127
16 95
74 107
96 157
29 102
79 37
73 43
49 10
53 163
98 173
41 102
34 140
30 159
82 58
41 61
47 177
43 152
61 194
51 35
75 180
10 37
37 74
80 166
50 141
22 167
81 139
36 138
65 108
24 160
70 130
16 67
16 19
59 21
19 89
76 175
33 186
55 97
13 94
53 145
19 33
17 182
36 45
21 62
17 36
91 121
97 31
46 84
63 18
87 64
21 154
74 178
56 63
20 41
15 148
28 25
83 152
31 155
87 159
99 152
85 27
33 163
66 72
65 122
26 176
17 20
30 58
34 111
62 61
51 102
62 161
99 23
22 157
52 121
79 174
55 121
19 157
62 82
46 165
56 142
84 191
53 91
24 140
43 194
21 156
60 43
17 33
70 50
95 45
81 116
79 77
53 30
66 155
25 73
47 117
26 80
51 157
89 190
100 197
96 152
32 122
47 111
67 84
75 169
82 179
50 149
97 156
10 101
24 114
26 50
49 191
100 172
65 147
19 86
35 188
38 138
76 66
50 77
98 65
19 81
87 142
55 111
70 20
99 28
33 165
62 189
58 32
80 145
11 164
40 133
19 102
48 83
22 152
44 119
29 16
15 72
29 41
53 67
32 174
36 18
29 166
81 137
12 178
16 178
65 146
94 137
30 192
39 48
83 12
68 173
79 191
71 10
87 39
50 138
28 188
26 185
27 187
78 163
74 25
86 150
46 94
29 52
20 117
24 50
84 69
58 149
55 101
78 125
96 39
12 132
57 31
77 22
79 60
56 194
54 159
45 79
74 28
18 149
39 11
40 53
14 55
38 164
16 164
16 75
87 164
41 62
36 136
33 23
79 71
21 104
36 172
39 115
36 94
48 147
33 74
41 199
66 36
12 87
38 73
53 35
80 194
20 64
17 173
37 158
75 106
35 106
20 55
64 90
64 96
65 55
43 92
40 123
28 38
87 129
30 197
33 171
76 62
32 184
39 123
86 112
61 23
30 119
91 72
71 29
12 78
58 162
85 162
97 122
10 128
21 134
75 48
30 179
94 172
50 148
64 124
15 114
62 111
49 49
37 74
59 175
99 154
75 146
21 64
49 127
17 153
41 172
21 30
49 113
66 134
54 87
77 154
61 38
12 66
43 81
73 135
31 137
62 35
17 25
30 185
47 137
34 69
35 127
93 79
67 81
25 112
95 82
88 192
83 142
18 177
82 52
34 112
52 42
62 84
75 70
32 66
35 195
89 126
18 35
88 173
56 29
66 108
58 140
59 54
96 191
73 138
48 175
97 22
45 199
29 131
56 154
84 87
61 133
20 90
16 30
60 86
27 160
28 163
32 128
31 24
99 59
75 173
16 44
16 84
82 102
23 146
76 22
88 68
32 57
21 147
59 33
70 117
51 60
13 125
28 129
71 118
45 156
80 77
70 97
56 77
74 178
59 110
83 66
93 179
45 116
59 12
92 169
33 165
70 63
32 28
24 94
31 13
55 26
65 62
12 53
47 145
43 163
41 63
96 22
84 154
17 200
88 133
78 119
95 19
100 30
52 177
89 186
37 177
36 104
76 158
65 179
30 20
34 169
78 181
65 171
77 152
20 135
70 138
37 25
89 47
60 50
68 194
12 47
46 80
49 29
83 109
13 173
11 138
81 57
74 165
94 97
16 188
68 44
55 96
20 138
49 117
37 22
72 34
64 124
85 21
99 175
15 163
87 104
56 110
12 62
11 169
70 12
26 192
64 125
50 118
31 87
60 39
58 179
52 171
56 10
23 66
20 146
73 143
15 141
64 22
11 161
30 164
53 159
79 31
34 86
97 157
70 17
67 84
42 92
92 109
62 57
22 110
13 15
32 64
30 139
80 161
69 101
73 84
63 100
82 177
70 66
59 183
88 163
74 81
51 132
71 181
87 168
91 194
31 178
98 141
26 190
90 15
95 46
59 162
13 15
61 156
35 94
82 180
51 48
96 145
20 62
74 194
65 38
86 24
41 110
55 143
77 55
95 179
60 80
28 48
64 123
52 192
14 199
27 84
42 52
64 60
41 189
11 146
55 84
100 53
49 158
59 82
51 178
87 137
77 44
26 155
100 23
45 185
18 138
76 101
75 132
55 107
83 26
28 158
22 56
77 83
34 39
77 38
96 59
76 86
85 184
11 72
40 199
14 39
62 159
51 138
35 126
21 31
68 109
100 64
20 32
41 11
28 158
74 90
88 48
86 121
21 28
74 50
50 83
53 152
75 53
91 166
90 146
71 133
96 188
91 52
63 189
67 93
56 127
95 174
60 183
32 18
85 121
76 26
37 149
36 79
23 102
10 183
45 52
23 136
58 167
63 71
89 75
92 123
77 193
95 179
83 13
60 176
22 44
55 162
55 183
13 29
23 74
33 165
92 161
15 168
68 100
60 104
14 57
17 179
54 136
33 25
27 166
20 128
72 14
95 37
99 141
10 114
65 79
87 165
51 191
59 179
77 13
81 77
40 121
41 122
52 56
37 60
64 172
25 44
11 89
69 16
71 117
74 78
19 20
99 47
70 186
31 113
83 119
44 93
53 79
23 130
56 17
82 137
87 181
61 176
33 63
13 111
69 102
46 200
55 43
92 157
18 61
23 61
78 71
30 31
49 24
43 65
84 154
30 200
74 185
38 24
81 157
55 61
73 149
26 35
52 96
95 54
84 52
13 160
82 93
99 75
31 133
41 128
18 143
55 41
58 146
43 18
79 24
77 194
95 163
85 167
27 10
59 48
49 138
79 200
13 10
67 150
35 194
55 62
21 48
79 107
84 183
98 107
79 27
29 160
85 141
73 59
82 158
66 59
11 116
68 139
37 144
92 93
86 178
96 116
100 60
66 31
66 149
61 61
55 72
71 145
46 180
40 19
83 112
65 54
56 138
14 179
73 71
99 39
58 16
18 108
85 180
57 143
54 102
47 116
51 35
37 20
69 76
68 164
80 109
51 71
71 191
73 139
67 133
55 143
28 134
89 49
54 193
69 63
71 176
97 79
40 50
25 37
17 108
12 160
32 199
77 74
78 92
54 115
73 192
76 175
79 120
19 82
26 28
83 27
10 103
62 26
29 176
93 81
23 66
40 134
28 83
56 96
18 54
94 179
61 80
89 15
86 189
78 124
56 44
52 32
19 59
50 102
98 114
82 175
53 57
73 78
28 128
30 94
81 187
34 62
45 69
51 78
38 188
49 86
97 154
94 181
75 190
98 104
92 99
46 118
90 176
69 76
91 172
61 142
65 98
29 24
24 104
46 58
53 105
90 135
57 85
17 128
42 40
94 190
46 99
30 98
10 115
97 43
94 168
42 66
59 168
74 44
85 16
79 175
22 47
56 36
67 67
90 18
31 175
85 48
38 171
57 181
57 122
100 183
27 189
62 189
56 164
11 71
99 159
85 125
64 188
42 162
20 104
82 186
31 43
26 185
34 182
15 110
42 11
84 13
46 153
51 190
34 47
85 108
49 140
97 23
80 174
87 47
77 189
85 190
88 78
75 34
36 183
55 174
47 48
44 27
37 191
91 129
55 111
47 77
24 58
60 44
51 109
84 143
69 148
43 119
32 171
85 96
13 99
43 181
31 67
13 150
80 58
73 151
86 126
81 75
69 152
57 71
95 34
55 170
25 10
35 187
21 98
58 146
12 185
81 146
32 168
45 143
95 16
89 50
44 133
97 149
26 46
40 157
64 66
36 41
35 58
79 37
34 165
77 155
45 165
23 190
58 60
31 192
83 48
85 41
41 169
47 77
15 43
31 74
24 193
48 156
73 188
11 18
33 199
50 100
88 106
51 140
37 65
87 43
44 185
54 96
33 76
50 157
30 39
97 29
82 191
100 94
41 10
68 151
41 109
86 16
33 173
27 14
62 76
87 153
92 156
51 34
84 54
15 174
79 76
64 127
63 190
31 65
43 157
21 21
96 77
19 115
49 163
41 100
93 10
60 133
58 113
79 31
18 160
99 62
50 189
100 114
96 20
23 168
72 28
12 55
47 27
85 179
10 100
50 62
98 143
58 101
26 141
50 55
74 117
74 170
28 129
43 127
20 73
52 129
97 117
49 199
83 155
45 136
67 77
57 189
47 194
72 130
94 33
14 78
78 126
98 89
15 142
35 15
66 121
61 140
49 151
21 15
51 136
85 194
95 150
88 65
99 93
22 98
88 182
40 77
58 34
40 195
85 183
42 24
97 178
29 175
19 113
46 55
13 142
84 95
25 52
57 55
47 179
87 72
11 153
16 110
16 139
76 165
65 126
21 90
27 154
22 54
87 88
50 149
43 160
15 155
58 36
89 180
47 19
45 17
54 33
24 161
14 65
68 149
24 148
84 106
72 137
85 11
17 93
12 89
20 36
62 97
32 87
25 133
79 139
33 80
28 101
100 146
55 178
55 137
100 144
27 71
87 58
84 140
35 88
98 36
19 83
67 20
26 20
26 100
59 106
43 154
13 10
63 153
64 36
27 147
99 165
88 73
99 124
43 175
36 52
31 137
70 167
39 129
33 113
43 169
58 20
76 14
72 43
19 42
100 89
89 62
87 40
47 88
27 171
17 199
36 107
89 181
80 126
44 72
73 151
64 68
70 176
44 25
32 73
67 100
96 79
83 28
47 98
29 106
25 181
71 124
82 83
64 174
76 14
80 37
38 98
85 159
36 11
93 104
89 74
43 27
67 146
29 96
99 163
85 168
92 162
82 75
13 186
87 43
98 105
98 188
63 199
50 110
27 186
64 75
54 198
54 47
75 171
94 51
38 191
13 120
86 100
56 187
84 54
85 119
62 133
33 18
80 118
30 154
68 122
67 176
43 154
48 127
63 20
98 100
19 30
38 154
48 26
47 48
80 35
29 86
29 107
73 133
24 33
22 140
39 126
56 107
15 193
97 46
89 45
77 14
57 169
55 28
88 163
43 121
39 45
63 190
68 112
74 200
82 30
81 102
28 120
100 69
84 98
18 138
52 85
32 41
89 143
73 104
86 138
61 137
86 43
90 158
11 47
89 102
66 140
20 35
60 69
33 185
68 42
69 112
80 85
88 36
85 24
99 166
29 145
49 168
35 27
21 144
18 103
73 144
32 62
20 137
55 106
79 99
92 86
11 122
54 188
40 31
11 78
63 175
13 111
89 43
56 88
81 36
63 44
91 67
89 183
30 38
24 180
72 93
62 172
77 69
78 174
61 182
24 121
64 107
41 141
72 193
15 139
14 31
59 43
15 91
76 126
98 170
13 90
59 183
59 88
88 42
59 176
16 147
25 23
54 161
75 37
97 173
31 25
64 161
23 126
82 140
21 13
42 190
11 184
43 21
42 89
51 189
86 111
64 172
43 33
19 101
49 106
14 92
71 111
14 23
54 137
89 143
81 84
44 99
37 170
60 172
24 176
60 112
74 140
63 32
47 36
40 66
95 18
20 75
66 21
65 20
26 63
92 132
91 128
96 25
29 131
88 145
18 170
22 13
78 173
51 93
63 171
27 175
79 141
39 141
14 172
34 122
28 125
44 184
14 95
90 140
48 18
46 143
41 175
92 130
86 26
49 190
77 36
22 188
57 79
70 141
63 101
99 119
19 127
52 90
35 124
63 81
72 149
28 153
19 13
37 114
69 138
59 38
97 111
17 131
40 187
68 74
34 167
36 147
62 129
73 148
73 100
59 196
50 86
10 184
67 51
33 131
68 44
34 165
17 27
70 169
72 200
93 135
95 69
56 80
22 129
97 62
17 68
47 89
49 27
87 54
92 13
41 91
93 177
76 14
60 184
63 51
74 81
44 170
90 78
40 172
19 110
13 69
45 102
54 133
14 64
53 31
51 196
18 149
66 179
22 19
83 170
64 188
83 57
40 34
88 49
36 144
60 28
40 139
97 195
42 83
24 70
77 160
32 37
24 60
85 105
30 20
64 142
40 159
82 176
17 136
95 179
29 186
54 125
49 162
96 16
68 191
28 183
92 177
82 102
56 47
59 139
87 92
60 55
59 113
51 34
63 67
81 161
52 53
94 19
37 26
34 93
63 158
92 32
20 106
77 13
56 142
95 191
12 88
22 96
11 109
98 82
61 167
46 61
11 140
57 68
83 108
87 38
51 47
15 21
31 196
43 86
72 32
36 182
99 177
51 123
28 19
64 73
26 37
45 17
57 16
74 189
54 47
91 191
55 98
72 48
95 92
70 73
58 43
56 24
98 144
73 117
46 133
57 173
53 125
97 193
65 76
55 88
84 50
66 18
58 124
85 74
95 193
72 142
13 12
79 89
78 137
42 144
40 197
93 73
99 118
100 96
76 89
71 119
16 75
67 88
26 196
33 48
60 132
79 68
75 179
27 124
61 187
29 28
11 196
92 170
27 190
25 118
62 62
68 28
38 176
49 159
39 101
27 12
29 198
15 179
70 61
10 136
98 182
39 73
58 67
25 111
37 121
47 147
97 77
38 121
55 115
79 66
66 98
36 60
73 151
96 137
80 174
80 70
96 26
94 153
55 20
44 173
66 104
52 125
48 106
88 88
73 158
40 47
42 34
40 16
24 169
10 199
11 37
89 119
15 46
12 170
53 147
59 199
43 83
35 64
97 11
36 20
58 108
24 80
50 189
58 129
97 50
75 121
55 18
94 142
98 146
36 122
58 75
23 155
12 64
34 148
77 173
86 89
43 36
78 11
71 66
64 25
47 80
27 196
55 19
14 154
32 70
56 69
97 16
33 104
33 53
24 191
87 30
88 117
63 82
29 137
54 93
53 66
38 110
46 94
43 21
51 118
99 156
98 60
29 43
56 97
94 49
15 146
33 200
26 182
75 24
35 41
45 92
73 113
47 171
35 155
77 65
44 107
37 70
86 25
78 176
25 10
28 20
68 150
40 30
17 91
83 71
50 186
20 41
17 167
48 117
91 37
73 14
69 14
83 134
72 189
12 132
48 168
35 179
52 174
90 69
87 87
93 199
16 84
11 182
77 63
74 184
81 92
19 45
62 84
57 137
69 99
37 127
97 54
22 195
44 126
61 104
91 16
19 118
73 154
37 152
40 19
33 118
63 145
24 187
51 143
28 156
47 35
26 142
34 179
44 119
57 22
14 173
65 137
61 108
50 11
94 119
69 38
55 112
22 11
63 44
93 66
72 30
89 94
35 183
98 120
97 20
45 157
18 150
77 94
91 197
36 151
61 129
63 186
80 195
37 173
91 198
76 49
22 142
31 10
94 27
87 68
89 52
91 63
85 130
82 71
84 87
75 107
66 21
12 67
29 123
94 87
22 90
52 159
50 82
88 20
54 80
32 193
22 115
93 136
43 46
88 36
100 40
78 150
16 46
81 101
19 91
24 101
60 127
18 46
93 41
96 163
87 147
97 54
94 32
59 161
80 200
69 35
62 119
98 103
80 35
19 159
14 195
73 131
91 153
26 185
93 44
46 138
56 102
79 85
48 16
92 35
37 32
60 44
60 57
20 141
51 176
81 42
54 170
36 156
50 151
97 128
81 86
75 19
92 70
38 123
98 152
20 81
42 30
23 160
43 118
84 194
17 20
55 106
33 19
75 102
50 191
69 19
30 108
19 98
50 135
68 65
29 13
71 82
64 116
70 123
35 153
97 139
88 163
73 165
49 118
47 197
34 130
18 51
11 34
84 48
27 172
51 66
46 82
24 52
23 192
23 44
16 102
60 151
78 61
14 79
32 194
15 122
73 80
64 173
58 101
79 106
89 136
92 113
58 145
87 49
15 119
35 124
36 78
15 118
16 11
84 120
77 83
48 140
30 25
40 101
12 144
33 55
54 182
41 131
84 113
36 83
98 75
28 86
100 94
90 93
60 12
61 112
80 88
93 60
27 175
94 42
57 171
36 19
96 66
12 121
10 153
85 22
54 22
84 182
90 135
22 45
64 122
38 66
35 19
59 125
69 111
34 123
86 87
26 98
43 115
23 134
74 34
58 85
64 109
34 18
32 176
55 24
73 21
45 140
30 40
13 35
62 65
68 66
14 102
28 108
82 185
99 96
56 31
36 98
14 82
25 186
77 171
92 188
15 102
64 33
46 13
41 95
22 28
100 33
62 148
81 170
76 15
52 162
15 81
94 10
18 178
63 53
95 39
34 174
44 10
52 85
18 99
41 95
61 186
64 80
21 92
18 87
40 128
34 168
56 143
17 151
52 197
49 112
78 77
99 180
77 105
54 103
12 78
32 155
25 149
38 18
47 74
39 194
24 179
38 21
43 172
33 62
32 199
30 194
61 72
37 165
49 81
23 13
66 99
68 55
85 14
34 144
60 194
24 114
26 141
97 92
50 109
98 101
18 130
88 195
64 111
97 180
59 69
54 152
72 185
22 49
35 83
94 111
64 141
75 47
22 161
56 14
16 94
88 20
35 21
47 15
53 16
91 126
16 22
79 55
74 97
50 17
55 98
100 67
13 154
68 131
61 54
40 27
68 61
99 174
56 63
44 39
41 40
63 156
86 54
41 70
49 116
74 132
77 16
28 63
63 114
21 96
64 140
98 140
32 184
77 108
94 158
93 127
98 135
72 61
67 127
96 142
47 20
26 112
96 106
74 30
47 193
35 21
90 72
85 167
81 130
16 113
88 32
99 97
34 178
86 159
89 113
60 180
67 39
66 185
73 78
75 190
77 143
74 23
12 174
42 82
73 76
20 11
64 68
63 100
58 90
42 161
82 23
52 138
67 75
65 32
63 127
13 56
18 21
59 117
89 93
57 131
19 27
39 102
92 74
78 120
39 115
11 147
11 63
22 24
77 28
25 92
32 57
32 57
58 51
51 97
89 197
62 115
27 195
87 98
45 73
74 44
38 131
10 128
45 86
24 134
16 179
14 92
20 198
70 138
17 147
15 172
72 97
19 178
20 159
24 193
23 126
45 31
80 60
44 61
75 113
54 84
51 32
74 160
85 149
29 89
16 145
67 59
71 181
84 166
34 123
52 184
48 38
52 116
49 176
60 68
98 174
58 22
24 153
62 68
64 91
16 18
32 51
65 88
11 138
37 14
45 55
37 143
29 24
28 14
28 69
45 99
98 81
26 82
24 104
37 146
22 109
65 42
70 87
55 194
31 17
60 118
24 17
13 179
83 175
28 42
25 100
79 120
19 63
50 25
89 177
81 164
37 181
63 57
29 139
84 103
52 91
70 30
47 137
81 163
20 13
83 19
79 147
64 117
35 166
37 179
98 159
42 70
16 160
47 27
65 10
39 66
82 174
53 55
89 106
65 86
49 34
51 78
79 47
68 193
89 161
81 188
11 157
91 79
33 187
97 36
76 37
21 144
51 21
92 155
14 29
17 70
74 149
33 68
43 168
18 19
48 75
34 91
28 97
74 182
16 56
93 136
22 143
55 106
48 90
72 114
19 114
21 197
91 135
88 69
88 137
18 73
48 140
91 77
20 114
72 132
52 109
61 64
85 158
44 48
15 65
74 22
48 149
60 74
82 95
79 28
96 54
20 77
83 67
27 41
82 46
73 174
15 73
51 40
39 41
21 135
16 53
75 86
86 178
10 96
88 104
52 115
29 26
97 153
80 193
57 97
65 169
48 27
16 142
60 107
36 149
96 69
73 200
13 183
20 117
79 70
100 13
97 181
100 11
46 147
16 139
57 75
39 148
96 184
46 141
97 83
43 165
30 102
24 131
65 141
54 27
85 79
81 29
34 93
37 183
76 67
26 95
32 72
26 25
53 143
89 157
87 88
94 180
38 107
58 129
58 169
52 91
55 188
39 119
30 153
49 132
27 65
28 143
73 80
83 195
23 157
64 59
56 94
33 67
81 160
93 81
83 131
33 188
48 95
69 19
45 50
63 79
89 179
27 54
42 22
76 92
51 22
17 34
12 192
98 141
75 98
74 123
14 196
47 158
39 59
19 150
40 130
90 26
70 84
43 179
87 131
73 87
28 78
87 93
75 46
30 64
91 88
60 175
71 131
10 17
29 143
74 101
99 198
96 194
49 200
50 189
64 108
79 117
57 30
30 67
29 76
33 190
61 120
68 103
97 140
85 53
94 89
92 189
37 83
78 179
42 198
82 33
94 64
95 103
43 183
34 140
28 124
35 78
57 159
64 129
77 81
86 24
23 137
79 68
81 185
44 91
37 58
34 130
39 120
34 18
60 57
88 195
32 121
20 59
31 43
86 190
39 171
84 118
11 16
57 117
72 67
57 47
32 156
83 48
26 65
50 191
81 26
17 105
66 57
46 60
72 131
47 47
93 97
70 199
47 154
75 159
33 156
71 147
82 16
34 200
76 85
92 195
28 196
22 103
43 75
34 176
43 47
31 119
18 191
28 81
34 75
64 176
94 57
30 155
40 150
90 146
98 18
78 169
43 61
63 100
11 47
97 145
37 132
32 39
35 24
54 87
59 140
71 154
58 27
81 71
24 105
19 45
14 190
37 161
78 98
76 190
56 169
40 40
15 40
82 66
66 170
91 178
97 49
30 117
68 83
59 78
33 15
56 135
56 161
37 89
89 167
28 36
91 55
81 57
74 148
91 152
51 101
16 47
58 104
19 50
90 153
23 176
36 75
13 196
15 195
68 128
60 175
55 118
61 42
10 128
13 122
26 118
88 52
56 197
22 130
40 144
86 199
79 105
75 51
57 142
76 197
54 28
28 67
40 45
50 122
67 100
47 63
98 122
69 15
86 72
88 199
10 60
85 147
12 113
23 54
56 76
91 158
25 88
24 51
14 135
48 85
16 73
70 107
35 65
37 125
37 68
52 177
52 141
69 72
85 154
29 141
71 10
56 136
45 134
57 10
87 184
73 158
96 67
24 63
89 166
94 92
83 100
15 141
71 34
41 127
18 141
66 51
34 178
82 73
99 197
72 23
50 193
42 80
94 57
29 193
77 110
60 90
21 187
47 105
92 55
18 42
93 133
43 192
12 103
48 64
70 150
50 123
17 92
56 22
54 126
46 195
14 132
80 79
24 127
25 151
59 27
32 10
23 109
30 81
60 78
81 166
41 56
39 181
65 104
65 98
40 72
92 99
60 189
23 134
15 187
96 108
41 110
68 176
100 122
88 85
72 35
42 38
51 151
30 41
73 76
40 118
49 44
100 153
19 28
89 160
68 182
41 40
29 19
17 143
12 105
95 164
25 90
40 12
60 53
88 107
100 185
51 78
65 96
64 95
27 129
52 163
36 177
47 67
99 29
37 160
11 71
76 55
20 136
45 12
83 112
19 163
66 189
47 159
64 105
59 21
52 163
83 199
10 189
50 147
91 87
10 176
24 51
35 120
61 121
58 31
19 97
42 164
80 46
59 160
42 41
95 17
72 167
80 155
23 93
88 15
60 52
21 139
80 33
62 92
33 46
92 21
39 120
70 17
66 162
32 141
36 182
45 40
57 176
50 146
44 152
90 82
79 155
84 87
10 113
52 166
17 126
28 81
30 26
35 45
71 100
46 46
91 167
21 73
96 127
34 55
51 182
49 72
79 160
41 158
31 183
66 65
43 144
55 188
89 69
11 13
54 51
19 83
28 138
45 173
98 177
33 155
47 144
31 116
22 18
20 20
61 39
89 121
77 55
19 177
40 153
24 116
21 29
82 34
70 179
70 65
12 23
68 135
29 57
81 126
13 157
37 56
30 55
21 181
77 97
79 36
95 158
54 66
79 175
99 179
68 108
68 108
24 53
73 121
41 148
37 178
62 195
25 112
61 21
96 162
21 70
60 193
29 173
75 48
55 182
62 101
94 60
47 31
71 107
68 46
80 10
26 149
77 68
77 66
85 186
27 54
99 58
28 116
44 138
41 169
28 193
65 198
75 111
83 189
92 182
64 62
100 92
29 200
74 126
66 74
84 127
17 200
22 198
25 196
81 91
62 53
48 76
74 148
99 90
74 38
23 15
23 75
33 156
14 69
91 174
19 13
69 94
18 118
69 140
17 25
42 121
11 126
12 152
18 40
10 54
53 125
36 24
53 168
62 108
74 73
44 13
80 24
62 101
65 32
75 89
33 104
95 150
13 41
79 138
60 155
20 173
56 84
31 91
23 179
74 122
89 91
32 139
91 67
18 80
31 113
27 149
16 182
58 81
71 22
47 127
68 43
49 46
58 130
94 11
16 137
74 193
54 93
25 188
96 14
53 60
70 48
87 168
98 120
11 85
87 78
14 120
59 145
86 71
40 104
57 25
99 40
94 101
79 182
50 116
41 168
17 125
80 187
56 57
55 153
99 81
22 156
50 154
73 169
95 17
67 131
11 125
35 83
33 105
66 148
95 72
30 30
78 121
23 122
40 157
98 121
63 117
59 50
44 19
91 106
51 104
96 92
75 19
64 88
88 51
89 169
80 163
47 121
34 27
45 94
82 107
20 54
15 103
10 127
16 126
94 173
48 81
80 91
19 51
37 49
25 27
95 26
50 50
70 85
18 170
93 84
100 196
51 133
34 66
16 55
41 103
68 54
89 104
18 131
97 127
20 59
78 30
33 123
63 12
55 171
60 189
78 113
12 26
27 126
69 116
47 108
33 20
96 59
68 87
72 59
12 171
75 169
13 197
60 105
54 133
91 24
69 164
81 149
50 185
78 105
31 67
73 153
82 177
83 181
35 181
12 111
53 183
33 164
93 183
76 199
68 155
67 102
88 162
25 119
99 137
10 89
17 48
91 114
57 43
92 122
45 168
35 18
88 123
98 150
58 61
97 87
55 14
15 168
27 51
34 155
23 145
98 24
23 98
72 51
25 43
52 189
74 38
47 195
89 191
21 100
33 137
24 102
33 178
38 151
13 168
65 27
12 139
100 139
14 159
48 180
14 164
79 46
84 187
93 164
40 176
34 51
74 84
58 74
31 33
10 79
64 142
68 147
44 149
44 151
56 86
30 143
35 141
92 62
95 41
97 127
13 124
13 162
32 154
36 81
10 94
95 43
18 90
84 128
84 87
17 180
64 29
15 12
53 122
61 109
97 125
34 182
78 46
39 89
52 23
69 20
18 176
71 133
26 55
86 137
35 150
18 96
83 59
41 172
37 28
35 169
65 128
50 34
50 137
58 176
61 117
61 57
81 61
12 169
93 61
76 38
43 43
33 22
60 66
14 108
72 86
91 49
15 69
32 191
35 199
64 146
97 174
19 198
63 194
53 152
63 94
35 98
65 126
75 63
75 138
28 110
90 58
36 49
11 43
67 136
91 49
77 192
61 118
81 90
23 199
31 178
15 43
89 63
31 29
49 185
59 77
96 192
93 86
97 86
42 114
30 196
46 137
74 18
99 197
20 155
41 130
51 109
51 51
71 166
56 100
32 48
93 88
16 135
66 114
79 106
28 76
30 193
22 109
23 56
11 121
86 144
82 199
96 35
83 58
21 153
38 163
60 136
78 74
15 37
85 126
94 27
100 77
29 195
71 43
48 146
83 117
31 26
41 177
12 177
46 63
69 195
74 164
95 111
64 22
10 37
10 114
13 130
72 64
37 31
81 39
31 73
63 78
97 84
85 152
70 101
40 33
95 96
73 68
72 46
15 178
37 40
83 118
69 115
79 149
13 113
72 103
39 147
56 86
44 69
89 124
24 85
96 98
85 157
23 190
21 58
99 88
89 80
96 92
89 20
53 121
87 41
96 120
28 38
15 51
44 76
29 100
75 156
29 145
99 187
32 149
25 145
75 146
64 75
23 10
97 112
23 52
98 179
63 164
22 180
41 147
24 45
68 50
37 77
10 147
47 163
99 120
69 165
28 144
59 137
92 158
61 109
93 35
77 184
92 159
76 69
63 61
83 185
41 116
34 108
99 114
27 169
86 21
50 111
72 15
99 143
18 130
32 185
71 194
72 187
51 152
48 78
53 149
88 127
93 113
78 139
100 161
15 72
44 84
52 148
17 64
69 97
62 175
79 160
53 71
48 141
13 23
61 91
69 70
93 71
76 86
70 43
28 129
23 39
83 122
31 137
68 89
69 13
98 148
15 53
51 154
97 97
56 24
27 195
21 17
57 101
44 87
25 151
54 104
41 62
19 178
43 46
14 87
60 186
67 56
14 87
89 43
79 20
75 196
77 176
70 70
37 117
12 75
82 174
61 90
62 16
37 68
10 190
24 114
60 193
95 34
51 182
29 97
45 159
80 27
43 138
61 53
15 55
93 155
35 108
63 99
22 145
99 179
85 124
52 130
93 96
63 39
84 65
81 112
92 61
93 191
62 38
75 64
69 195
70 146
19 96
43 38
76 23
24 18
17 143
21 97
67 136
61 171
72 95
31 35
54 33
69 156
29 102
35 178
10 93
44 188
81 180
21 62
35 55
86 174
56 52
97 92
88 39
25 190
14 157
94 113
22 83
26 106
58 143
45 114
62 28
48 35
72 161
14 66
48 192
94 47
68 143
69 42
26 34
85 139
83 111
95 13
93 131
89 11
24 14
79 120
28 37
72 74
39 54
14 25
46 182
51 100
67 34
22 118
20 28
29 61
38 120
51 134
33 17
51 136
80 71
39 88
100 22
51 130
94 126
32 123
32 51
97 54
45 188
34 147
31 62
11 134
29 128
60 67
44 23
15 191
84 92
21 26
99 74
75 183
88 113
48 119
86 162
62 52
32 169
39 177
93 61
29 46
82 21
27 159
96 118
39 153
30 71
26 126
83 137
37 168
14 58
79 47
35 71
74 181
80 121
27 126
97 134
100 174
95 87
21 23
12 124
32 47
17 179
14 163
56 94
59 199
70 39
12 173
31 147
69 196
97 155
89 61
11 104
88 54
68 200
86 28
66 78
55 130
19 29
25 15
55 67
78 98
27 92
36 61
73 45
65 118
61 189
79 77
95 47
58 95
45 33
85 182
14 192
36 191
52 48
41 167
78 74
38 44
14 146
60 16
76 142
63 193
31 115
53 66
78 35
94 19
98 109
22 24
33 125
95 132
52 54
89 111
60 174
40 96
44 39
95 122
68 48
63 145
52 197
84 148
70 174
95 123
17 193
48 194
54 163
69 123
30 44
78 169
37 168
97 171
61 179
98 43
12 50
33 45
83 200
91 89
46 185
35 99
55 182
47 137
68 61
21 195
26 104
30 147
60 49
78 133
34 75
56 110
52 165
61 152
49 151
39 182
89 108
55 155
90 16
59 55
24 184
98 198
21 34
10 23
60 105
100 157
70 112
37 106
88 33
62 84
38 132
39 152
17 180
77 140
39 40
16 97
95 57
100 144
84 60
41 167
42 125
45 168
48 10
40 146
60 165
26 29
46 107
31 169
38 143
67 116
87 93
36 40
40 119
14 43
36 153
74 167
38 144
86 147
81 50
11 190
71 113
81 122
72 34
76 118
27 20
84 162
15 57
11 87
46 20
21 156
13 141
56 84
57 121
34 49
74 113
30 188
16 70
67 57
30 43
95 60
38 41
67 169
52 58
95 76
91 187
76 52
17 19
15 54
79 147
92 135
65 122
49 97
77 76
65 97
65 174
60 175
55 13
89 114
65 41
47 119
14 77
67 188
97 109
77 59
65 146
44 126
97 129
16 93
15 31
86 125
10 150
62 30
42 85
14 35
49 158
69 199
26 148
65 154
24 48
14 123
80 188
61 74
84 127
66 132
17 159
21 165
13 21
26 82
39 164
58 56
89 72
85 190
69 62
44 110
98 168
24 106
12 116
69 114
58 149
92 12
93 136
91 37
93 175
20 64
54 60
26 102
48 177
65 176
13 78
90 150
27 131
57 22
42 69
69 100
67 184
73 159
64 92
71 87
86 116
95 47
48 73
53 132
21 74
57 99
32 183
41 177
13 138
69 193
67 159
53 36
88 39
82 82
95 192
24 30
86 121
90 117
29 27
90 76
12 168
18 54
46 57
37 107
91 63
11 35
87 13
43 175
86 68
96 197
83 58
77 11
81 105
72 175
99 10
58 57
61 59
89 139
32 167
99 135
38 157
87 85
17 43
69 46
98 150
36 196
36 81
65 189
86 180
33 142
51 58
10 147
10 113
61 35
32 143
25 142
59 141
92 103
86 120
23 120
77 193
80 88
32 155
35 93
88 84
54 114
93 45
56 60
60 180
96 70
29 66
22 65
22 72
61 194
80 118
44 50
40 49
75 49
75 49
32 149
21 157
17 76
46 179
23 184
33 55
95 102
29 99
47 130
73 137
56 165
35 79
61 31
29 178
26 177
89 193
20 183
77 31
30 184
44 27
35 180
69 64
73 196
53 82
46 158
17 114
31 86
44 150
60 145
34 167
20 187
40 68
93 151
48 48
45 111
73 123
12 150
17 15
83 174
48 91
39 118
73 75
50 200
23 122
87 185
92 86
77 91
27 161
91 78
44 189
100 86
23 113
49 132
41 170
43 26
67 79
88 77
50 150
63 12
54 63
63 195
62 11
67 127
61 161
60 183
100 27
12 82
79 93
42 69
52 130
14 135
11 41
11 165
46 143
67 75
29 199
88 178
76 166
77 162
65 143
85 97
12 34
40 111
54 194
16 170
10 99
68 166
29 171
69 133
86 119
71 130
72 88
12 117
66 56
36 24
68 66
11 171
61 124
14 30
29 117
28 84
86 138
48 179
55 191
87 65
22 131
25 48
32 136
47 107
59 77
35 171
48 75
87 67
84 87
84 150
29 99
87 52
88 94
35 200
58 155
52 15
86 71
17 138
47 52
59 10
45 199
76 96
37 155
98 106
70 62
78 79
46 100
56 52
14 164
82 112
56 128
50 69
54 14
49 16
65 85
50 188
45 30
45 191
95 102
10 60
78 164
16 148
58 71
10 91
97 62
78 18
32 154
10 190
38 96
85 36
10 56
19 75
67 163
34 73
13 175
41 39
65 73
21 23
26 19
75 35
19 119
82 73
87 133
35 52
85 125
87 20
60 158
47 91
67 163
94 175
59 99
31 75
35 34
36 163
70 14
81 128
69 52
37 186
98 97
86 24
88 150
30 14
31 132
81 49
92 71
38 53
26 72
26 167
54 49
19 152
69 138
18 168
14 92
100 177
78 34
48 22
75 47
30 102
89 155
10 106
92 178
46 30
13 88
76 157
31 137
87 194
74 200
44 97
57 157
43 70
46 86
54 176
12 142
69 157
91 63
87 134
23 11
53 101
64 162
36 60
12 200
92 37
34 35
71 90
32 188
69 185
48 75
41 61
12 82
57 125
86 70
39 187
82 34
79 194
64 178
47 150
44 141
59 177
26 101
12 171
49 82
70 27
10 137
53 176
65 108
22 165
59 192
12 82
87 59
93 77
13 164
69 14
30 24
32 92
63 112
11 70
21 39
69 153
36 178
41 28
38 71
57 75
58 134
81 122
95 67
84 19
65 36
61 146
87 69
48 200
33 90
68 155
74 147
73 129
12 56
16 31
20 129
81 23
77 88
65 67
88 145
48 187
53 134
54 64
99 182
42 186
41 123
29 12
90 69
31 37
59 99
86 54
17 20
53 124
81 23
34 86
18 101
75 194
88 48
17 70
74 134
70 113
12 18
35 160
45 90
47 14
10 88
80 51
51 138
18 18
94 168
54 175
31 10
80 158
63 48
20 90
90 117
94 49
86 130
10 46
75 16
41 21
86 121
46 15
59 48
75 76
12 152
17 139
63 40
58 44
74 136
52 49
65 139
72 190
28 109
88 100
35 97
31 54
55 185
64 133
91 94
19 82
74 92
43 42
12 107
52 191
22 22
57 107
57 163
80 40
71 165
30 30
48 63
33 135
88 145
23 115
41 109
34 119
11 198
41 136
74 48
97 159
57 200
25 54
52 26
41 77
25 59
71 86
29 15
73 194
43 100
48 10
71 117
42 43
55 113
39 40
36 117
68 77
96 120
13 122
42 28
59 117
22 151
37 32
77 35
12 128
12 146
10 189
39 91
99 189
86 22
66 20
80 61
58 67
71 200
75 130
21 42
76 116
69 83
66 161
30 176
72 76
88 59
22 27
31 108
64 178
65 56
82 71
70 97
18 122
16 150
59 135
69 110
15 187
55 32
36 134
55 78
23 163
87 85
22 111
64 17
78 148
21 119
63 36
15 159
75 124
17 21
57 134
22 143
30 147
86 110
95 16
17 101
89 126
60 193
65 34
93 136
96 107
18 181
49 83
82 125
16 90
10 77
82 100
78 177
79 28
21 160
73 85
61 47
39 101
79 81
51 83
90 97
38 106
94 157
75 81
54 197
81 60
97 197
30 106
80 39
16 103
89 171
91 114
57 33
76 90
23 131
59 133
25 188
26 161
81 38
47 69
89 193
42 121
96 91
76 16
77 162
83 153
78 109
30 161
93 71
22 58
76 36
88 63
76 63
63 10
21 76
44 160
43 10
49 102
91 118
30 32
23 60
86 33
39 63
79 157
65 57
16 160
80 39
86 162
23 79
10 26
65 75
35 57
36 78
53 178
14 100
47 88
92 197
36 176
54 117
31 195
22 159
30 112
47 19
100 123
70 79
49 55
61 115
86 40
64 73
67 192
27 38
12 179
15 11
19 105
23 108
86 126
31 75
44 97
74 123
45 16
60 148
31 157
74 176
62 90
24 25
22 54
12 172
66 100
70 30
67 135
15 117
71 37
20 111
74 132
65 155
44 69
19 190
89 200
88 34
37 34
49 13
96 93
81 146
58 191
90 10
86 116
84 30
10 164
78 89
58 198
100 34
19 180
56 104
19 32
28 111
98 189
49 169
17 110
17 109
32 102
98 70
54 91
80 172
55 64
81 162
52 138
95 140
53 53
77 118
10 14
61 143
62 133
54 118
82 47
51 177
20 169
74 168
100 170
34 104
27 43
57 107
12 73
48 88
19 145
33 12
18 45
17 185
47 78
19 54
39 163
32 98
25 133
30 12
66 27
31 148
40 15
16 53
84 134
50 37
68 170
65 70
19 196
26 26
51 169
75 33
48 112
83 85
18 199
94 159
38 15
21 120
57 194
63 132
71 159
86 48
92 19
30 176
39 174
20 100
34 61
23 96
98 88
52 51
79 79
97 124
24 149
37 138
34 49
27 134
72 49
49 169
69 123
81 63
69 136
78 61
92 142
83 172
13 139
20 105
33 66
52 114
78 127
71 191
86 133
60 16
16 140
37 30
32 119
74 172
61 101
64 62
59 191
57 83
34 91
43 158
91 50
58 196
27 157
71 155
33 155
76 82
46 158
68 191
19 50
76 142
100 15
38 196
39 72
36 124
69 101
19 121
71 187
27 130
66 125
16 53
35 90
44 16
85 71
56 114
60 159
27 53
23 93
33 160
94 161
68 129
82 200
20 24
61 10
93 151
42 72
68 47
80 141
55 21
31 50
21 114
85 23
57 186
46 70
67 83
93 94
54 126
65 118
42 101
19 128
96 108
86 66
35 186
83 19
46 31
97 143
47 103
48 135
95 106
37 98
40 69
86 57
19 97
28 147
29 126
92 60
96 130
96 190
58 158
26 133
98 102
13 135
56 96
92 126
52 107
11 25
64 28
45 152
90 58
94 147
54 16
88 28
24 157
32 72
77 37
83 114
23 113
34 146
54 129
19 22
60 108
57 24
60 121
66 84
55 107
21 186
97 71
65 70
61 42
100 176
52 170
27 21
30 128
88 81
30 50
49 126
33 143
74 117
88 127
49 76
52 43
21 159
76 109
22 166
27 195
81 54
56 29
88 46
12 66
67 69
89 54
30 76
11 147
21 71
87 196
11 97
74 42
78 177
89 97
92 125
65 104
38 55
33 56
13 114
17 52
75 40
40 180
35 104
52 132
10 189
97 168
30 10
77 154
35 162
14 163
88 153
52 56
42 11
58 134
26 58
70 110
78 116
49 59
57 14
12 50
46 130
21 101
85 17
27 151
71 116
89 56
53 191
91 88
85 69
47 130
29 41
93 48
32 141
63 200
49 100
90 182
26 58
13 194
53 170
73 78
68 100
34 166
18 69
22 126
25 109
58 89
29 129
96 130
98 68
84 57
77 169
84 31
38 155
94 126
34 33
57 31
81 162
66 56
59 106
100 193
91 49
72 188
60 53
23 80
25 45
57 135
34 179
47 96
44 23
59 101
23 59
61 181
12 175
100 62
58 30
89 106
18 171
20 59
27 31
79 190
47 79
50 137
82 101
49 33
44 88
48 150
29 91
13 169
41 179
46 136
65 141
90 90
11 169
95 168
50 113
77 100
24 81
21 82
29 103
39 86
21 73
19 139
55 31
79 19
80 193
92 52
66 51
34 44
44 115
11 53
55 160
33 30
20 23
29 34
58 29
56 118
14 12
79 68
42 197
98 77
36 87
72 122
33 50
76 182
79 181
13 195
18 20
56 45
88 139
75 161
12 24
30 94
50 168
28 93
19 72
19 175
68 100
91 98
40 96
20 140
42 125
59 81
67 171
49 181
60 199
52 111
98 63
32 104
87 190
28 38
29 191
41 53
72 165
41 52
50 42
91 171
82 138
49 137
70 180
55 61
11 102
99 43
85 10
100 30
33 146
68 73
72 127
57 47
84 80
61 163
56 93
69 113
16 197
93 173
59 157
59 176
61 39
76 35
40 146
71 30
18 170
33 48
90 31
76 199
84 187
23 35
95 116
48 144
53 178
41 109
95 15
79 35
64 115
55 96
82 172
74 185
16 31
33 58
93 129
86 166
90 39
87 39
43 150
11 100
27 155
15 126
12 127
68 25
55 56
76 135
91 49
43 181
63 163
55 157
66 107
49 50
92 134
18 124
22 118
38 76
69 65
14 53
97 165
90 44
47 192
95 82
15 109
87 145
94 134
77 175
35 44
84 19
67 138
15 117
29 190
18 139
56 174
22 80
48 93
57 193
67 105
93 182
41 148
57 97
74 49
64 134
66 130
80 117
57 98
65 134
44 15
26 155
11 97
95 161
40 161
51 130
18 49
86 114
75 59
92 69
82 116
11 24
19 158
33 146
28 154
95 178
23 185
14 182
12 200
27 104
67 139
56 92
27 157
78 166
36 49
94 125
41 70
18 43
38 70
70 118
82 101
71 48
92 70
18 200
37 15
90 73
19 172
68 122
39 172
28 156
31 177
90 19
33 19
66 109
92 75
71 160
15 155
30 117
33 71
55 105
27 64
16 41
97 145
26 197
36 106
17 150
72 54
73 142
57 55
73 177
43 110
74 131
91 156
100 122
85 198
73 114
68 38
55 130
70 142
53 90
68 78
16 143
73 19
51 198
88 168
30 29
73 154
33 197
50 40
77 169
93 156
90 111
45 48
78 180
68 158
63 50
97 120
44 192
29 110
51 37
24 15
37 188
27 27
13 111
99 123
54 108
82 151
14 84
94 71
84 23
65 144
66 98
33 111
83 58
11 99
21 109
57 154
29 85
62 101
57 72
65 87
14 113
61 10
80 70
16 94
86 134
27 11
48 157
68 132
55 122
16 112
66 146
68 160
90 79
17 60
98 117
10 133
72 186
91 83
85 70
32 173
31 48
38 24
52 108
16 31
82 188
79 94
39 41
32 29
84 148
28 74
27 37
99 151
96 196
58 112
49 21
13 58
82 81
18 99
90 61
46 52
91 97
18 193
24 34
10 60
49 112
95 80
100 165
19 174
99 75
38 46
63 182
87 159
35 200
30 85
73 20
49 120
97 107
82 57
14 146
35 125
64 75
20 40
94 47
21 20
66 110
56 20
97 184
62 19
54 69
100 64
64 65
80 30
59 107
34 115
61 28
71 166
97 77
78 144
26 30
44 48
18 75
63 87
49 71
90 62
22 12
73 75
54 111
52 73
31 16
29 104
90 38
96 161
33 86
38 41
43 123
47 57
25 171
19 45
77 53
19 37
14 34
44 157
52 19
24 187
26 197
17 94
33 193
17 173
93 193
22 174
70 126
94 103
22 199
65 194
28 79
95 119
74 145
98 82
78 116
51 23
18 170
25 180
77 197
13 61
30 178
75 104
38 99
38 43
34 180
92 161
85 79
92 174
41 166
90 190
64 136
29 14
14 154
66 111
67 157
30 139
48 18
40 81
26 105
79 48
79 163
56 155
36 99
37 77
90 196
93 157
73 113
79 81
55 166
37 38
68 166
62 100
16 52
99 103
23 128
36 53
27 161
71 167
45 170
20 135
40 122
59 140
77 51
96 112
35 193
60 173
44 128
79 154
67 86
35 162
70 41
89 160
59 34
41 73
74 182
100 180
71 89
70 171
48 152
86 181
51 66
83 146
20 68
88 176
91 190
20 23
91 164
65 45
74 121
24 34
26 106
14 48
34 167
51 160
38 134
62 84
35 115
27 196
59 163
22 161
82 152
27 195
10 168
38 146
94 182
75 11
28 195
23 94
15 101
78 102
53 15
77 68
37 71
78 158
25 78
53 197
93 135
86 178
68 74
30 181
29 114
87 155
91 75
53 113
26 136
94 67
76 34
65 126
80 54
16 140
85 23
55 185
82 149
33 72
17 106
26 112
65 79
90 139
12 149
15 154
79 100
14 68
85 180
75 62
10 88
76 189
39 150
79 71
24 134
22 155
72 198
37 70
94 167
99 64
59 72
41 20
28 72
100 108
14 83
84 118
54 174
16 106
43 78
56 43
50 122
59 84
76 98
11 39
67 164
82 170
30 144
70 42
20 102
68 78
96 122
46 159
26 113
85 40
91 53
88 57
78 105
15 149
49 118
76 79
33 114
85 152
32 73
54 63
77 145
74 140
79 161
75 175
78 175
72 120
16 100
80 35
21 120
91 18
18 196
66 154
22 171
84 179
58 110
93 29
66 17
22 133
92 101
93 107
63 134
18 136
76 185
15 71
35 179
11 176
61 10
37 104
71 55
33 35
65 137
32 200
45 58
64 155
85 61
23 68
37 101
69 61
35 199
54 32
33 66
57 194
75 149
74 81
58 23
80 149
76 174
96 137
100 102
11 192
69 166
47 159
25 75
63 163
96 175
63 115
78 14
29 119
20 48
51 170
15 119
97 33
49 110
93 157
13 74
11 176
88 29
32 117
70 187
15 32
71 107
10 44
95 88
53 87
92 166
52 31
41 17
78 19
39 37
98 140
80 135
68 174
100 92
86 113
54 12
50 104
76 115
25 64
86 114
91 163
25 40
37 175
43 60
15 155
38 193
30 31
10 31
55 147
95 128
85 35
85 38
80 83
38 90
46 180
64 100
17 94
85 147
52 168
12 95
52 128
23 61
27 35
77 144
40 39
66 53
37 45
49 38
26 67
65 77
18 111
14 31
24 118
77 106
69 188
39 52
35 99
45 64
29 28
78 140
47 136
36 157
46 129
43 111
70 102
77 76
43 166
19 50
32 87
39 181
27 180
10 11
37 169
95 45
74 129
31 67
68 32
10 35
87 29
28 159
59 135
50 167
38 121
12 173
99 196
50 94
26 29
68 74
11 195
26 198
50 128
12 178
96 121
74 101
10 160
54 104
86 105
13 184
15 98
73 45
27 153
83 67
79 68
13 14
82 61
18 176
68 109
92 129
78 177
24 12
56 122
53 51
24 188
71 63
42 33
87 190
18 72
55 193
35 30
29 183
42 51
37 104
66 132
79 191
46 95
74 87
23 120
86 32
89 196
19 13
52 27
79 48
27 114
63 41
46 80
58 80
36 24
94 70
66 49
88 97
27 96
56 162
94 145
67 156
13 113
12 180
35 195
31 41
32 102
58 107
83 107
62 115
54 173
27 88
80 101
75 168
46 23
90 46
79 157
75 119
48 173
91 43
76 160
79 141
22 158
82 78
95 47
29 197
14 11
21 53
68 124
97 112
32 163
96 94
58 162
46 32
11 144
32 146
64 151
91 200
90 124
87 184
31 103
32 193
69 107
35 29
45 100
56 157
70 100
85 25
76 96
76 18
73 146
33 177
98 39
66 25
11 96
34 158
21 31
74 116
15 39
33 170
46 87
33 35
85 19
86 60
54 153
53 178
59 21
16 15
52 152
60 48
77 94
92 59
19 190
32 42
80 121
81 22
88 171
30 27
38 131
48 128
29 136
62 193
83 81
14 42
93 93
94 115
64 119
20 91
12 150
50 192
68 168
60 111
87 73
44 139
11 27
60 99
36 184
25 145
96 133
60 131
46 100
19 193
92 30
35 183
42 50
39 83
21 31
18 190
32 134
76 133
87 38
17 126
26 157
48 120
15 90
62 106
13 108
68 64
72 25
52 142
85 63
67 118
32 30
58 45
80 79
41 148
39 42
59 163
34 178
67 101
57 189
99 91
16 160
18 67
22 12
45 63
94 23
57 16
93 143
33 62
54 40
17 164
28 95
92 105
25 52
100 153
39 45
86 170
63 10
40 193
70 35
36 134
93 91
95 147
13 12
36 67
98 29
57 149
100 169
32 31
59 71
50 94
28 60
50 145
45 89
19 107
72 35
47 27
44 193
66 162
22 184
75 81
90 71
90 162
32 94
30 71
96 200
31 105
59 39
57 132
69 199
79 98
28 90
21 184
58 101
80 99
87 185
97 131
38 20
81 84
60 118
40 81
35 143
31 189
13 68
95 156
62 170
28 134
53 158
59 154
34 83
50 177
83 65
12 135
86 43
34 191
10 29
17 90
43 90
73 200
34 41
71 36
57 198
28 81
82 98
80 57
70 120
42 82
30 174
80 71
81 90
31 158
86 145
70 115
31 159
81 196
62 90
94 21
93 13
89 85
52 161
97 116
52 177
27 99
36 69
57 179
64 43
51 102
71 195
30 57
15 164
63 142
14 117
93 152
84 67
52 65
67 159
10 163
40 11
97 129
41 65
90 62
85 65
98 120
13 13
100 34
45 84
93 41
34 163
26 133
83 41
61 90
33 180
20 168
96 126
46 94
23 26
47 123
66 144
53 175
79 53
95 136
85 19
42 118
35 194
43 45
80 60
20 45
18 21
29 42
91 144
93 162
91 117
10 84
37 139
97 29
76 80
99 130
41 189
85 104
52 133
90 16
75 108
88 44
47 98
49 100
35 47
40 44
34 180
89 35
64 21
46 121
39 76
15 23
37 155
15 45
71 100
11 113
21 137
82 138
59 46
85 110
62 156
25 58
34 106
63 53
52 194
43 29
42 80
30 123
92 194
12 155
84 53
61 112
18 15
15 58
64 121
13 168
84 123
28 33
87 142
22 136
43 83
90 26
57 41
61 31
45 142
63 117
29 66
76 18
20 90
58 156
87 45
15 121
98 160
40 199
68 41
38 80
98 134
38 111
91 80
55 190
15 131
70 49
85 147
26 79
42 157
85 102
52 147
51 194
77 178
49 50
33 170
98 145
21 39
91 90
79 200
53 142
69 28
72 116
20 60
65 66
79 18
33 30
94 193
87 104
55 58
14 10
29 87
78 165
91 22
59 46
29 167
70 142
24 11
58 194
46 64
94 90
80 40
61 71
54 167
42 46
90 153
56 64
65 182
66 189
54 95
41 37
27 77
78 69
95 47
46 152
65 156
17 17
20 185
70 62
69 108
43 188
28 157
84 134
22 114
55 176
64 191
56 83
12 193
93 137
21 69
54 197
31 142
37 54
83 125
76 99
26 48
80 128
97 171
44 177
12 196
92 106
91 177
27 76
33 164
69 75
64 112
37 91
37 97
97 192
79 107
78 88
80 188
55 162
74 89
11 64
94 134
59 92
56 160
93 124
65 182
40 168
37 81
30 159
11 37
37 33
52 83
91 101
79 161
25 50
51 44
82 145
36 64
82 100
32 16
78 159
53 33
69 104
54 27
98 116
69 78
52 11
92 116
60 43
96 177
77 137
17 177
44 200
52 130
42 98
17 135
78 147
97 25
56 107
88 168
22 131
77 27
85 187
24 56
56 30
35 124
18 86
80 37
39 175
86 197
76 116
97 140
69 134
89 124
59 40
68 96
49 149
90 93
29 67
84 198
76 14
97 65
14 64
90 188
78 72
30 144
30 159
59 61
35 81
13 166
40 109
55 95
31 187
83 35
10 161
79 175
92 165
23 77
69 145
55 101
41 113
16 15
17 162
13 198
66 62
25 189
94 47
91 40
31 82
28 121
56 88
61 51
36 148
59 115
40 47
20 120
95 95
31 65
82 12
60 133
57 48
59 68
62 25
82 130
93 154
69 174
60 159
48 149
20 176
97 19
26 114
20 16
33 75
38 76
83 146
31 153
25 142
60 112
100 131
78 99
94 127
39 181
82 131
93 12
90 14
41 163
60 140
79 138
100 83
68 103
20 35
91 56
32 109
29 168
81 44
76 135
96 151
82 45
98 66
86 30
26 80
55 10
85 195
76 67
56 164
82 141
31 36
54 200
76 167
91 187
87 55
85 161
33 80
77 120
93 108
70 27
42 167
48 40
64 200
64 104
19 56
38 27
35 53
10 39
73 36
20 42
74 180
95 120
23 64
44 16
87 45
42 162
45 95
62 37
20 89
72 123
79 166
23 61
46 200
67 50
86 149
67 151
89 118
73 200
49 166
35 178
38 61
71 33
100 152
35 84
65 182
39 188
61 158
63 178
46 172
14 14
78 143
44 69
12 68
31 76
77 96
40 33
22 13
95 115
13 129
85 186
80 17
28 79
46 64
36 166
27 118
13 167
82 146
24 156
16 138
89 59
55 97
14 193
46 151
96 55
82 140
71 11
20 79
55 157
32 171
38 181
92 114
61 162
95 49
73 107
74 160
10 54
44 83
48 169
67 187
83 147
78 98
26 118
95 71
98 123
31 39
46 165
83 116
65 68
89 64
94 176
90 165
43 92
26 87
66 115
79 95
48 65
54 52
97 173
14 90
45 189
45 63
28 106
41 100
57 168
20 173
45 190
62 184
86 28
23 131
23 178
16 37
64 30
95 37
25 57
17 131
51 80
95 42
33 198
14 162
72 108
10 130
41 93
12 190
93 196
86 65
33 180
84 36
69 14
63 46
94 24
61 119
39 195
66 92
98 106
58 10
49 200
56 145
74 86
60 46
90 98
90 97
91 14
25 98
68 30
97 92
65 123
59 129
66 152
18 153
49 86
12 83
42 126
67 21
70 173
89 105
25 171
89 159
68 159
65 15
99 12
13 45
72 98
20 86
41 197
17 141
12 34
67 180
31 62
66 173
67 71
66 117
49 113
88 38
75 144
22 72
30 153
90 115
41 93
46 156
46 94
14 184
80 131
62 89
75 198
54 38
89 173
23 144
27 42
61 169
33 59
28 166
52 182
62 118
88 137
35 176
31 12
88 161
27 166
65 137
30 168
86 97
83 154
100 47
81 55
18 37
50 89
74 173
23 139
92 180
12 198
88 119
18 158
35 155
41 185
43 129
25 122
87 114
45 77
24 127
63 200
45 71
75 191
21 193
97 145
52 26
45 149
87 186
32 80
59 50
27 74
41 38
38 16
94 106
29 136
14 27
56 199
12 44
21 121
72 139
43 30
70 73
70 134
48 118
30 19
72 90
53 171
44 92
100 103
16 81
99 41
27 185
22 177
38 71
60 99
58 29
39 178
87 132
37 141
54 115
32 73
21 55
44 156
18 63
46 146
25 108
51 77
51 60
25 132
13 185
95 144
84 163
41 96
87 31
58 200
96 198
19 152
71 150
25 11
13 177
19 182
58 169
23 19
94 123
58 184
29 16
74 133
39 69
36 106
90 98
19 48
27 22
54 183
51 141
30 18
83 175
35 67
16 91
19 15
94 62
22 156
72 160
42 58
53 151
80 131
69 103
80 200
87 13
36 121
93 19
82 127
12 163
32 171
19 83
34 101
61 17
42 193
85 157
88 186
96 47
33 189
73 107
12 99
36 23
87 120
65 161
21 38
93 52
92 188
92 196
30 103
78 157
38 170
37 179
53 63
46 92
50 10
78 84
30 143
98 109
87 120
93 121
83 13
20 168
12 154
16 101
71 187
85 164
100 14
41 132
24 11
27 132
11 57
32 101
63 102
92 74
100 112
63 12
31 22
73 149
38 176
56 44
81 142
23 140
32 183
86 13
84 130
63 17
61 140
70 188
31 173
79 119
99 89
29 20
31 135
16 67
88 31
74 95
72 142
11 130
95 140
93 153
52 90
80 89
20 134
43 106
63 172
79 12
33 158
98 153
52 25
29 25
82 155
61 30
60 178
64 64
48 106
48 30
28 189
57 59
29 30
32 49
82 192
60 52
61 108
22 85
77 80
97 182
14 31
28 164
73 196
71 139
91 34
64 131
36 112
46 178
27 157
92 146
86 112
67 140
25 36
13 133
38 137
67 152
73 159
97 180
29 155
19 77
39 120
82 45
10 200
75 198
12 62
42 147
70 153
89 196
96 145
40 128
71 85
28 84
44 15
96 19
45 24
35 162
94 150
93 200
88 41
37 126
86 162
41 79
32 24
94 114
37 45
13 84
83 154
95 175
100 42
42 164
57 137
34 34
37 165
44 57
47 74
31 111
94 89
96 140
45 97
59 83
39 151
33 73
47 115
92 86
16 76
97 69
17 17
66 88
64 161
76 190
88 130
51 82
22 124
23 133
88 110
82 187
51 185
55 177
85 120
13 113
86 123
70 19
83 109
55 102
52 76
11 137
27 35
20 79
51 53
49 14
75 38
35 56
52 72
29 157
79 107
44 20
85 62
74 172
56 183
68 51
49 199
37 97
37 188
95 195
50 189
86 36
80 43
94 83
53 105
21 131
99 120
49 54
38 36
68 133
41 133
46 88
74 175
99 198
37 162
95 23
52 22
92 41
54 143
16 195
62 188
82 72
52 109
60 102
59 175
27 143
69 30
86 81
90 48
96 178
93 93
19 193
87 83
83 195
13 183
53 86
32 135
41 77
71 85
53 191
35 47
73 10
87 198
36 106
96 172
72 89
75 118
49 13
46 127
54 38
73 17
30 101
85 83
31 197
69 159
39 39
62 142
89 106
60 132
95 196
63 107
98 11
47 178
15 58
31 33
11 57
74 44
15 194
100 137
30 97
81 199
62 134
61 177
98 100
45 41
29 56
57 192
89 196
26 84
57 117
71 175
94 182
43 111
18 126
52 18
10 177
88 183
28 169
83 162
22 112
70 199
24 175
21 58
37 181
78 46
37 61
97 82
45 50
83 60
72 73
82 33
19 98
50 172
34 18
15 147
49 148
95 121
18 157
47 115
96 123
83 77
25 183
15 59
72 175
66 64
75 191
31 131
34 115
75 166
57 56
21 87
18 101
39 117
74 20
25 37
53 194
17 151
40 96
81 73
27 154
98 152
48 36
93 75
52 174
46 108
11 18
21 45
25 57
90 179
80 26
37 23
65 154
54 38
74 39
22 154
71 51
99 192
54 177
43 62
59 141
58 45
90 188
86 80
36 76
20 124
96 109
91 146
99 145
72 168
32 119
25 32
20 48
28 81
15 102
24 40
57 114
40 12
95 146
69 157
17 176
89 147
43 39
26 180
40 88
13 23
90 69
17 179
97 58
27 166
13 13
82 35
67 71
60 61
53 155
98 71
61 110
26 13
81 100
35 157
47 152
35 197
75 14
90 162
85 77
35 56
48 123
48 40
44 132
28 22
26 142
64 15
64 114
87 13
38 44
55 35
68 130
11 28
76 49
29 40
61 107
11 39
23 159
66 35
47 194
60 19
62 144
19 199
56 76
22 104
71 162
23 118
64 172
87 46
32 138
53 148
59 176
44 108
57 89
45 89
100 24
73 61
18 134
93 58
41 83
12 109
89 81
94 147
93 198
81 85
49 103
60 23
96 31
87 55
56 97
100 36
80 31
69 91
71 159
70 176
29 92
66 97
50 124
22 59
56 69
20 99
43 158
18 62
27 54
44 111
43 63
82 75
68 46
27 83
28 117
56 79
75 156
71 15
34 30
74 43
38 20
91 74
70 66
26 191
57 77
23 95
93 82
66 81
61 138
69 157
33 34
42 97
37 23
39 102
48 178
21 124
12 89
65 200
10 157
22 76
95 113
10 199
46 165
64 147
12 76
93 191
11 174
49 102
54 179
15 30
43 151
48 188
28 175
17 196
47 199
39 178
17 77
81 118
59 120
66 156
85 11
12 86
100 32
77 184
83 26
61 31
62 23
24 28
65 28
24 141
67 129
96 150
10 159
43 59
38 165
74 64
20 172
61 185
81 162
25 69
35 47
97 167
93 99
83 47
59 73
22 156
68 162
16 41
10 37
80 189
11 138
13 11
46 58
85 168
17 29
97 19
57 117
83 116
67 13
59 167
26 198
57 90
59 92
68 79
66 55
51 132
71 176
96 158
35 164
86 65
98 174
38 71
38 93
19 140
94 174
36 184
56 93
19 130
100 61
26 115
40 132
12 111
38 23
70 153
41 16
58 182
18 103
99 92
78 50
58 103
39 193
97 16
30 26
15 81
62 10
65 195
15 53
56 83
65 18
96 65
51 65
51 25
19 132
59 166
74 172
20 40
53 21
67 70
92 48
74 126
19 170
99 23
59 69
57 102
86 145
35 113
76 69
49 11
42 79
35 185
67 80
34 58
69 127
64 140
25 81
13 56
28 28
12 108
18 200
53 177
28 200
47 188
71 62
41 59
47 178
34 25
28 124
95 182
65 36
100 58
48 29
68 170
30 16
97 170
82 98
12 194
81 101
19 178
89 23
17 128
70 136
20 92
16 60
37 143
62 38
51 15
19 116
28 139
95 96
48 172
64 98
93 125
53 190
49 186
53 173
84 47
15 99
27 10
61 45
83 79
98 155
75 143
22 103
64 58
71 33
47 25
15 16
86 153
41 65
52 30
61 72
23 11
83 39
78 155
10 167
19 160
64 130
32 57
95 27
84 42
13 146
16 14
22 19
83 171
96 117
54 168
78 102
22 162
23 170
57 27
67 162
39 123
31 123
60 135
63 118
60 11
80 45
55 37
74 185
63 163
25 42
26 101
54 98
16 86
45 22
98 69
100 103
48 86
13 26
62 178
58 199
49 19
41 16
47 111
84 88
38 113
86 25
55 97
99 132
23 46
41 76
61 140
64 109
24 16
61 58
50 81
14 184
63 113
99 171
14 11
79 130
44 43
12 162
57 102
13 102
98 59
61 65
92 181
57 59
98 134
61 192
43 176
52 139
65 187
22 123
32 32
27 124
18 41
18 16
83 22
15 93
36 120
92 104
43 156
49 109
36 60
95 138
66 120
81 136
87 28
15 116
10 123
92 127
68 181
91 109
38 62
47 86
62 162
45 73
93 155
53 50
85 116
50 83
84 75
87 154
40 89
96 133
40 143
66 156
13 13
10 138
69 78
59 37
38 47
43 22
42 116
12 27
86 61
46 79
91 153
57 40
77 135
78 42
93 65
13 23
15 119
53 145
14 187
59 70
23 94
26 46
40 178
51 75
35 197
11 198
18 19
99 180
64 43
54 21
35 76
68 178
40 198
69 193
76 116
40 60
35 178
60 53
38 171
97 36
87 105
78 138
19 82
96 80
69 173
45 34
76 160
89 54
40 168
13 15
91 165
58 127
53 151
97 141
72 132
98 131
17 191
16 185
68 176
16 200
31 190
48 40
71 79
66 149
46 165
33 164
12 40
68 94
14 104
53 145
19 192
88 129
41 134
98 99
75 190
53 100
18 166
93 149
80 36
97 103
81 94
68 120
26 191
55 148
52 60
60 164
64 179
95 77
57 196
21 64
59 108
27 16
71 128
63 130
85 95
82 167
96 133
11 124
37 134
43 39
71 175
19 78
57 85
84 109
59 155
35 108
21 161
38 148
79 90
85 64
67 122
82 197
68 151
38 190
56 34
53 89
80 43
15 195
66 124
94 41
46 88
86 153
34 96
55 171
31 190
29 25
58 77
67 200
47 175
90 101
82 61
36 50
57 159
51 55
83 182
55 195
26 68
92 151
17 91
70 173
38 169
42 182
53 30
81 85
20 192
63 46
65 200
17 181
84 187
52 83
56 156
48 58
90 69
75 21
39 164
51 30
88 25
70 190
63 35
10 84
37 93
65 136
14 50
67 93
84 164
17 25
31 88
27 178
47 116
34 118
90 26
60 33
76 14
88 122
86 130
64 123
67 138
68 127
54 164
22 58
60 198
46 91
74 159
55 75
55 100
13 188
18 165
92 193
45 76
75 53
83 131
97 61
20 45
73 69
51 41
72 170
67 12
99 158
71 162
68 79
86 37
40 191
87 120
40 15
63 140
68 56
60 67
47 129
81 129
51 144
58 149
12 42
85 39
72 156
17 43
34 53
63 135
50 85
48 91
87 106
11 182
99 90
72 82
84 184
17 72
91 36
11 106
97 184
57 79
94 127
60 17
20 26
98 78
41 41
93 34
99 10
34 111
17 119
95 165
65 37
43 73
47 69
65 143
46 126
64 35
39 167
20 87
15 28
99 128
16 157
26 18
11 180
65 91
63 124
27 22
41 126
90 35
20 98
75 81
83 32
11 110
69 183
24 25
46 186
20 82
31 96
19 143
95 30
58 17
13 122
38 116
51 149
76 55
51 152
33 126
43 76
100 185
100 65
39 102
90 143
50 14
94 107
97 148
50 23
98 115
83 28
51 195
32 15
48 79
84 19
61 153
22 51
45 177
73 159
20 169
94 74
73 174
74 163
91 120
77 119
30 111
40 100
45 171
13 20
90 106
71 66
30 126
63 17
58 35
56 192
88 111
83 20
53 58
46 48
32 149
85 46
34 160
39 30
95 107
69 192
47 59
87 61
76 154
49 142
37 100
55 27
60 20
93 128
100 10
46 57
14 167
37 52
62 95
24 78
26 102
93 195
76 116
83 191
44 158
38 92
42 65
50 80
37 159
58 155
33 186
21 152
41 139
83 122
32 66
12 25
80 58
64 175
91 109
23 76
31 119
22 158
51 111
18 92
20 58
30 72
23 70
88 61
98 17
10 54
30 162
30 98
23 101
72 26
83 59
55 110
53 94
30 186
46 95
88 108
95 114
53 52
67 15
79 195
27 97
46 152
61 130
27 111
12 134
95 74
91 62
52 195
33 41
91 186
63 58
78 113
13 85
46 180
42 79
87 146
57 65
23 45
68 159
45 60
45 116
71 141
59 120
33 136
10 137
13 98
55 14
38 22
29 30
81 22
88 18
36 86
69 77
69 80
96 110
22 184
23 76
84 15
59 103
17 136
83 62
77 68
19 100
12 189
41 115
15 41
30 180
80 186
44 82
79 149
31 17
87 73
38 100
17 90
93 40
63 53
89 115
30 192
97 34
89 146
32 33
19 83
89 116
96 104
53 147
41 44
82 27
18 81
14 197
23 131
94 30
90 141
15 129
43 139
95 156
93 114
42 83
87 14
53 78
32 29
72 194
32 21
98 183
26 150
73 97
26 15
69 76
11 51
24 123
92 171
82 85
15 57
48 93
60 190
73 34
12 28
99 116
52 82
29 166
24 98
61 145
21 169
45 94
19 60
73 20
48 84
48 126
48 97
45 58
94 192
97 117
69 122
84 94
16 142
96 68
58 112
61 156
92 68
44 112
35 77
64 160
40 61
26 126
14 138
39 57
48 79
19 184
83 18
44 38
59 126
19 11
11 143
38 130
47 27
56 162
58 197
45 67
92 50
66 28
92 10
19 129
29 82
100 92
76 10
54 84
36 59
95 176
13 86
84 46
21 180
76 41
30 163
57 56
88 124
71 12
71 183
17 194
62 65
18 189
14 48
25 13
42 191
31 134
95 106
49 192
62 21
75 106
88 164
93 199
61 91
16 33
60 154
39 149
10 146
12 95
26 30
99 126
36 100
19 109
51 72
90 125
35 166
47 80
11 47
13 38
19 79
48 22
13 122
81 62
40 142
72 74
63 67
30 27
15 92
35 175
51 70
22 37
41 164
15 177
53 198
59 173
99 109
85 120
53 190
69 111
10 162
56 160
26 39
68 176
69 124
95 74
71 93
50 41
84 52
61 100
27 65
51 137
32 79
81 38
53 71
75 65
96 179
32 52
59 191
97 150
100 21
38 120
24 182
88 172
86 180
87 95
75 156
83 74
80 100
89 158
29 85
93 184
46 37
90 115
85 97
77 155
39 122
16 55
45 25
14 149
60 131
87 83
83 64
85 154
49 70
48 137
53 125
45 74
73 190
48 23
73 64
95 37
45 64
19 101
58 120
26 139
68 82
96 171
89 180
66 112
70 57
21 38
61 12
66 168
81 102
44 121
81 171
19 155
92 73
58 169
58 139
20 76
40 119
29 191
49 183
73 160
15 185
85 33
95 112
16 200
16 193
28 161
41 111
65 40
72 35
89 31
50 106
100 197
31 156
79 156
30 111
96 190
90 126
17 104
84 56
21 41
26 67
94 55
84 172
97 186
34 84
76 161
10 127
33 47
19 166
18 64
17 108
81 184
47 131
43 83
65 13
90 68
10 172
55 82
41 189
40 140
90 97
55 73
60 101
75 139
43 124
62 177
50 67
100 99
84 91
87 186
13 152
47 199
59 157
51 65
97 160
34 60
12 140
38 113
74 76
85 141
50 44
20 44
41 120
40 111
69 171
81 117
56 163
38 44
18 17
21 108
77 116
53 67
78 125
58 130
48 21
21 181
41 30
40 192
40 192
14 163
50 42
33 105
11 38
64 158
58 59
41 78
75 66
67 64
28 126
20 172
20 97
16 37
52 20
78 101
70 142
98 16
66 177
69 191
62 71
56 116
24 56
98 129
34 118
58 137
96 20
18 25
52 104
21 68
24 92
92 181
87 44
57 51
36 141
35 69
11 33
24 143
31 159
68 36
38 99
97 177
46 115
57 38
46 65
44 166
73 77
98 45
41 176
64 144
33 141
71 117
32 31
67 65
59 165
61 101
66 98
38 185
25 112
15 42
15 131
38 157
91 187
36 131
97 100
14 77
41 143
71 26
23 108
33 166
24 16
77 170
41 177
44 128
52 189
88 76
51 10
88 161
31 68
26 170
66 200
10 42
60 95
76 128
62 195
62 109
46 172
19 148
96 54
13 58
56 78
57 27
33 191
39 130
74 91
35 37
39 179
52 76
23 161
25 110
43 109
69 178
69 109
36 71
85 44
65 39
47 87
38 56
73 56
78 147
38 97
39 93
55 87
19 183
25 175
23 46
28 123
54 197
23 184
13 28
73 30
38 174
97 148
43 196
49 28
68 197
40 160
62 34
41 70
33 127
22 165
31 162
82 31
80 153
18 70
55 75
14 94
54 41
66 135
32 79
24 191
100 111
13 177
56 17
85 18
16 103
79 141
90 82
67 67
17 19
15 48
19 60
99 190
36 187
29 140
87 98
27 175
15 101
100 178
27 187
94 85
44 181
25 20
48 200
56 108
19 47
70 160
87 122
61 32
50 94
50 17
78 113
38 33
51 154
60 133
37 40
18 95
41 55
58 94
31 194
87 108
81 182
76 194
42 37
59 55
71 199
34 146
28 87
47 136
15 45
54 192
67 97
30 86
49 13
40 188
98 184
64 81
36 174
61 134
30 111
66 165
71 84
55 19
14 144
75 22
14 34
69 55
43 134
69 64
29 123
15 179
78 11
57 137
25 146
89 28
43 70
15 156
98 136
18 126
68 154
92 80
10 17
97 121
11 100
42 100
80 91
63 185
33 150
79 88
97 13
64 163
38 132
42 61
83 127
55 159
87 159
76 101
60 198
48 129
54 62
99 131
81 119
99 57
51 59
68 175
60 85
77 170
54 99
78 96
76 30
39 117
31 127
13 189
95 73
96 42
47 157
89 91
34 100
47 155
43 117
76 55
53 110
99 31
77 45
86 23
61 15
69 110
47 12
26 99
39 36
96 23
85 115
57 80
51 85
84 198
25 198
95 16
64 89
28 127
31 188
46 55
46 135
80 168
93 52
77 34
33 18
61 82
36 163
80 195
27 52
25 62
75 88
65 190
65 139
31 134
50 77
84 163
35 133
31 160
76 40
12 96
50 75
33 37
87 186
70 120
65 67
64 98
20 83
30 155
64 193
23 181
72 89
53 114
23 117
79 62
52 102
50 16
98 160
31 26
75 87
14 195
93 129
85 132
49 170
41 44
73 187
71 75
14 180
58 152
68 119
69 64
71 196
65 199
99 127
31 144
94 195
83 192
20 31
51 169
52 200
26 197
90 50
75 126
26 117
37 160
76 125
58 67
84 106
84 118
25 124
72 80
58 191
57 86
74 15
81 55
43 79
93 65
100 158
42 14
17 80
27 121
81 199
46 136
13 86
100 171
88 105
90 163
78 133
67 150
98 136
30 187
98 91
25 168
97 54
39 156
79 157
13 140
47 119
39 82
85 119
32 48
62 115
34 153
21 114
98 29
92 141
11 55
56 80
11 113
36 16
73 92
13 200
80 162
95 97
55 135
10 108
69 72
89 49
18 103
47 139
72 193
86 173
80 145
53 104
48 19
