10000 500 10 200 10 100
38 33
84 101
33 122
74 73
51 104
87 182
11 196
74 68
85 189
11 113
61 15
53 190
50 172
26 184
100 70
25 13
19 73
35 194
86 37
16 177
81 48
26 30
71 100
67 156
54 53
54 181
40 103
84 111
85 134
97 168
71 42
76 109
37 96
76 155
80 182
11 97
38 132
22 107
71 50
16 155
100 165
83 185
20 171
36 177
82 55
97 121
60 136
85 57
89 144
62 189
96 177
99 189
45 24
85 174
89 169
84 191
14 107
44 45
85 136
36 194
18 177
34 89
57 156
72 155
86 160
85 46
14 50
31 87
94 141
71 163
97 10
50 86
19 172
42 197
17 154
39 88
54 126
11 85
89 147
26 192
77 195
72 85
84 105
46 143
63 45
38 167
24 79
77 187
26 17
98 149
76 25
66 135
53 47
47 43
20 71
32 112
64 128
85 122
67 172
94 90
54 181
42 117
26 143
56 123
80 129
83 132
43 119
92 129
32 120
44 163
54 41
45 68
40 83
34 182
13 88
80 104
66 162
79 163
46 158
78 75
95 168
87 75
61 107
77 64
32 178
41 29
94 91
10 190
59 111
84 62
15 64
36 80
37 20
16 142
56 139
14 99
97 36
40 182
32 10
57 172
45 84
47 18
81 121
79 173
73 191
18 21
78 11
12 92
29 167
94 56
18 63
78 10
51 152
24 65
78 71
44 152
76 70
14 132
28 158
49 35
98 150
86 24
72 171
96 17
22 174
28 63
49 51
34 159
67 66
80 166
36 94
20 95
94 100
74 180
23 143
29 27
88 72
65 65
55 181
50 191
11 191
50 12
27 128
56 55
39 29
81 155
48 151
83 133
31 88
34 119
32 138
34 156
75 20
32 85
11 127
50 190
56 162
32 171
81 197
19 117
13 37
91 173
98 133
64 49
82 61
80 84
57 138
77 42
19 94
14 14
87 58
40 151
60 17
69 121
95 159
12 73
32 142
66 16
28 184
11 128
33 57
68 55
66 85
11 198
60 47
49 11
22 27
96 127
96 117
66 104
97 118
13 105
61 55
64 146
15 10
43 117
64 119
73 85
24 70
57 184
43 128
37 24
39 181
81 23
13 200
94 185
69 105
44 188
83 43
25 32
81 50
44 112
75 100
26 174
97 113
80 132
32 164
11 198
56 108
65 63
45 150
76 67
18 170
87 26
34 31
42 68
77 177
11 29
45 179
57 101
17 172
88 144
60 169
17 101
51 174
82 49
84 45
53 191
83 174
45 62
57 55
21 88
53 90
38 142
57 122
10 172
38 65
57 49
94 78
74 145
89 139
83 18
28 112
80 32
81 15
18 124
93 48
24 103
59 130
13 18
17 77
33 178
55 139
50 200
97 33
45 80
86 172
74 157
16 109
15 12
32 129
41 186
22 149
39 117
78 167
95 186
100 149
84 18
61 33
18 116
64 196
96 39
88 118
54 72
94 41
97 152
52 43
56 149
10 68
52 103
44 11
26 111
64 73
14 82
49 172
34 165
83 27
70 156
70 33
80 173
89 135
41 46
31 126
57 171
88 71
25 62
99 152
29 66
94 104
93 132
63 148
26 42
64 112
32 143
62 58
86 190
96 104
97 172
29 41
10 34
69 36
55 186
20 49
83 23
24 33
26 40
19 63
76 179
81 103
59 122
27 79
45 177
77 180
92 192
48 111
28 156
33 102
37 137
10 36
64 128
12 139
55 74
76 51
47 10
45 17
89 138
93 76
37 81
82 83
81 109
36 111
89 142
89 27
56 188
53 72
67 147
53 94
29 46
96 108
37 122
24 181
19 45
66 16
92 124
82 11
29 94
87 109
84 158
87 148
82 23
12 103
47 63
23 24
36 165
85 181
65 81
96 10
31 39
91 54
61 117
10 30
96 10
51 58
43 77
73 169
84 58
62 115
47 102
50 54
100 95
90 18
50 17
55 126
100 47
64 21
70 69
94 199
68 183
62 93
89 95
78 14
25 146
92 76
31 70
89 148
83 167
12 165
26 188
73 19
56 104
40 32
54 106
61 75
31 99
39 181
100 42
44 149
63 104
40 46
47 157
32 163
60 163
68 96
44 61
55 27
67 192
86 183
35 71
48 29
22 38
82 166
47 38
90 91
67 151
10 140
11 155
49 51
73 73
54 110
47 86
23 123
47 190
40 18
99 198
44 63
18 82
85 139
94 178
71 64
75 168
81 57
20 117
54 61
90 79
54 149
59 111
56 75
29 20
84 194
26 156
54 64
42 141
96 159
29 21
12 68
55 59
33 146
65 34
65 191
37 180
43 79
93 53
45 55
91 50
18 71
46 161
58 76
53 140
30 19
74 91
29 175
68 13
63 150
82 138
94 175
53 122
58 73
96 19
36 51
74 10
56 98
59 59
14 62
21 42
75 185
19 182
83 106
100 122
79 65
80 39
16 20
25 127
85 161
56 46
59 39
72 135
93 29
73 135
33 49
84 186
85 111
17 35
86 195
65 84
14 49
53 133
31 87
37 178
41 16
43 70
65 103
58 185
90 54
70 46
67 107
73 138
62 41
71 23
13 131
28 151
34 33
81 52
92 154
77 191
53 86
75 27
42 120
82 145
53 164
97 79
21 56
78 99
11 192
37 157
38 53
75 115
79 11
87 51
79 198
55 136
90 135
93 105
52 29
15 41
41 52
86 96
87 117
79 28
65 141
56 53
77 125
71 126
93 136
41 102
74 52
56 59
68 56
11 53
92 47
86 80
35 16
38 30
33 173
63 75
92 45
98 163
20 97
39 108
79 98
91 199
18 103
32 117
11 55
13 47
56 88
80 24
22 105
56 82
95 104
87 34
44 109
17 143
16 96
74 72
16 115
17 146
64 140
54 180
79 66
22 120
99 155
69 103
25 21
19 150
12 144
59 120
97 183
54 93
11 146
14 106
82 47
49 113
13 148
64 15
13 152
69 191
84 125
39 200
31 90
35 96
97 167
34 120
49 112
22 92
59 180
38 152
91 62
55 47
33 21
92 35
11 44
54 113
14 131
11 117
84 127
23 87
20 62
91 85
41 31
80 42
83 177
100 71
48 92
30 82
64 195
60 88
35 166
67 19
13 169
83 150
95 195
85 200
59 34
80 19
40 50
43 100
31 79
49 99
50 112
94 87
43 99
86 179
37 31
25 173
20 158
82 106
19 150
72 29
57 10
20 94
27 123
63 89
12 188
71 198
70 171
73 50
33 92
88 125
100 60
92 124
26 41
40 181
55 124
19 29
70 59
51 18
53 119
89 17
14 97
61 50
76 110
94 150
44 152
22 127
10 183
33 40
93 70
15 48
28 63
11 152
98 194
91 128
19 79
59 62
91 140
51 77
59 57
82 63
42 112
16 54
61 31
21 153
92 139
54 119
95 80
77 126
24 52
96 29
100 10
11 153
81 27
73 10
67 68
49 117
11 66
94 108
47 90
68 21
85 73
28 42
84 45
33 60
63 55
48 52
91 172
15 16
18 45
27 107
86 115
36 117
38 28
11 101
50 75
31 171
44 86
66 124
44 36
42 52
72 52
22 127
83 154
86 56
59 163
82 136
87 42
85 69
16 88
16 12
73 115
44 134
77 28
88 156
52 53
71 149
62 157
92 154
63 199
51 121
98 197
74 59
56 120
24 110
61 121
18 173
58 128
94 71
14 176
62 23
26 68
50 137
31 58
39 147
36 111
76 61
66 157
33 157
24 72
37 73
31 22
25 41
50 186
30 109
69 140
81 11
30 105
79 66
26 49
15 53
51 113
38 123
84 59
81 157
61 159
89 148
15 109
79 133
75 124
80 54
98 175
81 105
81 37
49 76
30 16
11 71
88 67
40 200
16 85
85 103
82 198
67 58
40 73
59 190
97 44
11 72
52 133
38 154
59 172
46 81
30 182
13 97
40 147
59 30
71 74
30 109
70 186
57 167
85 182
69 44
98 43
38 77
69 118
34 170
42 93
60 67
71 13
50 158
59 95
63 26
95 123
90 30
70 126
28 156
14 187
90 166
19 140
13 38
47 107
96 181
24 70
58 86
71 45
48 68
59 65
67 89
48 52
34 107
18 139
79 118
92 95
78 144
12 182
43 148
35 193
44 99
10 188
34 170
15 84
71 175
91 133
34 160
100 15
99 187
64 140
84 69
99 31
73 104
95 28
12 112
24 192
33 139
55 30
11 32
46 158
41 87
63 81
27 87
40 125
33 52
57 191
65 111
30 179
73 46
60 100
62 83
38 193
14 69
95 142
61 161
42 110
30 10
37 105
74 89
27 174
77 128
67 107
45 28
86 87
29 126
100 34
36 67
65 42
37 61
10 38
16 94
97 102
90 141
92 195
53 70
24 25
99 175
23 47
85 28
68 57
62 122
47 166
20 119
82 126
41 172
52 34
77 136
91 172
34 167
84 139
16 177
96 45
95 97
65 166
35 50
100 82
15 137
37 163
28 44
26 91
17 86
60 115
70 85
14 110
49 96
71 121
48 24
77 45
56 81
75 27
80 66
30 105
38 158
63 91
83 189
69 51
11 131
75 109
85 85
65 78
66 79
96 65
73 188
99 196
66 144
62 11
28 155
83 45
92 16
28 147
24 142
65 69
31 187
50 99
71 199
93 42
57 177
56 161
22 40
10 31
44 21
76 26
97 172
71 121
94 53
80 195
93 77
50 78
90 75
30 148
57 155
49 162
27 99
87 116
65 144
71 147
12 13
24 165
58 90
68 197
92 166
38 161
44 75
98 140
84 48
46 34
20 89
62 167
96 153
29 150
89 40
59 73
53 125
17 62
76 136
31 181
75 48
13 177
54 191
95 75
45 25
85 74
78 129
45 125
85 112
86 21
71 14
81 29
35 134
94 155
79 129
30 13
37 97
78 123
88 141
71 159
65 131
41 104
55 84
68 175
95 137
29 172
52 91
59 92
14 71
40 128
30 194
53 31
100 156
37 190
93 176
20 95
70 193
53 177
81 61
17 106
27 180
57 151
53 111
62 130
20 102
56 14
68 32
50 176
83 23
55 95
55 136
85 116
32 22
39 70
65 87
41 83
90 87
14 149
19 88
15 182
21 148
77 75
23 65
46 170
74 59
33 88
72 88
43 157
62 108
61 186
35 36
62 94
60 114
74 124
85 133
15 172
95 157
38 94
26 130
13 112
82 139
72 17
98 15
64 140
93 34
39 141
33 15
60 186
19 112
14 132
12 58
16 159
19 161
68 48
35 127
78 114
23 163
76 148
16 107
88 125
54 34
81 181
71 134
22 192
26 119
37 124
91 70
42 25
41 146
88 155
33 57
35 193
31 180
21 31
41 49
53 38
78 32
79 168
80 197
82 23
34 126
79 126
52 40
40 37
74 26
12 113
100 72
97 127
93 68
74 171
32 115
34 24
67 39
11 137
20 163
43 185
55 109
39 95
85 51
43 159
50 148
18 175
74 190
86 105
39 70
52 176
93 74
78 155
96 194
60 173
79 86
66 65
30 67
30 168
27 93
80 19
62 20
86 73
18 106
17 78
46 65
25 184
89 87
15 76
35 74
52 35
74 196
37 156
29 83
78 183
37 72
83 50
61 198
41 125
92 103
33 91
61 111
83 109
95 57
86 67
15 45
87 114
24 25
89 115
88 36
59 108
77 133
30 23
62 83
78 56
62 196
98 155
12 33
24 94
31 83
79 66
16 87
69 193
43 83
81 66
77 47
62 51
34 134
62 123
59 68
56 35
93 127
87 182
50 109
17 96
27 71
60 144
52 144
17 116
93 86
31 170
82 158
39 137
27 118
55 119
29 71
87 61
71 168
33 183
90 130
44 80
27 30
94 14
39 171
70 34
52 114
17 191
37 57
93 175
54 30
30 185
28 59
11 102
96 100
63 115
66 152
55 86
18 29
31 181
11 31
49 89
44 52
40 51
18 50
79 130
87 131
89 175
31 194
57 50
78 172
27 157
88 183
42 139
73 166
22 44
70 168
82 166
33 24
92 174
61 54
57 147
85 40
68 30
89 18
48 139
15 69
26 125
91 171
14 75
38 48
92 166
41 54
28 68
64 182
59 145
97 157
78 54
14 12
50 42
78 157
76 22
71 109
38 90
66 65
41 58
58 86
72 130
75 189
16 20
26 73
53 27
34 68
58 38
30 158
48 124
12 84
80 174
31 116
51 83
12 40
98 74
68 166
12 90
22 13
71 147
90 77
14 118
62 79
16 48
23 81
42 184
31 120
15 159
45 42
56 198
91 15
60 10
39 87
54 169
50 12
97 10
18 123
17 58
26 129
68 71
30 103
71 176
91 55
20 48
85 18
35 172
90 151
87 60
27 84
87 184
72 178
61 200
47 124
13 135
44 20
18 74
88 115
32 125
18 196
67 70
78 52
68 93
57 57
50 74
11 15
96 82
73 41
16 148
40 174
89 52
60 121
91 96
38 178
79 17
34 27
39 31
90 175
87 84
68 101
75 196
25 196
96 132
42 171
77 57
91 173
99 171
24 59
51 162
28 99
89 53
64 90
34 198
41 10
17 129
100 51
85 28
68 45
83 117
99 50
34 194
78 107
40 149
37 52
62 35
64 101
24 100
85 165
88 89
22 192
40 87
56 154
90 101
59 98
39 26
86 24
100 172
11 26
72 120
37 30
10 52
91 24
71 146
80 62
16 166
33 43
66 107
78 192
56 29
45 58
47 49
28 98
46 37
39 175
76 195
58 93
56 159
54 10
39 107
55 130
78 127
99 159
21 193
52 53
12 82
69 78
70 18
48 176
34 124
41 183
42 166
75 176
54 194
85 28
14 60
45 16
17 154
25 11
72 136
49 180
17 190
39 151
21 45
100 43
54 97
98 98
46 113
54 177
54 94
89 50
68 187
40 143
29 43
20 108
39 42
82 31
46 158
39 29
89 142
19 196
69 99
99 91
43 10
20 152
81 105
99 60
49 70
94 75
10 159
40 117
79 60
38 43
32 153
35 32
60 136
70 123
52 154
50 80
74 114
88 70
39 45
19 144
79 135
64 52
69 12
35 149
68 118
25 92
84 66
27 177
85 197
79 48
72 124
37 105
41 162
16 90
65 107
12 124
45 63
92 190
76 147
14 162
43 141
50 169
33 33
77 20
34 44
61 171
73 189
95 39
29 61
91 169
43 164
97 42
75 58
46 126
14 12
10 80
87 153
27 162
34 16
80 197
48 52
17 52
45 63
40 34
29 191
65 94
77 85
94 24
49 23
18 171
60 49
54 181
76 134
72 190
81 114
58 11
99 196
55 40
84 126
60 185
33 57
28 114
39 69
68 131
68 90
48 120
11 187
80 143
80 42
40 59
55 162
96 146
70 126
12 37
53 40
19 33
94 133
38 63
66 109
64 96
90 108
13 162
57 127
85 35
87 80
51 150
28 156
65 41
50 93
96 167
83 123
31 53
96 149
62 91
73 135
47 90
27 13
32 170
49 190
27 133
84 100
46 144
68 21
54 171
31 87
64 92
16 149
43 99
98 85
79 189
74 178
48 95
82 164
82 133
40 102
72 44
30 182
80 91
72 29
21 162
89 20
60 150
23 200
23 122
14 72
98 116
71 32
86 52
69 131
90 161
29 84
40 46
86 49
53 101
59 10
67 17
93 127
95 45
36 50
42 32
63 89
72 152
38 184
92 141
78 191
76 159
59 162
62 173
24 144
18 90
86 147
73 199
18 77
100 21
92 191
38 28
34 194
94 34
20 187
75 135
83 110
48 95
56 88
93 94
85 153
60 188
39 93
64 38
17 29
45 98
58 126
53 133
36 131
97 140
48 166
88 159
75 180
79 159
53 133
72 133
72 69
61 49
71 128
65 156
41 138
77 32
90 36
87 196
82 156
25 117
16 31
68 40
92 141
83 89
17 84
72 192
38 155
59 140
63 130
40 73
41 183
99 121
52 93
46 18
67 95
71 14
26 22
35 138
37 55
15 69
24 60
93 116
25 134
68 131
29 163
35 143
31 132
80 29
72 23
61 85
56 175
83 45
76 146
44 183
78 20
64 163
80 167
60 119
61 146
90 176
97 86
93 97
66 24
54 54
68 165
29 157
89 62
87 147
72 186
84 41
86 45
57 89
19 94
77 124
15 47
13 182
44 60
28 153
86 37
91 124
40 147
30 153
75 116
100 27
53 94
12 97
46 96
57 153
83 196
80 63
53 187
52 177
96 179
50 133
97 169
51 30
12 192
35 158
41 138
94 30
71 77
76 174
71 137
26 187
19 24
95 17
41 128
12 91
71 157
71 135
99 135
73 62
83 171
95 77
87 39
60 175
46 79
27 91
22 117
60 159
92 160
47 176
55 194
60 16
17 123
62 96
59 139
69 26
32 181
17 61
50 33
83 137
19 195
93 108
97 138
53 64
23 76
74 198
92 117
63 40
71 188
67 130
49 119
23 78
89 61
97 152
13 177
78 178
41 128
98 105
92 17
42 175
93 42
53 187
93 50
99 32
84 188
82 197
91 142
20 48
41 26
33 100
11 99
74 186
50 196
87 126
75 93
10 131
87 116
14 117
22 178
95 15
31 113
45 114
87 98
16 69
24 141
25 129
57 57
21 78
60 70
93 100
79 116
56 99
62 181
44 30
80 167
88 145
68 81
76 167
41 32
35 127
76 38
88 194
92 34
46 173
59 109
40 46
47 136
92 89
62 185
54 96
81 157
97 73
26 134
18 49
54 109
66 141
100 64
69 45
14 49
97 173
97 145
53 184
38 19
22 17
50 193
48 188
97 179
85 29
70 134
33 89
90 78
60 192
58 176
43 43
49 87
41 15
82 68
96 123
45 82
80 115
74 78
68 67
25 175
100 11
98 21
24 163
38 154
93 43
18 34
65 188
28 104
56 177
80 13
36 105
22 73
62 173
86 113
72 18
34 182
11 39
21 144
72 82
53 167
15 48
90 13
36 146
67 51
33 112
87 42
78 152
27 49
10 68
22 198
30 82
60 108
31 172
48 124
37 161
57 180
32 125
12 56
33 133
94 13
32 186
32 96
95 164
55 83
70 130
83 120
30 80
75 157
13 113
44 116
84 14
36 94
17 122
27 21
24 103
14 134
16 83
62 24
93 198
21 89
91 20
69 150
36 49
24 132
73 199
87 69
30 178
24 154
68 136
85 188
14 12
44 138
79 184
74 121
28 93
87 129
42 30
82 16
51 197
78 87
72 198
32 29
40 120
82 118
78 160
96 128
18 48
56 46
88 61
21 56
31 10
78 70
69 75
11 156
73 35
87 110
43 178
89 73
18 124
88 186
90 108
32 67
76 22
85 20
24 104
33 61
19 41
25 168
77 40
51 21
96 155
46 133
62 72
28 72
58 199
20 91
16 36
62 73
90 72
62 134
59 162
13 91
12 150
46 142
99 172
28 67
77 119
48 102
15 39
100 189
53 88
26 155
31 48
57 175
79 144
24 98
57 136
96 141
63 37
92 87
82 80
71 148
90 156
88 191
92 57
20 43
76 101
56 71
69 58
16 93
76 187
91 119
65 181
45 29
45 176
41 61
99 71
75 65
74 91
46 32
28 78
63 95
100 96
90 152
75 44
31 158
44 68
36 165
62 147
97 101
97 133
76 190
93 172
45 64
29 167
47 44
37 186
95 79
35 129
21 47
98 109
13 184
17 92
19 60
100 197
82 195
97 124
53 167
62 105
71 191
32 128
45 149
34 177
11 16
41 71
21 68
18 47
86 181
53 43
11 10
10 12
64 12
94 33
11 42
21 20
53 20
96 58
55 95
44 177
41 151
32 166
29 61
67 83
18 175
100 94
79 190
56 193
76 44
66 14
58 165
11 121
73 198
14 133
80 24
91 37
40 191
63 197
15 27
64 105
57 38
87 189
42 106
85 64
44 49
47 38
44 105
55 200
99 118
51 38
62 86
51 141
70 57
14 162
51 15
15 110
11 76
49 106
50 145
68 134
92 27
39 41
53 132
59 68
43 185
82 25
95 173
13 181
91 93
93 138
93 29
55 176
52 180
92 88
98 40
39 129
64 26
41 24
14 22
75 19
90 191
96 111
80 12
66 36
70 54
27 36
19 33
19 180
45 105
16 170
23 123
48 59
29 80
64 109
32 189
34 133
86 187
22 164
82 146
51 105
90 176
30 84
56 178
22 55
94 164
50 83
43 136
63 69
30 48
86 142
56 130
27 37
93 129
22 105
71 34
96 85
47 176
21 52
55 43
63 100
69 135
34 127
55 127
64 119
13 197
27 24
75 146
16 65
90 86
59 160
61 13
73 153
70 46
70 197
34 115
42 120
36 70
57 153
52 53
18 196
76 144
85 19
86 83
72 198
90 56
35 112
37 45
11 82
99 81
37 173
58 187
78 78
34 150
27 65
99 114
12 107
78 92
42 180
41 181
38 167
87 156
35 108
42 176
74 93
61 79
26 86
70 191
55 134
45 197
50 198
24 93
89 10
93 21
17 183
87 10
71 50
26 70
49 190
86 171
51 136
23 13
72 127
78 189
56 178
15 115
36 139
11 102
74 25
44 185
44 148
80 168
93 185
27 179
53 95
17 101
65 20
24 64
29 142
16 63
31 81
35 139
94 188
35 23
47 18
64 32
90 15
65 188
93 49
40 17
47 159
57 30
31 56
92 149
80 171
43 151
72 24
74 104
20 185
48 58
68 159
17 193
63 93
18 198
54 189
17 132
13 135
94 159
89 57
92 21
46 154
85 112
18 95
90 22
57 167
39 94
56 164
51 111
73 87
27 53
24 134
17 66
89 126
69 70
12 167
61 22
48 66
72 131
93 152
38 52
15 35
43 87
31 22
33 110
60 139
19 19
37 128
55 153
98 134
18 71
36 138
27 41
67 29
84 167
67 149
25 155
96 167
87 16
59 50
73 123
22 69
46 95
26 72
82 85
13 103
94 118
76 50
67 78
63 155
55 107
78 97
92 99
46 115
16 86
50 42
67 178
25 174
28 133
56 131
34 42
52 153
51 108
38 121
23 106
20 64
74 191
92 86
79 36
60 15
49 167
27 111
79 162
34 37
90 142
59 101
92 35
41 168
45 111
13 131
77 198
26 41
82 136
69 99
62 151
99 96
46 143
32 105
21 124
21 19
89 112
24 61
88 28
38 92
41 151
81 158
35 29
21 158
31 172
84 139
25 152
46 62
23 52
39 41
77 89
89 54
73 25
24 172
38 168
47 184
10 98
94 87
78 197
58 116
11 92
44 90
76 101
95 171
10 99
77 154
36 117
58 44
85 168
76 187
77 91
45 96
40 177
28 140
97 40
32 163
71 122
95 199
99 16
53 32
75 45
92 126
11 26
25 105
74 189
61 141
13 104
98 102
89 31
67 97
18 130
100 26
17 124
97 109
99 36
30 78
31 128
90 44
77 198
17 149
22 51
71 109
82 160
76 70
46 85
17 64
48 38
51 78
80 117
41 103
49 129
13 58
90 17
93 21
24 53
87 22
48 71
15 83
78 165
89 33
95 122
32 76
83 10
68 123
36 165
94 104
24 39
44 162
16 65
87 73
16 155
20 46
84 50
74 90
23 84
39 76
38 43
67 189
13 130
37 173
87 170
13 30
81 49
31 44
91 199
17 56
98 37
13 22
60 33
60 126
56 37
98 146
66 156
58 127
51 88
98 22
15 188
92 55
10 46
73 175
84 62
13 19
24 135
79 10
47 146
64 86
80 140
94 44
41 199
13 24
36 103
73 133
64 92
43 161
94 133
72 185
13 200
75 96
46 68
18 92
45 43
93 178
86 43
60 113
90 25
61 140
81 176
73 30
69 94
62 39
76 159
93 33
63 82
22 93
73 58
44 144
92 187
32 108
75 176
19 62
98 160
43 131
21 86
76 68
39 175
41 40
78 154
100 113
53 194
55 187
42 24
87 155
42 73
81 30
53 95
89 83
60 118
45 54
17 198
67 17
65 52
13 127
48 145
90 74
24 57
34 11
50 13
59 93
29 40
70 159
29 39
39 44
59 67
30 163
48 44
12 80
48 83
62 104
72 80
41 157
48 72
58 41
75 136
51 164
100 59
83 156
85 198
24 57
12 99
63 142
84 55
70 41
35 62
18 146
35 168
100 80
13 104
79 105
27 56
52 48
56 56
62 16
62 183
36 130
36 117
32 58
18 127
42 111
23 89
19 110
52 171
75 108
29 134
12 125
89 115
80 129
78 178
91 36
71 42
21 85
70 49
71 154
34 87
91 166
15 133
49 65
72 120
28 190
47 20
90 76
38 121
87 130
11 152
62 102
20 133
86 154
15 153
74 12
21 184
94 70
81 86
53 41
36 133
42 92
18 180
24 89
54 154
14 42
95 17
44 111
93 133
48 156
93 184
55 159
93 148
10 82
98 189
24 73
78 179
96 85
94 114
31 101
37 26
56 184
18 68
35 186
36 171
26 120
11 122
11 142
35 142
29 137
55 171
18 72
15 156
17 128
40 154
46 148
80 175
88 194
99 47
16 54
12 142
69 183
73 65
60 167
72 12
47 170
75 125
11 166
22 31
78 161
63 157
18 167
70 61
48 185
88 182
56 127
56 46
19 30
48 76
79 141
47 112
53 73
34 185
54 107
80 167
88 12
63 19
93 75
17 150
16 180
64 109
48 76
94 58
91 68
80 105
68 45
11 153
55 43
29 182
34 165
47 72
58 92
70 157
48 163
97 37
88 37
33 91
86 103
46 21
75 106
62 36
58 145
16 94
51 138
28 183
51 66
49 91
82 126
12 126
11 144
37 52
76 132
78 140
94 116
91 62
55 111
10 198
31 88
86 77
22 200
100 141
85 127
24 56
19 91
49 175
96 168
99 71
53 195
48 146
52 174
14 144
97 107
80 152
92 53
89 55
68 123
29 151
89 60
72 157
77 21
71 20
12 171
59 100
99 82
56 96
89 65
27 173
45 171
12 191
61 188
39 88
59 52
88 193
17 57
99 66
86 80
18 69
55 169
97 58
27 26
75 139
29 197
53 86
52 58
53 34
26 156
48 167
56 186
21 123
64 129
10 123
59 76
90 115
93 163
20 107
18 152
78 103
40 169
54 158
39 100
10 105
41 117
29 75
53 73
13 156
30 19
18 45
75 105
82 164
11 135
76 68
94 149
64 77
37 162
85 178
68 39
74 129
87 188
49 69
12 35
100 97
55 137
10 142
70 103
50 121
55 187
97 136
86 183
89 74
31 60
95 27
21 169
50 56
77 184
55 60
94 173
65 74
25 122
85 163
64 132
35 75
29 105
74 97
99 57
97 32
88 56
71 17
75 61
24 24
63 21
47 74
39 87
21 94
29 166
56 45
100 152
18 59
30 155
50 134
97 128
11 153
91 71
10 42
46 67
70 178
100 187
73 62
71 10
100 93
97 24
91 85
54 82
78 65
98 79
55 82
82 189
95 24
82 37
37 24
35 169
43 185
67 64
80 49
16 14
82 30
51 83
24 37
87 60
31 13
37 125
78 170
86 131
80 16
84 84
48 74
31 22
60 29
13 116
79 154
71 192
75 182
85 123
70 28
44 145
18 146
68 128
96 173
75 142
74 38
100 32
29 91
18 194
34 155
71 169
84 51
80 148
71 77
64 63
53 86
31 161
86 66
10 158
59 159
19 62
86 138
23 154
55 162
47 172
60 56
100 68
66 144
55 141
97 119
30 129
32 22
64 48
57 190
52 152
92 140
17 179
87 109
44 139
14 101
74 30
52 72
61 87
52 138
98 71
40 43
14 96
31 122
33 147
48 174
100 104
89 123
32 33
90 58
70 135
47 94
21 140
16 88
59 37
94 67
76 116
36 131
49 190
64 158
89 177
100 55
57 110
58 196
26 20
99 117
96 47
28 123
50 31
59 25
62 69
72 169
39 26
34 177
18 165
66 186
16 131
12 64
52 30
59 185
24 147
16 29
55 167
43 183
39 186
57 69
97 124
83 52
79 171
29 20
21 197
11 119
12 58
62 179
80 54
39 152
31 86
67 197
88 179
88 62
17 29
71 41
79 24
56 126
77 123
61 142
77 132
32 89
82 55
51 101
95 52
19 111
42 68
17 192
56 107
63 32
92 18
84 91
94 180
81 39
32 144
20 65
57 74
95 99
26 33
16 39
96 64
52 24
18 69
74 181
17 104
43 115
22 88
32 179
20 34
92 13
98 53
57 109
99 57
99 58
67 18
15 168
47 71
53 38
33 19
35 141
52 43
94 47
49 72
50 31
82 76
54 108
97 138
49 57
69 35
90 86
32 36
51 151
68 57
41 49
19 19
86 192
89 56
96 185
20 97
49 59
76 62
50 103
56 164
84 27
16 77
68 76
67 191
98 190
66 27
80 126
59 40
53 122
60 20
91 49
83 133
42 113
85 76
47 50
88 177
72 72
94 184
31 168
11 177
12 43
75 62
58 95
63 119
87 22
11 134
62 79
69 171
96 117
93 40
46 120
26 25
73 104
10 142
88 194
39 94
48 155
88 16
90 82
97 77
79 119
69 168
45 110
51 22
43 28
90 175
22 103
51 142
42 19
58 133
33 22
35 61
54 16
67 37
79 58
36 195
79 126
14 177
32 143
71 53
88 63
99 144
82 38
64 196
16 181
60 93
99 189
64 182
24 55
13 127
10 135
30 69
88 126
56 108
42 56
39 74
93 21
45 108
39 114
14 130
74 96
92 109
67 179
41 124
38 120
54 148
37 184
34 149
99 96
88 190
76 51
77 94
70 92
59 124
37 160
61 112
81 88
90 175
60 122
45 112
82 160
97 108
63 89
49 96
27 125
73 139
33 183
78 49
24 68
55 114
53 38
69 95
74 80
88 195
59 179
92 34
74 10
28 147
35 32
69 107
74 140
63 156
80 112
91 17
67 180
26 18
68 182
59 167
23 185
82 53
31 112
28 146
77 53
49 44
66 125
18 65
48 30
91 198
64 36
92 101
42 148
56 66
56 34
95 181
14 38
94 195
65 145
85 95
20 31
97 106
40 91
32 31
38 171
58 42
56 55
39 56
20 86
51 144
17 157
51 163
37 191
10 146
72 96
87 166
17 181
75 107
51 31
78 195
73 191
88 42
93 13
33 60
83 190
86 43
73 161
64 153
88 153
55 130
49 151
95 31
78 179
57 25
82 101
23 45
78 68
90 127
45 155
35 173
50 23
16 134
10 33
77 168
88 51
63 89
80 14
10 167
42 61
92 182
45 23
85 42
15 115
45 165
13 157
67 57
98 187
29 165
60 133
11 38
81 51
91 188
75 28
70 37
11 158
48 52
28 79
76 51
23 43
37 75
61 188
32 13
47 147
19 37
10 122
61 75
39 195
94 40
96 15
74 135
40 143
59 155
98 83
100 27
25 56
90 149
47 58
88 60
80 164
44 96
72 187
24 92
100 44
30 69
51 56
17 56
32 24
57 31
71 28
56 34
45 176
24 129
37 169
30 72
63 110
87 60
22 162
14 121
36 131
32 88
82 195
75 187
75 157
50 127
40 100
84 71
58 168
21 165
27 191
92 111
58 37
30 18
96 169
98 37
58 130
25 97
38 71
61 177
75 135
11 192
60 98
43 166
10 74
19 44
48 200
23 199
59 150
29 68
30 180
93 39
26 53
34 78
23 53
21 153
12 192
56 77
24 50
87 189
97 184
21 22
23 21
94 62
67 49
80 123
57 36
82 151
96 121
81 15
54 94
60 185
31 125
71 19
57 116
40 101
71 96
14 126
76 145
19 112
37 120
46 35
77 29
74 70
32 194
43 126
63 55
48 16
61 185
45 179
47 89
78 43
80 13
17 104
43 160
13 154
31 84
17 47
29 176
32 66
51 195
44 122
75 92
50 85
18 188
61 189
77 176
79 94
37 12
81 170
66 48
93 63
87 146
85 69
97 51
21 134
89 107
14 150
54 196
53 109
57 109
33 124
58 140
60 84
51 27
17 148
78 21
93 53
80 167
88 100
10 81
78 96
70 101
69 19
53 114
56 122
41 36
13 119
44 75
37 153
56 90
91 23
25 145
52 80
77 21
34 140
91 194
83 91
10 136
91 34
26 40
33 106
80 35
100 77
52 60
25 36
89 185
85 85
15 149
98 61
82 125
22 52
50 91
12 56
100 77
20 110
56 71
72 18
86 51
66 18
62 148
88 64
12 127
53 83
79 116
54 56
89 191
49 192
24 75
42 120
61 163
38 71
11 57
96 141
34 176
77 191
95 36
52 99
17 58
68 71
62 149
100 25
41 37
42 42
16 99
68 66
80 25
74 106
21 28
31 162
83 17
48 161
80 71
90 18
48 52
35 105
32 18
13 174
91 149
71 182
73 179
64 120
87 187
14 89
22 62
98 51
50 67
88 124
52 82
32 68
51 33
53 159
46 105
53 99
72 159
86 135
52 162
67 153
56 92
54 196
60 125
25 56
12 70
46 131
97 124
99 88
79 174
37 31
78 190
67 166
58 45
46 129
72 144
55 167
74 157
49 22
12 30
50 85
84 38
23 33
53 48
44 142
25 192
100 112
68 105
41 173
36 167
79 159
44 194
25 180
32 108
58 53
83 60
93 19
83 177
100 83
26 165
74 59
30 200
88 159
57 60
30 66
23 31
43 171
86 161
81 187
77 165
95 187
35 10
78 169
56 59
23 23
36 88
31 23
77 55
62 12
17 124
32 165
81 126
94 13
78 108
36 167
66 72
66 152
34 171
79 92
74 184
70 87
42 21
19 170
79 94
22 14
16 84
33 197
63 127
15 108
55 42
47 162
78 48
82 19
100 55
100 82
15 51
35 99
76 103
36 163
69 83
94 49
45 180
24 10
98 89
92 196
77 25
79 69
95 92
74 116
75 23
66 165
95 190
44 139
90 165
77 124
71 133
87 48
51 29
67 62
47 190
16 73
51 36
48 89
99 53
39 76
47 13
70 143
12 159
64 108
90 47
67 14
65 15
82 105
70 134
70 177
61 36
47 171
23 46
63 24
60 98
65 168
13 165
55 138
54 57
24 68
66 88
19 65
87 136
52 162
57 116
80 35
50 52
35 27
64 99
93 189
43 144
91 109
45 133
68 76
70 104
12 74
62 28
36 119
29 110
21 67
16 39
46 12
70 110
37 181
22 104
27 16
93 170
17 191
69 174
43 81
57 43
81 104
73 96
37 37
49 115
68 66
38 198
28 47
92 131
47 105
91 18
75 94
34 70
74 79
20 15
48 155
14 140
92 100
89 115
33 53
29 64
100 16
21 20
71 159
36 93
33 188
89 40
63 79
43 31
32 156
97 164
36 75
52 34
96 151
63 136
31 11
72 147
56 74
10 83
13 142
52 130
70 66
88 31
70 82
22 149
91 101
62 182
37 37
62 153
98 166
50 193
60 101
11 196
21 140
87 18
18 65
14 31
85 143
26 100
39 139
10 74
65 173
64 26
29 60
77 199
93 124
98 35
54 174
76 10
80 121
97 15
16 22
82 119
73 122
99 192
54 79
48 133
24 132
63 72
80 185
76 28
18 83
96 144
51 95
98 12
86 196
72 13
21 87
45 185
68 175
49 103
42 62
46 139
52 197
52 187
54 115
20 110
16 101
41 87
39 18
41 23
86 118
69 66
72 183
44 47
48 48
68 54
70 187
53 106
29 16
59 186
76 119
89 131
38 161
93 27
75 119
45 196
89 101
20 75
72 123
16 84
37 73
15 83
96 133
34 64
16 70
51 104
16 180
80 42
76 85
28 131
21 134
64 52
85 30
77 152
45 50
82 126
74 198
86 184
99 199
10 91
94 132
12 91
44 62
60 72
71 195
77 131
59 163
99 175
85 111
15 149
74 196
55 85
36 95
33 145
14 128
18 174
38 41
77 182
19 31
62 51
68 91
78 188
49 188
22 58
67 132
16 92
67 93
96 164
18 79
98 92
69 155
90 100
26 165
85 122
56 169
31 55
93 179
94 103
38 47
28 108
87 170
53 141
48 10
63 39
83 34
86 120
67 30
10 187
95 112
35 24
86 115
64 130
18 145
72 82
25 27
59 195
77 23
18 48
12 61
35 137
85 41
90 85
49 109
51 90
75 23
47 114
85 16
54 43
74 110
57 177
15 139
54 135
33 150
61 41
50 115
36 107
22 68
39 51
15 75
22 10
72 35
57 37
77 169
66 36
26 198
93 26
98 196
31 154
25 189
72 167
84 197
53 71
77 54
74 54
78 65
25 28
99 180
21 167
72 139
41 48
70 196
37 138
88 59
51 157
56 97
85 163
38 17
88 171
35 179
87 24
10 90
68 169
36 132
53 16
73 149
12 50
35 153
64 178
50 90
41 92
44 100
88 92
15 99
77 12
91 98
59 134
44 102
16 68
22 58
30 138
97 163
27 163
25 199
43 160
12 118
24 109
53 96
72 159
78 75
15 107
27 30
21 163
61 154
84 190
40 139
58 51
53 127
58 38
73 188
88 35
82 40
74 156
13 147
10 155
46 96
65 196
50 113
77 60
20 32
74 111
81 189
94 84
77 178
55 85
21 123
77 113
44 66
45 122
86 195
99 67
30 128
48 50
56 86
35 119
55 162
87 90
10 195
21 109
84 121
25 181
62 116
52 39
95 196
23 49
48 49
28 125
37 180
92 30
97 87
30 185
96 34
93 41
87 83
35 44
34 146
82 80
58 151
99 76
73 59
49 181
32 42
96 110
86 91
59 121
30 112
87 59
49 24
74 199
46 53
21 112
65 100
73 72
80 112
27 41
82 97
80 103
32 138
42 163
25 176
53 18
87 11
77 46
34 170
23 134
65 99
20 33
45 70
95 83
16 76
30 176
41 169
17 114
92 125
88 147
95 194
68 10
49 65
70 41
64 124
60 91
34 75
64 33
16 30
84 150
33 64
64 81
84 48
80 151
38 105
45 63
60 117
66 115
27 121
89 50
35 177
26 79
72 45
28 30
92 74
55 175
85 139
41 172
60 106
98 162
95 62
73 120
25 122
70 163
81 46
41 121
60 156
28 63
54 136
26 79
27 97
77 171
97 164
87 34
46 86
98 91
97 53
11 129
25 79
17 29
29 138
28 149
22 174
27 84
99 129
65 153
68 49
44 51
13 88
36 94
31 82
96 146
57 30
92 112
32 200
85 58
64 92
10 52
12 30
42 19
60 123
80 187
55 107
98 18
98 146
23 171
20 122
99 165
33 34
93 84
15 28
76 14
43 151
99 19
93 26
47 164
54 12
87 144
57 200
20 94
72 99
35 185
22 23
12 27
76 68
16 138
88 77
14 40
75 42
67 41
60 90
37 18
100 168
28 22
61 148
100 156
79 13
14 100
74 111
53 109
27 40
48 99
58 200
35 146
71 191
54 111
75 194
50 15
57 115
30 172
23 168
40 121
34 67
46 19
67 150
11 182
10 176
52 108
71 31
99 38
49 73
79 135
86 102
51 49
13 10
50 113
72 138
72 161
41 87
94 38
22 110
99 37
23 134
89 60
44 31
79 188
92 72
59 174
55 105
72 46
89 55
39 95
56 194
55 52
89 46
11 129
60 134
40 31
13 135
20 65
31 13
83 72
62 17
52 105
59 80
29 61
90 111
23 173
38 22
85 27
33 139
81 26
50 124
74 174
93 140
54 35
90 103
90 62
31 133
21 66
18 119
97 171
14 106
96 167
41 11
59 20
84 152
64 34
50 73
39 145
38 59
72 190
73 68
31 106
56 52
91 47
36 123
25 12
97 195
74 181
54 176
17 157
79 48
77 193
25 33
77 158
52 129
33 55
100 42
72 31
88 158
72 68
11 119
17 121
61 61
14 130
84 136
59 176
47 112
43 129
95 148
69 38
20 77
78 107
46 56
81 37
27 17
64 106
93 178
97 61
32 162
75 109
77 112
67 72
21 95
38 170
35 99
33 153
52 102
72 118
13 200
38 174
21 62
66 178
79 118
74 90
27 41
69 189
88 116
70 200
51 95
86 86
58 188
38 193
72 133
50 60
68 77
59 183
32 125
10 181
94 20
28 133
39 102
67 38
76 194
42 61
34 28
19 115
35 20
44 95
100 39
35 96
25 191
64 79
25 82
65 169
17 142
83 178
34 44
26 95
39 64
97 160
39 128
61 110
16 194
24 80
41 184
91 173
87 88
57 110
34 101
74 74
21 191
41 143
21 78
25 129
31 27
29 58
81 197
78 104
37 197
20 66
41 15
41 175
17 80
83 75
26 174
89 79
82 34
90 42
93 93
97 79
79 93
37 99
59 129
64 123
97 42
72 148
37 39
18 152
54 49
55 124
27 10
60 29
26 58
56 149
70 66
86 94
31 167
25 82
81 29
30 63
69 196
31 120
57 166
56 178
47 110
33 70
43 138
27 157
49 163
31 170
78 145
21 21
83 90
43 27
85 154
57 182
71 124
11 27
71 184
82 137
57 118
89 47
14 85
12 62
95 143
63 111
93 107
89 19
80 81
56 117
10 172
70 195
44 20
14 196
27 39
75 109
17 150
26 24
49 184
28 116
14 142
33 34
34 183
90 56
59 113
30 109
64 82
46 191
23 159
11 107
53 139
30 157
20 175
88 135
82 90
56 106
13 89
10 91
16 186
95 146
51 99
77 26
31 169
12 84
80 24
55 137
60 19
62 85
39 107
83 185
72 81
23 40
34 42
30 30
66 80
96 159
56 19
75 162
65 35
39 150
97 71
83 45
76 23
43 107
100 129
79 151
17 194
64 182
69 147
71 74
61 190
58 17
18 51
48 31
62 59
33 137
77 78
31 43
66 114
74 33
43 52
53 86
61 199
81 92
16 92
70 184
88 32
38 102
12 13
31 183
69 115
39 25
22 112
14 96
78 19
60 80
84 137
24 119
90 45
80 124
64 10
26 199
30 119
10 139
46 67
50 28
39 61
67 199
93 114
83 32
12 79
98 198
24 80
47 185
71 161
100 64
30 14
38 37
87 196
90 89
23 131
37 78
72 186
56 190
81 36
51 66
87 136
50 133
23 192
68 164
30 46
71 157
100 101
17 17
91 173
17 171
90 47
18 107
54 159
79 166
56 130
35 112
85 107
61 92
24 196
82 93
49 73
11 126
14 34
87 82
69 73
25 121
92 135
73 177
52 136
87 122
51 185
94 142
49 112
33 32
36 101
25 162
73 178
76 171
35 42
90 29
18 140
68 58
92 11
62 11
100 19
95 24
40 190
76 107
59 33
59 31
29 67
76 109
91 69
32 67
29 145
89 27
43 69
91 192
50 122
48 30
70 159
53 148
46 44
42 72
43 27
96 13
28 97
16 140
38 14
13 101
30 104
85 76
47 37
68 56
97 82
36 125
10 154
29 10
60 160
95 78
14 30
17 83
78 15
20 117
33 19
26 11
14 169
33 121
92 135
93 190
96 64
16 90
24 198
95 49
49 197
30 156
42 42
93 156
31 74
41 79
80 123
61 40
20 170
90 132
37 139
52 154
63 56
81 32
47 146
14 53
27 32
94 13
41 82
85 123
52 97
33 50
73 94
70 145
30 53
11 10
94 40
42 175
65 40
87 173
51 134
52 163
95 69
80 19
47 190
14 108
42 146
75 140
75 50
14 158
56 195
69 76
21 133
21 155
77 113
96 161
14 187
48 23
99 154
51 17
44 198
88 51
100 85
98 25
59 87
87 40
33 152
70 149
19 191
38 91
42 74
67 161
33 40
62 128
86 27
29 149
75 94
23 11
32 171
65 115
93 21
12 172
23 95
23 113
17 45
35 31
37 88
12 182
61 199
98 124
84 87
83 84
34 62
86 161
87 123
91 146
18 65
94 163
83 38
16 79
21 68
55 195
51 126
25 86
39 106
64 162
40 93
34 176
59 142
36 44
76 33
77 42
74 97
68 60
95 69
99 42
33 50
17 138
64 33
92 90
100 66
69 133
18 130
19 139
28 66
29 147
25 174
41 21
30 195
98 39
90 43
83 55
66 119
12 71
77 28
39 92
66 67
31 56
16 145
58 79
92 179
44 112
37 48
59 44
91 37
71 162
32 157
19 187
97 43
34 39
32 51
65 159
40 137
24 116
42 42
87 104
67 54
95 162
59 172
50 168
80 92
45 90
80 180
53 136
83 146
66 96
19 87
55 117
87 102
11 138
58 61
70 166
72 68
71 18
33 168
86 59
47 127
69 119
92 37
20 140
52 42
41 181
23 124
27 176
34 164
83 194
16 189
23 119
32 109
24 130
95 124
21 169
46 140
22 190
55 154
27 183
61 200
74 126
60 104
38 161
19 36
30 125
79 136
19 114
81 13
18 154
86 22
71 21
63 199
22 184
68 174
67 160
14 172
19 96
85 177
11 176
20 32
72 70
82 155
52 23
13 17
91 129
44 110
37 46
60 184
14 83
41 185
63 130
65 118
63 75
19 116
97 163
66 163
35 118
12 29
62 119
91 142
21 122
30 30
31 172
50 178
61 184
59 131
43 162
86 173
81 199
77 100
40 69
99 16
42 23
59 152
71 127
63 23
74 156
47 197
27 70
46 25
31 179
92 178
35 38
77 190
88 59
46 188
48 163
100 139
45 94
91 131
60 195
14 59
90 200
44 122
91 72
48 134
38 105
94 35
32 83
86 181
77 103
53 95
65 15
21 85
63 114
32 133
71 194
63 102
94 103
30 106
77 151
23 37
60 163
85 31
93 98
17 191
91 192
10 100
66 130
72 119
39 12
59 186
84 76
77 41
72 101
25 156
82 189
70 162
61 89
40 18
40 184
76 190
62 105
93 195
13 107
63 112
58 176
21 126
13 197
73 42
49 116
77 182
42 23
79 77
17 147
99 79
20 106
31 127
66 22
15 79
78 55
81 50
60 100
84 116
44 167
38 14
60 157
29 199
31 150
10 94
71 173
40 48
90 96
69 144
92 86
78 48
59 48
20 174
14 98
35 34
13 80
84 159
48 46
35 49
10 76
61 104
89 139
68 182
69 128
87 132
64 161
82 157
40 80
48 136
49 84
45 54
53 42
33 11
84 182
23 85
47 27
72 140
28 164
30 181
29 47
100 117
51 126
76 49
89 68
41 186
50 179
44 95
57 64
10 110
41 181
79 137
88 17
30 153
43 20
18 84
74 111
25 98
51 108
22 76
68 155
30 130
29 135
27 165
10 155
70 78
95 103
74 154
15 103
13 124
98 105
27 182
82 43
48 86
87 59
79 151
13 57
79 159
80 118
78 193
94 19
75 51
12 97
33 65
42 145
73 125
65 200
63 77
49 29
32 26
24 127
97 82
26 92
29 178
51 177
38 115
98 106
86 142
51 173
34 14
63 176
75 157
50 78
27 60
38 199
41 188
67 88
86 121
83 144
78 191
64 134
85 150
73 83
79 54
96 109
60 184
100 199
93 103
25 187
17 186
76 52
21 132
94 64
25 99
10 15
26 140
26 37
79 192
87 192
28 177
23 116
20 197
29 145
41 34
39 53
50 159
50 183
10 24
20 176
73 66
36 45
91 143
15 106
57 195
43 191
91 18
70 175
31 64
30 127
86 71
10 98
27 108
12 132
47 161
97 78
86 133
78 65
37 175
62 30
91 101
22 184
51 161
100 181
87 77
88 102
42 120
23 11
55 115
76 183
91 85
27 136
58 16
68 126
40 174
32 194
25 200
28 49
42 134
92 196
47 148
53 14
84 132
91 150
44 161
83 133
55 35
26 96
94 59
52 44
14 10
17 162
35 13
48 182
16 52
12 182
73 119
48 101
38 22
48 86
57 26
23 62
84 99
69 83
77 182
81 23
10 166
63 36
76 198
19 150
95 38
51 62
29 138
39 187
80 47
83 167
24 125
56 128
51 190
54 183
51 162
99 197
75 170
40 118
63 62
49 39
23 19
77 59
96 87
53 162
100 152
66 10
10 148
74 111
52 172
69 129
52 88
97 60
83 170
84 46
38 78
18 112
40 178
10 77
53 49
10 11
58 179
28 88
94 173
99 62
73 103
91 77
89 151
57 60
77 138
69 164
81 15
36 114
24 79
45 69
96 62
36 131
82 115
64 157
100 29
37 53
84 66
12 125
69 90
96 148
16 114
67 54
94 198
60 146
83 182
91 16
95 119
85 96
34 167
14 177
28 128
21 152
23 183
36 21
89 94
80 133
48 92
99 161
94 178
48 200
17 154
17 23
18 186
94 162
21 197
28 13
94 10
40 129
69 74
14 98
50 120
32 199
84 28
82 135
43 130
70 198
20 183
68 21
86 164
77 163
22 132
89 127
50 142
38 136
10 16
46 185
80 97
54 172
52 17
20 154
17 105
88 65
19 184
63 76
70 71
18 151
51 26
51 169
79 123
63 164
75 172
83 77
30 198
87 196
62 189
20 186
76 122
14 193
70 139
98 73
23 142
74 23
12 91
19 138
57 130
24 176
88 116
92 181
87 136
42 161
38 147
35 61
30 18
15 185
76 179
45 168
35 93
17 121
33 16
35 30
14 173
27 36
63 92
99 22
12 14
14 186
100 163
61 62
48 134
35 140
49 138
67 53
79 133
64 47
53 45
44 75
92 106
49 117
32 152
57 37
95 167
82 173
17 81
40 101
24 93
69 139
89 182
90 72
62 146
31 75
97 19
62 19
42 106
59 126
64 120
15 80
83 166
70 16
82 77
99 94
82 181
22 34
19 14
91 120
18 49
39 175
57 168
19 18
17 154
70 166
36 86
83 172
24 87
62 131
69 128
55 159
43 69
20 115
31 123
77 67
40 63
98 65
59 46
39 138
74 28
90 107
37 160
35 190
41 100
10 67
63 179
50 170
75 51
11 133
78 153
90 171
46 30
58 79
94 142
77 100
49 132
84 85
55 119
82 173
21 16
86 79
91 76
69 54
12 189
24 103
10 167
51 168
91 142
57 98
48 76
67 64
53 60
27 111
75 13
47 30
97 112
22 48
75 182
15 139
14 69
20 133
50 149
14 67
22 182
40 17
48 17
64 54
64 32
15 57
59 82
41 89
38 20
42 15
88 19
43 184
47 198
24 148
67 61
80 57
97 34
56 111
32 126
52 121
71 154
78 27
100 89
75 42
61 33
94 113
34 13
58 177
43 56
20 146
16 173
96 161
25 79
11 60
41 70
87 186
10 184
84 71
35 132
53 184
83 185
52 63
91 35
41 188
34 175
50 32
95 191
97 166
67 98
20 107
68 40
62 25
61 140
84 130
58 33
90 69
90 52
100 195
94 151
67 193
45 180
74 94
69 74
65 61
48 119
50 164
73 94
36 16
11 86
36 116
63 92
52 138
73 97
86 76
99 157
100 17
75 128
35 150
24 173
87 175
28 11
68 61
92 138
41 141
30 46
14 167
100 54
51 105
61 58
92 32
41 62
55 16
81 131
67 24
86 178
57 15
42 171
95 97
34 168
26 166
19 106
53 176
40 59
43 113
84 73
66 156
42 187
85 148
53 118
71 63
57 173
43 119
58 190
76 72
43 64
16 183
40 14
77 132
16 59
78 182
61 45
69 69
17 122
31 182
20 22
52 169
72 146
18 149
93 114
28 114
57 93
40 173
100 75
19 172
42 183
60 68
47 112
65 70
88 179
67 107
78 129
27 198
74 175
49 30
90 10
54 100
17 73
32 33
16 189
23 84
99 170
21 19
71 113
52 149
26 164
72 126
45 164
60 178
40 112
38 70
83 154
29 49
83 32
98 177
10 89
54 12
63 45
98 174
59 134
98 105
75 20
31 10
20 165
45 134
98 197
87 11
71 153
70 20
21 113
96 16
94 90
73 72
85 51
42 139
90 10
17 115
61 86
91 16
37 114
38 162
24 155
67 104
84 34
92 104
20 144
69 152
15 141
23 24
28 103
33 10
48 18
35 136
87 52
33 11
67 103
64 110
39 147
82 154
74 162
71 130
39 180
15 173
88 139
89 145
91 162
77 156
69 82
92 130
43 76
85 123
93 93
43 25
32 103
60 32
14 70
43 13
23 55
79 12
30 16
70 68
95 92
66 182
11 149
72 131
89 64
98 184
58 121
28 199
73 21
76 99
99 194
74 165
20 123
38 53
35 137
67 141
99 147
47 36
43 76
61 131
28 32
28 99
16 157
56 156
24 139
72 71
57 170
13 171
14 25
77 64
93 169
23 23
29 160
17 31
31 50
10 178
80 132
80 37
28 185
81 77
37 59
34 77
15 18
67 154
32 104
12 28
93 56
69 199
92 147
92 86
43 25
80 80
37 152
25 56
10 112
68 81
66 105
74 33
83 16
43 158
90 38
83 195
24 61
21 135
80 66
46 184
57 95
52 71
74 183
57 26
81 83
65 76
70 66
33 113
86 120
20 25
11 68
74 98
60 34
49 116
50 86
15 14
63 197
99 61
78 13
26 72
32 186
74 86
36 81
99 157
63 60
12 13
28 13
60 59
24 146
17 161
100 108
25 25
69 39
51 82
31 166
75 141
65 147
99 46
99 15
65 61
32 187
42 27
98 157
27 71
54 84
76 146
100 187
69 85
67 59
86 102
94 166
58 40
62 81
66 152
70 113
38 186
52 90
58 133
62 122
60 160
26 48
75 200
80 88
10 116
70 85
51 26
63 72
38 175
72 145
92 73
79 152
12 169
90 104
32 121
88 117
73 42
34 29
83 33
98 116
68 88
32 147
47 84
34 152
25 174
86 198
53 166
37 116
47 11
68 56
85 56
68 45
59 140
21 120
59 185
77 124
93 69
52 20
100 123
68 24
34 102
32 177
17 182
48 22
92 124
94 148
60 53
50 81
15 69
66 168
50 70
44 160
58 196
72 116
24 198
36 36
83 163
41 178
33 118
23 192
47 79
71 55
30 144
32 128
88 161
54 100
48 30
71 24
37 72
16 155
35 104
53 180
70 16
23 54
80 190
34 199
97 197
40 13
68 192
15 165
68 91
100 25
10 157
64 170
29 183
95 110
83 106
24 165
11 90
99 57
80 77
60 160
80 121
19 35
70 137
73 108
37 75
59 173
96 198
44 71
63 89
85 87
93 126
52 140
52 105
37 106
90 63
24 66
40 50
33 109
10 102
16 27
30 196
81 41
58 176
56 194
16 117
73 70
92 189
55 69
28 17
82 86
31 31
39 67
82 77
78 70
74 25
36 180
66 121
36 13
85 157
51 173
76 144
15 150
38 86
27 46
95 197
80 176
20 107
94 132
88 29
91 165
36 101
18 56
86 176
32 152
81 100
23 50
86 31
40 187
95 30
86 22
73 166
31 65
37 52
92 68
66 11
92 106
98 19
47 180
62 33
16 162
41 98
14 10
65 191
94 48
19 41
65 59
61 91
82 91
81 146
28 26
18 25
38 92
36 96
16 64
97 23
83 85
96 48
16 74
86 94
37 71
59 15
39 143
95 79
60 51
11 196
74 183
13 179
42 67
93 136
27 36
61 158
79 82
88 18
33 56
65 79
30 48
69 81
32 23
87 15
91 186
76 121
61 64
29 42
19 39
95 86
64 138
53 190
27 83
44 177
66 122
27 68
22 195
62 141
48 111
43 72
90 190
56 64
52 149
59 19
49 107
13 65
24 173
62 76
50 52
46 175
58 164
72 123
49 25
32 188
35 31
42 43
91 87
81 87
79 36
56 56
100 12
10 190
33 156
18 53
20 173
59 183
71 104
93 138
54 13
76 66
96 197
56 89
21 18
82 174
83 83
88 190
14 132
58 105
49 87
26 129
74 187
81 39
97 60
70 30
13 113
83 132
16 29
12 36
82 199
34 115
75 52
99 179
99 126
69 104
76 52
60 106
24 156
47 141
67 123
23 113
53 113
86 157
51 76
94 181
35 15
12 168
93 43
42 52
73 51
55 37
49 191
52 144
62 111
36 173
59 112
14 81
25 163
78 169
95 42
14 125
15 88
83 138
33 60
16 125
78 148
62 15
46 107
97 105
55 100
42 63
53 197
32 47
16 14
88 188
88 199
84 128
25 26
17 51
43 67
61 20
92 140
55 164
79 19
51 97
54 158
55 132
99 127
28 134
40 28
70 22
60 78
73 146
73 49
77 183
57 197
80 155
50 40
55 47
93 199
32 192
58 106
97 131
17 136
25 199
29 199
44 45
54 194
17 13
50 21
86 184
74 10
25 188
53 78
22 146
83 182
44 76
75 82
51 154
17 106
99 36
67 184
86 23
11 73
91 42
93 34
29 137
94 175
97 130
31 171
44 164
15 34
62 61
35 80
78 179
85 179
49 123
71 75
24 183
80 175
41 88
43 83
92 76
20 183
36 145
59 115
63 127
29 181
98 66
80 35
13 80
51 70
31 19
40 151
47 116
67 60
45 167
91 40
90 12
77 104
60 188
67 120
53 147
90 135
93 174
78 90
49 186
29 90
94 106
68 17
32 200
35 59
88 22
20 74
43 146
73 15
39 176
14 90
24 47
85 168
79 197
84 108
44 28
50 29
24 50
48 180
59 116
31 60
14 162
40 186
82 114
40 84
42 160
56 33
55 10
43 61
57 70
68 53
82 190
99 34
43 121
97 124
72 63
92 29
21 141
23 189
87 49
31 156
69 58
55 48
71 191
64 99
31 101
35 161
94 36
62 165
69 19
44 26
38 105
69 153
73 72
60 112
16 13
95 131
20 89
88 154
91 112
62 152
37 39
77 137
19 140
36 56
50 10
88 64
22 152
45 185
56 170
98 146
92 175
90 100
95 110
46 176
45 140
22 46
48 82
55 78
82 118
15 13
14 39
63 67
13 119
27 25
72 159
37 105
71 102
82 39
56 69
30 45
42 154
26 21
85 98
55 91
69 56
88 167
16 174
15 88
28 118
48 193
11 130
70 52
54 135
16 56
85 130
18 46
69 185
61 174
22 159
73 153
82 171
71 113
26 187
24 58
26 138
88 24
91 12
15 112
24 182
62 174
11 70
42 37
57 90
39 170
24 87
68 97
24 85
85 22
85 44
38 187
24 176
44 61
35 111
50 136
78 142
65 46
34 120
65 78
53 95
30 91
96 13
63 72
43 200
13 171
63 189
45 59
20 11
82 142
45 95
11 25
49 200
54 60
26 146
34 162
11 20
89 56
96 52
33 124
15 25
72 129
68 95
45 168
49 110
78 199
65 31
96 74
99 97
40 161
20 97
83 118
71 186
72 142
76 104
20 124
84 194
49 123
52 52
84 197
27 43
37 190
56 63
48 128
34 31
68 14
58 53
19 46
38 108
48 89
92 87
48 121
95 76
43 12
88 167
91 91
94 25
49 108
13 156
94 72
28 136
89 117
28 42
59 40
58 153
23 163
18 143
40 154
11 160
12 149
53 177
20 171
73 110
50 114
47 148
30 85
21 95
95 85
32 167
12 88
13 55
82 24
94 168
78 49
48 146
10 120
89 49
92 158
71 11
91 57
91 68
89 55
45 168
22 102
53 66
63 96
57 74
31 164
72 123
98 35
95 44
11 34
19 56
97 53
87 52
13 50
23 75
42 106
92 46
95 188
32 31
54 56
54 38
82 171
90 44
36 62
77 162
83 173
46 67
28 131
83 159
62 62
40 88
34 88
11 178
29 70
76 193
65 116
28 148
63 46
79 104
18 103
96 197
58 117
34 134
63 16
61 39
29 137
72 71
75 63
73 156
23 91
85 60
48 44
41 104
74 32
15 169
28 129
37 43
41 51
14 104
84 80
35 182
72 72
74 97
87 135
58 91
10 22
42 43
98 183
66 126
46 10
71 174
72 104
56 186
75 196
23 67
42 43
41 126
62 113
13 73
13 65
11 106
56 117
70 167
33 142
42 125
60 31
86 92
26 149
52 113
17 178
28 40
30 18
16 160
27 192
46 34
88 199
52 168
98 113
13 57
100 70
89 17
64 114
99 37
31 188
87 196
31 132
41 29
65 35
49 105
37 54
66 117
50 104
20 10
45 61
68 105
22 51
21 12
47 55
19 38
76 23
23 51
11 102
11 85
18 70
64 166
15 153
22 179
17 200
93 107
10 58
14 173
69 157
52 97
51 58
37 110
21 170
22 16
58 42
58 20
44 137
28 37
58 102
95 180
27 38
72 153
100 131
93 50
17 143
37 155
23 61
74 85
67 14
63 113
80 26
45 182
85 144
25 85
57 68
62 181
22 162
54 47
25 101
43 45
99 23
43 79
87 75
62 116
18 88
68 159
34 186
64 78
83 170
14 18
52 39
30 189
15 166
39 127
37 134
15 144
95 195
63 64
17 188
34 160
92 20
67 192
75 101
88 169
64 67
12 142
75 18
87 109
60 178
81 62
14 63
39 80
51 18
43 117
70 126
37 93
76 38
40 198
79 189
60 22
89 164
64 163
11 128
23 168
30 142
64 61
42 46
50 74
48 109
95 94
13 102
31 14
42 105
82 103
58 189
15 182
20 113
26 168
74 38
35 180
32 198
44 17
82 184
47 110
68 85
90 139
26 23
13 172
52 189
32 55
43 33
100 195
23 194
27 20
55 140
43 22
94 52
96 193
25 145
20 139
91 117
70 49
37 87
81 70
75 130
78 118
57 165
77 111
57 96
20 10
62 154
96 16
47 85
84 52
13 122
24 71
57 103
26 181
74 166
25 120
26 200
35 69
33 141
96 143
58 156
99 106
22 199
28 105
11 133
38 104
58 173
61 105
90 119
51 98
90 192
28 22
22 67
41 199
18 117
42 78
96 106
93 195
87 130
84 200
38 68
55 130
26 112
54 149
45 154
50 171
78 98
40 179
38 108
89 175
62 140
30 110
77 69
28 161
13 24
68 74
39 107
81 157
82 49
78 83
47 186
51 181
12 79
14 60
70 136
40 24
93 120
41 132
53 49
48 21
77 97
87 180
82 100
78 34
56 86
79 154
90 194
16 167
28 94
31 71
83 94
35 117
38 52
97 35
42 153
36 189
13 166
41 65
44 170
10 196
80 39
45 139
26 105
23 116
79 143
48 62
23 106
90 61
92 38
49 83
47 167
96 74
14 83
89 20
61 39
54 120
86 198
63 90
57 153
62 135
74 196
49 143
35 177
55 71
41 123
13 40
85 59
45 66
51 33
91 28
40 103
95 121
87 17
80 46
87 50
31 98
94 11
64 181
79 77
98 15
28 17
14 101
62 139
55 42
36 32
67 68
98 188
44 91
35 32
81 176
34 142
35 152
89 147
62 144
23 27
40 13
60 184
97 135
84 83
41 128
14 49
93 96
77 17
48 75
30 125
77 146
84 158
35 54
16 73
93 118
100 136
23 159
67 69
89 84
24 82
77 68
81 40
29 171
58 152
76 121
49 108
86 178
70 198
58 183
97 40
95 173
36 65
73 106
80 46
60 65
43 35
76 83
58 121
88 147
80 111
10 183
31 123
68 118
96 34
66 13
28 22
15 51
84 173
65 191
92 171
21 170
14 43
65 104
99 118
48 48
32 129
60 81
88 34
98 16
96 133
56 135
40 60
85 65
55 145
41 62
27 144
33 176
55 97
100 153
58 164
31 77
50 42
50 178
61 11
37 137
28 46
87 100
97 68
89 141
74 53
50 161
34 47
75 186
42 59
87 182
75 150
86 126
15 71
69 92
54 109
93 197
42 111
83 64
66 95
97 194
54 19
83 147
36 134
75 55
85 113
20 26
85 129
91 88
12 67
73 63
17 41
81 156
97 190
41 154
88 57
55 45
90 145
91 157
11 136
10 82
42 61
61 123
88 61
33 192
63 23
99 129
77 148
73 39
95 115
51 43
20 152
41 50
50 82
43 186
49 31
53 99
71 30
60 83
72 43
10 43
95 141
21 144
77 45
97 47
68 156
17 112
60 193
42 24
86 171
67 125
71 132
31 117
40 57
53 54
81 87
15 181
15 49
100 150
28 119
71 56
97 88
27 24
96 154
19 188
33 81
31 160
49 148
53 176
49 88
97 106
66 129
58 36
46 32
34 97
15 184
66 58
35 167
22 186
42 122
64 87
61 107
77 48
90 135
96 70
41 86
21 200
21 74
49 27
79 32
37 80
67 100
49 98
76 21
38 198
100 78
91 191
39 143
77 50
12 95
19 112
45 97
57 29
52 158
29 100
31 194
31 16
48 119
96 194
48 200
49 106
41 98
23 73
22 146
68 130
43 44
74 33
24 186
87 114
43 111
13 166
24 174
15 41
58 119
93 44
14 48
59 16
87 80
86 188
42 13
39 100
85 192
15 169
51 18
28 163
60 107
11 67
56 165
53 16
89 123
25 23
94 33
55 118
100 99
42 163
85 66
33 162
91 197
67 78
84 55
79 146
17 34
34 76
13 122
84 73
75 166
48 49
36 106
11 136
33 107
83 142
30 150
39 42
44 55
15 173
45 186
77 96
27 164
85 199
40 88
76 164
30 170
36 87
69 14
44 136
50 133
63 73
86 24
45 94
52 60
63 12
88 27
18 76
94 83
88 109
61 158
92 58
76 120
90 68
35 170
91 56
66 115
100 49
62 68
87 19
64 20
16 175
42 132
18 39
17 138
75 41
22 33
65 88
65 46
50 88
94 183
28 173
100 96
64 47
78 145
28 94
53 112
46 14
66 154
36 114
68 25
20 198
30 55
48 34
45 52
38 140
81 67
14 166
37 146
96 130
34 125
63 66
28 126
24 114
71 148
74 182
68 15
34 55
22 108
36 164
23 13
66 29
73 37
38 45
54 41
31 84
26 32
18 36
100 54
83 71
53 10
61 198
94 75
62 66
21 166
81 146
68 166
82 60
70 171
20 187
59 126
55 12
41 54
20 140
67 191
10 133
65 96
30 28
64 26
28 135
86 147
99 172
61 66
100 127
53 161
61 82
13 27
41 78
86 113
39 12
60 61
25 115
54 86
36 131
43 38
45 127
69 179
71 131
41 142
13 114
43 35
49 32
33 70
44 157
47 130
78 119
66 93
75 151
54 10
44 115
18 180
68 57
76 152
23 23
24 78
17 61
44 113
57 168
53 196
56 190
27 83
50 151
42 177
55 180
78 194
52 37
31 170
80 152
10 106
30 58
36 113
35 78
46 14
54 43
35 182
96 169
49 175
88 75
22 41
46 128
85 182
39 50
60 83
66 95
27 200
92 154
76 52
78 151
24 110
27 77
11 37
18 169
20 199
48 175
92 131
21 108
89 101
45 85
75 184
25 153
49 135
100 118
49 193
53 54
24 95
28 16
99 179
29 146
49 61
94 39
30 44
33 137
72 151
20 109
32 13
55 162
58 33
12 136
47 181
22 140
41 123
40 18
47 142
10 100
96 97
79 49
25 110
88 88
88 189
49 16
12 113
98 174
65 90
56 174
72 89
27 157
25 59
96 124
87 142
10 59
16 187
61 12
98 74
71 191
26 120
21 120
31 18
79 159
72 192
51 181
19 45
10 125
96 124
12 150
18 129
26 159
99 97
100 55
43 73
98 67
44 85
41 38
80 91
67 13
62 141
12 197
93 142
76 135
24 35
86 187
98 83
11 69
97 129
71 196
88 193
14 28
93 82
12 183
36 43
41 67
41 191
75 193
99 27
75 63
45 10
99 197
25 17
17 118
27 44
67 171
100 188
90 126
88 45
27 54
24 137
64 117
54 186
42 102
96 57
82 100
83 49
89 197
97 27
36 35
36 50
44 110
82 16
44 141
42 155
82 186
36 96
65 39
36 33
49 129
29 152
78 173
26 158
63 68
78 105
15 36
100 111
56 26
36 183
12 181
14 164
78 71
45 91
36 176
55 74
56 185
21 166
75 38
16 148
67 98
81 11
14 41
22 103
23 29
13 35
33 65
25 19
64 71
59 69
84 36
82 184
40 171
80 21
85 93
59 118
32 54
23 170
72 53
51 154
54 191
26 115
42 191
94 24
91 46
12 119
72 38
67 127
78 72
69 51
85 118
12 180
74 122
61 69
31 43
47 58
35 45
51 101
95 131
26 108
49 20
77 83
12 162
75 90
43 137
95 32
79 134
51 60
40 172
14 63
29 153
36 38
15 118
75 45
38 65
65 37
19 35
51 157
75 110
55 64
39 22
51 135
63 131
77 45
20 125
17 107
32 31
48 110
90 85
17 199
67 132
58 59
13 159
13 167
40 75
11 149
61 151
94 76
61 112
70 174
51 53
65 171
36 15
27 56
41 68
97 75
59 102
90 170
69 152
56 141
14 178
85 147
26 38
96 200
48 146
11 21
58 75
79 106
31 105
25 15
83 197
23 175
82 47
57 149
60 79
12 81
77 21
46 197
28 63
86 34
59 191
72 41
53 70
16 158
99 89
91 149
97 86
76 195
70 67
82 157
88 75
47 15
33 77
36 193
77 29
35 195
26 105
95 96
10 15
60 173
85 60
97 22
17 66
22 104
57 25
23 82
40 131
79 43
59 132
31 172
43 51
77 182
70 44
45 132
34 144
85 178
99 46
16 174
15 51
45 48
38 149
23 191
34 72
47 122
59 58
71 167
41 103
14 88
71 25
87 30
98 157
30 197
69 42
64 118
34 47
90 183
74 119
83 109
94 197
81 196
14 158
99 166
89 132
63 40
69 107
71 150
75 103
24 57
43 115
71 83
93 164
28 182
26 38
27 84
100 155
80 124
11 63
67 184
97 155
66 175
69 118
47 138
80 91
40 189
92 171
42 192
78 149
67 59
40 107
31 55
44 55
97 185
95 80
15 136
83 34
73 130
23 34
48 175
34 73
31 134
58 78
26 20
39 142
84 25
30 45
99 143
68 61
27 20
21 138
69 30
20 79
98 126
14 39
43 62
93 130
70 180
44 155
77 24
70 103
42 156
27 121
17 51
51 68
100 146
74 51
55 32
26 139
33 67
68 93
21 114
47 149
11 19
30 106
16 20
54 84
43 159
41 107
18 20
38 83
44 35
92 189
48 66
22 27
91 138
54 85
40 144
46 158
34 148
35 30
19 83
42 145
12 144
55 85
18 59
44 176
10 104
22 154
43 112
36 126
67 125
89 114
87 56
55 65
17 146
67 196
22 34
31 104
35 35
52 187
39 159
12 12
76 148
95 65
65 170
59 144
26 35
83 153
89 140
39 118
71 137
21 125
95 75
79 172
35 30
79 27
70 143
56 63
76 28
17 184
87 143
63 82
67 27
31 92
89 108
14 41
56 135
60 27
75 198
49 143
21 147
63 49
79 33
80 23
22 64
86 61
16 168
28 186
100 33
45 142
63 98
10 188
83 173
75 97
14 193
20 40
58 43
61 72
99 25
44 151
81 104
37 97
84 11
39 77
58 171
88 178
78 13
83 157
65 191
70 168
51 105
48 166
70 121
52 69
93 135
96 15
32 66
39 121
95 28
69 135
42 28
80 102
60 98
86 29
37 146
10 93
52 37
40 32
10 108
97 107
84 124
45 93
41 58
75 90
95 24
57 88
52 171
63 108
53 81
80 169
21 157
20 112
44 109
92 176
48 47
53 72
42 16
37 15
78 181
78 153
98 154
63 81
62 63
14 182
27 127
47 174
43 32
18 110
61 62
75 183
50 180
84 104
32 52
72 72
93 48
72 71
37 77
56 115
13 142
56 86
60 90
39 163
13 178
70 88
100 193
79 152
24 158
84 180
54 199
46 54
21 109
90 60
59 79
54 150
96 128
62 101
19 129
65 164
91 193
93 180
85 155
38 156
87 30
99 134
47 198
77 109
69 137
23 126
65 169
96 49
46 123
33 147
11 69
84 191
39 174
45 45
10 123
22 62
11 170
81 15
72 17
60 96
39 95
74 172
19 109
72 171
97 195
27 72
45 50
52 137
40 54
51 186
23 16
81 132
91 99
26 166
88 73
19 72
29 116
37 43
32 98
48 45
56 165
79 189
29 13
82 94
71 141
53 24
12 161
25 145
10 105
18 178
88 36
31 148
82 127
46 179
20 37
86 150
11 165
74 50
48 107
44 47
41 35
73 15
74 29
90 67
46 126
79 136
42 128
40 117
74 107
81 90
76 131
67 171
46 168
62 85
12 189
74 133
99 196
94 52
88 154
63 183
98 189
56 54
57 45
70 183
79 77
31 99
32 102
86 116
44 123
69 177
22 135
98 146
42 90
100 166
37 142
15 136
19 111
26 89
64 162
49 110
52 134
51 58
74 89
59 138
90 177
35 135
77 66
21 62
76 113
37 33
35 41
90 196
56 182
63 110
72 168
70 194
52 40
14 170
100 37
51 143
44 64
53 158
61 171
82 109
92 80
56 171
67 113
78 97
68 93
49 37
59 60
17 173
82 116
81 30
38 92
32 21
23 85
99 109
93 31
63 172
51 141
63 56
17 129
46 160
34 162
31 94
57 61
10 123
67 52
19 153
28 151
29 124
70 176
14 124
60 62
62 142
39 58
34 90
72 153
92 41
55 58
59 148
68 13
95 120
40 58
28 10
62 80
53 55
81 191
64 74
41 85
57 89
58 25
87 131
13 61
96 126
91 131
78 63
12 179
45 32
38 67
17 34
26 191
76 184
33 91
53 54
18 107
52 98
43 167
12 111
70 55
21 150
51 145
34 131
60 175
49 149
85 198
42 192
32 95
23 190
100 75
73 163
28 20
37 115
70 144
23 26
90 97
52 165
77 190
10 154
98 92
79 50
21 118
45 120
81 37
51 31
23 164
51 96
92 87
18 195
34 70
53 18
19 199
34 188
33 134
40 196
36 86
65 126
45 98
43 49
20 166
21 49
62 97
81 147
95 179
31 194
74 173
22 196
32 50
86 12
71 190
39 20
13 65
61 91
57 193
26 78
42 44
17 109
54 117
63 127
40 39
83 156
75 189
12 195
96 10
68 34
84 25
26 65
54 24
89 55
35 143
84 18
97 83
77 152
42 15
14 106
94 65
92 67
99 57
27 103
62 101
23 46
45 15
87 40
33 114
15 79
43 29
41 76
43 25
96 113
27 141
63 86
13 115
78 48
64 48
59 40
42 112
25 100
27 21
82 180
76 15
25 193
93 136
65 149
81 87
63 194
23 114
71 22
32 44
45 11
96 44
65 44
82 130
31 106
81 85
66 88
16 156
29 159
92 139
87 63
98 33
87 86
81 170
54 200
96 192
52 108
62 64
99 25
50 119
59 147
50 28
40 128
59 126
18 86
60 36
39 124
98 39
85 19
72 142
98 56
44 41
38 35
18 140
56 123
19 184
42 52
46 137
69 29
48 78
62 162
71 67
17 199
69 107
26 139
85 47
78 26
25 160
41 40
58 113
99 148
55 66
80 143
65 35
12 121
78 89
26 52
17 180
87 86
80 79
32 169
79 52
99 38
31 79
44 123
44 43
10 123
35 125
97 157
45 48
73 76
25 150
78 117
22 180
61 59
30 38
72 186
100 78
19 104
27 104
63 129
11 130
66 57
97 128
43 26
23 104
70 138
94 53
60 26
66 69
24 102
74 158
11 21
20 124
56 173
27 175
51 177
89 187
18 192
32 81
42 146
19 166
37 50
13 150
90 63
78 175
17 149
90 87
77 180
84 118
90 71
58 96
83 39
64 93
85 40
59 83
84 139
83 81
52 79
24 88
17 82
44 110
96 15
87 12
50 40
57 158
88 34
50 161
15 148
78 128
52 38
33 176
22 93
63 189
54 98
95 116
85 172
39 21
42 55
14 15
12 178
93 30
84 39
39 108
100 55
95 177
98 80
94 72
87 29
90 147
50 171
55 108
38 144
31 163
63 177
70 118
51 154
71 199
94 118
76 181
70 154
98 67
14 152
56 40
10 33
86 131
82 105
93 179
24 192
44 58
12 132
58 165
65 125
40 67
81 90
68 48
93 70
34 112
18 78
51 36
79 185
77 138
30 17
71 149
45 80
37 19
71 185
54 86
66 136
100 17
16 55
13 103
85 173
22 149
35 191
66 164
16 131
27 85
27 18
87 158
55 51
63 111
98 162
67 179
18 173
25 157
33 62
40 155
74 86
65 98
31 99
28 72
79 153
26 11
87 192
20 92
79 170
74 90
61 10
55 50
98 75
46 22
53 77
55 174
44 91
41 72
93 123
56 52
58 124
29 102
38 34
40 170
30 199
46 146
98 161
12 25
25 13
96 174
41 25
10 77
60 40
94 129
16 117
40 94
39 24
63 190
89 191
91 85
22 61
52 41
82 16
31 68
56 127
27 134
30 33
24 113
75 185
48 60
75 11
99 154
37 151
33 129
70 124
14 152
14 34
56 18
64 82
45 115
57 153
59 15
96 72
19 82
44 171
67 169
89 119
21 41
80 88
20 32
22 186
49 30
34 178
65 93
34 150
60 123
78 68
74 121
44 67
59 29
57 169
50 30
44 133
77 191
23 65
81 65
65 17
68 81
77 137
76 87
48 14
62 200
97 149
14 46
72 156
72 86
95 76
80 55
37 11
70 40
59 79
92 150
86 193
65 92
44 37
79 36
82 21
60 148
66 20
72 40
43 72
72 112
18 65
83 158
23 45
11 166
55 82
49 21
68 157
55 25
24 115
46 69
64 143
91 151
39 22
73 120
58 118
26 43
11 32
65 83
51 178
50 194
76 176
53 169
72 130
99 160
85 79
45 36
20 57
31 166
50 11
75 166
55 150
27 136
90 190
34 61
12 80
52 70
79 58
75 31
19 66
90 88
35 53
42 191
76 112
85 182
75 84
77 54
50 167
93 49
39 20
86 167
54 166
73 158
12 109
37 67
37 13
15 165
68 58
98 169
27 133
22 95
58 118
92 107
45 163
54 84
10 68
69 85
48 99
41 113
96 64
62 37
10 115
48 115
30 169
28 146
43 77
56 153
45 23
53 91
31 26
17 170
53 37
93 174
34 108
41 167
17 78
15 52
76 17
93 169
51 83
97 121
13 19
38 157
16 166
82 29
58 34
76 132
82 65
55 31
55 13
52 170
95 35
33 86
63 190
28 62
90 11
14 44
31 90
95 65
40 59
28 81
82 96
51 11
24 152
86 158
98 42
85 58
11 160
24 144
87 10
85 87
21 22
33 22
85 133
86 191
57 175
65 131
23 119
54 64
65 177
60 47
48 183
17 98
15 50
67 135
81 81
31 74
94 154
13 38
72 176
18 134
73 135
19 41
96 18
78 135
73 130
38 24
89 110
23 76
84 189
48 44
48 44
36 197
23 185
73 140
99 75
29 132
71 172
21 52
18 58
79 17
42 24
55 90
15 156
77 119
64 179
33 57
85 61
98 77
68 99
100 48
68 124
38 164
20 133
58 96
91 59
25 181
98 146
16 19
54 69
18 89
61 81
20 105
70 10
23 20
94 31
94 86
94 28
54 39
33 121
48 175
92 49
63 43
50 90
18 109
68 193
12 19
74 168
44 26
46 107
70 111
32 84
54 95
11 80
83 118
26 93
11 183
11 91
60 161
86 111
45 143
10 101
36 188
76 65
70 57
81 61
68 133
19 189
28 103
36 164
46 81
12 126
22 31
65 122
54 31
19 95
57 148
53 137
83 75
70 139
57 197
99 125
52 169
90 169
82 194
52 83
30 200
82 171
57 80
85 35
12 136
16 109
13 128
59 18
42 59
55 159
31 180
13 198
77 18
24 20
71 120
93 119
19 157
49 162
90 193
83 172
81 129
69 11
12 139
49 92
63 200
32 65
63 146
74 149
81 50
52 199
16 95
21 100
89 27
98 122
10 92
33 138
33 186
81 110
73 192
69 156
40 43
35 191
43 117
87 155
50 120
45 160
89 92
89 100
70 155
18 141
30 105
68 101
87 60
41 58
86 25
10 63
70 45
18 80
88 14
43 130
86 31
11 174
33 161
68 43
93 107
27 174
34 73
82 113
87 76
86 186
38 186
51 183
74 136
64 173
17 131
53 108
37 35
84 86
60 167
71 123
44 93
28 96
89 161
41 79
39 13
64 161
65 147
83 19
27 49
54 43
60 151
43 143
67 44
64 162
86 159
69 95
38 192
88 29
14 33
19 32
62 196
64 46
41 170
18 23
46 82
99 31
21 20
99 29
75 35
95 77
13 108
80 57
30 165
39 74
11 17
68 45
74 101
43 145
31 149
42 145
67 59
79 96
89 174
73 113
93 118
23 15
46 164
18 116
76 173
91 159
48 97
94 14
97 96
43 125
94 152
47 131
32 57
55 69
55 133
36 52
47 196
61 88
95 175
66 130
69 48
10 171
31 103
81 168
46 146
44 99
15 173
16 119
59 47
10 73
95 194
69 63
39 37
94 169
14 10
20 193
70 198
96 197
84 137
72 132
53 99
75 192
13 73
48 91
58 132
83 123
91 112
100 113
87 183
70 185
53 22
80 54
70 139
66 131
14 79
89 192
97 128
31 38
98 160
78 122
87 117
61 16
65 63
60 11
53 44
96 51
79 184
34 66
13 10
17 63
44 115
81 46
21 81
56 54
87 37
64 144
85 53
13 17
91 90
91 165
99 26
56 193
79 144
41 166
34 88
53 44
97 94
62 57
52 166
80 49
41 89
28 182
74 154
28 39
10 28
61 180
21 30
92 88
51 51
35 151
87 115
59 145
27 64
53 39
45 115
24 66
28 105
18 149
26 57
19 115
61 24
78 154
94 88
79 51
54 128
35 102
44 176
76 85
21 82
84 124
14 36
86 34
39 49
41 12
46 194
34 163
36 32
86 73
33 192
27 61
68 149
70 196
91 43
27 197
81 37
21 123
99 101
33 39
16 142
100 58
67 170
65 165
52 171
23 124
69 186
15 124
46 149
55 80
37 42
55 118
90 19
18 168
79 32
41 93
96 59
90 121
81 196
18 41
21 136
60 149
79 151
87 77
57 13
31 125
30 68
17 150
95 96
60 199
56 157
20 103
11 54
30 77
70 122
67 37
40 85
78 21
82 71
49 147
59 80
38 154
99 127
14 14
23 85
28 174
71 137
37 68
54 112
16 53
65 65
59 124
53 100
66 187
54 68
79 101
92 27
98 75
51 192
46 178
82 103
86 130
19 48
78 42
49 167
78 49
74 200
99 183
79 143
13 104
87 124
51 138
88 70
68 84
12 103
55 150
86 55
90 56
33 88
21 110
30 17
76 119
41 156
73 128
56 92
59 120
20 25
19 147
11 81
52 159
62 148
14 22
54 30
95 152
77 170
11 197
21 54
54 15
15 16
80 120
56 176
19 125
92 131
27 119
22 136
24 29
29 28
37 119
76 122
66 169
55 144
66 112
99 79
72 19
54 93
81 26
80 33
29 102
34 34
27 200
70 88
37 86
23 81
42 167
50 110
57 150
82 99
23 63
13 43
100 97
36 44
19 15
86 76
94 43
93 118
20 104
15 82
30 145
65 29
70 21
77 67
62 194
56 66
55 168
61 162
69 47
51 189
19 85
88 172
63 178
22 172
58 150
37 105
99 49
94 49
97 52
11 44
44 84
87 114
33 190
97 127
88 115
87 102
53 193
62 151
16 28
59 72
18 18
59 106
41 91
38 131
38 96
48 23
49 86
24 43
35 46
27 147
37 119
35 163
95 177
12 80
78 57
82 185
10 154
18 136
45 79
31 21
38 74
98 157
21 27
66 69
85 24
76 36
13 97
18 44
51 147
24 68
35 101
67 81
52 199
84 110
75 138
76 64
92 21
97 196
85 75
65 114
99 92
61 22
41 195
25 74
43 15
63 135
52 50
20 172
20 88
98 138
63 68
14 49
10 55
19 130
26 142
34 199
68 27
43 56
54 112
97 153
52 74
18 44
58 158
14 153
76 130
16 83
93 125
45 90
37 200
40 111
82 75
49 18
13 187
64 125
94 174
44 14
35 29
56 175
87 97
13 44
42 61
54 58
46 82
80 190
97 170
44 66
92 75
43 148
27 128
14 171
73 15
73 183
16 66
80 33
59 128
19 192
56 28
79 198
69 200
83 47
85 131
60 34
25 189
33 79
53 87
70 61
93 46
77 139
78 191
56 77
94 73
81 118
98 151
58 58
33 146
32 140
73 189
10 93
38 157
84 137
79 55
24 170
49 30
33 36
47 136
70 150
60 14
97 134
62 48
78 105
11 77
57 81
98 30
25 85
98 170
34 87
68 30
47 149
38 30
51 83
12 78
32 176
24 156
36 59
36 135
78 177
29 43
10 132
99 65
16 84
40 72
72 92
78 39
69 134
41 14
44 36
83 105
22 199
85 155
90 76
69 55
10 135
18 144
14 164
43 96
11 54
50 30
35 50
44 166
87 130
29 56
35 96
87 179
25 33
12 164
99 45
88 165
58 119
27 36
65 107
36 141
50 102
93 109
57 41
85 182
29 88
64 138
32 200
18 90
92 50
68 123
44 106
16 76
14 16
17 96
100 90
89 108
74 41
41 168
89 124
27 55
46 198
78 30
10 99
68 51
59 198
46 67
44 94
48 117
38 80
33 57
52 82
40 186
20 14
100 198
14 123
69 175
23 34
72 160
86 148
15 106
28 18
91 69
19 141
63 47
83 31
38 23
61 71
13 60
56 173
86 47
82 121
27 58
54 81
72 113
81 63
36 186
99 25
60 17
54 74
55 19
62 161
25 43
30 31
10 140
48 185
53 133
40 64
41 72
21 43
39 155
96 37
54 10
45 38
11 52
43 106
42 20
55 84
71 109
93 180
68 144
56 48
76 69
44 79
49 59
18 172
65 51
97 188
61 94
76 126
46 118
34 188
67 88
89 24
71 42
24 57
37 158
12 74
73 41
19 192
19 121
53 116
49 14
82 57
97 118
25 56
84 195
21 29
45 148
95 90
98 38
97 200
79 54
37 56
100 60
81 166
28 53
82 154
90 196
83 167
37 196
82 14
64 99
24 93
19 68
67 71
80 111
94 147
25 156
27 62
31 83
86 198
10 142
32 195
10 196
93 71
66 27
65 12
84 100
81 176
13 91
62 119
26 106
95 190
39 80
73 88
35 112
25 101
96 80
42 180
15 100
87 66
62 139
53 34
83 177
54 39
87 67
31 80
77 34
61 24
91 133
83 79
100 200
32 110
99 130
54 166
52 152
37 160
44 135
65 162
66 14
28 190
40 182
55 55
82 150
93 132
93 15
15 161
91 45
13 127
54 149
56 17
13 136
62 34
63 172
43 193
51 199
71 90
26 72
68 18
47 26
34 138
89 185
48 57
83 158
31 16
24 87
86 51
59 11
81 105
81 83
94 192
37 101
29 84
96 38
69 198
100 75
35 97
48 55
67 123
41 161
73 131
27 187
73 82
76 69
51 183
30 119
94 45
24 77
28 195
25 32
69 193
42 171
67 169
84 76
26 71
38 42
34 117
64 17
85 59
13 189
11 40
87 59
99 138
34 16
37 74
12 190
81 148
16 167
77 28
34 29
68 134
98 126
70 123
52 39
53 31
44 35
96 168
12 170
85 53
73 82
38 58
71 195
72 75
19 156
30 46
57 195
21 80
43 20
69 75
53 19
19 133
29 22
70 163
25 49
74 11
30 123
26 36
38 76
31 100
16 184
98 51
38 128
72 120
16 158
72 30
15 124
62 33
13 75
73 140
40 22
70 57
12 21
67 74
92 174
40 153
38 143
24 179
100 137
54 51
80 127
28 83
24 46
36 30
65 135
99 47
100 144
71 126
18 20
58 86
79 197
97 184
25 54
91 31
60 105
46 96
40 178
24 116
98 140
88 169
66 162
74 65
18 143
83 82
89 23
25 180
28 18
92 170
86 148
74 64
96 85
75 95
37 185
97 98
56 13
12 42
34 94
40 92
91 99
21 33
53 166
63 143
10 189
30 57
15 125
49 178
66 105
91 83
29 117
43 34
88 82
12 107
38 175
70 68
18 197
61 28
70 117
11 136
85 95
20 62
78 138
54 62
35 167
53 165
48 150
45 47
85 77
27 41
97 177
41 159
31 12
45 135
69 182
24 67
67 120
96 129
100 192
95 112
10 138
96 64
86 109
91 131
96 89
84 72
57 60
23 37
70 51
32 25
95 99
98 121
34 23
22 87
59 30
21 186
70 109
61 67
65 184
25 15
75 171
68 127
77 120
26 127
39 161
37 15
48 25
47 89
43 189
21 65
82 177
52 20
20 111
97 114
71 86
51 157
74 187
30 120
53 82
86 89
11 11
68 113
63 42
37 98
44 179
51 83
89 25
30 61
22 182
36 65
54 85
81 179
48 139
67 190
11 157
35 74
44 184
69 49
24 21
19 46
61 113
36 167
70 33
10 120
89 184
64 137
29 18
23 151
99 35
21 11
12 61
29 184
56 96
60 83
46 182
44 141
46 82
63 66
80 126
87 154
16 173
65 189
10 27
57 171
75 145
25 55
85 69
78 62
48 105
27 127
23 76
99 193
86 166
64 74
78 55
87 21
16 152
74 29
100 160
69 64
68 184
14 122
99 182
10 72
36 131
48 184
42 79
61 166
60 77
83 147
81 101
76 162
91 179
56 86
86 25
26 64
80 92
59 117
83 193
78 193
40 21
74 163
24 174
90 124
11 33
29 186
20 49
85 19
97 194
16 178
73 56
51 61
71 60
46 33
76 190
79 41
93 23
41 113
40 166
99 60
72 119
77 156
75 57
100 176
18 81
32 103
55 15
49 108
90 165
32 152
63 169
88 200
15 198
42 191
28 183
40 195
74 151
89 82
30 136
89 71
73 54
73 177
47 162
97 181
24 37
18 124
82 158
11 200
95 79
32 162
91 84
29 175
31 128
29 76
75 170
98 114
28 145
66 138
62 187
18 53
44 93
69 19
39 134
66 49
68 52
10 108
67 200
76 194
91 195
20 34
67 28
66 52
94 49
13 90
47 120
85 72
54 145
59 97
78 134
71 147
30 180
56 145
53 148
92 172
44 29
62 149
72 177
48 76
12 193
38 95
79 134
46 158
29 60
70 190
73 55
58 12
10 11
97 57
53 128
13 135
53 89
50 39
99 96
43 124
19 83
66 43
47 188
74 128
97 89
80 96
36 75
42 12
58 66
97 70
79 121
50 154
27 122
100 86
95 131
80 140
30 63
17 64
10 187
49 132
41 144
82 31
36 138
20 129
