10000 500 10 200 10 100
100 90
88 81
57 78
45 70
50 160
25 35
40 81
89 13
70 166
43 104
51 63
28 82
23 192
19 56
12 132
38 170
32 42
24 20
95 141
47 183
56 46
37 68
23 152
86 66
65 143
31 104
23 171
81 115
66 53
20 95
30 136
32 17
63 126
30 144
21 120
54 179
47 177
70 116
22 151
96 90
90 132
46 111
84 182
92 108
34 198
70 30
12 56
96 166
55 77
39 59
100 57
50 165
81 117
59 197
27 74
34 173
89 91
73 119
50 120
37 119
29 18
81 115
14 189
13 79
18 11
96 74
97 178
34 127
71 130
33 196
54 199
57 20
81 72
84 27
47 168
21 142
33 98
67 84
31 149
13 164
30 104
26 52
97 109
56 19
87 91
17 76
53 195
90 44
10 37
71 92
47 19
29 25
36 124
61 15
20 74
66 66
26 71
19 93
86 99
43 29
98 151
29 113
32 194
91 34
98 198
87 47
59 162
31 136
55 174
59 170
63 175
21 59
24 134
56 36
49 87
35 33
56 163
67 174
25 104
27 199
35 135
74 153
72 120
87 173
39 95
99 152
77 190
35 127
57 186
91 167
49 30
22 123
32 170
90 183
90 115
76 187
19 70
63 158
97 49
62 116
84 94
45 24
87 112
14 27
30 116
56 160
36 48
81 141
10 190
21 81
77 148
14 188
16 28
85 18
15 119
56 44
22 13
67 107
40 21
60 33
83 173
45 84
91 109
30 28
87 183
43 46
45 178
66 182
68 22
18 84
12 136
43 155
34 189
41 97
87 28
40 148
22 125
41 32
54 90
56 167
55 183
20 68
54 80
96 178
43 38
11 44
84 23
23 146
60 93
34 54
98 197
32 145
92 89
39 189
23 83
93 85
92 180
22 47
96 13
56 185
74 121
90 49
18 60
27 180
20 71
32 97
68 69
45 31
17 73
21 160
22 165
52 33
33 30
48 46
34 107
73 87
69 114
17 174
29 154
62 150
92 29
10 125
38 121
35 79
19 157
28 152
67 95
35 109
88 67
72 139
84 19
73 182
61 163
83 109
31 151
72 153
28 139
89 102
17 46
54 87
23 31
11 135
96 57
70 54
25 32
59 100
94 52
51 176
28 79
87 143
85 177
80 42
84 17
75 186
45 149
34 45
53 146
37 86
78 57
86 129
56 157
93 154
28 121
56 34
47 57
13 84
53 129
50 160
13 94
45 10
59 61
59 11
58 58
13 21
10 61
82 49
86 11
58 59
88 166
14 155
62 117
72 89
16 166
21 193
52 36
21 113
25 59
65 128
19 46
24 78
74 122
28 149
87 110
27 66
59 125
24 109
18 70
42 98
60 79
33 129
100 104
65 14
14 169
67 104
15 115
87 145
40 88
92 172
98 135
54 106
19 70
30 135
17 45
41 32
68 135
86 41
25 14
61 13
34 21
60 30
62 100
71 154
13 102
72 19
88 175
74 130
48 142
78 41
72 130
76 113
91 35
77 137
66 32
89 56
18 68
45 161
47 108
24 157
31 82
31 80
66 103
33 136
14 107
21 64
73 51
31 135
12 154
32 150
89 32
20 42
21 139
83 91
23 172
24 67
100 57
71 122
93 158
85 15
94 67
35 113
10 80
83 50
17 130
87 31
78 39
18 107
14 121
63 35
68 78
79 136
76 51
86 74
96 171
82 85
46 183
73 180
27 78
65 107
77 40
10 193
64 35
97 59
26 108
12 38
90 21
13 101
84 87
51 105
76 88
85 106
93 21
75 144
66 148
24 109
98 192
86 92
86 191
46 185
58 69
48 97
82 52
29 177
94 28
61 198
19 83
61 20
93 32
38 197
81 196
53 193
66 28
93 56
37 68
70 152
39 98
48 51
22 79
39 91
54 121
92 48
88 13
28 132
40 34
54 50
61 77
52 59
89 160
84 148
35 159
26 167
24 181
38 17
48 79
96 192
73 199
18 59
93 109
57 59
45 153
98 175
98 175
75 136
47 152
27 174
28 26
90 178
77 192
69 101
47 105
34 104
68 143
86 126
32 156
10 175
43 140
26 149
100 196
96 70
29 11
35 78
72 27
80 69
41 83
26 101
29 73
13 124
46 148
64 56
31 91
51 32
24 193
74 157
38 77
77 178
44 104
95 140
79 144
16 152
39 180
13 70
36 69
62 57
96 77
19 154
43 147
60 10
44 191
88 170
55 27
83 158
83 45
57 64
68 118
88 48
49 102
72 140
98 114
27 21
12 112
89 183
51 186
18 40
34 183
20 65
78 21
30 166
32 131
38 78
94 79
51 136
71 46
88 153
63 105
78 197
96 152
26 109
31 14
84 134
47 14
51 40
49 10
92 72
65 47
62 23
99 101
16 108
41 45
91 131
26 46
38 170
13 127
37 168
96 61
43 139
31 90
20 82
17 187
41 88
47 128
83 161
21 50
68 178
64 141
26 69
96 78
71 18
25 151
87 169
71 99
16 89
66 120
62 136
44 171
99 152
12 114
80 139
51 193
46 105
22 89
10 154
71 46
71 195
31 181
97 19
40 91
84 103
45 103
32 130
54 51
22 184
83 15
87 153
94 103
54 153
85 42
40 160
41 111
95 64
21 138
16 184
19 16
100 51
14 136
86 26
70 74
68 153
53 165
55 77
40 174
15 70
69 170
87 84
100 26
78 163
34 78
24 194
54 53
13 14
62 59
70 177
12 51
90 24
45 78
92 116
96 177
16 79
59 70
80 27
73 158
85 61
21 147
56 109
75 156
76 190
64 178
21 150
37 116
21 78
99 98
10 57
80 13
21 21
62 145
12 172
28 39
47 127
48 143
20 18
68 183
13 103
86 163
50 53
42 59
47 106
82 149
89 43
16 122
16 68
17 148
18 159
59 106
82 196
10 155
73 137
79 10
52 140
17 103
39 85
71 148
80 142
77 155
29 91
85 95
68 155
98 179
44 41
31 43
52 145
18 62
16 169
54 132
67 69
13 135
64 29
71 168
79 191
28 158
47 64
50 31
57 108
80 166
56 128
17 188
12 40
40 165
28 147
29 106
99 164
43 25
23 136
21 165
68 149
17 29
95 19
18 64
95 72
97 77
69 72
65 83
45 149
79 100
42 155
10 144
47 81
18 122
63 164
16 154
76 52
88 158
70 23
75 190
10 63
31 118
37 166
93 27
81 81
88 30
85 136
15 187
47 123
83 44
59 16
47 41
65 161
58 110
47 200
15 103
57 200
32 10
75 55
19 100
11 157
30 196
48 106
72 142
65 112
11 126
59 186
11 189
91 167
64 142
45 40
38 72
58 100
38 195
38 134
41 115
98 36
42 26
13 137
100 172
37 178
100 10
67 75
25 130
77 108
47 51
48 151
66 190
89 198
83 38
95 123
72 64
38 120
16 103
34 82
27 138
70 184
10 43
43 148
100 134
59 78
30 37
75 109
56 112
97 76
96 80
15 128
99 160
89 58
38 137
73 148
91 32
34 56
86 55
34 72
40 71
86 197
42 181
63 158
77 77
43 76
12 44
56 125
45 84
68 77
37 169
82 151
91 190
35 100
90 190
24 66
41 146
44 23
23 11
79 61
19 27
41 46
60 165
22 77
48 179
84 103
37 34
19 160
88 71
20 102
94 65
23 177
51 42
24 192
71 162
70 111
68 24
91 83
51 153
38 49
100 160
81 77
40 17
34 29
34 109
74 174
31 102
68 18
98 140
89 190
92 74
10 145
22 91
39 89
57 21
69 186
42 92
63 155
93 112
15 22
84 117
60 27
29 157
40 165
27 57
11 63
94 97
31 53
57 26
31 43
81 81
77 30
57 104
10 107
79 192
29 47
64 148
29 161
60 112
27 66
95 122
86 145
47 118
56 19
29 163
98 14
84 115
92 51
66 30
43 67
23 110
22 165
40 12
24 26
17 72
67 116
39 193
52 24
75 92
70 87
37 120
20 110
57 138
68 87
57 120
36 23
62 70
65 120
43 125
46 198
90 41
68 192
72 16
95 177
70 83
57 165
48 188
34 71
33 47
88 127
56 113
13 30
25 140
27 66
63 98
24 50
82 188
34 196
91 91
16 114
100 78
74 179
30 187
23 12
16 18
87 33
78 91
88 138
75 37
14 106
30 79
97 98
64 30
72 105
11 109
31 76
40 131
66 42
56 116
30 184
42 186
41 111
23 104
13 118
49 65
41 99
90 181
88 44
20 102
62 113
90 192
40 199
41 76
97 82
37 98
28 150
50 115
79 194
95 99
13 161
16 147
83 110
89 46
12 150
82 105
38 182
64 106
17 61
26 43
61 176
47 19
75 57
55 176
13 155
89 196
10 72
32 165
54 90
16 137
36 14
37 158
76 171
48 189
11 36
12 154
70 196
57 149
91 131
52 137
15 63
27 43
89 95
51 140
77 53
14 58
62 152
30 43
85 92
36 144
86 74
64 163
78 126
16 134
77 78
79 175
15 23
50 78
62 38
52 104
28 107
40 150
51 181
70 193
82 58
92 11
33 78
38 35
83 97
86 94
56 72
94 118
77 98
17 14
51 195
66 72
32 105
11 171
73 49
24 191
29 122
91 63
78 177
33 36
80 91
19 82
90 10
13 60
100 176
94 90
87 39
72 92
35 186
44 40
97 70
31 188
81 43
47 24
93 173
18 149
97 161
62 39
83 19
15 80
39 188
48 199
38 112
88 150
45 188
23 188
98 53
36 60
55 46
36 162
24 136
73 95
78 152
59 78
53 12
59 21
80 130
24 38
70 123
70 195
51 33
26 179
43 156
25 197
42 146
51 32
11 111
29 190
65 40
93 89
59 37
70 77
10 110
99 42
49 127
92 176
67 17
37 71
22 13
13 177
20 69
64 52
86 116
91 98
79 120
75 32
87 76
29 149
81 48
20 52
49 61
36 137
18 194
32 75
33 87
39 190
43 49
18 181
93 116
32 145
99 54
62 27
94 88
90 141
61 21
20 112
28 54
32 153
64 90
74 89
42 90
46 156
59 132
57 128
71 36
76 117
38 82
71 23
71 143
22 107
77 180
85 48
32 102
47 94
77 61
89 171
77 72
10 92
43 84
94 85
36 125
35 13
59 170
12 179
73 23
50 110
10 116
60 48
57 183
72 190
72 126
59 197
48 129
37 13
16 119
47 158
89 102
24 84
86 199
29 26
95 137
24 35
20 97
80 104
34 27
54 157
28 74
44 154
24 41
10 28
91 67
44 59
36 158
42 73
91 185
33 20
29 15
42 40
37 153
60 25
26 49
20 136
86 147
64 128
41 89
47 173
81 165
80 148
55 177
82 121
72 122
47 148
68 189
47 73
55 112
20 133
80 103
32 85
55 191
28 50
29 193
34 47
63 87
70 123
25 27
33 68
19 165
95 110
13 15
36 116
55 126
99 89
83 151
90 90
32 189
77 42
90 186
14 183
13 87
39 170
79 139
69 87
33 87
46 100
58 12
10 30
34 98
92 168
83 94
98 32
15 53
19 108
37 135
63 146
13 16
22 159
54 18
51 93
97 53
29 30
58 64
75 195
45 193
51 43
100 64
48 12
75 120
62 158
87 21
96 109
16 62
90 17
51 125
54 199
26 148
72 23
19 90
72 197
65 24
34 180
78 139
86 28
83 114
71 147
25 123
22 188
36 157
99 88
95 160
40 72
41 126
47 153
11 137
94 109
48 32
48 72
53 93
84 40
34 89
57 166
73 98
51 52
88 191
92 170
17 60
93 79
51 139
89 13
28 192
35 48
26 44
98 174
60 22
20 146
52 56
50 147
91 86
40 20
94 140
23 48
34 43
13 188
63 160
43 68
54 146
10 187
95 38
56 129
96 39
55 186
34 198
80 29
49 142
18 171
21 63
61 115
92 169
73 89
72 136
88 123
75 75
50 83
49 112
40 187
62 98
99 27
42 125
26 190
14 120
78 182
20 191
24 68
55 19
18 131
93 115
59 69
84 174
16 148
21 167
46 49
84 128
76 172
76 146
97 153
43 143
22 59
28 51
17 137
22 107
16 26
75 133
52 45
81 50
97 35
94 140
27 114
40 152
56 154
48 68
12 175
43 62
51 178
50 185
88 176
91 194
48 126
75 122
76 75
48 144
100 21
67 187
35 185
73 54
67 80
86 88
18 156
84 122
43 66
33 69
12 20
77 77
41 31
94 96
60 172
41 19
52 179
39 152
59 200
74 123
39 151
47 168
41 163
59 83
71 61
57 82
22 26
40 28
92 138
23 157
44 20
26 136
16 14
80 152
21 148
97 127
66 118
51 47
27 49
88 143
62 85
77 184
85 186
82 161
56 160
43 97
66 104
39 181
32 175
53 157
24 71
100 41
46 21
41 103
67 43
67 172
80 104
56 40
67 179
20 55
49 130
66 130
30 18
40 177
29 85
48 127
86 81
77 146
51 81
10 164
53 129
35 31
63 112
13 134
72 74
59 50
31 165
25 50
89 123
56 179
54 193
13 165
94 85
77 178
68 193
51 91
97 98
97 166
75 186
59 112
40 121
57 75
85 165
65 81
97 153
43 128
67 176
43 62
98 46
58 38
13 23
39 194
93 53
39 156
51 79
66 132
96 41
96 119
10 134
70 127
34 70
10 97
67 181
15 141
69 31
82 120
79 110
89 168
99 93
54 13
69 12
48 27
49 176
25 82
57 148
63 38
51 97
36 97
22 95
51 159
74 28
70 173
97 13
40 103
39 107
25 102
58 85
79 186
96 76
63 12
79 110
51 53
42 178
17 117
34 21
90 32
44 187
13 10
17 10
16 130
82 54
97 59
84 184
52 11
69 123
11 73
85 66
47 72
82 99
71 151
65 97
67 183
73 43
57 117
67 87
42 184
47 133
94 103
30 98
79 166
14 152
53 87
32 19
68 73
97 150
73 40
15 62
78 164
63 196
20 128
13 183
85 78
98 165
87 31
77 97
70 138
99 90
86 78
29 186
89 29
63 199
41 24
17 93
100 145
96 103
15 36
79 48
11 22
68 98
56 108
69 74
42 33
56 60
15 75
88 85
91 192
71 165
72 155
56 37
10 12
60 36
66 59
96 177
30 98
34 127
24 81
19 63
24 168
90 48
39 192
76 149
44 28
68 41
78 36
93 116
82 42
84 89
98 38
85 175
59 152
58 166
12 114
99 148
31 175
99 158
46 130
97 192
73 62
49 143
96 135
82 139
10 21
41 80
61 127
26 188
35 168
63 122
57 193
70 28
67 76
91 132
95 103
45 166
69 167
34 87
42 156
94 91
87 65
94 38
14 37
38 81
100 190
83 141
69 105
87 170
73 156
91 20
82 45
13 57
36 83
67 147
22 172
27 26
11 20
64 62
30 91
61 107
99 170
39 105
11 197
56 67
56 187
20 32
90 74
40 99
68 34
10 197
20 95
43 55
91 111
81 17
14 62
57 138
92 151
33 119
64 129
84 121
43 97
64 159
71 43
64 130
17 115
36 107
98 14
93 170
82 103
62 152
30 90
51 30
57 144
31 31
17 181
48 179
61 128
35 59
76 38
41 71
70 149
64 186
89 164
55 90
99 153
72 65
79 143
94 116
50 68
64 171
45 122
97 115
29 130
45 53
37 187
79 144
96 127
26 109
69 127
70 191
96 74
49 133
53 152
26 137
74 29
13 79
98 78
69 12
48 192
22 199
42 13
34 134
12 114
37 42
76 75
38 131
37 99
61 190
36 123
90 82
74 33
19 105
20 157
52 120
44 174
50 147
71 103
66 129
78 156
98 90
89 14
94 14
28 95
75 166
49 120
55 172
75 19
47 43
95 195
59 157
15 114
67 189
90 26
12 66
24 78
37 47
88 178
98 29
38 44
60 123
90 75
53 96
31 13
11 94
79 147
70 41
76 188
23 110
21 137
86 199
24 155
17 132
96 108
70 47
77 11
64 118
88 98
84 195
60 177
14 143
62 152
38 27
64 194
56 165
29 159
27 179
16 29
61 67
39 127
53 91
68 86
89 25
40 33
44 98
36 99
44 167
77 36
80 32
40 176
32 193
30 172
73 47
38 125
92 140
71 51
90 191
68 50
10 124
66 26
87 117
46 73
43 199
18 132
70 184
11 17
61 63
58 192
20 193
19 47
16 180
63 28
35 16
90 176
81 176
70 163
100 128
13 19
45 191
72 169
60 49
22 172
20 177
60 46
56 101
13 167
30 184
74 93
50 96
81 163
71 82
51 155
18 195
67 170
29 127
74 180
82 136
16 112
57 136
39 147
16 52
82 150
62 141
81 47
18 124
48 98
64 147
12 71
60 60
42 169
24 22
21 165
93 122
50 104
11 45
68 128
75 197
97 113
95 132
54 185
92 173
44 95
44 191
44 104
32 18
73 49
46 42
95 191
65 101
94 55
41 200
90 22
64 93
42 176
26 98
77 114
41 87
25 10
74 177
32 140
53 189
96 37
96 13
97 197
52 178
97 61
13 45
51 26
72 42
78 187
86 197
58 65
82 99
18 172
49 13
51 104
52 111
97 22
54 193
78 39
45 103
95 192
22 29
32 109
82 31
88 57
71 18
46 122
35 190
98 26
12 48
83 185
48 72
72 85
35 58
13 79
76 48
35 132
43 121
35 141
21 149
98 13
21 99
34 85
14 63
73 82
32 20
78 72
51 129
25 182
88 62
62 172
80 164
13 180
45 156
53 48
14 129
54 82
10 21
24 128
62 80
38 187
59 132
72 17
54 28
38 58
32 70
20 23
40 123
78 107
15 156
47 195
88 41
34 124
32 33
19 138
88 117
86 38
52 26
99 120
60 55
53 158
80 188
48 160
39 17
48 31
63 55
16 69
39 92
92 150
41 78
63 62
47 55
82 54
21 147
10 150
70 153
70 128
32 144
22 93
87 166
22 137
61 130
53 97
22 10
69 171
99 146
53 84
49 157
51 105
68 113
47 117
21 196
94 49
24 144
22 134
82 68
13 141
16 88
50 53
54 96
53 178
19 90
15 75
29 32
71 139
24 46
79 43
24 134
87 45
95 36
56 198
49 39
35 104
32 188
55 48
63 183
45 158
93 120
83 130
60 23
25 142
78 158
26 156
83 79
47 180
27 161
15 21
69 137
93 173
32 106
84 50
98 58
20 173
86 73
27 176
63 184
35 180
53 114
86 54
71 148
28 132
79 32
35 164
82 124
55 126
27 168
15 108
74 16
67 37
73 196
20 177
43 141
29 141
50 113
92 82
53 40
26 34
61 22
87 64
31 145
62 155
33 189
25 150
47 178
18 95
45 32
61 195
26 71
45 39
10 164
95 77
100 159
93 77
78 110
18 106
73 132
63 157
92 179
18 136
39 126
64 194
98 157
69 132
21 167
98 22
40 94
28 145
28 12
16 44
15 164
74 179
48 44
91 36
30 84
84 22
79 57
49 191
25 25
17 53
75 128
10 133
22 167
61 108
56 110
52 104
98 104
94 180
14 39
55 25
46 42
63 157
39 65
72 136
36 113
43 105
100 44
32 96
26 126
68 192
66 157
50 120
51 21
26 41
44 148
96 175
63 106
21 112
22 122
100 84
78 26
13 109
40 59
14 104
72 41
44 31
98 34
17 70
81 61
56 107
58 23
58 31
62 78
29 124
69 193
77 68
25 30
77 112
68 36
27 76
70 145
30 76
62 60
69 80
24 103
74 132
29 103
99 35
17 130
18 183
10 23
75 174
27 82
87 135
12 157
41 165
81 143
55 114
52 20
39 126
92 184
17 28
88 55
54 78
87 47
33 141
10 166
28 115
29 43
30 145
71 95
56 112
76 184
85 51
41 54
63 128
79 47
59 157
38 21
23 88
82 129
65 130
61 155
81 154
14 129
64 30
78 51
81 94
90 192
87 71
95 124
15 138
35 134
39 74
84 163
42 47
52 193
27 28
97 56
99 200
24 92
40 63
88 174
99 10
92 103
61 76
51 81
21 200
47 120
94 194
19 70
65 16
48 30
80 53
97 28
100 72
93 94
67 86
12 93
73 97
30 191
42 56
53 189
11 119
57 186
36 55
83 144
80 129
36 107
28 61
90 68
98 78
19 69
41 62
45 83
68 181
91 156
91 178
16 149
49 95
12 53
45 10
28 22
68 194
90 123
78 110
67 189
40 154
92 176
51 52
37 198
55 166
35 125
40 140
90 83
20 28
16 17
39 156
32 170
43 14
10 24
16 94
11 113
60 81
70 96
82 159
37 190
78 112
35 110
20 200
50 120
70 153
39 90
99 169
23 79
90 163
68 108
43 118
96 115
24 99
21 156
25 159
49 24
26 81
65 134
16 129
20 141
24 170
38 34
63 101
70 154
27 40
11 131
22 94
17 182
24 111
49 105
83 126
33 152
79 42
89 120
55 128
24 87
47 103
62 79
57 35
52 101
76 128
88 58
12 89
78 69
39 19
19 81
31 82
20 153
46 108
48 120
60 145
41 168
67 129
59 84
78 113
51 41
70 28
59 96
87 140
15 140
70 119
91 84
74 66
16 150
25 121
27 43
15 65
34 146
51 69
49 159
10 26
89 56
28 101
22 163
37 120
46 12
95 136
13 73
90 157
41 177
27 81
42 177
70 42
58 141
66 165
92 117
50 134
52 47
81 149
89 109
44 124
84 141
78 41
60 72
60 48
35 109
66 103
62 121
50 52
99 80
71 195
34 40
87 193
42 175
57 99
55 31
72 16
47 116
25 188
71 56
68 70
14 19
43 85
58 120
40 35
89 177
62 29
74 170
16 84
33 175
53 48
71 38
16 11
81 113
31 144
23 89
64 137
75 189
11 50
43 182
95 141
95 117
62 164
58 46
91 51
47 63
22 61
20 178
42 79
67 73
59 71
68 48
79 72
73 62
27 178
74 53
91 22
85 143
52 67
73 67
77 21
38 63
45 56
70 147
94 142
57 160
88 14
28 32
20 77
99 55
22 162
29 37
19 80
72 195
45 170
57 111
72 25
26 97
87 194
46 40
40 118
49 138
71 40
46 65
37 111
88 195
32 51
69 90
19 22
55 102
93 136
83 38
13 166
70 66
49 34
87 93
62 107
22 109
18 57
83 65
18 117
10 73
77 102
88 79
64 37
94 161
61 173
73 158
39 159
70 118
10 131
19 147
98 97
64 186
96 40
67 145
16 121
60 105
91 184
85 170
96 188
26 27
18 141
36 141
84 41
78 104
69 102
63 42
34 118
89 177
26 89
49 117
40 152
31 21
62 60
54 189
47 132
30 50
21 33
55 184
15 82
41 91
89 150
58 38
74 162
95 36
18 149
75 71
95 198
85 78
64 84
67 116
61 116
19 123
96 180
29 47
13 37
93 101
71 95
68 65
12 156
50 141
22 56
76 47
73 84
26 123
52 25
92 39
86 16
38 113
28 102
100 113
35 122
78 149
58 154
57 106
61 116
51 35
75 48
44 59
95 53
37 145
60 31
66 20
83 148
80 67
15 117
32 43
87 195
52 66
99 16
75 79
22 30
32 128
96 21
50 11
43 170
53 145
59 143
91 50
66 144
96 196
66 120
27 111
44 20
13 84
48 174
91 183
57 101
100 84
96 131
59 20
81 75
30 114
36 175
88 142
99 105
26 192
26 187
70 151
84 91
55 67
14 30
45 80
76 172
67 99
47 82
100 25
43 107
37 177
20 104
24 22
23 98
90 67
92 127
53 103
49 85
22 116
97 200
68 70
55 14
97 117
66 90
90 56
95 82
85 113
94 16
40 28
93 172
99 179
96 114
75 172
66 63
51 138
98 117
51 99
60 179
24 30
59 160
41 100
83 164
75 39
78 171
45 96
51 155
71 83
48 190
81 101
49 155
28 149
57 58
15 36
69 53
50 139
86 188
88 65
60 62
97 143
84 187
60 17
38 147
34 53
83 180
42 10
53 195
31 48
46 187
70 101
73 187
49 85
54 90
43 148
68 79
94 18
34 163
94 49
37 150
91 44
86 81
94 84
63 16
91 162
32 63
29 76
33 113
70 45
74 113
43 10
60 117
10 90
80 77
100 200
74 66
79 190
93 122
13 55
13 40
70 121
72 90
84 154
74 159
35 61
73 25
79 97
95 91
70 32
35 129
97 29
75 109
21 143
63 126
75 171
36 26
55 92
87 121
92 143
99 79
97 185
48 55
57 48
71 81
32 139
48 136
59 15
19 19
80 108
11 135
92 135
52 181
34 79
92 107
51 193
59 37
78 69
39 80
18 63
13 21
60 172
75 193
63 34
95 146
19 159
67 32
33 75
64 155
63 126
91 178
25 36
13 116
26 131
26 46
97 181
28 197
33 47
27 173
40 44
99 46
71 43
12 130
36 93
69 74
93 135
92 148
24 99
64 100
55 115
28 57
26 36
60 92
55 86
89 200
51 26
33 135
52 126
70 180
73 161
30 92
13 160
89 78
88 136
21 122
86 147
83 159
55 45
13 67
35 148
85 63
43 123
51 45
23 95
80 122
65 111
67 163
93 64
49 163
98 51
21 85
15 75
10 182
52 105
22 75
60 148
15 38
31 159
40 175
47 132
84 99
37 122
33 147
59 157
62 41
48 15
56 16
46 171
29 34
24 101
27 162
92 70
66 152
96 129
20 71
69 44
99 138
60 86
41 197
20 37
29 61
82 166
28 156
85 98
31 55
96 122
72 36
88 50
63 200
87 126
79 51
46 96
68 181
79 107
15 14
55 37
63 19
25 145
71 173
45 189
99 31
94 56
81 114
24 102
26 109
33 49
73 31
52 173
29 108
92 32
72 34
75 21
90 96
69 29
53 21
68 86
98 162
39 156
58 72
75 31
71 97
50 143
85 197
36 163
22 15
54 81
81 66
72 94
34 71
100 42
98 187
46 180
45 94
36 44
44 14
84 149
25 148
64 40
79 27
29 113
34 32
37 105
17 99
54 84
94 146
36 107
36 55
49 101
26 21
27 140
38 43
82 139
51 23
16 169
52 16
73 107
62 88
97 138
25 22
82 180
19 149
26 133
59 184
33 178
93 11
88 43
67 48
74 25
68 185
90 136
33 88
11 50
79 87
34 164
64 43
29 100
39 50
34 30
63 99
62 50
60 158
38 135
18 121
88 79
100 156
11 140
56 90
33 199
26 11
82 88
26 126
69 49
62 54
43 43
67 88
86 43
45 32
61 62
42 139
100 69
42 157
80 172
30 10
22 13
24 176
80 68
74 112
86 111
58 19
29 99
78 71
96 154
45 143
45 35
57 159
72 19
99 115
41 174
17 196
27 138
27 89
25 94
99 147
80 169
83 183
34 75
67 42
89 158
38 79
41 100
31 121
92 187
71 134
64 162
92 137
63 100
78 117
63 61
41 32
86 64
57 131
74 80
93 192
78 160
50 86
86 164
38 11
54 53
25 110
40 64
89 126
79 129
87 160
59 140
36 52
41 18
71 145
60 158
85 183
100 72
64 19
58 87
25 197
17 168
73 179
11 188
93 29
44 11
75 139
59 183
17 157
10 154
22 145
57 103
15 71
84 17
59 21
40 134
97 89
31 158
84 168
83 14
29 82
71 188
91 192
20 23
74 13
39 93
89 121
99 97
59 150
79 105
76 41
99 21
19 196
94 200
15 158
49 172
74 64
81 72
56 172
61 24
28 95
31 145
93 92
63 18
64 158
76 67
67 186
28 132
56 92
31 188
15 179
48 101
43 139
96 109
90 92
72 128
63 74
78 14
76 127
76 41
52 148
32 117
41 21
47 180
80 192
65 186
55 147
80 34
11 94
39 38
84 122
25 197
20 50
71 165
49 46
41 95
14 138
25 183
31 94
50 95
47 128
48 76
88 11
42 171
92 99
97 114
89 176
38 197
67 156
64 36
62 179
23 28
21 167
66 87
54 162
96 157
90 96
45 175
60 167
30 35
11 165
97 97
92 94
14 10
49 54
27 84
25 170
68 161
87 125
32 17
55 84
85 19
61 17
75 111
60 151
42 82
38 98
13 99
25 63
40 96
92 148
29 174
15 115
43 74
36 24
48 160
47 66
41 90
69 174
89 113
27 150
42 105
22 176
37 72
32 115
19 180
42 171
29 191
41 108
55 137
45 157
64 19
42 86
96 129
27 113
82 196
69 48
16 121
38 115
89 74
28 184
73 125
15 27
23 60
34 191
66 68
77 104
13 181
95 20
72 61
10 163
19 197
29 190
29 46
77 143
70 168
32 175
71 101
14 51
37 138
31 182
98 32
39 116
70 87
26 134
99 93
85 15
48 141
13 28
78 121
39 108
37 109
60 45
52 95
98 196
92 162
90 49
80 84
16 17
69 126
80 121
66 104
91 120
85 143
34 43
37 122
79 16
41 45
79 74
92 150
79 175
95 68
89 116
13 22
76 125
44 87
92 147
73 185
66 46
93 26
89 34
70 64
48 12
96 104
47 72
56 158
88 177
10 104
41 157
34 38
38 54
26 140
30 117
81 78
63 94
93 76
57 76
72 193
63 94
37 167
18 162
96 46
88 139
34 53
25 55
89 20
42 17
89 133
57 95
65 142
96 140
23 119
19 181
63 150
16 29
52 52
37 61
36 163
96 49
96 128
35 130
26 37
89 110
83 126
91 14
71 175
57 97
55 194
33 26
56 164
24 80
33 69
99 137
28 164
72 81
68 114
62 73
27 182
15 144
12 191
100 188
44 114
20 101
76 174
23 93
52 27
83 187
42 137
87 153
37 121
37 57
18 78
96 18
56 115
88 11
96 123
84 113
97 94
45 178
54 187
20 27
11 77
71 113
90 127
57 148
33 110
38 138
90 136
30 82
87 143
93 190
21 93
37 113
33 151
96 44
46 195
74 163
61 87
44 96
18 152
84 117
92 59
90 62
61 23
25 58
43 16
45 42
100 162
24 97
98 79
64 115
79 36
44 156
88 165
97 161
32 129
54 190
71 122
57 163
69 197
31 134
59 80
19 145
92 155
45 19
61 17
85 140
89 191
86 191
98 180
35 115
79 49
60 108
39 168
34 140
96 125
64 42
75 83
66 79
60 40
17 104
99 11
13 125
75 150
26 191
34 109
17 59
47 31
70 131
37 93
38 27
66 179
39 55
27 58
23 133
96 34
51 170
77 70
44 71
97 52
76 183
65 179
13 98
13 64
95 63
84 134
25 176
40 130
97 16
49 145
89 110
95 188
56 25
10 16
75 110
13 161
43 30
86 169
32 183
36 12
45 192
66 138
76 91
68 188
17 89
82 80
68 122
51 89
100 136
13 67
64 187
77 173
37 179
61 191
68 185
93 27
23 151
26 165
18 45
60 173
54 105
74 135
34 110
89 28
83 153
98 104
61 103
97 168
54 38
26 63
61 172
78 20
31 58
25 198
41 148
71 38
33 44
60 134
75 199
82 34
93 37
94 111
70 47
20 33
27 79
35 131
99 11
68 185
60 159
75 142
20 196
39 170
42 155
55 27
90 77
27 125
85 22
51 56
81 148
68 168
88 10
38 89
22 61
69 60
41 121
26 138
96 14
11 190
98 54
61 133
62 102
86 25
52 127
55 17
88 163
83 134
86 95
24 186
69 131
86 179
96 80
68 180
75 67
82 87
42 197
76 32
20 111
57 56
89 131
11 145
41 59
68 100
58 136
77 113
44 165
80 151
27 50
30 163
70 142
27 41
97 82
75 80
54 123
87 64
87 10
35 180
89 121
43 195
91 199
64 134
72 41
63 50
44 58
44 10
10 75
31 151
53 95
68 173
81 169
56 82
21 57
48 28
36 175
47 46
54 163
50 157
23 98
31 97
12 31
77 137
79 129
64 86
20 151
45 52
92 107
21 110
35 50
66 166
95 185
41 18
83 24
44 163
11 15
16 81
83 168
70 189
98 160
99 131
17 145
25 29
89 162
28 27
12 78
55 48
67 15
62 53
85 87
62 155
23 86
15 185
69 86
19 162
62 68
91 167
14 109
85 77
58 136
87 94
67 77
20 110
44 33
35 124
30 180
30 46
73 125
92 153
28 24
23 89
89 27
66 107
35 85
12 187
70 68
98 69
46 56
22 38
43 166
62 11
52 52
23 76
35 89
72 43
86 132
86 197
15 22
29 97
19 99
77 130
90 197
15 135
45 11
70 144
28 160
20 177
30 57
47 22
55 92
61 60
57 22
67 185
69 195
55 143
34 198
56 116
22 105
12 68
96 79
51 138
20 22
10 62
48 179
12 27
73 164
86 106
80 169
44 53
38 14
25 121
37 103
38 196
49 121
23 148
29 109
21 28
80 21
87 13
75 188
74 83
68 120
29 171
11 91
86 94
69 32
17 97
36 63
99 144
93 189
73 186
40 189
31 63
21 127
90 21
59 108
87 109
76 95
28 150
86 116
32 70
68 93
12 62
91 92
32 164
40 131
22 44
95 152
96 140
14 175
17 13
65 89
97 122
80 14
70 149
82 150
18 57
84 41
60 31
38 170
74 48
39 133
91 40
46 191
18 196
34 166
29 90
90 156
82 50
94 118
33 101
96 73
41 121
68 122
32 50
35 127
64 13
45 13
67 178
57 35
84 11
53 25
32 89
83 115
10 196
71 161
68 111
81 87
61 151
52 164
45 134
43 122
57 161
33 192
22 162
51 155
24 83
62 75
90 16
67 112
74 56
40 120
57 141
93 10
22 71
55 147
74 75
36 175
82 36
97 17
93 36
16 172
94 176
71 93
66 92
90 14
28 134
87 118
56 165
47 30
39 104
42 51
96 34
49 48
81 34
34 69
45 39
43 14
61 142
38 39
95 136
35 163
63 11
51 177
53 41
94 44
96 163
47 126
74 122
48 112
84 41
81 51
28 54
74 119
81 164
22 20
82 58
13 12
76 96
69 69
96 29
27 106
69 10
62 22
67 38
87 112
34 117
86 175
97 198
85 170
23 85
68 83
23 27
55 36
26 108
71 83
39 19
29 132
14 31
40 154
44 112
75 142
100 40
74 34
72 30
36 42
34 48
96 82
65 44
36 190
63 24
19 91
47 73
53 65
73 10
39 166
25 118
93 197
80 44
74 28
41 67
52 14
56 19
12 182
50 16
18 186
89 87
22 76
73 111
58 65
28 162
69 88
17 172
75 48
81 127
92 93
64 162
76 133
44 195
47 24
71 129
13 53
90 119
65 177
44 50
61 174
63 107
21 103
98 137
19 84
87 52
52 91
44 85
77 27
59 173
24 80
86 84
96 129
97 64
91 44
36 181
18 150
51 114
75 156
15 38
79 147
85 28
59 149
64 74
22 195
66 29
59 159
71 41
80 118
31 36
24 43
38 14
62 116
53 79
80 33
73 122
30 30
41 29
55 87
31 135
72 173
20 168
92 78
92 40
11 138
95 161
69 117
12 198
65 126
73 137
83 27
56 140
73 42
46 38
46 96
48 21
17 160
54 22
55 32
32 23
57 175
36 175
67 160
62 157
100 91
29 55
87 163
48 190
26 167
39 135
14 33
32 165
51 148
36 41
75 51
70 151
92 28
64 150
50 118
43 107
67 20
84 151
91 160
28 21
69 10
31 31
88 114
64 59
46 185
51 74
65 158
58 94
69 162
31 198
91 139
20 123
79 57
63 144
43 57
39 176
91 122
55 147
30 14
87 153
79 108
93 68
11 86
15 63
25 17
42 139
53 177
25 139
26 191
18 83
75 80
41 138
24 77
60 94
20 124
27 92
37 85
85 109
78 147
61 30
43 65
62 144
62 86
35 109
18 199
54 135
43 62
65 115
33 191
56 10
24 66
49 157
100 108
42 124
40 48
33 30
49 147
23 180
61 112
96 120
44 92
69 33
33 160
51 73
11 158
15 107
87 31
84 177
41 141
26 196
36 110
98 127
87 32
93 100
75 184
33 89
36 85
66 64
78 49
31 38
67 44
76 41
44 190
92 15
38 153
62 131
73 69
93 131
87 153
60 48
35 84
50 78
91 60
73 47
22 80
27 139
83 11
85 22
15 31
54 164
64 50
24 80
29 164
49 23
54 74
84 119
98 31
93 151
93 118
72 23
58 85
46 146
82 143
20 142
23 198
84 182
70 22
66 192
67 105
21 136
29 131
15 161
82 84
30 76
25 143
42 33
82 62
66 148
62 148
13 34
94 16
14 37
10 89
69 26
38 98
94 176
37 72
91 23
59 91
47 160
13 190
100 94
57 173
64 111
58 143
10 87
33 164
84 190
93 176
53 80
48 32
95 113
61 35
48 40
97 14
46 183
63 194
10 110
81 130
100 107
48 169
96 64
31 120
58 27
85 102
61 181
10 165
61 18
94 41
34 149
46 59
15 83
32 51
90 39
33 26
94 86
14 143
95 182
30 37
66 192
16 118
54 53
35 88
84 116
67 144
18 177
58 39
28 67
83 65
45 94
59 77
93 131
43 154
53 93
56 132
85 109
89 79
85 145
96 58
41 97
56 159
28 16
80 168
46 112
17 14
30 169
35 19
83 112
25 32
47 165
98 79
86 25
76 70
62 126
55 64
87 131
96 109
67 54
14 55
90 142
46 197
77 152
48 30
18 191
48 57
88 27
94 94
84 96
97 46
94 115
92 57
68 157
48 196
78 75
90 10
26 121
93 138
22 56
16 147
56 53
38 44
16 164
70 147
54 104
52 94
33 127
81 77
100 118
78 128
34 134
60 42
92 169
98 160
99 171
87 82
74 121
14 105
100 66
87 135
93 79
90 192
88 181
69 123
53 174
26 124
66 21
81 195
44 147
77 25
61 59
49 152
40 57
31 76
80 142
45 95
62 50
13 38
22 166
52 140
34 22
58 67
60 40
63 35
87 36
89 93
55 182
36 77
98 113
41 163
82 166
29 87
28 156
63 58
21 87
21 104
53 95
52 144
24 44
23 124
61 41
12 168
56 95
18 94
11 200
48 73
96 126
43 23
53 108
70 47
26 103
27 105
67 124
35 156
54 39
99 73
12 130
75 126
92 119
66 43
48 88
93 126
70 78
20 107
47 54
95 183
78 107
49 178
97 148
42 32
75 56
56 69
95 192
53 21
29 26
42 71
75 150
64 130
77 169
74 47
35 171
95 181
42 128
64 141
71 157
43 75
89 124
39 200
35 163
32 46
53 64
74 105
52 159
42 97
83 83
97 162
37 197
73 164
87 166
78 43
85 89
56 168
25 86
56 140
84 199
20 49
96 127
71 132
39 22
83 57
71 196
82 160
86 26
84 159
98 27
83 148
89 144
55 153
40 104
71 90
42 91
12 199
82 117
92 137
75 170
48 24
70 24
97 178
54 119
81 44
58 173
32 108
18 98
12 158
96 165
24 116
71 166
28 107
53 66
80 34
46 49
27 22
27 44
24 115
74 171
75 133
75 176
30 80
37 113
85 86
76 74
23 145
43 151
14 157
67 106
30 64
82 50
35 29
41 133
32 82
97 128
89 67
56 89
18 188
20 18
32 90
18 131
48 156
93 97
54 110
16 114
25 160
38 106
12 61
52 158
36 131
84 181
73 31
12 191
94 104
37 147
25 124
24 62
50 171
86 35
29 18
84 88
97 116
47 191
43 44
87 165
53 98
100 197
27 58
60 171
41 38
89 180
86 17
89 75
73 57
45 102
30 84
89 54
94 16
25 31
40 36
22 37
36 152
62 65
40 63
26 196
62 188
43 86
71 82
89 194
96 96
88 15
15 118
96 34
27 117
88 187
76 40
93 111
75 90
71 35
30 68
92 77
55 48
83 49
18 149
21 71
21 150
46 79
91 149
41 13
15 170
27 73
82 35
100 34
27 185
77 80
20 101
83 119
55 145
43 82
52 21
30 193
69 41
96 72
61 186
83 88
18 109
64 176
35 148
62 72
49 81
16 196
22 133
77 155
16 93
46 35
80 23
75 109
87 110
77 78
60 89
67 71
75 129
20 145
63 90
70 29
80 23
78 176
28 150
75 67
81 179
46 181
41 154
79 112
45 103
64 193
68 179
26 192
30 144
96 196
25 17
11 15
58 61
50 190
32 134
26 109
89 183
80 148
91 190
46 22
12 82
46 96
10 112
66 158
52 67
67 101
97 191
78 117
100 132
46 118
59 153
51 189
78 106
30 93
41 38
19 31
83 154
30 183
71 48
31 111
64 115
96 22
73 175
30 191
17 35
57 161
81 147
67 157
28 129
80 183
15 189
20 111
99 143
89 197
80 76
45 107
23 154
19 130
67 70
58 55
58 72
94 95
12 198
50 105
100 113
98 149
36 135
20 64
10 186
93 79
34 180
76 86
31 138
33 104
23 170
79 116
48 176
63 94
86 74
52 143
86 120
54 121
73 184
99 143
79 34
16 52
45 18
12 181
30 156
71 188
32 77
31 179
75 126
38 70
49 105
46 19
45 138
63 90
70 126
97 112
70 43
13 198
48 81
34 62
58 107
27 175
60 143
67 70
85 69
49 101
91 177
76 31
91 61
59 56
53 133
61 149
21 133
81 82
86 168
80 63
25 196
40 114
99 33
63 50
55 148
34 99
12 73
88 81
91 30
15 123
18 129
73 184
46 61
42 87
37 21
82 159
36 20
44 189
72 67
34 148
25 193
78 150
20 157
74 11
28 23
62 174
99 17
19 24
58 44
83 153
44 85
91 84
56 26
20 130
84 123
97 110
19 114
80 193
56 146
48 92
85 118
64 122
50 44
44 59
95 81
46 168
61 178
24 74
77 158
34 77
87 92
22 17
76 79
79 133
98 24
59 195
42 101
28 124
65 74
97 58
41 50
14 101
85 111
63 21
17 11
75 160
34 108
52 134
41 19
85 45
64 102
73 10
35 168
96 150
15 140
12 176
88 67
56 198
90 85
33 35
58 140
90 193
47 174
99 67
42 35
32 38
42 154
56 119
49 196
20 174
96 110
17 137
46 47
55 156
71 186
31 31
38 188
28 184
32 183
69 165
26 187
23 134
48 53
42 104
36 155
95 197
81 26
68 75
28 111
15 29
16 55
34 43
27 85
35 24
86 111
67 74
84 173
22 81
12 72
72 64
22 52
23 125
31 15
37 166
57 65
54 33
86 35
24 165
84 127
15 190
43 158
70 169
52 83
66 168
53 47
45 14
57 126
22 192
94 186
43 90
44 163
30 194
65 23
87 142
85 159
71 20
27 15
24 68
94 51
39 76
17 100
65 189
49 32
58 190
79 158
46 101
77 36
43 152
64 52
98 32
74 45
46 138
25 65
22 173
40 74
18 15
79 142
27 33
13 27
23 24
65 136
95 140
41 199
36 32
73 197
60 94
55 109
54 126
19 71
42 92
34 138
12 144
76 157
47 86
94 33
61 194
35 14
89 143
63 67
78 97
11 41
89 117
50 34
80 126
26 131
61 75
61 148
16 181
45 28
69 101
66 178
86 33
54 92
73 16
70 175
42 12
42 105
81 190
26 173
95 69
34 166
46 15
35 186
37 40
21 96
99 77
41 68
84 77
38 110
55 120
97 29
32 112
34 62
91 120
79 38
100 151
56 156
50 130
13 186
51 166
90 112
54 168
12 155
32 163
83 162
92 139
81 26
88 149
42 164
72 147
25 90
22 18
69 119
15 198
56 97
49 198
75 197
28 21
83 53
18 15
82 99
24 38
40 37
30 59
97 89
83 37
62 159
10 36
74 195
18 193
42 188
27 133
12 199
84 156
49 183
66 77
18 148
46 40
100 105
73 20
57 128
34 175
67 104
55 175
57 57
22 10
73 180
58 71
74 120
22 51
50 31
60 195
75 67
59 188
24 135
87 190
40 88
96 161
62 18
90 101
29 103
60 121
40 77
66 103
12 30
44 110
36 128
27 63
53 173
92 169
25 92
55 183
68 143
69 174
17 100
91 16
23 188
28 140
21 153
74 73
42 30
83 45
28 122
31 155
94 162
17 23
16 102
80 45
29 183
57 186
60 106
25 119
14 186
42 192
44 113
56 133
94 82
97 103
18 110
99 109
57 192
73 159
85 140
54 150
17 56
93 195
12 171
56 89
68 161
49 116
21 179
94 51
49 59
80 53
34 23
22 52
10 97
97 142
55 26
89 149
15 47
83 68
16 99
40 17
80 70
39 167
36 14
59 99
76 174
50 45
69 139
43 44
64 110
18 83
43 110
88 19
95 17
72 200
61 45
75 200
44 196
48 167
89 196
63 107
34 51
26 199
27 51
80 36
52 62
53 76
10 175
87 131
63 197
59 154
23 12
72 159
53 141
82 50
70 12
22 148
46 111
13 55
14 31
98 102
33 56
58 67
98 97
83 79
18 184
92 146
45 176
43 14
89 73
100 117
75 23
69 163
68 53
90 76
55 132
99 170
55 180
65 53
53 67
29 181
59 144
46 57
53 75
44 100
73 150
16 35
73 114
20 87
10 48
28 31
51 144
49 192
35 48
27 21
68 178
93 168
74 162
19 84
88 120
22 187
14 34
98 53
57 52
70 117
71 106
65 81
31 150
33 15
71 129
51 137
51 62
18 50
88 162
95 72
89 142
89 162
15 113
32 127
19 158
72 88
96 172
18 168
56 53
90 153
100 43
19 101
90 183
81 152
99 86
69 69
62 115
42 185
96 79
28 25
72 166
48 133
42 84
10 80
15 95
69 121
83 133
17 66
95 174
66 102
26 75
43 78
44 13
45 29
93 16
60 131
70 182
86 131
72 176
17 35
39 76
81 41
16 11
10 135
75 148
20 35
53 19
33 193
83 199
42 116
48 121
93 198
53 122
37 10
27 150
54 179
73 26
84 45
21 150
42 24
12 28
95 110
60 186
58 71
11 157
70 41
45 23
75 192
57 179
66 53
99 49
46 188
98 84
49 105
30 46
21 142
87 181
95 113
49 165
78 194
96 173
17 20
27 85
82 164
83 24
65 36
19 81
14 141
47 90
42 200
50 177
17 12
76 14
36 144
71 133
82 112
32 162
60 134
33 167
39 144
41 125
12 66
75 59
74 172
39 86
96 109
22 134
33 18
31 93
28 128
80 111
21 143
15 26
67 175
29 164
61 186
16 132
28 106
87 92
19 163
61 92
59 30
71 49
77 197
94 35
46 147
21 198
38 74
46 178
19 28
18 178
79 94
87 76
22 133
52 89
53 127
35 33
92 39
83 29
13 194
25 171
12 34
61 73
17 35
53 136
24 56
12 78
92 66
53 152
80 102
34 150
23 54
33 188
35 66
89 130
44 105
42 43
95 112
95 48
52 21
98 11
24 130
22 28
15 22
19 50
77 53
70 155
73 185
75 23
24 193
91 144
31 43
22 69
24 148
97 103
16 124
48 69
56 173
89 83
43 101
100 143
58 156
80 85
25 83
82 34
18 63
52 184
94 188
71 84
33 171
90 115
23 102
76 182
15 104
84 102
25 30
20 14
16 155
19 138
99 199
78 103
26 173
62 169
100 173
98 116
15 50
41 81
42 47
50 59
71 138
48 180
71 18
75 155
11 94
78 190
38 97
69 188
55 44
82 50
69 52
57 171
83 29
55 78
95 125
24 29
83 100
67 63
74 35
100 70
79 166
38 76
12 186
24 144
44 63
29 57
92 162
94 40
64 113
52 69
60 35
77 134
28 130
11 55
92 49
83 139
95 18
40 89
34 90
17 67
30 39
50 91
12 177
48 194
99 29
78 161
56 185
54 23
15 104
82 113
73 195
30 169
92 79
26 73
30 81
100 146
60 66
24 144
46 170
45 166
52 44
55 87
30 42
51 177
17 180
86 100
50 176
46 31
82 139
73 56
49 45
15 163
74 50
41 178
45 109
16 52
89 91
65 15
23 29
98 103
92 93
100 196
68 105
89 134
24 132
13 74
86 194
79 90
55 177
32 75
86 32
57 50
17 68
100 80
82 36
14 131
96 18
68 200
66 164
65 147
71 136
96 105
94 91
15 185
11 75
17 165
84 19
78 54
40 81
74 200
90 140
47 70
45 77
64 83
24 47
43 169
49 85
94 123
83 80
97 77
54 31
51 64
32 67
44 153
21 97
90 66
12 81
48 27
95 18
64 200
83 165
56 49
14 62
27 80
65 113
88 99
44 178
62 18
19 104
44 194
67 112
30 70
23 199
32 152
86 32
79 83
99 162
90 79
90 105
53 169
46 118
26 186
32 42
100 174
37 177
62 171
30 48
79 93
30 162
50 74
12 39
74 23
69 90
67 36
86 85
13 68
13 84
29 109
61 91
31 117
79 93
45 167
45 162
96 21
78 138
72 151
81 76
44 179
25 78
99 185
74 200
49 145
84 118
29 42
50 170
33 87
50 58
81 14
45 125
13 177
76 145
94 72
37 112
59 188
92 56
15 154
75 69
21 173
76 186
57 198
98 198
61 60
64 172
49 109
71 124
22 193
81 33
19 100
96 106
22 137
42 103
68 72
89 32
65 161
74 93
97 15
17 85
72 180
89 142
71 188
25 186
59 145
14 66
29 189
89 143
13 157
22 59
37 198
13 85
28 111
30 159
11 102
35 194
62 135
100 182
36 21
31 123
37 52
69 190
52 163
51 30
95 191
79 183
80 196
39 190
22 101
40 44
67 35
12 117
42 185
68 103
43 110
69 196
78 27
79 57
10 162
37 165
99 169
79 161
51 58
94 92
47 142
40 163
88 198
86 171
98 190
50 32
95 133
63 116
62 34
17 174
78 40
20 159
13 107
18 16
24 113
71 125
88 45
65 65
61 178
58 47
56 142
52 110
33 108
39 68
100 10
10 140
98 23
17 83
27 40
71 118
43 177
55 19
60 141
21 98
76 143
31 107
47 47
35 193
41 77
71 144
26 158
34 130
100 25
77 134
73 91
20 42
43 105
52 144
55 159
66 198
49 20
15 28
23 155
72 69
20 138
10 99
31 129
13 88
29 52
100 21
27 107
61 65
54 116
15 91
30 84
29 18
21 13
72 187
44 92
41 11
93 101
97 114
29 162
97 164
43 57
41 180
31 72
37 177
58 87
74 96
67 167
64 77
97 176
11 173
85 152
47 86
36 118
54 94
60 57
21 105
100 76
16 101
97 163
97 161
38 179
49 200
80 173
72 159
91 174
16 36
68 127
33 190
13 146
30 135
81 153
19 140
46 158
65 10
75 129
13 181
84 17
61 74
18 100
39 150
22 198
92 21
14 132
92 180
54 84
35 113
15 19
69 98
77 82
100 130
47 81
17 130
19 133
47 112
55 69
43 119
37 80
10 11
11 130
12 100
83 161
98 83
35 76
92 158
15 136
15 193
58 18
89 139
99 181
10 186
27 167
36 150
31 33
86 92
99 198
96 10
79 38
69 149
38 99
31 96
69 36
11 62
66 53
100 197
96 84
33 116
43 108
67 131
13 60
14 107
56 25
83 36
18 12
54 170
29 124
96 147
82 187
67 15
66 43
28 106
28 37
74 180
27 99
43 89
62 122
86 27
63 114
59 34
36 49
33 39
95 80
59 134
95 29
76 117
98 184
21 192
62 56
95 169
95 81
63 115
91 86
63 175
69 197
40 150
78 24
67 29
61 200
64 173
21 135
14 102
50 146
52 151
80 87
80 158
53 19
83 173
43 47
12 129
74 168
61 100
21 57
39 97
60 93
80 118
86 193
98 157
26 148
90 151
11 92
33 13
65 23
13 18
14 167
63 93
10 15
83 137
58 123
100 175
31 137
96 76
25 146
95 88
58 196
54 161
16 158
29 11
99 16
85 30
91 191
99 151
24 139
28 101
19 155
43 88
59 11
10 42
48 30
69 84
42 149
72 103
15 52
35 99
77 158
71 75
21 76
21 165
12 146
61 88
74 175
16 36
11 164
60 166
11 10
99 53
58 128
45 100
23 94
68 72
44 152
20 189
97 196
97 77
77 61
74 85
67 165
90 32
87 23
71 156
31 59
48 38
55 167
43 169
71 161
58 123
92 189
76 152
52 85
12 146
83 196
86 184
19 198
34 110
78 25
64 100
81 108
95 95
65 78
58 168
54 115
56 162
37 22
49 108
57 176
24 55
45 141
95 153
92 65
30 193
41 184
85 190
11 19
10 178
33 182
55 159
27 57
76 43
86 100
49 179
83 60
88 68
44 83
89 151
28 138
21 41
55 34
33 13
37 170
76 187
45 170
91 69
86 109
86 131
97 86
67 118
69 155
23 149
53 39
91 188
36 41
83 110
23 114
54 143
94 160
64 34
13 95
71 190
36 38
23 46
44 51
29 73
50 151
68 54
61 133
27 191
77 104
85 73
70 57
58 92
20 156
17 157
83 75
66 110
88 88
58 61
75 122
88 146
90 180
18 96
30 76
53 97
89 199
14 178
28 18
74 61
90 29
16 80
76 176
98 18
31 148
11 14
49 37
20 155
60 185
41 140
71 149
95 51
38 40
71 23
77 132
48 56
42 125
38 88
97 128
34 177
43 10
76 157
40 197
73 88
31 174
88 62
68 98
68 90
97 167
51 21
35 20
92 93
60 37
39 57
71 111
36 51
52 80
12 161
52 131
89 79
96 87
82 25
74 56
21 148
94 51
59 155
69 69
49 187
87 39
92 94
95 111
25 51
83 178
98 56
56 93
24 34
25 78
31 168
24 189
22 181
22 117
89 91
76 194
25 116
69 154
73 185
88 10
79 66
69 103
21 130
63 81
46 179
47 46
30 117
64 82
31 86
31 75
19 17
47 109
21 156
95 167
49 161
35 20
68 189
58 173
89 121
30 115
14 46
92 66
44 176
85 93
47 170
75 71
65 69
44 122
98 53
77 178
90 99
28 52
76 122
53 48
49 112
89 154
94 125
95 123
52 170
93 195
47 186
99 139
95 56
95 114
50 161
39 125
90 122
49 180
49 35
29 120
65 23
57 85
51 106
11 60
30 36
98 58
77 132
32 132
54 47
27 121
51 170
49 100
29 56
96 169
43 118
18 18
86 196
35 68
70 135
45 20
84 16
75 26
55 55
86 159
77 15
19 133
21 160
20 110
10 123
61 109
85 200
58 183
87 75
23 118
73 12
64 183
17 18
71 168
88 147
25 20
21 71
44 148
100 187
79 80
24 147
60 139
24 139
85 164
16 14
74 35
73 53
90 24
28 16
42 158
69 174
87 126
99 132
28 87
93 121
61 48
52 135
31 36
44 141
29 98
67 114
83 152
84 154
72 61
48 192
35 135
78 29
12 30
96 124
37 90
43 63
57 125
61 126
50 104
47 162
61 33
26 160
59 54
32 162
65 72
88 136
40 161
65 57
95 128
80 110
48 59
72 158
24 173
36 168
43 184
51 113
93 26
55 181
29 197
71 187
10 161
91 87
41 77
91 146
15 148
20 33
100 41
64 24
68 108
42 124
25 133
21 97
49 142
58 40
60 62
69 28
58 139
54 156
14 82
77 53
68 169
79 92
32 101
81 35
86 111
16 111
58 29
18 183
10 96
82 121
66 61
74 183
63 87
65 71
79 61
94 31
82 57
29 51
69 42
19 169
39 46
18 176
97 99
47 70
10 46
20 155
86 141
42 131
82 97
32 29
91 151
22 190
15 198
92 189
95 106
81 194
80 80
21 73
33 171
90 175
94 113
52 126
64 67
80 114
43 92
58 124
45 26
22 83
11 143
77 75
31 50
29 55
63 82
93 110
15 72
72 81
100 14
40 71
23 96
62 68
92 151
43 42
80 116
39 35
21 200
39 162
43 34
59 182
15 169
99 149
51 188
35 37
10 69
29 128
92 117
87 133
54 21
36 101
91 125
30 29
88 91
61 185
88 64
42 21
61 101
30 63
64 32
68 102
37 11
57 46
68 59
28 29
25 178
61 20
72 67
71 25
94 64
42 64
40 188
37 163
68 57
19 189
30 128
65 183
28 153
39 91
55 18
24 95
64 52
39 88
19 156
48 79
47 148
100 172
34 52
49 67
11 172
40 21
52 157
41 72
17 21
19 155
43 84
49 38
61 166
49 57
58 41
35 198
83 103
90 158
79 147
26 87
49 69
64 60
14 92
24 190
82 118
91 167
73 15
38 140
88 133
20 137
80 157
95 187
88 124
86 69
75 158
45 200
21 65
31 85
19 25
91 116
86 40
32 148
90 99
100 39
53 118
77 16
18 121
10 167
71 158
24 105
51 193
75 153
74 198
41 70
59 124
91 169
28 57
56 21
52 46
48 189
28 37
43 71
48 19
12 14
84 106
16 104
93 56
50 21
95 128
66 111
65 56
50 27
49 60
16 93
68 123
49 94
32 98
93 142
26 36
42 119
20 98
87 74
84 113
86 41
70 178
84 104
24 64
33 170
46 172
55 32
48 134
16 87
39 114
94 173
93 164
17 116
38 126
32 27
10 108
15 91
76 44
21 130
38 106
16 34
92 174
96 14
72 15
99 172
64 110
19 103
82 57
76 169
91 19
47 55
32 88
25 23
57 121
51 41
88 85
76 138
35 133
71 199
36 56
60 79
79 159
62 95
12 11
32 32
53 93
47 171
74 34
36 114
15 170
68 38
50 32
35 103
31 152
34 115
28 115
63 198
16 199
19 101
53 168
28 85
63 21
33 53
44 60
56 56
52 125
58 96
75 72
67 124
96 133
16 43
39 88
37 111
84 144
71 130
41 146
48 185
70 82
84 68
47 38
69 174
70 189
82 122
80 79
40 95
93 118
15 72
68 180
30 127
41 175
95 101
96 105
83 121
31 156
32 132
75 114
57 137
34 18
42 174
94 138
42 111
34 18
34 95
42 168
61 178
61 112
62 105
51 175
20 15
26 47
94 114
87 86
90 75
96 165
41 193
74 130
37 192
74 120
16 148
68 164
43 72
76 24
37 103
93 36
15 141
43 89
63 69
11 139
20 80
91 26
85 49
78 42
78 106
90 161
21 61
68 22
93 20
65 112
40 47
85 65
29 56
43 53
64 153
88 92
95 108
78 162
58 76
17 31
98 167
90 69
72 127
79 163
17 129
10 93
54 56
45 143
66 115
17 60
39 169
56 156
89 51
28 66
42 110
89 111
50 90
64 138
89 72
38 187
93 18
97 157
77 28
72 32
36 107
24 65
91 24
51 16
57 128
79 26
59 172
82 149
98 162
73 134
95 30
83 45
56 191
32 136
37 135
65 185
52 40
82 151
66 82
75 176
19 51
28 104
73 184
83 119
98 150
19 168
72 163
41 29
88 70
14 14
73 135
41 57
65 60
20 85
26 177
60 176
91 95
56 62
77 143
50 22
46 45
83 106
14 57
52 195
94 125
69 133
96 19
45 90
94 31
98 66
94 68
98 25
35 133
27 52
44 70
57 34
79 109
13 168
16 99
91 95
82 183
30 117
77 51
54 126
36 14
42 92
62 45
84 68
82 197
16 110
84 17
21 14
55 85
62 93
50 156
79 19
65 49
99 195
43 188
27 197
57 123
15 107
88 17
59 193
15 96
64 113
81 35
67 40
16 133
14 128
88 145
78 69
61 107
10 96
45 26
25 130
77 193
27 141
72 23
50 57
95 56
82 34
42 143
27 35
30 54
57 175
30 112
23 195
82 118
74 148
40 194
35 95
73 126
88 40
81 12
38 71
57 113
67 152
59 25
53 121
69 151
50 80
52 151
33 94
39 176
12 24
12 152
93 199
42 179
74 39
33 182
68 60
75 38
86 162
72 200
83 113
92 22
99 35
48 78
29 75
45 25
62 66
22 42
39 66
50 137
48 22
31 185
16 55
94 118
100 89
83 156
75 112
67 197
34 174
58 99
98 140
93 151
19 102
67 81
39 47
14 53
43 169
83 166
85 95
57 75
57 23
28 187
84 41
57 105
52 101
42 75
77 151
61 57
55 52
35 32
88 180
24 160
65 170
49 15
89 31
49 81
14 122
83 12
14 94
23 180
61 144
58 68
42 92
24 180
90 108
34 44
41 144
23 57
99 141
24 20
74 155
49 49
83 192
83 51
79 192
42 113
13 74
30 50
62 151
49 111
100 76
81 158
75 161
53 144
72 89
41 107
30 66
93 153
28 19
53 177
71 23
90 158
38 104
36 87
17 71
94 103
11 177
47 168
84 87
29 60
21 108
70 74
57 124
98 65
38 20
72 178
90 142
90 156
33 198
34 112
54 52
47 49
55 87
11 178
91 162
47 196
98 37
97 55
69 87
28 128
98 141
22 143
67 105
31 162
44 153
84 15
35 100
23 45
31 83
72 185
99 94
40 127
24 50
12 117
83 104
97 45
37 184
84 161
74 120
10 34
76 17
22 89
31 106
44 106
13 159
81 45
77 92
60 18
100 178
92 102
46 181
25 137
60 182
46 96
67 64
57 186
48 172
61 191
22 19
38 77
27 29
81 65
45 118
48 109
56 188
79 166
81 183
44 176
57 44
26 108
80 12
73 181
59 10
50 72
82 88
50 32
49 74
92 63
23 172
44 77
32 185
40 170
70 179
96 174
54 59
94 154
11 18
14 79
90 127
85 73
48 81
32 135
17 25
87 148
16 171
16 167
42 123
58 166
20 103
82 158
82 43
13 57
95 67
97 82
78 90
17 21
31 61
65 149
15 177
58 62
34 177
68 124
64 177
32 43
86 51
91 96
42 146
50 147
28 114
73 18
43 164
75 198
35 187
55 113
44 85
69 132
30 59
51 172
69 179
20 148
94 49
21 147
21 31
78 19
24 113
88 128
46 69
38 135
55 114
10 62
50 79
73 94
59 104
71 176
50 92
35 146
45 32
85 138
61 199
48 178
65 187
13 30
14 73
71 166
41 47
64 188
58 76
68 87
67 158
51 97
35 51
67 25
75 147
79 117
13 122
28 77
69 43
32 28
79 75
85 105
45 33
17 93
91 16
25 113
29 76
82 57
58 64
78 180
90 69
22 190
90 12
79 132
24 176
47 163
20 155
29 196
32 171
10 121
65 80
88 163
62 55
93 84
70 126
43 153
43 172
70 18
48 30
98 40
65 111
34 68
29 82
47 87
44 186
82 73
81 52
46 32
54 66
15 27
25 181
90 19
19 134
98 147
77 157
35 172
57 192
34 167
67 158
44 159
72 94
99 29
64 78
11 55
53 169
85 160
18 86
97 123
50 187
38 186
15 68
21 76
76 61
55 166
70 107
96 152
31 168
47 171
19 66
93 193
54 131
47 197
67 143
97 71
90 10
50 117
50 57
74 184
23 47
75 139
71 118
23 179
28 106
76 143
61 186
52 18
61 109
47 189
85 146
14 24
30 128
33 80
32 158
13 126
79 35
81 182
65 190
40 49
71 152
73 56
37 161
16 97
30 91
32 155
50 157
97 26
98 144
95 102
79 172
27 117
55 126
96 183
18 102
56 200
95 58
63 12
61 133
72 100
77 196
12 72
48 66
50 79
81 196
82 144
58 42
70 186
23 171
77 95
17 22
63 137
14 184
32 100
48 59
63 152
69 109
58 28
44 145
68 18
96 112
91 129
65 34
73 124
43 105
62 110
72 124
15 199
93 198
58 67
48 154
72 124
55 53
76 49
81 83
67 150
100 54
45 129
34 14
58 117
20 104
34 25
87 85
75 170
29 178
37 152
59 67
37 14
82 60
56 120
27 146
54 141
86 181
98 67
60 156
40 94
28 22
32 99
56 189
10 192
82 117
97 118
53 39
61 105
16 189
12 45
45 149
67 123
98 66
94 115
18 198
99 115
51 152
58 150
27 116
36 128
12 106
19 27
35 159
96 69
93 181
82 102
16 101
74 80
11 47
78 22
55 15
26 97
97 152
19 119
86 10
92 111
84 105
96 85
33 72
14 53
51 69
69 24
88 181
23 139
64 101
25 106
30 99
30 107
69 61
56 130
38 84
95 11
11 181
48 63
97 74
30 160
91 72
20 115
86 90
30 114
79 69
20 131
40 77
79 51
33 97
16 33
89 33
54 194
71 155
42 99
97 175
31 195
14 53
82 133
29 27
55 159
100 121
22 65
22 183
93 138
42 99
23 71
26 39
74 147
21 155
18 55
31 115
21 18
34 193
42 136
94 52
67 118
69 26
49 173
87 102
42 99
57 93
66 113
76 68
60 128
62 139
58 163
61 45
34 55
61 156
92 69
33 96
27 183
54 173
35 155
24 87
39 86
39 58
97 114
51 92
56 151
41 37
11 117
36 128
40 143
18 165
58 126
96 11
86 17
94 85
98 91
94 37
95 153
85 178
92 23
65 143
91 133
13 98
51 107
43 55
26 144
65 73
99 93
11 189
26 91
20 83
29 56
13 183
91 17
68 110
39 72
82 184
82 87
37 87
78 142
12 32
38 165
84 166
43 13
74 191
42 27
36 110
51 27
75 94
43 73
93 77
28 89
17 173
76 177
85 149
68 183
63 24
70 111
85 47
30 133
25 52
42 144
77 45
98 66
95 18
100 145
29 108
24 136
80 21
34 131
96 51
67 197
13 103
94 44
93 65
46 189
92 161
22 81
41 115
35 169
14 111
21 199
15 180
23 111
41 90
66 26
56 188
47 18
76 164
11 51
70 63
39 147
42 15
46 63
61 178
61 43
60 178
15 140
24 18
13 192
83 104
45 51
19 52
15 25
76 123
16 55
70 162
23 44
86 41
37 87
85 141
82 140
23 195
99 119
69 143
99 123
89 162
43 172
79 44
99 62
17 98
52 177
49 143
42 48
79 130
52 36
20 66
97 53
74 89
40 84
23 95
83 112
72 182
25 104
27 92
57 195
82 85
12 83
82 35
73 44
67 67
76 68
64 80
81 195
46 95
32 34
50 97
24 58
48 40
25 116
71 129
53 146
51 124
36 52
16 161
45 125
93 169
67 162
62 116
47 51
22 78
21 12
55 10
36 86
82 55
74 175
40 145
21 200
89 161
67 39
63 150
85 183
93 181
65 179
15 166
15 141
89 94
42 51
69 46
52 147
36 141
19 64
59 63
10 167
30 127
59 11
85 194
92 16
11 172
48 114
21 36
88 193
87 18
59 58
51 162
58 157
43 160
97 200
50 118
93 102
80 15
70 155
85 109
58 26
71 168
56 39
66 28
99 159
25 66
60 103
75 55
44 141
38 93
99 70
54 128
28 67
43 65
14 176
12 194
30 88
75 188
72 200
72 161
45 65
43 39
16 65
66 17
78 110
98 181
51 145
31 133
37 85
21 44
61 27
21 117
67 42
19 43
43 133
61 64
85 42
90 145
65 190
58 160
65 96
72 92
22 69
38 63
36 77
98 69
80 169
31 20
75 103
37 108
38 92
11 44
44 77
30 65
62 175
95 179
12 154
86 123
76 150
80 10
80 117
89 133
66 68
58 130
68 40
10 39
35 20
35 68
19 95
31 167
12 160
14 175
44 80
45 170
67 117
21 67
18 84
58 131
90 177
68 146
53 109
70 151
51 91
100 51
66 175
48 89
99 196
89 69
96 195
15 116
64 74
61 179
97 185
64 133
40 13
97 189
70 96
23 98
77 191
34 197
97 168
26 99
78 183
92 59
54 40
89 153
40 159
97 74
38 85
38 125
62 119
51 44
53 96
42 35
41 92
78 52
91 128
86 21
24 143
96 152
91 56
93 120
13 58
73 192
66 34
10 42
89 52
48 169
32 52
78 46
99 46
54 184
12 51
21 118
87 109
85 200
16 187
60 14
82 147
52 189
49 112
27 135
19 141
32 136
62 97
58 140
17 82
13 119
21 140
36 150
47 141
37 26
13 111
26 14
35 47
49 49
73 44
65 147
48 99
41 12
12 76
24 140
17 86
46 92
21 152
79 87
99 33
64 40
55 167
12 35
11 58
70 197
34 70
74 111
74 69
35 188
56 76
12 104
83 29
98 191
73 92
14 84
44 45
52 93
66 192
48 58
22 35
95 176
96 20
17 97
72 21
62 36
45 33
44 61
65 182
38 67
71 162
24 10
82 121
74 51
74 54
13 27
84 145
31 187
29 100
11 55
88 180
73 42
81 77
68 98
11 179
36 143
18 162
58 181
70 79
36 37
97 143
28 24
55 68
76 63
58 127
65 113
94 33
31 152
61 104
74 170
65 48
51 65
67 121
26 125
84 111
70 135
62 28
77 153
54 193
81 89
82 158
10 47
90 181
13 103
91 61
65 178
93 29
81 165
68 122
50 152
29 63
85 97
24 79
88 34
66 77
87 13
29 126
76 37
35 61
75 33
35 25
33 77
63 87
95 27
27 142
89 30
16 78
80 143
50 179
16 40
88 79
15 79
97 106
42 167
77 59
100 91
64 22
84 152
89 20
100 119
75 160
68 169
23 77
28 28
14 77
31 122
44 114
26 16
35 142
61 188
82 184
67 108
45 79
24 116
44 49
19 63
65 185
70 80
24 177
58 151
39 147
38 65
33 86
66 91
28 43
76 39
93 22
99 44
100 39
77 193
91 28
32 99
63 142
50 130
97 67
59 15
95 144
61 107
94 131
38 90
96 132
39 33
100 99
78 56
67 83
60 27
57 137
29 147
91 130
49 40
84 148
75 44
11 105
95 176
14 173
34 42
90 27
13 69
53 145
51 65
51 176
30 140
63 42
70 34
35 176
93 171
88 122
87 79
18 189
47 74
30 131
92 108
87 163
61 107
38 126
13 147
29 87
40 56
90 16
88 125
89 180
32 148
63 143
28 140
16 114
63 158
53 133
62 35
48 76
32 45
78 137
18 114
76 112
42 178
64 85
42 144
63 41
45 177
90 152
13 149
45 143
48 144
20 16
26 182
75 123
51 74
91 52
13 95
23 160
47 115
65 187
47 120
60 162
98 22
99 57
61 21
67 112
84 86
24 146
53 21
11 149
95 117
70 107
21 166
97 96
77 145
91 151
42 121
59 26
15 90
94 161
16 84
44 78
54 33
52 92
64 103
17 164
100 31
19 66
22 192
86 112
29 78
66 44
43 18
17 166
88 146
68 21
78 41
83 11
77 147
99 143
42 146
52 104
45 19
68 30
29 155
100 159
84 37
26 65
43 96
28 178
88 191
78 83
52 122
50 130
12 20
22 153
16 168
92 168
78 59
24 199
66 141
61 80
43 24
83 35
65 199
60 186
50 44
17 64
52 17
74 47
21 55
51 197
12 67
85 42
54 173
93 163
76 41
76 102
84 189
48 200
59 173
91 29
35 97
17 186
34 66
84 145
29 43
79 167
66 148
27 37
24 61
84 76
25 54
25 12
71 139
10 95
24 19
98 162
14 19
43 32
48 22
36 30
51 129
14 167
30 17
80 17
94 37
52 194
39 95
72 157
47 30
99 178
80 179
26 179
10 130
39 85
39 190
32 19
33 115
49 16
21 23
14 12
62 141
77 143
40 45
16 80
74 164
54 138
64 41
53 151
46 140
28 125
10 176
17 47
94 133
93 33
92 112
35 18
70 75
98 78
13 72
93 188
35 49
83 189
87 63
69 85
71 19
60 144
91 156
57 118
76 78
14 56
64 20
75 32
42 14
50 38
93 91
76 146
59 141
33 54
10 118
30 18
43 173
96 155
100 154
34 60
19 56
96 11
68 160
59 16
59 145
62 106
58 60
32 179
65 199
14 38
11 196
37 86
67 19
84 139
92 146
94 16
100 94
36 124
76 85
84 83
10 187
39 78
52 52
81 81
70 122
35 200
72 167
68 128
11 159
57 183
22 55
94 162
57 50
42 36
31 36
74 168
40 110
97 82
80 135
51 24
25 84
37 17
92 143
79 92
64 23
49 71
94 106
88 30
78 107
89 94
61 178
48 190
44 140
35 60
75 68
81 164
15 132
95 35
83 128
16 18
62 34
22 31
13 123
21 99
45 98
44 197
79 65
12 174
42 101
91 90
29 120
24 122
58 46
49 159
98 108
77 126
27 90
31 62
14 189
65 54
97 155
61 195
97 79
51 57
70 192
63 150
28 12
78 174
11 62
71 33
51 142
21 113
90 118
52 34
39 160
97 36
32 162
63 190
37 20
20 54
99 27
49 156
12 109
57 89
22 104
12 164
64 105
85 89
73 85
10 163
97 34
90 194
70 64
46 70
20 51
20 120
83 151
35 110
56 48
52 41
99 145
31 200
48 93
32 84
96 45
76 34
45 79
19 99
71 32
82 29
29 116
53 154
68 35
13 138
23 97
81 37
80 17
91 103
35 159
38 90
62 66
22 108
31 154
83 68
94 200
90 92
19 47
78 25
74 144
90 158
53 167
24 93
89 43
50 118
45 184
98 17
98 133
20 198
94 134
92 83
20 187
100 91
23 55
96 118
38 104
36 50
34 82
67 87
72 141
90 151
65 192
67 17
59 117
99 32
87 114
94 26
33 115
79 167
50 35
49 170
75 195
21 20
42 186
75 35
12 92
74 116
68 199
46 52
33 172
33 177
50 23
32 28
72 100
36 131
37 91
52 76
67 153
64 196
96 196
66 108
19 71
81 15
32 181
58 175
24 143
45 80
60 144
92 128
31 126
60 11
56 193
23 136
28 198
75 128
68 195
74 124
32 93
18 125
35 198
26 68
100 71
13 141
81 101
97 91
76 161
60 77
21 182
44 143
66 178
16 194
12 139
64 59
51 90
42 160
91 116
25 71
72 199
65 13
40 114
54 138
34 200
90 49
56 39
92 182
97 95
45 11
94 135
87 99
88 78
74 146
94 98
85 183
88 62
72 17
81 125
49 83
46 172
67 104
25 126
67 61
72 81
37 67
26 135
81 52
59 58
99 17
60 26
72 65
11 30
27 87
21 61
51 90
20 104
66 98
83 113
64 85
87 33
90 21
85 163
33 13
78 73
49 180
84 55
37 10
16 150
30 63
36 69
92 98
96 148
35 36
79 158
48 66
97 96
85 183
61 175
78 70
55 50
28 171
91 127
76 13
25 80
78 143
84 199
88 146
26 26
73 28
28 105
40 177
66 174
22 71
85 188
72 186
33 23
30 145
62 172
36 60
56 14
82 34
74 32
72 194
98 163
65 66
18 96
95 102
73 44
54 16
60 138
50 82
31 193
22 135
67 187
23 58
52 199
68 48
80 73
86 113
37 52
56 137
99 55
73 50
74 45
83 156
58 93
69 167
93 75
79 92
28 107
88 75
12 44
12 148
48 144
21 177
55 73
74 168
34 186
78 52
79 108
30 68
46 56
68 119
86 148
14 173
91 185
92 172
64 172
37 147
99 23
40 145
70 59
59 48
12 163
55 131
13 131
70 83
81 45
95 142
37 46
87 60
70 174
37 48
89 16
90 82
30 153
93 149
50 150
100 89
58 143
50 173
83 52
27 94
10 70
45 92
90 162
36 127
63 17
47 123
98 194
91 64
72 42
33 169
14 43
81 138
94 133
40 72
93 200
18 62
32 13
48 188
39 108
35 165
53 144
60 172
24 104
31 127
50 59
24 184
58 188
32 91
41 74
81 117
74 152
80 177
96 134
34 185
17 121
43 190
84 58
28 24
96 17
10 131
20 58
69 172
89 78
73 200
71 58
52 60
58 84
56 199
66 191
95 93
93 132
88 188
83 87
91 153
17 165
40 173
85 63
49 102
54 49
92 95
27 38
21 119
83 172
83 163
10 99
75 138
68 172
87 53
30 149
82 142
85 123
73 192
75 102
42 128
87 15
59 60
47 180
96 167
53 107
31 178
72 197
64 92
75 63
96 47
43 153
49 159
16 137
50 72
50 64
25 193
31 35
19 146
60 65
51 200
100 62
36 33
85 114
26 47
56 51
70 22
53 107
16 91
84 164
93 94
91 165
76 130
98 195
44 26
54 199
76 64
74 45
78 153
55 25
33 160
15 118
91 103
65 164
70 79
16 181
89 188
32 93
35 157
13 35
39 158
71 41
63 128
71 122
18 47
88 113
26 24
87 191
14 66
30 145
54 125
90 121
49 91
23 73
41 113
60 41
90 144
75 104
81 161
46 163
24 174
46 48
80 140
64 149
38 37
74 154
36 61
40 108
75 99
66 11
50 92
38 94
63 127
46 119
65 35
49 106
32 191
36 18
18 196
65 149
90 93
44 27
92 19
16 107
44 119
88 132
15 185
78 35
45 34
28 19
75 69
42 58
16 103
78 33
20 44
77 164
71 117
41 92
47 107
44 56
37 119
83 47
100 46
80 35
53 60
45 142
29 193
41 21
99 99
12 37
51 60
35 103
52 173
36 137
67 195
87 138
91 13
52 37
45 68
34 154
84 140
15 58
63 128
91 72
17 127
49 193
34 90
32 188
40 123
64 175
27 151
17 52
73 108
24 47
44 176
59 128
88 129
83 91
26 90
27 116
28 52
82 14
94 46
27 16
25 161
46 76
86 137
67 87
66 62
83 54
46 159
81 187
59 171
36 178
36 30
100 88
35 23
60 25
11 128
14 40
21 56
23 190
57 89
72 48
78 44
22 191
49 87
100 103
18 76
37 129
95 17
15 11
33 120
11 125
41 92
69 170
73 83
12 142
78 79
42 125
82 116
85 128
63 136
82 49
35 145
69 141
61 196
12 195
92 181
90 29
35 96
76 53
39 170
28 152
69 17
79 173
31 14
87 116
10 165
18 164
57 167
18 83
68 68
19 122
77 40
83 154
56 151
63 116
15 12
17 180
21 156
40 133
49 97
42 122
12 48
37 183
45 32
30 189
18 154
25 172
37 94
13 131
72 143
84 177
27 148
14 155
77 153
33 107
25 148
81 122
32 169
39 22
16 181
33 125
52 133
63 162
63 43
79 83
49 173
65 121
54 38
94 89
31 174
26 51
98 79
80 151
31 89
13 59
85 186
70 25
92 70
70 178
15 92
41 100
64 111
73 50
83 107
18 163
99 136
12 68
10 188
42 73
16 194
77 158
89 96
28 140
85 150
87 80
52 190
97 140
78 12
40 82
88 108
26 33
89 69
62 91
26 122
75 145
56 75
23 159
13 97
78 138
99 58
78 122
83 200
74 182
97 62
36 132
69 120
50 46
87 68
100 80
58 102
88 160
41 161
12 172
22 37
32 137
44 161
25 146
90 131
93 14
55 12
50 164
33 135
34 168
54 170
75 48
24 105
69 104
44 116
53 134
51 27
67 73
91 141
28 159
33 157
46 76
93 143
55 148
92 83
52 114
66 174
63 180
96 173
51 156
56 170
49 75
31 172
99 187
51 168
72 197
53 152
52 150
19 124
78 184
39 33
62 94
62 93
91 96
63 169
13 188
89 131
32 169
58 22
11 58
26 123
35 148
43 139
31 12
92 15
32 81
44 126
42 56
62 60
17 118
81 15
87 178
63 180
60 82
56 124
35 24
88 28
96 154
54 103
90 40
79 185
29 181
59 120
72 164
100 192
51 19
53 199
67 155
27 178
96 22
77 200
62 181
43 42
11 174
37 134
32 66
28 182
44 50
65 95
13 137
11 129
99 105
63 177
76 148
44 129
15 98
91 39
92 146
78 56
75 198
100 189
90 119
65 121
21 137
57 38
47 136
86 40
66 127
63 111
81 14
66 55
71 180
17 24
97 169
17 87
16 71
48 72
50 89
46 184
48 42
39 110
14 22
47 30
26 192
64 35
60 14
46 142
93 177
99 152
55 48
77 132
92 149
19 134
80 30
93 119
11 172
66 52
63 12
38 123
30 26
92 43
38 71
27 36
98 175
73 14
11 38
66 167
26 174
88 80
48 60
76 100
28 38
72 37
99 14
22 56
18 163
24 51
96 108
84 71
74 76
99 139
58 78
84 125
56 70
32 89
15 183
97 186
94 142
68 74
84 15
36 189
10 31
56 22
45 150
15 32
49 194
63 143
84 132
88 156
71 84
50 112
71 44
26 121
30 131
35 167
80 105
60 147
28 16
39 76
98 65
51 194
64 103
60 163
49 25
95 27
19 175
49 199
98 70
24 60
65 126
85 193
81 172
79 168
66 120
78 155
15 154
80 76
85 106
33 103
39 169
98 41
79 115
100 26
28 150
56 18
80 93
81 118
55 184
22 85
30 163
92 122
72 32
20 15
64 70
44 71
78 72
58 46
94 132
85 173
34 151
21 191
52 35
27 142
14 36
71 156
30 101
76 126
50 108
11 94
46 62
76 49
93 79
87 145
98 160
24 126
29 142
89 166
81 67
30 51
99 169
72 126
33 95
37 57
49 195
93 183
91 118
26 24
56 129
86 18
37 97
38 189
89 93
80 72
48 127
70 109
18 110
82 198
95 97
68 41
64 17
83 13
82 68
53 111
64 198
98 75
93 97
10 168
14 60
13 196
98 164
15 94
68 150
63 112
59 180
59 194
98 157
83 155
56 46
33 33
65 28
65 151
18 173
91 138
62 191
81 53
30 80
81 49
74 73
12 110
81 115
99 83
19 100
74 108
70 115
76 193
80 72
44 69
58 126
26 111
45 174
32 69
46 113
69 95
64 102
59 50
50 119
39 101
54 150
24 190
99 174
11 18
46 168
82 102
51 140
68 30
20 178
14 178
73 41
29 66
98 110
88 162
51 28
60 60
82 105
36 76
81 74
74 157
90 196
37 146
69 104
80 69
11 76
35 185
19 153
27 62
12 169
71 104
47 120
66 199
21 46
61 114
45 172
34 141
96 163
82 124
19 73
42 138
98 51
11 68
93 185
95 79
49 177
11 183
49 170
67 132
75 100
14 115
14 150
99 81
90 175
26 168
95 200
90 198
42 71
25 66
35 28
29 51
92 151
76 91
51 59
53 147
76 80
89 63
48 150
42 153
67 173
54 14
70 48
69 43
88 111
36 177
20 100
13 147
38 95
41 183
38 72
21 136
94 12
47 37
50 167
87 142
54 123
84 110
36 24
78 113
90 86
90 76
75 151
11 49
88 72
62 11
43 173
46 142
90 148
86 194
78 150
62 52
11 125
61 76
87 116
14 64
59 90
40 191
12 187
17 97
91 82
32 35
59 57
24 74
13 159
40 130
34 23
29 23
90 145
79 77
72 89
15 96
39 127
72 74
40 159
85 183
10 81
17 130
37 28
97 166
47 104
37 128
44 88
22 77
53 73
63 105
37 119
99 187
30 121
98 170
11 44
97 154
51 182
24 87
52 120
34 30
64 182
77 153
88 133
48 92
44 17
18 23
86 30
37 15
94 83
82 42
33 149
23 75
45 91
69 174
12 48
94 46
72 163
81 88
22 39
53 135
46 200
27 17
30 170
53 183
96 188
35 181
29 32
20 110
76 29
68 135
89 98
61 86
85 181
36 168
40 178
16 101
39 72
61 29
94 120
36 84
92 70
35 88
62 110
38 26
94 115
32 18
74 144
59 85
95 103
17 178
63 189
10 101
100 176
14 114
29 166
100 69
17 73
48 161
86 178
60 147
51 171
24 117
82 93
72 60
58 66
10 88
56 128
29 127
79 143
12 42
80 49
89 177
89 91
19 130
28 135
69 195
31 74
84 41
74 125
42 165
51 162
59 79
60 75
16 14
65 58
53 159
73 182
85 32
30 93
51 197
43 71
70 166
19 146
30 114
25 131
31 95
21 165
63 194
75 182
26 90
40 88
38 150
63 195
26 197
87 167
30 148
40 38
83 15
97 132
49 66
29 20
77 146
66 158
65 36
25 181
71 23
12 177
75 171
91 178
47 102
21 13
96 193
73 175
17 37
99 139
97 182
79 87
20 168
84 109
38 49
72 131
71 191
23 68
92 122
91 150
44 32
21 106
16 16
35 44
33 31
32 170
13 166
57 195
98 156
15 148
92 14
88 79
14 51
62 178
32 26
88 198
16 123
59 85
63 27
89 15
70 136
70 94
74 74
50 77
73 13
24 47
85 158
43 55
83 75
85 183
63 193
34 153
87 127
45 88
30 169
90 36
98 112
26 48
38 52
23 50
37 173
81 106
55 193
64 129
72 27
42 194
36 113
58 169
12 195
79 26
80 185
75 110
80 38
66 94
19 106
34 147
69 42
21 199
29 46
51 137
39 59
42 95
29 97
57 44
46 132
16 98
94 169
19 34
89 190
98 98
70 74
98 164
37 130
52 153
63 110
26 51
56 62
36 165
11 43
60 84
19 125
80 125
65 191
93 112
81 88
14 97
76 88
42 102
91 43
38 197
56 200
62 145
12 27
41 32
72 152
68 90
74 99
100 160
53 175
99 91
100 116
90 80
85 59
57 11
31 70
83 78
38 89
43 142
86 144
62 200
27 91
54 161
30 116
100 91
63 58
22 187
64 149
53 179
87 60
77 133
84 31
48 32
20 44
32 37
17 128
16 94
67 160
97 20
30 41
76 199
94 72
98 74
15 74
58 61
49 54
26 66
47 15
61 176
99 74
16 49
30 105
57 33
52 54
90 151
49 157
18 186
69 157
15 105
19 123
83 144
51 162
61 65
79 132
62 38
58 109
100 19
60 77
81 68
63 120
75 27
51 12
60 138
15 83
63 179
81 20
54 16
60 166
37 182
80 146
32 136
74 132
31 58
78 200
89 163
88 170
58 38
63 13
27 130
72 199
100 125
79 73
37 33
58 24
84 169
70 47
27 14
37 72
29 42
66 191
61 12
88 174
98 131
79 28
72 106
57 180
56 79
78 174
81 103
27 130
25 170
33 189
46 10
97 58
82 165
90 36
68 52
14 51
27 29
79 55
87 130
23 167
24 121
96 146
79 173
21 130
62 85
52 160
59 21
25 117
100 121
90 165
83 164
85 158
41 96
15 151
14 80
40 47
35 101
76 59
10 79
23 81
49 162
76 38
12 113
54 170
59 109
85 187
92 183
21 98
48 168
29 117
98 199
71 82
47 158
52 16
50 175
25 180
83 161
12 130
45 196
12 97
54 99
52 19
72 48
84 195
42 189
61 96
25 86
78 108
85 165
26 69
47 23
40 97
86 99
67 69
52 161
40 19
72 82
57 153
61 147
52 169
97 79
48 143
51 99
90 19
61 178
39 24
64 160
80 18
28 151
49 164
31 55
83 182
78 22
89 69
33 125
48 137
60 159
20 171
28 143
52 154
32 102
40 132
13 102
14 132
19 18
54 197
31 112
87 12
83 156
54 149
32 166
14 97
57 156
45 24
77 91
71 39
30 158
64 45
73 101
17 145
20 128
39 16
68 141
57 30
16 124
18 189
72 54
73 56
90 187
57 141
20 60
82 82
44 131
27 89
13 128
15 197
13 165
73 151
76 64
75 22
47 140
74 89
22 130
37 37
17 27
85 15
28 160
76 85
66 26
33 177
44 40
46 64
90 197
35 121
92 176
10 61
62 179
46 143
75 97
93 46
38 159
26 13
97 172
35 51
48 95
85 197
13 22
46 142
56 88
74 92
87 40
38 22
12 104
76 160
27 168
21 150
44 112
28 88
29 63
56 115
28 169
66 117
78 185
94 22
89 134
33 169
41 46
76 25
51 157
73 175
72 24
77 94
22 121
64 31
65 122
25 165
13 70
30 94
99 131
67 138
43 200
24 93
67 131
71 28
95 126
39 55
82 161
89 88
64 110
51 98
62 67
27 156
63 157
99 193
77 167
64 185
71 80
48 54
31 197
98 109
69 132
98 106
97 92
97 17
38 114
96 89
30 158
17 120
77 106
61 22
50 86
63 60
56 117
64 178
36 20
18 79
52 62
62 78
93 11
61 180
22 180
74 130
32 125
43 95
13 197
51 114
72 148
81 60
31 112
58 190
59 136
69 108
73 86
48 155
41 82
11 24
18 46
50 42
19 37
92 34
39 57
82 150
64 168
46 81
23 58
22 44
23 173
36 26
64 161
67 158
36 148
65 116
97 160
38 188
50 97
44 64
26 25
61 183
58 34
44 105
90 168
43 110
90 125
15 43
96 118
65 140
95 16
84 71
88 24
60 196
95 136
87 121
36 84
16 177
43 179
18 34
97 42
53 130
36 82
56 63
47 176
71 77
57 69
49 169
28 63
51 61
18 67
87 184
38 97
46 93
98 85
75 64
59 72
97 117
92 169
33 178
80 163
87 125
10 14
87 149
87 101
42 100
29 172
57 142
75 86
45 177
100 163
29 121
90 68
60 44
85 29
37 171
40 66
54 56
49 32
59 172
32 195
84 102
36 188
61 77
86 90
36 78
69 150
60 122
87 48
94 66
19 168
90 92
97 167
42 137
37 133
34 156
99 22
100 159
65 113
52 117
20 123
52 68
49 195
91 102
38 157
23 143
30 38
86 191
100 163
25 37
36 79
49 88
74 39
22 135
25 95
41 158
58 35
68 124
49 195
48 106
96 26
78 119
64 73
96 93
98 80
16 165
77 102
21 85
19 111
41 118
13 83
23 79
73 90
20 194
93 61
51 78
19 161
29 188
99 118
53 103
90 191
83 159
67 153
70 68
43 97
65 103
36 72
97 121
22 186
73 79
27 36
18 180
59 156
27 41
15 47
16 82
46 44
24 187
45 118
42 95
47 51
77 27
38 182
35 108
96 75
71 57
39 123
66 131
69 24
99 185
70 140
86 134
56 120
71 14
46 186
85 86
100 131
57 183
87 63
40 122
43 66
57 72
42 26
23 123
22 177
93 137
25 186
50 133
41 11
41 155
78 58
60 66
76 155
68 112
15 150
60 180
62 24
37 59
46 88
21 116
61 101
57 192
99 134
26 182
72 84
32 165
72 41
79 133
15 90
79 25
98 90
76 88
98 91
15 180
52 131
19 55
10 159
58 107
26 14
17 70
30 89
53 64
76 76
55 128
31 74
55 16
24 182
40 103
32 74
72 63
43 189
56 47
10 19
22 82
77 76
31 146
59 188
14 75
22 39
32 40
45 158
25 102
60 174
87 33
72 120
35 42
93 59
27 98
84 45
36 126
59 133
73 89
47 93
22 173
89 191
57 70
20 70
99 130
44 200
68 102
60 82
90 48
73 57
62 43
100 127
32 25
61 74
83 191
88 80
58 124
92 187
25 39
39 167
88 133
24 134
59 106
10 181
81 181
19 101
99 141
47 25
30 98
41 60
59 69
77 94
57 43
37 188
32 170
11 53
57 141
81 148
53 57
17 180
70 199
83 94
52 141
51 118
43 43
54 160
100 142
25 128
88 145
81 91
73 90
45 59
60 154
88 66
