10000 500 10 200 10 100
77 193
87 128
47 102
56 160
13 87
45 127
49 34
40 40
36 59
73 175
36 112
10 99
18 48
65 88
87 118
64 144
82 190
49 189
62 104
89 77
34 76
36 156
44 27
18 65
98 28
68 37
26 81
60 34
67 155
20 116
25 193
71 195
78 164
79 116
30 175
21 93
53 177
44 163
66 55
73 92
87 79
51 25
24 68
53 90
96 196
89 85
92 98
71 44
85 105
62 164
69 132
22 142
37 138
24 147
61 166
20 77
44 170
12 15
78 176
56 72
36 135
47 11
19 69
49 128
19 16
62 65
92 12
15 91
83 144
75 122
70 131
98 187
99 104
78 150
72 131
50 94
85 11
78 131
21 175
88 78
82 184
25 141
76 173
54 148
13 124
18 91
67 81
93 168
68 91
96 97
20 195
91 120
48 98
90 110
49 121
43 74
43 154
19 135
41 80
84 85
99 186
70 93
23 65
85 84
49 20
37 10
41 174
17 32
50 182
92 177
91 131
35 73
45 78
95 31
60 123
74 186
32 116
78 187
59 150
80 182
58 86
19 18
88 145
67 187
40 15
42 72
99 35
16 41
27 154
36 95
42 12
90 176
96 171
26 132
82 76
14 146
29 116
27 77
58 60
61 198
22 47
35 23
77 26
17 188
59 129
34 69
59 175
36 92
43 49
62 130
65 148
16 133
97 74
16 157
34 84
59 11
77 68
19 16
41 92
63 76
39 76
99 17
64 22
42 38
39 157
75 190
76 55
94 180
68 144
43 65
84 112
54 183
92 103
83 76
60 183
77 71
13 121
77 142
62 20
81 185
65 149
48 71
91 162
67 135
21 29
30 166
18 100
35 145
54 137
86 31
71 175
57 42
90 13
94 49
96 187
96 181
84 73
17 152
54 157
48 151
91 120
24 151
59 87
61 33
20 106
70 177
25 11
17 18
13 14
73 50
93 126
21 148
27 115
12 45
19 198
91 68
35 102
61 148
16 105
49 24
39 69
61 147
52 30
76 97
50 56
16 47
70 10
17 183
64 106
76 198
39 34
36 63
70 96
10 149
79 24
56 67
39 197
25 166
56 11
90 95
93 42
37 73
77 161
67 169
33 116
13 181
98 74
80 89
42 65
22 26
100 44
28 197
93 130
73 79
88 67
97 33
57 140
96 153
47 164
64 156
57 152
48 19
59 22
91 51
24 170
66 191
35 185
69 65
81 170
82 90
93 143
47 147
81 199
36 173
58 63
50 63
20 108
76 73
32 14
24 41
70 195
76 30
26 17
38 115
75 85
27 34
50 129
33 122
24 91
10 133
49 87
94 192
54 80
83 149
36 169
75 123
93 32
16 164
11 93
32 59
53 117
60 17
84 75
39 185
42 88
87 165
96 125
57 172
12 41
79 144
52 143
50 185
74 52
70 47
53 70
15 126
20 191
68 43
65 106
55 64
89 180
94 171
38 196
50 143
97 106
32 59
88 165
100 35
45 35
91 164
40 159
10 93
40 66
99 58
28 188
54 189
11 153
17 93
69 124
69 198
38 133
30 90
80 111
94 126
15 179
65 52
96 44
50 130
33 105
84 105
17 113
20 81
56 52
10 57
37 42
42 39
40 144
98 106
46 56
87 12
92 176
13 15
16 11
93 131
17 113
43 20
31 119
87 125
34 98
54 193
74 70
80 138
48 162
77 80
48 108
52 86
14 172
96 93
62 48
67 123
65 49
47 20
17 67
79 185
38 150
56 128
71 29
31 45
29 143
19 42
24 41
59 146
70 53
56 198
97 75
16 64
23 96
63 138
95 30
24 129
26 98
50 33
97 177
22 141
32 26
46 182
100 158
81 82
66 178
16 92
50 42
76 179
84 41
100 102
86 59
63 74
84 120
52 107
36 177
22 37
12 86
20 73
32 136
34 44
82 90
13 178
71 115
10 72
34 115
31 28
22 16
75 154
12 11
93 66
98 141
13 193
79 102
65 104
31 32
53 185
10 107
87 55
15 161
78 179
49 125
67 60
99 111
75 100
21 107
92 111
89 72
71 108
72 159
31 45
42 162
59 136
10 12
66 102
49 142
99 81
95 99
66 18
60 178
56 155
24 109
96 165
42 160
32 156
18 97
59 143
44 41
99 139
16 103
13 49
60 156
96 145
30 94
100 98
18 106
67 189
93 130
34 175
81 48
54 29
64 143
56 183
74 83
96 39
72 28
51 65
26 42
76 71
61 175
42 41
84 55
55 106
23 195
26 86
90 54
10 167
36 132
67 160
64 137
96 34
23 111
58 150
45 133
39 90
25 45
29 53
33 163
55 108
16 73
58 21
95 132
65 103
67 193
46 112
47 95
57 83
40 69
17 160
54 87
35 164
34 161
86 33
44 178
21 123
65 137
26 179
43 178
97 166
30 177
84 99
37 34
44 88
61 70
97 128
14 109
38 90
55 98
49 35
16 87
56 115
82 148
48 126
71 17
78 116
94 158
20 77
55 30
52 97
22 68
74 58
49 106
55 57
78 94
99 91
17 96
73 38
44 111
30 180
34 44
58 125
75 144
12 195
39 22
52 75
18 128
31 47
81 104
13 49
33 20
59 11
19 149
99 183
21 183
20 21
96 101
64 61
90 172
16 29
73 181
33 86
37 60
91 176
84 62
28 185
58 189
26 44
25 69
74 62
60 10
73 112
69 31
80 157
55 62
40 29
98 113
61 16
34 73
95 160
61 72
41 62
16 173
39 41
90 135
22 105
14 178
21 57
37 191
85 66
40 10
25 152
94 35
24 75
43 184
53 66
10 21
11 127
58 36
56 47
61 72
67 117
69 170
54 114
86 189
40 56
69 56
15 101
84 200
98 191
17 43
19 37
50 17
78 59
68 134
62 47
54 37
100 89
60 161
71 10
45 186
77 159
18 98
30 134
27 90
34 101
84 45
95 189
71 125
85 108
59 156
20 98
28 143
79 33
63 23
93 96
13 102
66 83
13 148
30 130
29 174
17 195
88 170
89 83
38 74
50 187
74 169
53 35
32 126
50 36
35 104
47 182
11 19
50 38
51 93
89 16
79 200
35 119
24 14
41 106
13 194
56 121
94 41
86 95
47 47
10 141
84 86
10 180
12 30
16 74
37 165
39 24
16 124
35 176
95 169
90 51
100 186
38 146
24 151
71 197
28 196
87 173
35 102
50 21
16 160
44 58
13 200
12 132
91 48
94 117
19 10
46 191
45 163
64 35
67 189
74 145
60 11
86 110
100 68
76 25
44 49
12 17
47 179
57 15
22 67
39 55
50 124
94 76
28 194
98 65
100 166
69 19
47 160
60 91
43 83
69 89
63 23
78 161
93 56
53 41
91 132
91 24
36 144
43 197
58 34
38 118
28 104
32 178
68 90
65 103
18 188
94 86
57 99
33 193
21 78
18 123
38 154
60 98
62 71
18 33
86 190
84 107
60 112
69 147
89 144
81 178
19 52
84 153
62 143
32 151
62 22
38 41
55 54
54 62
43 67
44 11
61 70
32 139
87 183
91 186
94 146
88 78
62 69
86 194
94 20
86 22
11 39
45 20
65 195
80 20
13 170
81 129
95 142
92 54
74 187
73 94
16 46
33 164
85 36
81 130
42 123
50 91
98 17
16 79
91 163
23 107
80 123
76 14
23 138
71 200
12 133
53 78
94 121
40 96
64 21
35 15
95 11
39 130
24 187
16 64
11 87
25 147
40 41
17 85
21 53
93 92
75 43
49 189
38 24
62 123
17 122
52 12
25 45
19 175
43 152
98 45
62 44
78 82
67 177
62 65
79 86
54 49
54 151
74 95
90 133
91 65
39 135
24 20
77 43
47 44
11 46
70 68
19 83
73 167
11 141
16 100
42 21
87 180
71 188
85 193
12 81
19 40
71 138
85 28
56 58
73 178
28 153
37 186
59 29
67 106
88 26
93 52
51 179
32 65
56 95
34 131
44 106
52 24
66 33
68 35
21 116
85 187
89 92
30 116
38 145
60 137
78 39
62 64
48 31
56 197
53 167
14 125
76 131
18 149
46 24
69 57
33 31
49 19
82 37
76 90
37 159
52 177
95 26
86 27
13 172
36 197
74 184
97 54
50 81
43 91
60 189
96 46
34 194
21 167
31 24
43 47
75 116
62 182
15 98
12 191
95 44
65 28
86 129
33 155
45 87
75 138
84 26
41 107
69 50
40 85
92 163
47 58
21 179
89 31
25 61
88 179
100 51
94 135
83 113
37 22
99 168
76 87
90 123
52 70
75 122
10 71
18 110
85 174
25 171
99 199
81 59
66 139
55 27
28 91
92 175
18 142
74 74
71 192
16 55
37 193
58 27
46 72
91 195
49 59
21 61
99 40
51 77
35 53
76 41
87 47
24 80
56 23
96 51
68 152
56 66
46 63
86 29
87 32
30 183
99 32
91 172
32 188
24 52
90 177
63 40
20 155
89 46
83 76
63 194
49 173
45 184
39 155
31 173
24 70
14 101
45 41
73 19
89 154
41 103
95 179
35 166
88 64
51 122
60 88
20 192
76 187
11 108
56 31
84 183
90 78
100 49
100 189
54 150
76 132
46 94
96 197
92 86
47 61
16 12
100 135
23 22
88 22
43 105
100 66
30 169
31 182
76 43
55 89
34 133
68 57
71 165
41 99
99 127
57 70
39 111
84 189
86 159
29 109
32 65
99 184
33 98
35 108
66 178
81 159
80 50
60 171
27 103
65 77
87 19
84 193
86 197
84 109
19 12
52 61
47 194
46 157
86 52
68 88
67 72
95 173
13 96
50 161
62 12
100 40
81 17
80 198
68 56
90 180
65 157
71 159
99 118
34 84
95 192
89 10
57 30
24 20
90 117
80 127
33 30
16 153
80 32
86 41
12 77
77 170
69 95
86 195
33 87
14 163
28 84
96 199
92 158
88 42
54 10
49 15
10 159
97 80
96 151
80 80
19 165
82 94
73 21
99 84
41 200
77 42
75 52
88 10
61 92
10 118
96 45
45 157
58 146
92 197
40 181
14 179
43 160
82 48
16 172
65 134
63 11
60 99
83 50
57 98
75 175
11 69
59 173
83 35
96 96
23 58
99 141
38 65
67 121
64 114
16 91
74 107
76 58
59 159
33 138
92 74
25 105
31 166
56 193
45 39
79 65
77 198
39 135
35 118
78 32
85 160
71 114
15 196
44 106
95 103
33 75
82 168
96 144
76 91
70 146
56 67
69 28
42 51
53 162
19 30
19 34
67 96
15 90
81 143
90 111
33 50
78 57
23 191
70 186
40 193
63 23
41 176
71 136
45 38
94 29
61 80
11 104
46 35
53 102
18 191
55 79
71 10
62 115
21 161
91 94
79 74
91 33
92 182
46 88
55 78
44 135
58 195
88 159
14 44
37 40
36 106
71 131
30 57
44 119
71 157
100 13
41 131
22 93
30 40
21 189
13 122
45 122
16 173
72 179
62 174
87 63
44 140
11 199
59 51
76 48
33 142
32 50
81 123
49 50
18 170
94 126
32 173
90 50
60 140
12 152
23 58
26 37
25 42
39 29
25 186
57 102
43 153
28 43
77 141
41 71
44 134
23 44
25 57
57 51
27 102
13 144
64 51
14 161
100 49
53 178
11 68
43 174
79 66
74 130
82 112
21 151
56 32
44 163
91 69
100 109
13 73
10 155
85 67
46 19
11 138
25 132
88 110
100 61
72 134
93 16
42 25
85 124
91 163
22 160
19 156
14 14
78 156
42 155
74 118
100 119
29 194
95 73
89 190
54 113
30 127
84 33
12 119
67 33
50 76
91 125
54 73
88 50
63 132
48 63
61 180
82 116
79 66
51 121
32 125
44 21
57 187
31 15
50 12
68 30
84 64
12 122
16 96
76 190
73 179
76 88
78 68
68 176
32 174
76 22
29 141
60 162
55 67
88 98
86 48
47 159
30 63
23 73
93 65
75 20
29 149
89 45
97 93
15 174
81 106
36 176
17 18
38 39
84 147
19 178
88 45
92 131
59 39
23 113
20 100
16 171
38 22
35 77
68 48
70 183
74 58
11 57
98 139
97 154
18 13
14 114
26 90
83 180
64 81
26 56
46 16
66 42
97 54
25 145
84 194
29 81
43 150
92 131
76 35
75 186
58 59
96 98
38 177
48 101
36 14
82 50
66 186
100 82
91 35
43 166
62 187
84 114
99 17
15 46
81 141
21 93
22 164
65 151
11 103
58 18
84 20
64 161
76 175
65 78
95 80
93 72
23 146
31 23
68 42
50 40
15 124
76 184
48 148
84 48
97 29
95 191
70 150
82 56
91 14
27 168
99 11
95 184
49 58
50 123
14 100
55 84
31 97
54 123
78 67
35 129
69 62
16 137
57 92
91 191
51 151
86 24
81 40
24 143
21 49
52 191
71 61
89 175
44 177
77 37
69 103
48 142
48 75
83 31
58 105
60 98
97 192
11 50
79 132
22 154
97 70
69 132
24 41
75 114
89 47
32 72
70 118
11 138
40 104
30 185
19 193
51 75
24 15
100 58
31 120
100 130
93 169
10 146
78 33
28 38
96 21
39 54
37 126
37 156
77 185
19 49
90 65
18 13
65 50
77 199
45 85
66 185
43 33
99 74
20 10
39 138
47 46
35 15
62 17
42 12
72 145
41 190
64 177
81 71
19 97
14 199
86 40
45 47
16 156
92 153
40 79
86 20
15 116
51 98
35 200
21 136
87 185
74 166
54 139
69 200
28 139
34 30
22 34
86 76
29 44
62 158
78 154
89 50
75 37
66 14
76 82
23 193
46 87
29 49
58 16
70 95
40 90
81 136
26 26
34 115
60 97
20 186
50 62
74 153
38 187
77 138
88 119
47 169
40 109
40 64
71 100
64 104
20 108
53 115
27 85
88 197
80 114
31 65
97 39
97 99
52 187
55 128
26 200
79 122
21 126
98 67
73 170
45 49
76 21
73 23
83 28
86 112
58 44
99 142
29 176
95 89
31 88
26 89
95 125
20 16
67 52
13 132
86 55
76 133
91 148
70 29
61 199
51 119
79 120
79 128
98 112
31 101
77 67
83 98
96 33
94 76
27 190
55 131
45 191
26 168
85 52
61 147
58 117
71 127
14 160
34 166
76 83
47 83
19 89
77 144
39 98
83 32
29 39
22 188
74 60
16 180
41 141
57 165
87 13
79 129
29 135
56 57
74 26
10 193
75 145
67 61
63 190
24 164
94 80
64 91
82 128
25 53
54 18
28 160
52 120
85 28
62 26
84 129
86 71
35 159
78 100
81 70
96 115
76 151
85 27
19 180
63 124
96 57
23 62
10 188
74 117
54 93
41 125
79 165
74 154
93 22
59 155
99 155
68 149
60 120
30 159
35 155
20 123
52 36
61 40
53 22
53 51
78 101
87 116
63 151
76 200
82 135
83 67
96 68
16 15
19 47
41 99
35 69
81 47
75 62
46 109
30 45
40 170
36 137
70 22
57 189
62 93
33 20
71 33
10 200
91 99
30 24
70 82
73 31
86 169
46 18
45 148
75 70
80 11
18 67
16 105
47 80
93 190
28 182
53 180
93 51
55 70
65 88
31 161
29 84
54 14
55 71
47 11
27 134
47 149
82 71
53 68
38 84
89 52
61 70
38 89
38 121
83 20
62 114
100 131
36 165
62 123
96 109
64 178
41 150
64 55
71 191
94 173
68 162
17 174
40 45
88 199
83 11
23 199
90 32
41 146
29 86
24 21
17 15
16 70
96 136
23 18
93 29
27 43
52 195
78 77
87 91
13 38
15 105
29 29
56 200
37 113
15 55
69 91
46 156
23 58
98 89
60 60
97 68
12 132
64 144
47 113
62 96
36 139
85 191
24 118
69 144
86 97
19 20
13 93
83 173
86 123
70 51
87 181
75 110
31 162
32 155
97 100
72 38
67 62
95 17
67 39
49 44
55 185
59 148
13 85
92 62
38 194
88 193
81 35
66 130
18 190
33 105
88 124
53 162
31 173
89 190
65 165
93 172
49 121
84 91
46 61
59 25
91 91
14 71
25 175
90 146
21 74
91 98
33 196
16 17
82 72
95 24
48 51
18 50
55 149
94 10
30 97
81 97
51 98
99 115
17 171
53 59
63 145
44 76
95 49
94 131
61 123
38 13
92 152
49 169
91 176
53 143
47 60
48 71
71 41
72 20
87 79
60 67
38 59
89 177
60 59
61 76
86 51
72 157
88 145
39 159
70 138
53 35
68 175
59 157
54 115
70 38
61 80
43 52
39 72
75 94
29 125
62 115
41 60
99 33
61 62
24 137
19 105
92 30
74 80
69 128
87 166
58 45
74 72
53 19
38 105
54 77
34 84
78 38
55 118
10 129
67 87
54 181
44 72
15 104
11 200
89 171
28 199
51 32
53 92
57 48
39 156
54 59
69 140
44 164
61 14
47 49
22 192
56 116
52 52
82 27
52 84
94 15
33 25
79 186
55 91
74 138
90 182
63 98
49 140
90 191
59 166
81 56
43 58
44 42
52 193
91 163
49 68
81 192
81 50
10 12
49 54
73 21
92 192
13 169
50 183
57 96
45 188
32 149
65 125
79 180
82 39
63 36
15 154
55 193
20 48
22 147
29 178
13 139
37 89
68 122
63 65
38 41
52 172
56 132
27 160
76 57
57 74
46 130
53 145
12 43
100 160
75 118
25 160
56 149
48 176
46 132
92 100
26 127
89 165
67 10
60 181
30 157
88 175
33 94
20 51
56 145
12 129
55 12
62 130
87 149
41 65
64 158
61 65
83 69
15 176
54 167
44 139
35 53
57 75
79 75
83 109
93 161
18 93
29 138
29 136
87 118
38 178
100 168
47 193
91 85
84 119
33 145
35 17
12 14
16 148
11 20
70 111
91 105
21 177
28 16
25 162
54 148
34 21
59 26
88 164
39 194
10 186
88 174
21 127
70 97
89 78
87 142
81 143
15 195
50 123
32 75
91 169
89 45
82 150
49 16
12 196
39 61
95 160
37 196
88 33
12 172
30 42
50 124
30 194
94 137
79 162
89 21
18 46
10 133
77 152
59 165
45 182
82 128
31 71
24 49
32 58
47 38
15 168
16 108
96 91
59 98
42 91
59 196
77 10
39 157
80 110
85 121
93 180
70 54
92 15
32 178
63 149
28 188
19 180
20 121
88 175
95 157
69 162
69 13
29 123
51 114
49 124
39 158
55 95
18 165
99 139
59 199
25 170
10 25
66 103
55 62
43 188
73 132
56 14
10 111
93 117
91 194
77 93
90 156
99 175
68 122
91 106
75 22
21 106
57 45
49 16
29 98
14 151
46 143
87 177
52 148
51 112
37 169
78 114
12 26
24 88
90 23
68 80
38 59
93 106
18 27
87 58
39 149
46 157
14 197
75 180
64 70
51 108
59 130
72 175
21 122
49 105
17 46
28 13
11 194
30 56
68 64
100 126
61 124
34 116
30 59
75 108
94 30
39 170
99 49
31 139
49 27
37 139
93 62
92 194
82 72
12 66
82 187
62 150
64 130
61 95
65 195
31 120
15 52
64 17
23 76
39 95
17 33
73 169
74 165
56 152
39 76
20 196
77 66
69 15
75 33
23 187
73 116
87 64
58 38
98 93
89 61
88 18
56 33
22 12
23 14
92 68
80 15
42 155
91 199
49 79
48 61
57 93
61 14
51 146
10 61
43 180
37 38
49 17
80 18
29 92
83 186
25 138
92 13
72 106
22 74
100 77
37 105
33 135
53 128
76 185
75 153
96 113
93 173
48 85
22 174
46 48
94 117
20 24
35 111
67 166
57 160
23 144
39 45
88 185
36 25
51 163
35 132
66 193
98 61
71 130
33 66
68 36
30 187
10 159
23 183
19 94
13 200
70 28
32 151
77 28
37 172
22 155
27 122
97 51
44 68
88 28
36 13
46 141
50 117
66 109
84 45
50 84
61 74
82 123
84 127
96 11
39 145
35 44
49 169
34 61
52 122
67 173
30 146
89 137
66 56
87 26
45 82
90 193
62 46
43 14
46 56
18 104
99 15
85 101
83 89
47 32
47 52
29 149
32 174
54 115
78 143
18 155
83 75
73 13
86 84
43 117
97 45
60 165
12 192
59 68
70 60
89 104
25 107
91 156
42 149
15 144
38 23
50 149
75 89
56 20
98 160
82 114
94 159
14 89
93 199
97 52
75 37
32 195
20 41
54 58
57 19
79 93
36 112
60 154
57 16
23 175
57 134
10 14
54 32
26 86
85 39
99 123
25 118
12 45
59 66
40 151
32 129
55 142
91 120
58 74
73 81
18 113
83 170
50 119
41 31
73 66
43 144
38 140
71 95
46 32
13 111
89 91
48 60
83 91
64 140
57 117
28 24
73 68
54 181
37 198
79 24
27 85
87 63
32 63
49 20
76 142
61 102
41 173
24 77
54 144
71 40
31 70
46 146
53 38
70 149
92 151
96 133
77 166
26 71
55 156
84 148
72 45
11 121
96 44
80 93
21 26
67 104
56 167
90 58
56 188
58 75
60 183
18 185
51 15
52 19
53 170
43 59
69 71
81 44
77 179
30 127
81 71
30 103
16 92
52 77
31 170
25 61
16 161
34 143
58 135
16 128
64 131
79 153
47 190
12 120
89 158
65 185
91 111
60 101
20 81
39 137
65 109
38 46
78 77
46 57
91 154
52 149
55 195
39 120
59 155
31 174
82 120
71 175
33 88
85 88
48 42
37 31
31 34
92 54
81 69
87 124
42 142
79 140
76 39
95 142
67 111
35 118
11 94
90 116
96 180
31 152
51 62
64 197
41 85
33 199
99 185
100 200
64 37
44 106
13 20
81 72
17 174
88 186
28 116
61 82
13 139
20 128
57 72
42 98
99 186
63 134
91 61
37 162
57 116
10 168
62 126
46 69
50 85
96 200
26 22
44 107
54 149
91 164
99 171
15 11
51 192
94 192
47 134
13 153
17 20
17 187
11 25
56 57
94 167
35 112
23 172
93 151
40 64
85 153
70 19
90 34
75 154
69 74
84 191
69 126
93 12
77 160
45 12
98 139
90 85
65 147
54 58
87 189
57 33
40 181
78 160
54 64
28 52
81 191
48 189
19 43
41 73
33 18
35 53
31 65
15 19
81 197
23 120
60 24
91 170
13 175
72 31
38 65
69 179
18 105
21 15
100 158
67 175
45 165
69 158
69 190
69 30
87 78
15 24
69 105
90 109
82 158
28 130
31 193
81 89
20 97
20 79
98 185
59 86
31 115
62 169
55 32
93 112
29 174
94 14
58 154
22 148
61 42
11 145
44 29
75 165
37 141
80 14
25 132
29 74
56 146
54 185
83 76
58 111
98 65
16 117
34 71
10 120
22 177
29 171
84 111
26 134
43 192
98 166
88 71
21 12
24 117
60 27
65 126
62 31
58 87
34 191
49 24
83 73
36 18
33 18
23 192
83 182
62 123
67 149
22 31
45 22
60 182
33 142
65 180
94 88
15 122
21 37
14 54
32 149
22 156
66 194
75 142
44 151
44 166
38 70
60 72
47 146
84 155
51 172
18 71
24 23
41 194
85 142
45 162
39 100
80 69
63 86
60 111
81 109
25 148
67 107
45 94
10 106
37 174
30 195
65 172
21 50
86 101
41 34
30 93
58 193
44 60
53 197
72 149
14 59
59 95
78 150
92 31
38 48
46 168
26 61
18 72
97 147
50 104
95 48
77 116
69 183
26 152
68 149
62 127
91 19
22 176
30 21
63 58
31 23
33 93
62 176
38 188
52 140
11 93
48 122
52 61
89 187
45 127
73 126
98 155
34 65
85 137
23 149
30 149
99 10
45 57
11 17
72 121
13 148
16 191
14 56
75 186
97 77
28 190
33 179
85 171
34 96
83 154
32 114
45 27
72 155
98 135
69 153
98 176
58 102
40 12
79 17
71 35
94 123
97 120
67 12
92 178
13 19
92 154
39 55
73 59
86 88
91 185
92 82
80 174
55 125
65 167
40 187
61 60
78 59
13 53
91 104
89 171
31 174
46 80
87 138
78 29
41 157
80 100
56 16
34 56
31 50
87 107
41 57
48 157
20 172
15 180
100 51
75 32
38 96
98 66
82 74
50 72
42 154
61 81
42 35
51 90
91 184
78 123
37 189
39 12
30 100
28 78
92 155
66 10
12 23
61 96
54 185
22 130
84 142
37 97
20 172
97 108
69 17
31 60
16 122
23 177
21 45
72 197
33 167
49 83
17 84
35 68
63 149
10 196
73 20
80 123
33 113
84 180
66 72
68 138
45 92
61 71
76 181
76 160
23 86
51 150
77 34
98 50
40 48
93 129
53 172
87 61
27 93
47 25
92 92
55 14
13 111
100 145
55 154
95 82
89 181
14 21
39 60
21 200
27 118
35 191
93 191
62 185
99 126
56 103
84 197
43 13
34 194
83 20
17 73
10 30
39 114
24 80
33 114
54 128
56 50
73 155
54 183
74 179
50 184
95 116
48 10
74 87
71 110
13 186
49 10
91 48
89 91
26 122
57 41
25 70
12 180
13 156
39 199
98 70
61 38
65 183
83 138
87 98
10 178
48 41
20 133
82 114
97 42
73 39
31 119
56 20
39 159
42 82
54 123
100 182
47 161
66 54
73 33
90 179
95 69
76 10
29 155
29 36
18 184
69 126
97 31
79 22
92 102
56 180
66 57
12 40
90 146
86 171
36 71
88 23
66 11
52 166
74 172
10 187
26 123
37 79
64 48
11 145
79 197
53 30
83 128
10 126
39 179
87 86
24 66
49 23
38 157
65 68
61 23
10 105
14 179
54 80
97 109
23 200
29 14
36 193
38 102
37 50
75 36
86 186
52 69
70 173
78 199
98 165
16 106
32 148
89 66
41 144
48 109
76 114
37 185
32 67
91 47
48 10
91 77
55 156
20 15
38 173
65 11
80 46
87 28
98 35
41 34
76 93
46 135
62 67
16 103
54 27
24 75
25 35
79 34
63 99
47 175
40 64
79 30
90 127
38 106
56 145
26 166
64 106
73 33
89 18
26 132
92 110
88 96
98 183
40 160
19 193
13 165
43 131
76 169
64 54
73 54
89 48
41 25
14 109
30 129
62 41
88 18
40 101
61 120
59 46
51 176
31 56
33 129
91 168
13 56
28 14
64 10
28 109
21 18
79 109
41 169
42 41
85 124
20 102
26 14
89 134
90 20
76 164
91 179
38 79
19 165
33 147
80 148
86 35
36 107
87 136
58 117
48 95
16 98
40 74
81 169
54 148
93 31
10 161
48 63
40 55
65 134
47 37
13 91
36 58
13 39
59 84
57 173
57 176
18 177
49 16
32 113
77 145
92 86
61 155
85 156
50 11
16 45
85 183
36 90
11 135
86 47
16 86
73 30
58 102
67 167
88 164
70 84
30 34
57 57
54 122
88 31
44 136
98 151
66 182
92 172
42 193
43 146
35 71
28 151
13 185
61 94
90 17
71 121
99 128
16 41
76 24
63 184
50 141
38 112
100 17
35 60
77 135
97 99
91 184
11 160
62 10
85 181
100 42
78 71
36 91
13 53
78 200
74 121
43 14
87 106
48 128
91 43
97 197
79 58
64 195
80 192
59 104
84 34
36 95
19 141
98 64
80 125
96 42
19 46
72 68
89 59
33 121
87 69
66 46
69 118
25 169
62 79
83 125
49 31
22 42
87 186
88 145
48 24
73 190
38 46
69 25
16 86
96 30
75 96
37 85
97 141
45 179
44 116
56 157
53 112
95 98
41 129
59 52
81 64
52 25
82 133
35 16
65 41
60 176
98 137
73 197
57 126
69 109
15 77
73 22
100 98
52 98
11 187
35 12
49 25
92 184
13 102
89 178
64 70
98 104
52 35
35 96
58 96
89 36
36 104
21 142
82 192
29 61
81 23
66 94
48 104
66 198
90 89
19 173
19 150
31 168
57 20
60 170
67 102
31 69
63 87
82 41
22 84
82 123
71 147
75 147
20 84
60 67
65 140
16 134
56 151
88 87
100 199
71 89
49 74
22 140
51 24
63 73
57 86
18 38
44 193
90 116
39 162
54 83
35 56
30 13
67 130
47 180
18 158
86 72
63 60
76 48
55 26
29 16
73 119
47 168
73 41
61 30
93 78
22 117
81 155
24 143
68 31
66 56
70 33
87 76
67 163
90 193
90 46
40 103
46 65
32 109
30 166
91 112
13 77
93 180
63 160
47 127
68 87
96 34
71 112
77 15
97 35
66 76
37 28
11 48
90 61
62 192
86 121
85 104
18 143
89 40
46 48
91 148
55 152
21 57
31 94
70 150
16 104
68 13
10 16
33 26
73 42
25 106
91 155
10 140
39 127
70 65
41 149
97 90
63 176
27 197
22 21
66 32
38 15
79 58
72 121
45 101
13 126
56 106
23 50
93 22
98 37
45 155
75 102
40 119
65 194
76 181
98 83
59 163
44 60
82 100
56 150
67 123
40 41
53 191
31 108
60 70
23 101
20 154
89 81
43 92
61 199
84 144
29 97
11 161
32 160
85 161
62 95
92 28
63 146
100 50
97 42
66 200
16 147
24 171
79 68
64 135
82 169
15 138
42 196
26 55
52 24
60 108
52 110
22 78
11 157
52 120
87 72
34 166
100 115
50 58
22 20
35 39
14 83
21 65
46 131
28 77
92 137
71 97
45 145
66 136
21 126
98 111
42 187
54 29
49 12
73 118
25 104
72 191
91 157
83 78
73 177
40 75
95 186
25 25
11 148
39 30
51 27
37 106
74 29
78 149
39 45
91 66
65 34
36 117
98 146
45 112
73 195
51 79
39 161
23 109
100 66
70 25
41 104
50 109
41 67
44 167
85 157
77 64
49 102
94 184
76 199
32 182
67 115
32 173
93 189
16 196
51 54
97 151
35 154
13 92
81 173
53 157
88 104
30 132
87 12
89 86
15 53
26 25
48 163
47 55
48 112
49 49
82 104
34 125
99 115
91 112
92 110
23 37
80 101
32 52
19 73
44 104
86 17
66 118
26 128
43 165
56 34
69 39
81 25
99 198
48 14
74 38
48 189
35 161
29 24
47 14
86 153
33 69
59 70
20 174
93 139
92 70
89 141
39 112
70 75
11 129
96 39
27 37
25 44
25 151
26 44
91 10
60 84
35 168
12 45
83 153
15 100
60 158
51 134
80 40
43 191
99 144
20 160
35 92
30 11
87 95
66 19
11 31
54 155
88 59
52 174
68 17
24 46
68 127
69 57
92 22
82 160
40 111
14 148
44 157
69 57
89 16
61 160
66 171
43 71
77 148
40 53
96 108
24 165
18 125
64 35
85 102
53 115
17 126
97 27
62 34
88 147
15 152
57 112
69 63
78 164
38 17
43 179
61 162
13 184
41 176
48 45
29 24
20 124
28 35
40 67
88 59
84 133
29 131
80 168
83 17
87 16
81 13
62 174
78 171
26 50
86 187
50 67
72 58
94 185
83 144
70 176
67 76
79 48
46 165
37 12
86 180
56 62
97 47
61 147
36 13
99 176
59 95
79 22
25 22
20 47
21 48
85 172
49 142
27 133
39 46
29 145
84 187
81 199
83 54
71 63
36 154
83 69
35 70
14 34
49 99
11 60
74 105
55 73
13 62
23 19
96 196
73 136
18 172
76 59
12 100
63 117
33 140
76 136
23 78
24 125
21 53
93 126
29 50
61 61
35 59
81 22
70 67
62 79
23 103
32 98
92 39
16 69
46 180
35 21
25 177
92 45
82 134
37 22
84 193
49 98
79 155
55 117
90 102
80 71
61 114
28 42
12 163
29 156
70 117
78 42
20 126
91 158
15 60
19 54
32 64
23 94
95 97
11 73
91 19
86 59
99 115
20 88
55 13
66 63
10 33
25 58
65 16
29 29
86 28
75 132
12 81
34 134
72 70
80 10
70 152
30 24
49 163
86 200
88 158
34 108
10 191
62 173
71 183
51 86
35 109
27 104
66 76
88 170
41 77
53 37
12 72
86 151
30 188
99 191
39 33
96 170
35 76
21 43
54 156
16 103
95 148
32 87
92 78
51 172
57 91
50 39
84 94
10 200
23 130
75 48
86 132
46 190
43 193
33 99
36 185
45 55
80 42
45 189
94 32
57 98
97 13
62 89
48 130
46 191
79 100
68 56
43 89
37 72
23 111
79 51
53 197
71 70
44 72
57 182
17 41
94 52
26 50
83 153
34 40
42 73
93 193
66 195
12 177
65 175
71 71
29 26
57 155
100 117
21 157
44 156
76 20
86 53
100 172
72 52
13 139
90 176
67 34
86 34
65 58
12 131
47 67
12 176
37 77
11 83
20 33
83 43
90 79
94 94
90 82
76 73
32 73
52 187
73 40
76 141
41 63
26 197
62 62
89 176
83 107
90 175
53 130
41 185
94 115
48 92
53 37
92 52
78 47
81 19
88 92
95 155
87 43
23 109
93 188
90 46
18 177
31 45
68 27
20 149
50 121
60 164
71 39
31 69
11 65
68 166
21 28
71 136
37 115
63 169
12 184
21 18
11 25
35 110
59 96
46 19
56 154
55 198
63 31
81 82
94 157
71 76
64 180
83 79
42 89
37 19
13 75
17 54
44 115
36 167
94 55
55 60
84 192
28 14
92 158
28 120
64 145
70 132
46 19
35 63
50 70
38 184
63 133
58 25
95 13
53 70
19 11
91 101
23 21
93 59
88 12
70 104
25 177
86 116
44 36
93 129
89 106
90 53
84 161
65 98
48 93
29 66
69 145
12 153
46 84
13 147
86 192
38 55
65 98
26 199
50 173
99 63
56 60
96 129
52 186
71 28
69 50
63 16
63 62
36 163
41 182
86 44
66 193
81 186
53 94
83 57
32 154
84 179
87 38
71 67
93 167
45 137
84 12
15 23
26 146
62 22
88 128
37 122
40 158
92 32
68 134
75 129
72 34
30 134
54 35
50 142
48 120
61 53
82 65
86 200
23 64
72 149
11 90
72 124
70 21
78 88
90 48
80 54
27 114
19 190
17 23
70 153
43 31
40 77
12 84
94 130
26 132
44 141
27 15
21 58
68 33
40 184
95 164
72 199
35 82
45 38
57 119
51 49
89 30
32 70
97 36
70 63
43 91
93 169
72 102
63 134
19 196
13 39
28 21
41 58
73 25
86 178
43 89
37 118
71 177
76 34
37 169
42 183
12 146
47 189
17 21
67 185
19 83
83 189
61 51
81 199
52 123
17 22
19 46
70 154
56 108
100 47
44 130
69 191
45 47
73 135
32 145
32 87
25 134
68 156
45 134
64 63
86 152
90 101
31 48
92 200
58 97
39 66
49 133
54 113
67 79
90 49
73 180
83 107
44 23
81 109
69 15
29 24
85 80
12 166
31 34
99 87
47 56
87 159
89 65
87 170
73 154
60 192
51 135
50 45
99 172
81 139
82 150
75 156
35 112
89 182
87 109
51 79
41 77
36 177
84 144
91 88
52 154
55 51
45 21
95 81
78 73
64 183
37 185
42 108
86 103
71 55
33 192
23 200
11 196
100 21
25 143
95 79
39 23
76 198
43 27
71 39
44 109
50 169
43 194
87 34
28 200
55 142
32 24
32 102
70 139
35 171
21 56
14 190
31 182
41 138
13 86
55 134
52 32
36 123
39 44
68 133
87 25
24 77
43 37
60 93
31 125
51 68
31 126
62 84
52 66
33 150
57 32
57 172
35 29
48 91
21 40
74 118
98 88
34 128
51 197
59 102
85 119
30 92
72 39
75 185
38 31
69 82
92 39
47 119
24 137
43 155
16 45
51 65
57 100
60 81
58 69
86 17
72 176
65 43
14 109
57 145
90 153
26 196
21 69
60 62
65 136
24 37
62 101
38 115
93 118
33 109
61 11
100 177
41 36
29 14
93 38
40 110
17 187
79 184
73 63
17 116
47 96
63 182
13 56
87 30
96 126
100 185
45 66
42 105
25 172
74 72
53 101
69 33
22 98
96 176
92 118
40 163
50 55
90 43
100 84
66 108
12 36
31 150
26 54
76 28
40 28
65 90
15 61
97 27
33 141
29 123
20 127
15 105
14 50
30 116
87 45
26 147
13 128
52 197
64 15
77 40
83 105
40 164
81 54
69 150
44 48
44 87
10 147
30 180
97 164
72 133
89 130
89 113
89 40
91 51
21 169
62 112
24 45
45 95
44 99
24 141
17 106
85 123
60 53
22 105
18 18
56 37
35 151
69 18
37 116
45 70
80 197
59 191
52 69
15 166
23 142
81 117
41 167
38 156
87 176
10 49
50 88
19 166
16 82
68 62
37 77
45 115
63 116
28 149
50 35
16 132
16 41
47 36
15 100
56 62
41 42
50 80
83 20
36 23
91 63
86 124
97 19
51 47
41 179
80 99
56 100
98 170
36 113
80 195
35 10
86 121
62 169
64 28
11 81
86 94
46 129
36 108
56 68
17 85
63 152
85 71
36 49
87 26
80 103
19 199
18 89
88 179
84 154
67 36
94 60
94 12
24 172
35 139
77 76
73 120
83 42
10 91
94 87
87 76
16 161
95 104
54 37
48 97
87 101
39 59
21 87
74 174
32 14
21 131
95 170
37 119
58 97
12 126
41 150
78 154
85 110
25 172
17 152
29 184
86 35
38 69
98 137
85 182
63 167
82 42
59 28
52 182
63 195
58 88
43 121
95 76
78 111
73 33
53 128
42 171
67 92
88 86
88 94
10 181
84 45
25 40
55 17
50 168
20 118
65 167
13 109
52 126
85 125
28 115
33 178
29 49
10 160
70 132
42 36
93 148
16 169
22 124
74 20
85 199
76 158
54 32
24 51
22 119
74 97
91 84
18 154
12 177
26 69
60 178
22 42
38 200
22 146
96 29
65 35
50 106
83 35
73 93
16 98
23 108
42 58
93 102
76 126
76 136
46 30
68 124
41 82
40 128
99 68
19 174
70 186
56 121
15 50
66 153
30 15
54 166
99 42
29 86
57 180
84 188
29 169
15 105
100 56
84 89
34 191
77 52
14 175
26 39
14 188
85 197
78 43
49 100
92 51
13 77
25 19
58 73
91 188
21 49
25 43
13 192
50 12
23 30
66 49
64 46
37 64
57 74
93 26
44 37
81 162
12 132
88 12
40 193
40 16
85 77
63 183
20 117
85 146
57 184
25 41
73 43
75 106
20 35
41 71
68 33
55 10
17 47
84 195
73 24
15 94
85 116
62 172
72 60
82 183
86 101
56 107
12 152
40 63
51 169
30 60
46 191
42 191
70 86
53 111
55 61
16 13
81 70
88 21
30 113
87 199
28 38
80 182
63 152
98 178
44 12
39 155
93 133
86 74
50 174
75 130
50 192
88 45
66 129
52 25
97 72
55 89
34 163
100 124
98 149
17 55
77 195
37 166
71 189
48 179
14 58
33 40
20 85
55 100
49 122
26 89
89 151
40 149
59 104
26 70
89 17
68 25
87 159
51 195
34 64
85 131
28 125
100 173
82 36
68 80
67 32
82 175
18 171
86 130
68 17
94 138
52 127
39 92
74 179
48 31
32 80
36 189
94 114
41 49
96 77
58 132
46 99
71 94
69 73
92 177
21 12
46 139
100 112
54 13
18 128
34 188
78 200
43 25
11 159
100 96
36 195
75 147
51 168
80 197
55 53
99 133
19 131
28 197
73 136
99 166
81 78
20 62
99 151
46 33
44 175
22 179
94 181
42 83
86 177
70 10
46 96
97 118
12 48
81 81
13 136
56 60
27 190
59 103
90 32
78 93
40 89
57 165
39 186
84 39
27 161
56 34
21 185
35 94
84 78
15 28
10 33
34 39
45 33
42 175
41 101
21 73
25 151
58 94
19 119
33 142
85 197
54 147
47 131
35 56
48 27
72 34
56 18
29 84
96 60
41 109
88 161
97 175
73 31
20 91
49 35
73 62
75 21
45 77
21 83
97 162
27 63
24 162
26 92
80 104
20 138
10 137
26 197
64 31
68 23
35 11
71 135
56 135
40 106
20 109
78 146
64 122
74 100
31 93
74 141
28 168
21 20
45 189
43 37
81 79
35 143
34 132
29 178
95 67
34 89
63 106
75 81
96 77
20 145
18 175
81 146
31 198
73 68
83 39
27 26
32 179
31 31
11 58
36 19
62 127
26 126
24 167
95 94
93 189
53 194
52 136
54 150
24 161
55 140
85 147
77 119
41 137
80 79
11 162
54 144
82 52
96 132
61 65
69 95
58 77
70 39
44 71
53 180
94 17
35 65
87 119
12 123
64 136
76 83
14 145
45 175
53 86
82 26
84 167
73 17
78 21
21 89
73 68
86 170
80 31
62 73
77 198
47 38
62 30
21 52
96 128
15 174
50 146
68 190
53 123
45 167
89 86
58 82
37 180
82 40
71 75
36 184
23 110
94 28
48 122
95 95
25 109
98 98
49 79
69 200
58 105
38 171
22 87
25 146
45 116
19 66
56 79
70 75
71 82
43 131
32 198
32 87
90 127
28 195
48 83
100 41
16 13
60 180
39 98
86 168
34 123
44 15
94 116
48 23
30 17
90 12
35 12
52 155
96 86
33 147
37 186
56 181
23 33
26 122
80 129
26 146
22 134
83 86
27 31
87 58
28 87
53 87
14 163
84 40
82 11
60 29
93 177
16 29
75 14
20 142
87 52
21 28
13 59
68 47
41 25
85 132
83 169
28 183
85 72
13 191
35 21
93 60
32 64
86 62
84 43
67 44
86 102
85 83
89 179
36 53
22 38
95 96
10 37
100 149
40 135
32 162
29 171
45 177
76 136
64 136
80 53
99 75
25 76
71 139
52 69
49 48
71 10
39 115
18 56
20 148
95 23
67 148
19 188
81 62
49 196
60 113
81 12
46 36
57 126
62 123
68 169
43 125
97 138
100 50
64 136
70 186
14 142
88 156
54 100
24 95
28 27
74 133
48 197
21 120
81 146
20 173
37 46
39 127
25 171
55 180
11 178
90 56
67 120
46 91
61 40
67 105
88 195
94 121
13 40
85 179
95 116
85 133
11 71
71 170
16 71
58 160
93 157
94 10
40 60
33 108
54 110
32 183
83 105
84 138
47 156
33 176
80 90
25 89
49 12
60 13
28 50
79 133
34 191
87 117
66 67
54 154
25 92
30 114
17 38
47 166
89 11
85 121
96 93
48 63
66 101
15 180
85 52
20 181
19 88
72 127
32 155
47 133
17 15
99 77
35 110
32 93
86 195
82 24
33 56
41 195
98 178
35 109
30 130
91 106
96 199
68 175
95 125
28 43
89 166
43 17
42 164
91 30
36 148
62 68
71 155
11 163
93 102
13 196
35 174
68 62
72 146
66 191
57 156
85 43
27 156
76 40
46 186
93 100
54 138
85 171
64 63
100 69
75 27
85 200
22 200
48 15
95 109
67 58
50 52
12 199
85 132
42 117
97 111
19 94
42 186
45 153
96 19
68 26
63 98
88 48
21 120
75 63
38 72
73 105
99 192
99 133
16 154
31 84
28 78
33 102
88 54
73 147
65 88
70 112
46 31
18 94
45 25
79 181
41 79
14 22
97 10
39 38
59 39
31 39
54 124
92 14
75 30
94 74
95 157
73 106
74 148
14 162
27 159
99 72
14 72
50 120
31 73
29 70
93 104
21 31
58 96
94 38
29 199
79 68
14 100
35 155
86 175
67 53
93 102
60 14
85 43
61 58
80 94
67 52
85 60
35 36
97 142
45 84
32 200
56 139
29 127
85 180
37 52
71 78
70 160
80 108
30 28
41 165
75 95
89 143
38 123
71 114
58 76
12 48
84 130
70 187
56 91
33 170
59 20
66 99
78 142
90 16
93 175
78 137
81 199
42 37
96 91
96 29
36 150
33 54
74 87
38 148
64 27
29 122
72 199
95 30
46 40
63 166
31 198
22 96
59 172
74 139
75 107
61 41
84 68
73 148
94 137
57 134
41 56
33 36
77 88
68 38
65 104
68 145
24 97
50 141
89 29
44 165
63 80
26 26
79 125
20 104
15 103
46 38
59 126
12 47
87 132
64 166
54 91
53 171
66 16
59 112
87 33
70 173
88 116
49 84
37 176
17 93
79 58
78 71
23 28
25 31
13 195
68 50
27 141
42 107
30 165
90 172
47 107
56 156
61 178
16 75
70 60
83 52
67 122
38 126
57 42
97 155
49 156
34 135
91 37
12 43
20 72
82 55
68 25
98 12
49 62
16 167
43 57
20 64
66 144
97 175
72 127
90 34
73 147
39 191
43 22
38 41
50 105
26 74
26 88
89 112
80 166
37 74
10 108
76 58
65 130
42 93
28 196
100 173
45 120
18 182
87 40
47 37
35 99
97 54
39 20
70 161
43 77
48 43
60 197
100 92
12 157
14 26
26 114
39 138
96 174
56 177
100 154
72 139
19 148
38 73
17 183
20 156
57 79
47 56
35 123
85 46
94 135
75 98
18 73
89 71
13 189
13 71
54 72
53 15
60 36
66 168
79 101
71 89
88 156
96 112
70 118
66 192
85 200
90 91
98 159
24 130
39 21
30 88
55 44
100 115
18 162
35 122
95 26
39 98
29 181
20 94
31 147
15 184
33 187
26 62
36 70
86 91
20 27
10 198
42 83
70 188
28 37
91 141
17 154
20 69
17 38
25 75
60 60
62 165
79 167
67 12
34 53
86 151
75 105
99 165
12 104
57 44
81 83
97 29
29 34
78 14
91 63
83 59
40 150
50 171
38 62
39 165
39 109
59 187
64 108
73 12
42 147
50 177
83 42
27 100
71 106
56 141
68 195
82 71
35 57
33 105
17 35
41 36
40 28
12 137
100 17
77 172
58 198
34 27
80 166
60 140
63 42
28 29
43 114
45 25
84 121
84 70
85 10
91 101
67 130
89 189
68 188
24 136
81 130
37 46
53 114
27 178
92 78
53 26
98 108
18 143
19 173
35 17
32 142
35 46
17 135
17 31
78 16
72 129
88 131
89 74
48 162
63 34
14 69
26 44
56 126
46 38
42 33
22 115
49 143
15 58
23 29
49 42
61 57
29 14
35 147
42 66
77 163
65 14
63 175
84 41
31 68
37 19
54 104
26 78
13 119
12 135
60 27
88 185
78 150
22 118
78 88
38 70
65 108
89 115
36 134
16 172
55 14
19 105
100 150
91 166
73 143
47 197
98 111
98 77
58 192
95 21
81 182
96 164
25 168
43 162
19 46
62 138
45 180
25 171
23 81
65 19
26 80
73 195
52 39
15 84
96 78
14 122
87 189
92 161
48 197
70 102
36 120
38 83
57 137
32 50
76 10
73 52
14 86
69 82
31 130
36 158
91 73
19 101
41 198
42 61
51 26
52 36
87 35
65 57
50 196
30 23
91 169
34 98
18 124
68 183
83 170
73 73
35 63
50 116
100 46
24 54
47 142
81 19
63 33
30 195
49 199
44 47
22 74
87 43
23 149
77 63
66 200
70 173
48 133
73 134
55 99
15 52
15 103
41 72
48 162
87 189
81 75
79 149
52 14
77 170
36 51
25 115
56 170
45 124
57 41
58 92
20 57
73 182
66 39
47 120
82 133
53 195
18 178
56 180
49 190
79 178
39 194
30 124
41 24
95 87
53 117
70 176
69 147
80 158
10 54
91 19
67 28
44 27
64 190
89 199
93 168
96 41
78 91
32 145
61 24
23 172
32 44
68 139
80 148
79 178
80 16
24 44
66 22
75 52
28 80
50 34
47 70
95 29
77 43
49 99
43 17
42 10
26 61
19 53
63 56
38 44
38 16
42 108
27 151
40 96
87 22
19 111
41 198
64 77
30 116
100 110
46 58
45 186
57 92
20 130
22 80
68 43
16 85
98 149
71 113
87 100
71 176
98 50
100 153
36 35
81 105
63 12
46 88
41 84
69 69
28 151
15 21
31 47
50 125
63 167
18 73
47 196
44 89
98 43
59 175
81 122
39 25
73 53
95 156
31 95
72 176
43 176
52 51
15 105
99 51
28 46
16 150
66 197
63 77
48 114
13 120
68 142
24 173
70 83
60 134
34 165
94 35
79 118
48 197
91 86
52 128
71 196
91 176
25 127
53 75
28 115
98 89
14 186
42 85
47 32
28 58
94 162
93 150
73 194
56 135
40 15
89 24
35 151
54 68
86 86
67 153
69 162
16 91
40 114
100 37
58 27
11 167
92 180
23 79
88 106
81 75
46 110
45 178
65 122
21 173
11 191
71 20
97 156
96 121
43 110
29 70
76 54
95 106
78 187
85 28
56 32
46 25
51 25
26 15
86 60
19 179
32 124
73 24
74 133
17 13
79 104
23 160
21 100
38 194
42 83
54 191
41 149
97 60
50 52
88 145
67 86
38 165
94 156
17 100
31 136
54 143
68 188
71 200
92 10
68 18
20 58
39 11
81 58
88 182
11 182
72 23
52 116
19 88
26 180
28 172
21 124
63 189
93 60
58 20
85 34
71 135
53 49
64 100
89 40
16 40
96 52
74 100
57 75
82 50
26 199
36 13
35 149
69 54
76 11
11 81
95 127
18 130
89 185
33 106
39 124
46 79
33 33
72 145
18 168
15 165
71 50
78 131
84 181
77 41
63 84
72 40
66 140
58 42
69 11
47 14
37 118
33 134
55 74
57 60
65 107
14 51
57 13
48 158
29 191
52 167
18 122
56 119
21 200
45 29
49 132
78 148
82 128
53 11
22 172
70 55
26 98
83 47
57 111
13 108
98 14
74 19
86 114
96 200
88 122
77 158
39 95
28 115
35 200
26 14
35 22
40 93
24 189
77 55
96 146
63 44
52 70
24 97
56 194
34 131
13 158
86 182
34 15
32 65
39 56
59 51
89 162
68 191
28 85
36 92
78 20
33 23
78 171
19 76
21 50
84 123
23 106
74 50
37 44
97 160
98 17
83 171
25 156
14 162
84 27
74 126
82 192
97 130
99 93
10 170
66 45
87 130
16 40
81 118
19 118
99 198
49 100
73 115
30 150
61 130
71 142
45 70
85 16
28 139
11 38
18 53
66 43
100 80
72 187
69 181
20 87
14 29
11 168
40 77
16 54
15 151
41 74
100 163
83 32
25 23
63 52
67 168
46 62
16 193
100 34
52 165
59 173
86 111
49 163
98 102
32 196
12 46
17 84
42 185
45 143
90 179
99 86
42 91
76 14
68 30
40 100
48 184
82 191
11 56
11 93
56 13
12 43
87 193
59 91
25 45
93 27
55 17
23 181
14 85
52 25
65 67
45 90
34 199
90 157
27 77
35 46
78 172
30 141
63 41
62 162
90 54
45 134
62 105
47 193
47 121
93 107
89 122
68 49
71 110
11 19
10 89
24 78
80 191
58 46
40 61
73 142
82 30
80 200
29 179
63 127
87 31
31 120
46 63
50 108
99 199
58 184
41 15
94 182
71 114
16 49
78 68
47 136
13 77
93 57
23 171
52 189
64 50
37 11
24 112
32 110
83 69
37 41
16 188
88 114
35 83
40 132
91 178
62 73
57 45
43 123
25 116
33 52
20 41
95 103
91 174
63 75
61 139
50 128
74 162
97 93
48 39
10 28
13 103
49 61
69 34
46 189
29 107
80 140
29 105
43 103
18 67
46 154
11 117
89 167
76 157
73 156
20 74
69 24
52 87
53 149
15 93
22 95
21 189
80 127
29 89
13 14
34 40
59 187
34 61
64 46
85 33
40 25
27 19
89 108
70 148
43 51
85 15
26 51
10 13
90 109
35 19
74 83
41 71
49 18
87 43
81 173
93 90
83 198
74 92
42 39
67 173
89 92
47 59
100 194
65 124
46 189
81 14
12 26
22 152
56 62
17 124
32 95
65 66
36 169
40 18
88 10
22 121
10 12
45 47
22 75
52 97
52 160
48 147
24 42
76 54
21 127
60 141
100 47
66 125
69 190
19 34
18 136
50 103
44 136
34 133
47 167
85 86
25 186
23 146
46 144
62 156
35 33
18 126
53 137
22 97
86 174
32 137
70 65
65 68
19 46
76 22
82 63
24 173
47 122
89 110
27 151
57 191
79 173
40 65
55 157
98 79
54 72
87 82
17 90
80 161
57 152
52 150
32 72
88 96
57 61
32 114
42 82
80 198
98 20
97 30
41 14
46 162
93 149
61 47
37 195
42 198
66 172
21 25
12 91
74 70
91 129
87 189
37 77
97 121
55 70
40 119
12 84
34 186
98 135
57 105
79 30
71 140
89 71
86 78
97 88
68 161
17 111
73 82
37 156
32 131
79 178
31 135
37 142
93 106
95 164
22 71
55 146
34 29
82 178
14 35
85 57
28 115
80 156
52 181
76 12
14 171
35 173
15 63
99 46
13 35
63 12
82 16
24 141
68 199
78 145
91 196
98 18
70 173
25 120
100 119
86 85
62 123
56 16
53 185
27 178
46 74
88 149
51 150
87 128
61 30
97 194
80 86
76 170
33 19
25 32
99 76
90 38
38 178
43 18
53 131
91 24
93 188
33 119
44 96
31 129
38 152
63 176
75 167
20 86
83 100
47 147
90 38
57 177
89 85
25 20
66 172
83 76
48 40
18 140
80 74
93 86
20 11
78 75
47 50
47 19
77 82
26 127
37 175
10 137
79 89
19 109
48 193
55 62
24 181
84 193
56 81
64 92
48 174
14 94
47 130
30 197
52 80
97 133
35 27
57 127
38 37
10 200
20 10
79 74
72 75
45 57
56 179
84 50
58 117
96 188
93 58
34 70
25 108
76 173
43 84
71 74
51 169
65 153
80 168
66 193
59 105
32 10
64 31
62 57
57 196
32 29
72 51
46 171
40 104
17 139
60 108
61 112
11 141
78 66
59 103
50 163
99 120
76 124
41 56
90 124
84 60
90 94
30 53
22 115
63 73
50 170
60 99
39 69
80 179
59 159
67 197
99 100
34 127
80 79
10 39
15 23
43 157
56 33
83 37
94 192
50 12
37 93
61 63
23 152
35 100
31 135
88 53
20 33
57 92
39 165
22 117
21 53
38 129
36 118
51 35
35 99
26 69
53 172
81 179
16 197
55 77
25 186
73 178
17 133
79 133
57 34
81 119
10 158
51 166
100 46
55 196
45 72
50 139
47 29
16 10
91 16
97 169
58 40
94 32
15 36
65 82
27 48
46 172
72 81
53 114
78 149
59 73
86 16
63 98
84 163
93 73
48 18
96 183
75 199
77 32
78 182
59 129
95 138
21 47
45 58
90 147
79 82
89 61
48 44
49 136
92 68
58 188
47 83
51 136
58 197
72 149
76 84
30 29
80 20
35 52
22 60
91 109
27 30
17 64
11 130
12 83
14 41
85 107
29 62
43 16
69 190
66 80
89 76
68 129
45 30
46 167
35 181
65 56
86 56
33 87
99 143
42 185
11 74
71 109
68 145
60 197
72 114
89 73
29 19
82 65
66 162
37 133
33 140
59 165
81 133
59 161
70 55
45 93
71 101
54 45
73 151
29 23
47 174
58 43
26 77
83 45
73 186
90 45
65 168
68 111
84 74
77 19
18 82
41 60
82 115
17 40
70 192
15 141
60 151
35 171
18 116
76 121
43 195
39 47
67 178
59 106
78 63
21 14
11 16
27 151
54 193
90 30
78 55
83 171
74 157
68 88
41 168
79 16
98 177
52 146
32 23
69 49
91 156
48 76
48 151
74 148
16 29
69 148
38 129
76 114
76 103
10 191
76 22
62 32
13 71
54 186
14 40
88 25
18 121
49 22
17 108
12 35
93 150
24 22
93 136
48 197
86 162
93 99
81 14
51 15
20 133
19 25
34 47
36 193
12 122
52 29
51 188
49 190
96 49
80 59
53 172
19 13
29 64
53 128
72 67
84 200
15 146
24 176
69 56
34 162
42 26
43 41
47 57
43 185
46 76
30 115
95 110
44 193
58 41
77 98
98 53
65 111
69 134
58 193
46 97
99 192
22 157
24 161
77 96
55 166
88 200
82 32
67 19
58 117
29 157
98 183
47 146
46 20
58 22
97 81
40 180
34 45
52 160
27 184
23 141
58 61
100 28
45 93
55 142
98 99
44 36
17 98
74 187
13 73
11 134
78 109
20 81
100 70
67 161
44 107
52 23
43 85
31 85
71 90
88 190
67 115
26 83
28 41
81 155
74 90
84 91
39 44
33 176
19 23
18 192
87 59
99 123
10 68
24 146
22 46
57 150
49 173
16 197
26 113
15 152
32 105
21 182
100 48
53 88
50 116
24 26
74 106
73 143
60 158
62 135
51 44
14 188
45 128
73 87
60 11
67 33
30 115
60 89
38 16
91 59
26 90
68 130
81 57
26 194
80 194
66 52
87 55
36 89
43 67
99 35
40 25
55 187
60 107
96 128
70 64
30 78
54 95
75 195
82 136
28 168
69 160
99 11
70 71
94 200
13 99
75 187
21 127
20 88
33 69
76 159
92 13
41 110
47 78
87 61
97 115
96 156
14 60
37 101
99 68
93 71
77 169
99 114
87 51
38 119
79 29
29 77
100 147
32 165
29 81
81 51
39 89
97 82
87 175
70 82
72 117
50 42
82 21
15 193
20 160
58 15
47 31
76 78
90 59
46 15
69 102
50 160
57 74
57 120
34 79
82 102
95 156
60 94
32 101
61 50
98 41
85 84
11 128
45 74
20 15
26 172
61 169
56 88
66 15
68 102
82 42
11 93
87 149
69 154
79 106
14 123
54 71
75 65
12 148
62 40
16 52
72 82
98 155
92 97
30 11
16 66
24 14
95 31
32 147
73 24
99 22
77 55
83 155
23 115
77 61
25 99
53 147
14 135
68 175
67 82
72 42
54 42
43 109
13 20
28 60
66 143
69 162
32 168
64 120
91 40
74 49
77 95
18 144
84 130
94 95
28 94
76 163
67 185
36 11
91 139
99 51
34 168
15 113
19 164
17 62
25 24
31 167
62 131
36 172
69 27
49 84
10 14
21 81
50 130
91 37
55 156
50 162
20 125
51 80
94 140
45 126
94 77
11 84
75 23
53 79
37 134
84 17
33 43
21 171
97 183
30 31
55 119
84 105
96 122
10 166
46 151
99 36
81 26
47 46
16 199
89 136
99 134
88 92
31 53
21 130
64 103
68 17
28 199
90 99
39 131
67 171
51 168
68 120
44 150
77 67
58 114
10 102
54 158
95 37
49 111
55 58
64 174
38 47
81 190
22 114
34 22
11 22
60 125
60 18
73 131
61 44
18 68
95 127
48 186
54 47
21 154
16 122
38 196
73 99
26 117
45 127
44 108
79 153
68 115
14 141
28 36
25 102
25 177
15 153
61 194
67 59
74 129
100 74
71 152
38 131
38 18
54 40
36 39
29 14
24 144
88 180
52 142
32 107
75 144
47 102
12 93
61 106
94 166
42 180
13 199
68 28
96 10
66 168
60 63
79 27
36 139
71 189
32 121
99 19
10 20
49 23
29 106
42 159
78 133
40 31
97 91
75 161
89 120
40 186
42 121
76 192
38 52
100 151
19 142
73 49
23 116
75 77
76 25
18 127
44 38
50 101
62 41
87 75
71 32
52 167
89 85
88 46
44 14
93 112
11 23
25 119
94 57
20 184
23 86
38 42
30 102
52 54
55 60
49 127
54 192
46 69
35 95
75 24
37 159
38 66
49 100
69 122
59 183
65 19
62 37
84 195
34 27
27 105
26 180
21 172
20 158
29 68
98 11
30 142
78 200
79 131
64 196
21 67
26 170
12 90
86 161
23 169
74 146
14 77
60 138
22 118
90 123
86 138
89 80
74 106
64 122
45 190
53 101
58 138
49 167
64 110
99 125
97 106
70 185
24 16
43 43
71 38
85 122
36 123
62 112
92 93
69 77
24 184
99 173
44 81
48 183
71 67
37 80
34 189
48 179
97 198
54 163
30 20
77 45
64 76
74 196
34 192
98 84
54 83
73 140
97 18
48 156
73 51
14 81
88 89
61 78
87 93
14 156
43 137
80 80
73 160
32 14
86 160
99 170
43 158
43 18
45 30
60 62
35 21
68 123
70 13
60 30
87 75
80 43
45 189
98 36
66 10
31 142
12 142
97 47
53 41
92 108
90 63
22 167
69 136
90 188
24 124
11 79
14 15
48 22
57 46
37 185
27 124
26 51
77 59
45 29
68 155
71 186
41 108
34 105
79 63
55 25
63 99
20 188
17 27
87 141
19 92
76 145
71 73
74 114
30 95
83 55
99 81
98 101
52 184
55 43
45 87
77 67
74 165
45 124
99 75
99 90
44 11
61 16
83 41
31 17
60 75
17 18
20 94
50 147
53 105
46 157
21 83
11 12
62 89
29 51
67 34
85 156
17 177
85 100
33 104
19 199
73 183
57 138
47 139
61 187
54 108
40 69
72 10
13 28
41 41
47 109
66 44
79 113
30 70
26 72
32 133
15 177
14 99
94 34
21 42
41 93
14 28
47 121
67 67
64 152
90 51
22 175
49 159
29 140
55 113
38 35
34 93
89 194
95 160
43 41
53 81
87 154
63 120
88 140
75 78
80 118
14 185
73 26
47 23
75 183
54 179
85 14
99 20
32 75
72 68
24 15
57 74
35 38
89 76
55 13
63 102
43 84
43 57
74 29
61 99
34 18
14 19
45 183
45 86
76 43
87 198
85 105
55 28
32 99
86 144
22 81
27 67
32 143
61 99
94 175
99 164
80 109
91 70
86 46
46 160
96 134
52 161
45 73
52 14
56 116
97 108
39 36
22 163
91 79
20 153
12 71
29 101
38 132
60 82
61 129
75 90
44 42
89 112
93 72
45 111
68 129
32 186
72 196
21 168
35 200
100 162
57 57
72 61
54 46
24 191
81 18
24 71
86 165
94 190
98 155
43 36
87 130
79 60
64 160
74 22
37 159
79 73
18 36
85 15
35 79
84 81
52 120
85 150
28 158
32 132
33 60
97 186
85 192
31 127
81 106
53 154
31 113
55 91
88 164
17 77
93 136
83 142
16 111
51 173
98 51
66 193
93 106
95 102
17 88
41 113
37 180
59 69
85 128
13 97
61 111
11 145
82 133
67 135
13 20
38 145
44 77
49 174
36 158
66 113
75 139
84 50
60 126
22 54
64 102
70 156
53 126
84 71
18 30
39 135
57 169
39 92
78 60
81 39
74 176
100 53
60 11
13 75
79 46
17 193
58 103
56 163
11 92
52 98
42 96
47 144
10 146
98 100
17 135
44 12
78 137
84 67
80 14
11 108
29 95
91 200
49 92
41 38
93 40
76 108
26 24
40 11
52 121
58 155
69 96
58 178
89 78
91 182
44 20
26 122
64 11
95 116
32 128
15 110
35 114
12 127
56 81
85 110
87 95
75 47
89 66
17 34
80 102
99 38
53 116
40 62
47 115
72 53
77 133
47 65
20 162
15 19
98 154
45 34
87 196
92 72
58 129
14 39
98 123
67 199
43 60
20 168
48 49
66 51
76 186
79 63
68 110
32 11
92 12
12 145
39 140
15 103
93 124
94 154
93 20
57 97
75 34
69 58
65 118
54 90
90 196
80 72
33 36
75 181
32 142
18 80
71 176
65 14
13 127
70 158
72 155
30 199
46 152
22 74
39 167
58 186
14 118
92 90
92 143
69 26
97 61
92 200
17 91
47 149
30 184
69 168
86 195
92 139
95 65
48 59
86 10
32 37
86 114
45 106
44 31
17 152
98 61
61 131
71 177
42 195
67 198
47 142
54 171
90 181
96 126
89 100
50 96
88 88
35 66
29 55
53 127
99 182
15 192
72 164
19 13
31 172
69 141
81 45
96 14
23 180
61 77
89 122
77 198
89 163
62 14
87 163
62 81
71 152
61 77
97 62
27 73
100 124
85 158
61 159
50 197
88 157
93 18
64 58
69 99
50 90
23 95
51 77
75 17
59 59
34 157
21 199
36 178
90 77
91 125
71 162
41 187
57 38
51 18
73 53
62 141
56 54
49 198
67 22
89 163
65 111
34 26
27 160
50 98
87 173
20 107
87 156
70 75
54 109
16 91
47 34
39 106
60 57
16 22
17 130
96 176
70 115
10 184
42 39
57 145
97 116
94 159
34 134
79 98
90 150
95 37
16 10
83 75
27 80
46 184
46 61
22 84
24 172
56 83
80 183
56 57
32 69
59 12
65 82
87 57
76 78
44 27
30 84
10 193
31 191
34 198
42 156
89 60
22 182
29 172
46 152
67 83
77 55
77 35
70 197
49 193
98 11
43 19
79 146
28 60
43 30
83 31
52 150
48 124
69 36
18 117
59 158
36 42
17 141
84 174
83 162
75 56
31 29
62 91
14 110
62 144
86 42
93 127
31 90
55 158
77 180
58 138
93 108
78 163
12 58
40 30
83 146
83 26
39 175
66 173
77 115
60 35
78 125
54 173
45 23
52 164
25 26
10 153
100 92
71 16
38 94
13 173
85 124
94 25
83 162
73 25
93 148
76 45
38 23
86 142
44 160
49 74
90 50
30 165
44 175
16 116
71 51
100 120
59 121
86 107
69 167
55 171
45 185
48 29
12 66
100 79
23 109
59 66
14 12
17 103
33 24
73 88
87 141
13 52
82 177
41 177
64 94
27 100
15 196
35 98
68 101
70 143
90 131
100 171
25 52
58 175
84 125
59 143
19 104
69 138
68 179
20 44
48 83
84 162
19 96
40 197
59 70
21 18
46 160
21 190
44 95
62 111
53 27
13 75
36 83
69 45
89 139
79 167
69 57
43 113
33 53
18 152
37 69
47 149
56 182
87 74
81 102
70 107
22 51
48 106
63 28
59 50
48 41
78 169
52 156
11 31
48 33
74 135
55 176
10 134
85 42
54 76
88 195
51 119
13 189
12 12
21 177
71 185
52 80
83 96
22 78
86 79
93 155
88 185
86 130
64 130
37 137
89 140
48 22
42 189
99 117
34 38
21 87
86 102
96 19
74 15
51 171
85 11
34 109
97 77
77 147
42 21
31 24
100 58
40 54
36 80
38 82
10 76
54 164
66 116
16 200
75 83
14 26
16 116
48 91
47 175
26 11
100 154
26 182
69 117
93 71
47 39
55 116
32 145
87 95
65 74
43 25
13 85
15 52
38 10
76 196
48 13
71 184
92 87
62 182
96 43
54 180
37 38
96 190
24 18
10 55
92 191
35 95
44 125
30 89
63 114
64 122
13 125
65 96
37 113
17 27
34 141
81 62
77 158
38 164
75 148
87 113
89 101
77 36
68 157
22 163
19 20
85 199
27 33
34 181
30 162
40 126
57 47
32 93
13 50
41 13
52 87
61 127
92 114
80 194
52 89
42 152
31 83
91 78
30 45
55 64
57 77
57 143
22 179
53 153
93 82
57 16
64 94
38 159
63 107
30 112
63 151
28 107
43 36
85 152
88 54
29 111
78 16
27 78
18 102
31 34
17 30
99 177
13 17
80 178
98 108
70 144
25 166
97 103
23 68
91 128
36 81
24 76
86 104
19 115
65 18
58 23
73 24
96 187
100 124
95 11
92 53
19 101
68 39
82 75
12 70
45 53
82 53
96 72
54 86
77 187
46 138
80 145
99 20
10 27
67 94
58 199
58 186
28 21
53 114
60 157
34 123
47 159
72 163
52 157
65 197
88 177
71 186
35 108
96 73
83 151
29 166
74 160
78 69
18 188
54 102
38 22
81 19
10 12
89 22
84 42
89 145
16 187
92 151
44 125
29 63
66 23
74 45
41 170
85 189
71 120
71 167
34 126
54 124
19 147
40 130
85 167
27 40
40 25
48 91
59 47
54 58
68 185
17 78
68 40
11 155
48 168
53 104
77 96
59 43
93 176
96 87
71 59
31 139
31 142
92 36
90 186
21 83
25 21
56 146
37 38
37 23
83 42
100 133
41 180
61 14
65 150
64 119
33 29
53 117
18 98
51 184
43 70
18 76
43 61
95 145
38 134
62 129
29 119
86 116
37 48
46 97
20 10
43 40
12 106
50 34
48 111
34 121
52 95
56 52
24 30
73 57
90 188
26 119
49 36
31 48
11 166
84 83
84 162
54 39
67 81
22 105
48 70
48 175
97 12
39 101
99 56
62 198
89 145
59 184
43 163
30 66
63 179
19 116
85 74
49 29
74 29
18 149
25 162
29 87
67 161
85 17
76 169
69 93
41 142
18 105
23 99
71 54
97 122
40 39
23 170
48 152
20 195
25 121
65 66
63 163
55 198
13 76
47 27
85 101
53 36
14 85
85 179
60 45
72 154
41 107
48 146
34 155
34 193
10 140
84 95
38 119
64 94
59 101
67 188
95 92
53 41
94 182
37 140
35 131
59 92
46 60
99 129
72 20
73 124
38 23
90 74
86 144
24 160
17 90
95 80
17 183
64 162
37 142
16 13
52 60
45 121
79 188
20 160
28 183
22 170
94 92
39 149
18 44
39 136
51 100
80 118
87 161
59 68
87 24
39 187
47 31
42 197
70 148
65 38
90 61
99 148
96 84
78 21
98 48
82 63
57 198
96 42
21 72
20 82
36 15
53 195
40 167
51 67
92 191
89 87
100 114
80 15
77 143
62 127
80 17
21 163
22 173
87 185
78 138
48 165
63 147
39 23
77 194
94 70
12 187
65 56
85 194
60 109
17 121
89 161
73 36
40 177
33 139
88 66
76 49
31 63
27 33
86 121
57 168
41 53
77 128
24 97
56 172
75 79
66 52
66 64
80 196
93 99
38 23
67 54
70 51
97 48
12 195
97 134
77 161
35 181
49 75
67 54
93 94
74 172
58 197
13 35
15 111
93 170
40 145
64 199
11 164
49 81
58 48
79 185
89 181
40 131
69 41
85 135
92 120
74 82
67 199
93 151
36 75
32 76
98 177
65 27
100 154
28 119
11 103
82 44
27 89
80 173
72 162
11 66
92 36
28 40
68 89
84 177
95 145
60 17
92 161
54 83
45 146
10 150
87 139
53 144
20 170
16 160
13 46
61 33
99 176
54 140
89 66
24 61
97 180
92 165
15 116
95 76
35 83
14 121
94 30
41 60
97 194
11 143
72 35
59 123
94 51
54 108
56 190
27 151
95 49
19 131
72 175
31 37
25 43
34 90
99 57
38 74
29 172
59 101
17 195
79 50
36 119
45 164
53 128
51 120
88 72
64 166
27 68
72 137
36 186
67 176
41 10
30 126
50 78
14 21
12 83
20 129
68 52
73 121
33 49
75 181
37 103
87 170
40 184
49 84
71 145
91 54
63 143
62 138
15 17
76 105
66 31
45 103
57 138
61 65
85 97
54 89
26 35
28 195
53 177
76 52
89 171
79 66
94 109
70 147
22 165
70 27
10 119
28 103
39 177
91 56
67 69
89 129
38 14
56 147
91 44
58 103
50 107
84 141
29 197
96 144
69 194
36 23
86 125
26 182
49 118
56 18
68 162
14 92
68 82
94 169
44 27
92 144
94 96
44 151
45 36
70 119
20 99
74 154
66 70
92 136
23 162
73 176
44 104
93 133
91 118
78 114
53 38
90 102
97 153
21 59
26 181
46 30
94 122
49 92
25 109
27 181
40 184
35 37
31 67
94 107
30 126
63 131
39 68
73 99
39 96
30 43
83 139
44 167
38 36
89 64
77 120
45 71
60 44
99 34
52 101
18 75
25 163
99 193
40 71
96 63
19 105
77 77
45 171
84 116
75 136
27 198
96 57
75 192
49 178
52 182
27 190
80 116
11 117
12 173
12 65
27 157
78 165
83 25
86 110
86 176
93 144
64 112
45 40
59 82
65 163
38 107
77 176
41 127
11 187
37 92
59 169
42 32
65 115
11 112
45 21
63 104
70 103
41 146
19 153
52 184
53 146
73 112
13 146
24 35
65 149
72 195
22 177
12 116
46 108
44 171
17 148
71 74
77 102
45 26
54 102
77 13
29 111
79 159
70 143
91 32
44 122
10 52
83 87
50 54
33 28
62 105
80 89
71 59
50 32
59 79
93 74
90 162
38 19
61 53
62 148
86 87
67 113
69 33
15 131
68 176
55 115
85 137
15 92
98 50
25 61
12 38
45 22
46 144
77 154
34 27
11 83
51 37
21 77
71 30
44 150
71 170
20 119
76 102
28 114
88 137
84 60
67 135
98 198
55 138
27 109
12 97
14 80
13 21
42 196
59 146
28 80
64 31
92 42
71 21
30 64
15 178
64 134
48 52
93 33
35 104
51 156
54 136
98 136
34 195
84 10
69 99
28 98
57 113
80 43
83 121
38 93
83 77
41 53
15 169
40 142
59 199
32 107
90 144
77 102
76 18
22 100
79 48
85 26
13 141
15 96
43 22
55 193
51 48
45 51
72 111
87 123
19 101
49 64
18 107
38 195
93 124
45 21
80 105
59 134
100 131
87 118
60 29
57 53
26 145
56 96
84 98
34 177
31 60
17 54
15 62
40 71
85 156
85 160
21 132
65 117
60 113
16 195
45 156
36 21
72 175
65 189
41 138
65 82
41 49
18 167
17 18
60 99
40 132
74 45
94 143
24 137
96 198
79 31
84 21
54 74
50 162
64 79
23 49
60 131
92 120
17 11
33 146
71 92
28 149
67 174
89 101
28 181
11 62
23 51
65 66
57 80
92 191
48 161
93 99
22 140
47 31
63 160
12 62
87 88
31 22
42 158
88 162
57 12
19 162
54 109
54 12
41 89
75 150
13 76
58 175
68 102
61 190
27 17
53 124
84 96
74 169
47 50
38 13
67 167
26 161
38 36
21 98
69 200
11 199
16 131
50 124
16 192
57 83
26 177
91 115
91 155
78 160
79 36
84 112
70 172
56 133
87 58
29 135
70 113
26 167
97 128
66 87
83 194
91 161
76 200
62 85
45 194
56 24
62 30
21 87
55 21
45 21
52 84
49 182
11 100
51 51
10 60
65 159
83 131
45 66
89 39
77 151
52 198
63 95
24 113
14 63
96 12
27 58
30 63
21 73
48 178
83 24
32 86
85 102
18 137
79 182
79 121
47 41
40 118
51 158
38 141
39 189
21 128
33 29
76 77
25 177
60 51
24 104
62 187
66 178
81 176
85 132
89 134
97 35
85 132
89 95
18 68
62 14
37 120
23 19
83 161
79 85
91 31
40 194
55 27
76 174
93 152
11 132
45 89
25 150
98 15
59 104
84 139
52 103
59 176
76 89
57 143
90 181
64 186
90 193
41 146
97 49
42 70
30 26
58 173
22 12
65 53
41 73
99 13
22 85
10 101
51 137
59 172
95 28
76 114
47 182
66 198
56 190
95 24
37 59
74 47
24 17
74 157
39 95
91 91
82 183
19 177
11 68
79 81
97 149
97 118
40 65
39 173
76 25
61 126
93 48
15 147
79 76
78 171
67 128
76 174
21 108
87 52
15 164
36 73
35 129
98 63
65 117
13 59
23 66
60 49
14 161
38 195
60 132
16 18
36 69
81 160
29 197
77 132
85 168
52 93
52 197
91 101
39 195
100 88
20 148
37 199
77 134
23 156
33 179
69 114
65 20
76 35
69 141
35 20
72 173
42 26
97 71
46 147
42 112
94 182
58 195
83 10
48 195
41 14
42 163
100 64
66 36
43 32
81 68
58 97
25 158
83 53
76 75
100 106
28 68
77 57
39 88
81 12
72 34
27 99
76 147
63 12
91 63
83 184
44 89
41 174
85 37
33 64
96 59
85 122
41 90
16 170
75 47
63 94
62 200
13 79
96 157
86 163
79 128
75 131
62 48
35 52
82 164
60 21
98 110
54 130
59 124
62 180
64 92
33 54
58 78
70 60
18 26
20 67
39 181
64 194
16 136
37 137
64 185
28 134
85 125
91 128
49 175
30 30
47 193
45 193
59 41
66 118
76 86
71 44
77 184
59 106
40 94
33 62
90 34
55 16
78 71
34 18
14 62
46 147
23 125
100 138
11 34
92 34
57 51
98 20
50 117
69 188
60 193
74 101
98 56
40 188
81 84
17 198
71 35
89 12
13 148
18 150
33 38
98 125
79 64
30 148
69 117
62 25
99 27
30 148
71 66
33 34
77 132
89 97
64 40
47 150
82 83
35 171
72 117
49 12
44 74
86 185
21 106
30 90
90 159
68 40
64 185
64 176
11 130
95 116
83 16
85 138
50 30
32 44
59 25
42 129
94 18
59 92
28 157
41 59
46 53
31 152
16 166
58 19
91 44
89 54
84 34
54 173
100 112
25 13
10 76
13 60
75 90
24 20
58 158
64 152
17 171
20 82
88 53
47 30
74 37
31 149
61 100
98 129
13 172
17 173
33 86
23 144
53 187
71 34
46 67
21 189
36 101
83 164
53 173
18 30
17 103
36 84
67 134
28 26
27 178
54 165
27 64
65 73
21 127
88 17
22 73
27 22
83 88
79 130
83 13
14 82
42 163
22 143
82 11
86 44
46 169
11 87
59 172
50 95
17 47
82 83
35 142
49 117
62 114
97 101
31 62
52 67
58 173
62 154
20 180
91 198
39 40
73 193
38 55
75 100
49 33
83 45
18 89
62 37
11 64
31 155
75 145
86 152
90 21
25 114
10 137
57 161
25 16
43 190
96 83
52 166
27 84
89 92
18 28
22 10
61 91
42 20
70 188
21 143
81 111
22 21
23 10
36 35
15 168
98 90
41 127
24 147
37 99
10 39
69 192
56 22
35 37
72 107
69 38
71 45
90 162
47 177
69 71
94 169
96 71
54 79
95 125
11 41
88 119
30 154
94 144
93 13
81 41
77 40
63 26
14 200
83 166
18 140
78 31
41 87
20 179
26 123
16 24
89 140
45 69
12 65
65 102
56 27
21 22
47 193
32 145
44 16
56 21
19 158
71 98
60 169
35 21
48 24
56 67
88 12
63 90
82 173
48 147
26 158
23 91
14 19
68 186
13 179
16 37
10 83
27 171
21 45
52 154
10 61
50 56
51 181
41 142
46 161
23 18
19 91
79 91
51 168
24 182
77 117
85 103
24 156
17 62
70 99
49 94
57 48
58 56
17 120
47 25
85 119
32 42
66 144
70 145
63 43
25 100
31 179
88 161
27 88
34 168
54 27
20 192
78 23
80 129
73 56
55 56
40 168
14 188
40 55
66 66
21 101
86 59
97 171
95 56
31 31
64 79
55 97
56 149
95 130
34 86
52 20
78 164
18 43
94 155
20 126
57 189
57 188
81 140
32 57
30 39
56 200
82 161
57 22
50 50
26 198
35 141
69 59
66 39
11 76
41 23
35 25
60 39
84 49
90 15
68 155
22 17
94 186
41 94
48 99
18 163
71 61
85 127
99 197
69 67
25 184
75 85
50 82
33 55
81 105
57 60
85 138
79 56
26 57
45 144
16 97
44 65
12 199
69 101
85 181
64 88
90 59
50 38
80 98
80 73
11 178
62 73
59 12
81 38
66 104
55 196
31 99
11 160
70 85
88 135
60 61
53 73
97 28
96 63
46 197
37 131
28 93
51 110
46 180
68 144
10 154
74 73
64 43
72 162
45 126
40 197
26 153
61 108
93 183
16 110
47 131
40 196
48 78
58 130
28 65
86 152
54 78
67 84
87 90
94 52
67 154
43 35
70 151
22 100
66 160
54 155
78 61
85 125
44 55
63 199
38 162
44 141
60 18
90 163
18 82
48 148
70 96
21 176
91 151
17 192
69 74
22 22
25 96
25 77
18 35
76 95
80 69
28 69
37 94
94 189
16 80
74 44
39 131
85 35
34 85
39 13
71 185
93 119
64 196
99 65
49 104
35 60
10 29
76 63
77 186
89 100
26 30
76 31
63 166
38 54
15 95
43 22
71 116
25 172
60 138
76 176
51 199
98 48
16 21
95 174
58 186
83 61
99 29
46 180
71 173
11 57
57 125
15 181
50 43
31 17
61 10
25 56
98 63
69 70
49 39
13 92
45 129
51 74
43 47
58 177
41 121
98 121
57 137
32 119
87 75
60 185
51 132
11 140
14 146
32 102
32 88
29 43
21 148
64 199
75 173
76 49
33 51
57 150
38 83
95 23
87 16
24 88
46 59
55 188
48 72
73 23
13 94
54 200
25 175
86 49
45 25
59 39
87 69
65 110
11 91
93 133
30 142
95 101
49 61
86 39
81 190
37 116
49 120
24 137
14 135
17 63
24 85
34 82
89 137
43 108
65 127
95 180
59 74
67 81
92 181
66 91
100 196
18 96
74 111
66 53
87 52
44 61
19 41
28 116
19 137
14 38
50 98
58 167
13 110
23 130
29 192
30 81
72 16
30 146
25 22
39 28
76 138
65 13
94 34
46 181
44 177
40 90
65 48
100 80
29 116
27 38
55 20
30 137
39 99
78 178
90 114
18 18
43 97
67 64
20 175
56 148
70 96
55 69
38 106
20 83
29 138
96 184
91 64
90 187
29 46
37 107
91 182
91 45
73 150
76 65
77 177
90 97
18 62
52 197
51 94
56 22
15 34
44 192
31 159
25 63
17 185
22 167
52 75
47 89
22 144
60 161
99 169
53 13
47 34
15 31
73 123
58 183
66 82
73 35
43 195
37 57
95 69
11 190
14 68
23 193
24 43
86 165
75 53
82 75
49 21
63 60
11 151
89 103
29 60
17 85
67 59
66 56
100 167
23 119
68 135
100 57
25 108
58 45
40 10
82 72
43 197
91 191
71 177
28 192
58 65
69 82
86 29
92 76
17 16
68 41
20 140
75 174
69 143
41 19
79 119
79 177
19 194
19 83
28 82
51 197
25 184
16 94
98 71
65 19
82 189
43 61
53 172
80 165
94 65
74 79
87 77
47 110
92 44
57 62
10 101
12 96
70 193
43 131
33 184
72 175
84 12
60 122
39 82
65 110
13 105
20 133
98 56
67 64
31 48
61 49
74 186
64 89
89 158
64 85
22 173
42 158
56 106
49 193
85 178
70 138
58 103
95 76
55 103
97 82
37 45
60 146
37 121
98 74
38 66
53 64
12 198
99 57
40 90
97 103
67 164
66 184
63 101
33 59
21 179
46 10
95 96
66 110
37 192
64 108
40 144
68 108
18 173
90 65
84 26
26 164
69 42
28 90
96 197
93 171
89 93
71 64
51 138
30 186
15 159
59 199
71 76
77 64
100 105
44 123
69 122
49 123
59 33
22 109
36 164
77 49
96 71
77 57
91 89
41 149
98 170
41 140
70 120
63 106
92 135
68 136
75 126
51 10
92 82
95 23
84 200
58 136
35 199
42 112
84 69
39 147
27 73
65 95
41 101
73 198
79 40
100 104
64 34
39 128
29 56
35 186
58 46
98 159
70 126
79 144
30 165
51 66
78 166
50 42
34 164
21 114
70 15
18 195
77 156
79 157
34 84
24 79
50 86
81 176
68 164
80 40
30 199
88 200
37 91
87 74
13 92
80 93
71 39
60 126
88 30
59 41
95 68
56 45
10 182
71 21
50 130
19 95
34 181
85 136
35 147
38 139
68 30
28 147
58 130
92 89
69 189
20 53
39 51
78 44
57 120
61 22
14 118
83 21
68 45
90 160
37 168
47 42
89 141
49 91
96 95
46 19
43 111
44 173
76 15
65 29
76 83
45 187
86 160
18 133
11 166
62 199
43 12
50 143
81 62
68 57
83 25
57 73
23 163
14 100
82 74
75 115
11 172
91 182
91 121
57 170
23 50
48 41
34 29
41 38
40 51
99 50
29 164
19 13
26 172
30 115
100 66
18 14
68 166
50 35
23 144
67 16
69 163
46 57
56 65
24 107
39 183
62 15
85 105
90 115
11 157
24 133
31 94
10 116
47 190
63 157
10 136
51 139
51 55
24 123
27 115
83 60
14 21
67 65
32 96
69 35
45 44
87 109
69 139
71 199
90 178
30 105
71 162
21 32
20 50
18 161
82 18
46 75
14 97
92 179
21 144
76 79
97 15
76 105
11 46
89 116
88 80
61 148
42 53
32 92
25 136
43 92
10 84
45 17
82 131
58 198
50 21
29 74
49 120
28 14
59 116
22 191
41 130
57 70
99 107
79 109
73 25
73 31
53 192
41 114
61 68
98 40
77 53
64 140
75 116
83 119
52 63
69 60
31 47
19 177
58 94
60 53
25 121
19 30
20 146
56 56
57 89
35 106
69 11
65 95
34 11
30 161
59 158
75 69
31 153
26 183
88 165
25 169
78 143
34 19
93 167
23 115
86 163
35 199
91 99
14 80
91 164
16 177
41 51
46 137
28 124
58 62
54 20
72 17
61 63
74 64
38 125
92 118
88 32
84 50
70 53
55 43
77 195
26 149
59 76
86 83
24 71
99 122
70 200
54 34
28 168
74 103
67 122
32 192
99 170
86 87
58 197
81 73
18 173
21 58
23 142
60 81
57 87
59 83
82 123
100 160
46 39
73 26
55 116
20 117
64 94
74 143
89 179
62 102
68 49
80 42
87 124
72 183
51 107
59 131
50 17
85 153
48 187
15 41
15 200
62 32
74 17
98 173
96 192
76 159
49 90
98 65
48 105
68 58
16 126
74 52
91 92
58 22
15 164
84 193
41 46
96 77
33 32
30 39
15 158
100 99
13 11
42 72
83 23
56 129
42 122
61 115
41 165
24 103
89 194
19 135
60 154
88 82
61 73
28 44
66 144
36 89
41 108
37 50
30 94
28 126
66 161
10 40
13 181
96 97
39 50
75 56
35 56
88 24
32 83
68 184
50 34
19 183
24 45
74 97
83 44
22 156
33 76
61 142
91 141
45 73
77 104
71 50
34 90
51 135
82 156
97 33
66 11
29 134
15 82
41 188
48 87
52 133
29 173
78 52
21 147
93 138
86 77
16 66
39 64
46 165
28 108
58 21
12 69
27 168
33 40
22 102
64 165
21 92
84 143
57 94
12 71
100 173
29 30
78 140
25 28
31 138
20 135
44 79
56 137
83 158
35 45
29 106
76 105
89 181
30 145
33 148
11 117
90 188
54 149
79 65
45 52
29 115
79 185
67 194
40 52
84 109
61 31
70 153
98 25
65 186
20 28
66 18
74 75
96 115
76 123
13 13
90 184
28 165
48 146
74 132
51 130
59 118
77 68
17 98
57 24
17 86
59 60
96 20
45 112
67 139
81 95
85 44
92 104
93 112
14 178
87 58
76 97
73 101
80 80
80 81
14 116
21 171
77 72
12 112
24 128
86 31
38 36
65 136
89 85
38 191
39 103
64 12
22 80
75 188
32 113
45 87
95 24
53 15
80 82
83 83
77 181
51 44
91 181
13 181
43 83
35 183
18 63
41 19
42 87
38 104
22 65
54 62
100 104
42 200
68 197
35 197
100 198
65 59
100 76
86 86
25 31
14 147
27 52
16 38
67 174
77 185
35 157
13 130
44 125
67 79
39 33
100 164
85 150
45 30
49 51
26 18
21 165
51 169
46 154
14 11
73 173
45 178
28 53
85 54
100 80
65 155
60 20
30 123
82 131
28 29
12 71
12 67
44 36
15 85
27 98
100 130
16 115
50 65
100 36
88 192
93 32
37 199
69 64
87 24
76 86
89 180
28 115
55 25
97 137
59 166
86 52
67 140
18 192
80 159
59 104
16 145
18 95
57 181
17 108
45 157
64 104
78 174
23 47
60 194
99 110
87 30
83 75
39 131
41 177
62 128
76 60
94 28
82 37
78 138
46 47
35 162
99 95
98 194
89 123
85 128
46 168
34 28
95 152
37 165
35 81
78 29
74 178
10 142
38 91
97 162
71 17
91 91
52 80
44 78
26 92
44 91
16 18
98 136
48 102
90 109
94 14
36 148
55 20
38 18
86 181
21 28
73 136
79 133
16 14
72 52
95 49
48 190
37 64
28 39
87 69
48 152
91 89
100 77
82 10
83 21
24 120
76 21
58 161
65 83
31 167
50 105
96 101
43 85
87 63
61 134
48 75
15 17
91 27
91 74
58 34
55 29
83 136
76 189
38 175
59 127
30 61
92 190
50 138
11 130
11 11
62 157
24 160
40 51
51 113
93 26
20 43
87 80
31 76
88 109
20 174
35 56
98 56
19 200
13 154
36 51
35 13
70 52
71 184
17 183
47 51
36 55
10 44
14 53
39 15
44 194
91 199
42 58
85 106
52 82
78 198
18 36
83 121
16 185
40 184
82 43
40 188
89 109
84 35
25 175
47 147
78 63
81 38
41 21
78 180
69 15
78 38
76 199
71 133
29 96
21 172
96 141
18 61
100 33
93 45
31 138
54 165
83 149
35 124
16 170
23 75
76 124
69 39
67 73
86 149
57 77
87 131
65 122
89 80
12 111
59 142
73 119
49 84
90 142
32 49
94 145
88 87
89 16
19 35
11 77
94 59
55 116
10 174
91 15
91 173
33 12
97 200
51 64
51 10
73 102
90 129
34 176
89 150
86 165
30 83
56 148
99 29
20 157
36 113
52 90
21 122
65 42
34 56
16 194
100 136
65 119
61 177
65 92
65 98
10 122
90 110
26 126
73 167
51 143
91 65
25 198
30 158
19 120
49 170
47 83
57 53
90 159
54 129
20 167
20 119
21 20
29 169
14 191
80 39
53 35
64 200
35 93
65 84
56 183
22 139
68 148
94 122
94 32
27 169
20 112
23 98
53 149
75 79
50 23
29 115
24 23
41 71
85 93
47 132
25 19
32 197
45 73
56 84
80 181
95 105
63 195
37 35
66 80
80 125
56 55
25 154
100 166
36 188
14 12
23 168
50 32
65 190
40 125
77 33
83 160
26 19
42 142
30 141
55 14
30 127
63 117
88 141
17 116
99 153
50 90
94 151
73 149
92 50
68 56
76 170
92 22
65 13
46 89
48 18
48 30
18 144
29 58
79 42
72 55
47 125
51 149
28 68
51 58
80 161
40 193
75 176
64 175
72 33
77 166
17 147
40 20
42 146
37 17
85 54
88 184
91 18
78 88
15 51
