10000 500 10 200 10 100
54 28
97 59
32 40
76 183
66 106
22 97
91 58
73 102
47 102
34 136
40 96
82 47
90 196
64 86
90 196
37 76
95 16
29 191
88 162
91 16
16 94
48 91
90 127
93 51
90 158
17 33
57 167
87 154
82 193
83 170
20 63
31 11
60 14
48 129
98 19
90 54
95 82
64 66
64 185
73 49
91 105
90 39
49 176
47 55
97 66
55 157
92 104
75 10
79 194
88 118
51 108
44 127
84 142
45 200
71 133
17 89
14 132
25 121
90 145
38 98
44 12
56 141
76 55
94 58
97 92
47 95
38 173
99 191
96 70
76 39
13 60
98 53
96 58
42 112
91 152
89 24
69 97
76 103
28 118
15 34
67 184
78 21
87 154
69 91
72 24
64 38
97 59
63 78
36 89
95 143
27 32
13 37
80 156
84 83
65 125
38 117
95 48
42 85
98 175
79 59
62 107
24 84
20 12
68 107
35 176
26 143
61 72
92 161
79 121
18 135
27 185
82 166
69 192
18 46
79 38
89 176
46 194
15 114
42 56
55 108
14 126
36 73
17 63
22 37
19 111
83 42
29 35
65 140
42 92
17 36
23 92
67 78
61 105
14 103
62 67
40 195
84 95
48 194
100 135
40 122
43 36
63 175
94 27
67 121
54 89
62 73
32 171
26 78
55 166
93 26
44 193
90 60
51 121
72 57
51 117
22 158
40 167
64 25
19 46
22 136
58 105
84 140
57 162
26 163
85 200
34 195
40 42
99 123
69 119
84 52
88 160
74 22
51 132
15 153
75 17
40 136
55 88
65 178
77 126
66 20
52 140
59 183
31 102
79 169
44 96
79 90
76 42
13 25
43 173
40 175
89 56
93 93
46 29
99 27
92 54
54 92
18 86
79 200
24 191
99 42
74 178
43 175
29 45
28 195
71 158
33 19
81 101
20 182
37 38
57 86
90 101
25 87
67 63
53 177
69 75
93 173
28 152
98 106
89 159
26 47
37 91
89 164
29 24
51 145
34 18
91 146
25 20
75 108
81 153
63 161
32 114
98 93
97 103
13 117
73 111
61 21
33 54
88 27
65 163
24 155
53 37
65 101
74 146
49 155
74 104
56 138
73 93
99 138
64 63
17 90
31 30
16 200
71 97
59 177
86 55
40 73
41 54
59 119
51 16
22 109
80 33
19 162
38 111
75 123
72 144
45 172
13 126
10 82
45 63
25 138
49 180
75 180
13 18
48 44
48 16
68 148
98 34
32 167
10 30
81 143
43 135
65 172
67 128
74 117
96 124
49 89
44 98
78 171
47 180
54 166
55 192
65 46
14 65
78 195
48 135
76 94
90 72
80 142
77 131
22 193
96 146
15 169
75 185
39 184
24 166
23 193
20 83
21 195
83 84
28 46
26 147
27 99
14 38
62 51
50 132
52 34
52 160
91 133
57 176
18 129
28 65
40 142
27 171
52 98
19 146
46 84
43 107
41 122
59 57
82 116
47 28
23 78
45 178
31 143
86 116
26 138
25 182
95 153
78 36
58 49
86 28
22 85
73 140
30 60
63 12
47 18
35 151
51 30
27 108
79 146
65 56
70 60
68 174
92 55
27 75
33 24
59 39
85 39
15 139
70 199
16 100
30 185
83 115
28 21
96 21
66 81
17 62
20 162
15 156
75 79
68 101
89 135
22 36
65 143
78 97
48 106
94 171
41 102
92 117
39 120
72 92
28 39
83 144
72 44
57 198
74 141
23 50
96 72
89 82
16 40
48 191
66 200
76 70
34 67
73 36
34 149
58 190
94 127
98 169
83 53
27 96
32 129
72 102
29 33
41 50
42 188
42 66
36 191
20 110
92 125
78 56
44 120
48 72
29 22
93 30
52 71
75 71
13 118
18 13
22 182
57 48
44 105
68 177
60 74
48 186
61 89
46 105
13 100
31 89
82 73
51 190
50 91
25 124
78 90
38 161
36 23
60 61
90 147
94 34
96 158
16 30
56 52
13 89
36 136
100 97
28 99
96 132
29 13
37 178
97 26
50 154
66 181
56 148
81 85
95 160
44 14
85 123
16 149
66 41
38 170
14 82
15 80
40 69
73 104
47 166
85 49
55 194
50 189
59 192
12 158
59 129
70 175
53 39
84 53
73 29
37 63
85 124
39 128
46 16
45 94
87 185
33 157
87 175
58 142
19 19
14 139
77 60
64 10
13 58
55 24
38 109
15 192
40 32
91 80
25 184
58 77
34 141
60 146
70 191
18 103
49 198
100 181
50 188
99 11
80 78
83 158
88 137
84 53
49 133
56 41
25 131
29 105
48 176
60 199
68 150
50 19
98 198
85 70
29 24
91 74
52 109
16 92
23 45
73 26
27 102
80 83
86 200
46 116
95 51
57 184
81 58
31 13
63 14
79 62
69 136
43 133
95 23
67 124
57 25
33 48
75 40
70 184
65 143
100 57
65 35
75 28
33 55
40 151
28 117
30 122
41 173
62 131
67 135
61 65
75 15
50 88
13 46
63 119
79 184
80 185
90 50
96 136
13 77
99 189
98 133
72 80
45 199
82 112
69 76
41 82
79 70
46 161
55 31
12 107
79 88
84 45
53 137
80 68
30 79
95 19
23 179
74 129
16 112
77 131
50 30
71 81
52 184
27 18
70 154
84 63
82 71
69 14
99 113
61 32
97 140
63 37
38 166
84 116
98 19
35 77
85 70
83 141
29 33
33 103
45 107
90 63
36 98
69 187
77 151
69 13
38 95
99 30
75 19
26 149
59 195
90 79
63 18
32 130
88 181
71 40
78 32
67 77
89 172
54 120
17 116
91 34
62 176
64 104
34 11
25 34
47 113
79 104
40 113
83 196
19 100
68 192
84 163
54 63
59 188
54 100
74 117
65 148
87 21
25 121
25 138
56 84
99 70
79 36
89 55
20 87
31 80
47 110
65 12
94 20
52 157
42 115
46 100
14 200
42 147
97 169
76 88
35 191
94 52
30 143
28 71
42 63
34 164
71 26
87 125
65 178
28 13
70 166
20 188
87 36
19 108
25 63
51 69
77 155
71 92
42 29
53 183
18 115
70 44
28 134
60 12
10 61
96 47
42 108
61 35
74 182
81 151
72 140
19 131
83 164
61 57
86 188
15 64
43 198
36 56
10 100
97 108
27 85
33 43
24 193
57 161
17 23
94 61
21 165
44 91
100 26
89 133
62 168
42 151
48 129
19 162
71 98
48 45
24 14
63 199
18 159
44 23
46 115
20 124
94 78
68 51
49 166
94 120
12 15
21 142
58 88
51 28
53 184
33 192
77 154
22 38
96 172
26 83
47 116
52 177
81 56
49 100
83 24
100 166
31 102
89 197
95 53
24 200
82 101
30 47
32 12
59 179
15 117
59 59
11 102
99 38
37 76
81 181
43 160
59 153
90 97
97 106
94 186
47 190
20 140
50 153
27 123
23 116
37 13
38 85
52 22
36 97
74 63
53 21
49 68
33 139
65 135
76 117
56 162
88 28
98 154
25 42
90 123
100 129
26 157
18 53
64 138
10 123
14 40
60 78
71 120
46 74
29 51
85 17
51 109
58 125
25 27
79 130
27 171
86 88
32 83
64 139
55 93
39 77
34 186
67 64
89 152
31 24
40 132
99 26
57 79
46 115
45 141
40 58
20 136
58 59
36 88
82 95
94 49
94 160
80 106
22 195
79 187
92 71
65 62
17 170
26 49
47 48
85 163
77 135
19 53
54 151
100 173
79 169
62 197
74 112
12 164
62 194
46 137
17 89
23 164
39 141
30 178
53 37
15 97
80 82
17 146
22 115
21 90
63 196
44 33
31 33
75 56
81 181
53 103
38 24
65 162
21 92
96 178
71 123
47 102
79 57
74 71
61 31
62 67
75 82
12 189
96 99
43 143
14 71
81 160
32 125
62 106
47 104
98 147
20 169
58 65
52 152
60 10
32 99
42 43
71 170
20 97
92 89
21 159
55 98
91 79
54 83
20 50
25 80
62 25
69 78
41 87
57 28
40 47
11 188
93 110
87 124
17 46
18 80
36 197
74 157
94 33
85 94
18 38
38 103
89 35
42 168
34 45
73 64
84 125
17 174
26 30
42 74
35 144
52 105
68 156
41 37
43 112
28 74
42 107
37 38
15 161
66 109
37 13
21 99
82 36
14 174
75 13
31 134
50 35
24 109
52 111
86 14
87 79
16 198
22 67
28 174
83 74
74 66
38 89
85 26
66 71
71 14
88 81
94 21
28 189
62 131
79 78
35 156
13 35
64 189
93 31
97 154
83 65
48 185
72 187
48 102
20 22
85 143
64 66
90 21
66 119
68 187
52 99
64 178
52 139
34 59
63 149
35 78
16 44
20 192
59 85
32 121
29 21
31 34
11 61
27 187
78 31
66 179
96 159
38 65
63 143
61 102
45 139
79 138
59 75
83 68
100 44
41 92
74 85
65 188
89 174
60 128
84 190
12 136
61 83
42 90
92 126
19 128
42 173
40 80
39 38
25 41
80 138
74 161
34 61
46 172
36 165
96 72
37 196
15 125
91 19
27 138
57 17
71 21
78 165
43 92
40 51
62 87
68 90
26 23
80 39
31 18
74 106
80 171
77 99
51 22
49 143
11 65
22 59
85 195
89 10
60 16
39 53
92 74
10 176
51 96
33 116
50 52
51 50
61 156
67 173
10 69
50 184
66 108
90 43
52 55
31 32
23 107
77 21
73 30
39 102
58 44
49 87
75 72
43 143
71 88
54 60
32 52
36 93
19 75
92 118
20 183
25 48
89 37
55 104
33 67
37 186
99 56
95 31
66 190
62 157
90 102
23 46
26 50
100 160
82 100
86 79
29 17
79 14
19 188
31 114
71 147
76 190
88 162
97 110
60 197
59 71
44 95
62 86
75 81
85 71
69 135
11 74
87 79
22 199
30 30
92 133
18 33
78 182
54 133
66 179
48 192
54 71
51 191
41 42
46 35
89 63
11 87
19 103
86 27
11 45
81 57
24 35
77 90
49 86
65 142
89 16
83 147
48 40
64 67
66 30
21 18
31 53
97 32
27 74
78 90
51 108
38 76
10 16
56 162
15 43
71 168
94 57
89 139
57 74
36 171
69 111
66 21
77 97
46 143
60 83
39 69
34 13
83 159
51 157
91 124
66 67
50 61
85 49
53 23
61 40
53 51
80 16
35 116
50 118
67 63
84 124
64 26
79 101
60 159
39 138
76 46
28 38
71 131
35 132
97 34
56 171
69 146
74 172
99 102
28 153
76 124
23 99
36 25
40 136
75 46
90 99
80 112
46 24
73 26
27 29
20 151
34 160
25 21
89 191
37 64
96 90
35 18
96 118
64 169
10 28
20 161
96 132
60 44
40 149
12 157
54 145
84 12
17 46
92 79
39 148
29 169
84 111
98 39
31 32
31 115
53 56
74 180
86 183
79 167
18 117
90 121
19 51
56 157
34 158
93 135
28 181
52 178
82 102
45 131
63 35
88 17
61 177
70 103
48 53
25 134
100 36
89 22
40 21
52 199
99 47
44 118
72 36
82 130
51 123
19 95
46 140
36 74
20 133
43 141
62 80
85 159
25 162
87 28
70 183
35 164
90 150
48 47
18 189
31 148
100 49
27 59
53 180
41 160
66 134
38 110
11 186
96 132
48 60
34 120
74 189
39 84
46 177
42 180
60 131
30 75
57 183
57 192
17 113
80 117
42 95
17 50
84 129
23 50
10 166
94 65
23 87
55 157
26 81
67 49
66 86
51 194
88 104
39 73
11 181
30 53
80 50
40 168
56 109
49 193
53 21
48 93
81 187
79 151
96 198
52 91
32 147
37 185
53 114
67 80
37 81
51 181
95 38
34 134
87 200
23 76
31 196
60 108
16 29
25 92
74 91
26 122
23 80
31 123
35 198
74 99
54 115
32 65
59 93
15 123
45 137
39 125
43 169
85 157
26 125
68 59
83 43
11 88
90 121
25 118
90 24
39 40
30 130
99 116
34 128
79 127
86 71
35 39
59 97
84 49
72 33
28 71
88 91
13 192
69 171
17 164
71 138
55 136
25 133
33 124
20 123
72 136
35 136
40 23
70 172
22 66
82 195
13 84
39 98
26 130
35 197
19 97
88 132
12 67
34 95
68 137
54 75
94 23
54 59
26 55
28 132
72 47
48 81
86 54
82 40
38 81
53 90
82 14
28 21
22 119
73 96
50 157
36 162
60 15
85 27
57 84
31 14
28 119
94 86
100 54
33 160
61 165
38 114
69 104
25 106
25 52
23 90
69 197
62 169
83 105
57 83
65 179
58 100
64 185
14 83
42 114
54 197
12 103
88 113
18 34
14 40
54 54
89 96
30 14
40 74
67 94
42 110
82 78
31 182
57 29
62 112
62 96
44 77
14 39
51 38
88 42
100 173
36 54
17 149
55 189
22 180
14 14
59 167
24 133
31 135
69 34
23 107
52 189
11 175
96 176
49 125
61 115
78 116
90 200
60 40
11 99
72 92
97 143
93 198
28 50
46 48
23 21
34 59
33 142
37 71
96 58
65 169
79 82
97 166
43 182
29 92
44 59
14 196
38 54
15 88
36 146
97 11
63 93
67 32
73 84
69 17
88 78
78 160
83 125
50 76
46 143
77 177
77 131
74 14
57 187
24 112
29 62
86 156
57 164
32 23
27 71
51 44
40 71
87 133
55 141
55 91
96 156
34 97
83 62
39 105
77 37
76 46
80 142
95 56
85 192
20 186
33 155
32 44
43 67
93 10
44 166
42 103
49 171
27 52
63 136
60 137
26 176
52 74
68 187
50 44
26 32
16 61
37 115
29 23
100 62
21 192
39 126
90 15
72 128
99 163
80 25
44 48
65 94
19 131
85 75
37 57
35 60
67 117
88 24
86 159
24 165
46 161
66 88
85 199
59 44
78 91
59 82
51 72
60 84
99 67
72 11
99 89
48 43
22 48
68 147
38 191
20 169
52 22
26 116
29 62
74 195
29 30
72 93
62 64
84 129
29 137
11 57
69 13
100 42
37 13
95 70
12 133
92 144
43 85
44 200
45 52
22 123
56 114
89 200
14 172
30 132
98 102
69 145
87 135
64 190
35 199
41 132
26 111
98 142
94 191
38 167
12 157
57 149
87 117
29 103
33 98
42 18
51 57
14 138
68 174
14 119
26 177
46 169
86 160
19 117
39 50
71 13
51 15
16 132
79 144
82 10
93 81
50 74
23 14
34 109
21 129
37 194
38 90
88 36
71 93
18 20
60 69
94 174
60 19
38 187
90 152
58 38
87 48
78 150
51 104
44 74
95 97
70 194
99 72
62 69
70 15
31 109
12 137
84 160
41 31
18 121
48 176
65 26
26 74
50 132
99 45
99 44
19 106
41 153
79 78
93 144
79 113
86 169
17 169
98 16
98 118
32 184
88 99
86 173
47 187
87 152
73 121
54 197
16 44
15 15
57 161
51 38
37 44
16 134
58 169
47 23
89 89
16 22
73 27
96 140
81 110
71 78
84 121
89 68
79 23
38 111
55 65
61 90
68 158
43 124
51 176
34 33
66 178
69 64
49 52
65 52
100 129
73 195
67 186
35 49
17 170
34 48
96 111
24 147
31 186
43 38
54 51
11 46
24 120
64 68
87 116
46 136
71 52
85 128
86 15
89 102
91 139
72 31
77 89
66 130
97 82
70 56
83 42
76 164
20 14
77 135
38 176
100 199
85 45
52 99
21 93
27 46
33 152
13 92
92 79
61 105
31 24
54 118
18 65
27 29
38 147
43 33
70 68
81 161
43 170
42 165
80 71
72 105
64 113
65 53
99 52
96 177
10 120
50 134
48 165
54 89
77 151
96 54
83 156
18 156
62 86
87 199
62 165
97 160
87 133
34 103
78 194
68 85
49 163
49 155
91 15
26 82
80 145
67 18
52 153
95 46
78 127
99 177
92 181
18 12
56 14
80 133
41 196
64 177
71 70
67 107
60 164
82 53
58 148
18 30
77 68
67 130
46 123
10 143
22 107
32 39
30 72
18 131
12 22
41 47
93 60
88 171
97 166
44 166
71 141
71 35
71 75
71 59
18 126
61 113
96 137
16 156
11 147
77 109
13 15
95 64
85 111
10 122
68 113
52 11
13 74
92 96
67 35
44 192
87 137
60 196
95 90
61 115
43 59
63 18
61 182
96 163
93 140
42 181
95 163
51 118
78 83
35 40
20 170
73 81
81 148
96 44
14 27
34 87
100 16
11 175
98 179
21 101
19 66
12 182
17 106
65 98
65 168
46 109
76 171
89 87
58 78
48 169
56 114
63 15
22 162
68 107
78 184
25 79
11 123
91 89
87 25
20 30
24 148
79 142
28 153
27 80
67 16
91 159
91 137
67 40
71 20
38 59
83 179
35 64
87 54
74 143
50 141
40 73
94 157
71 27
93 100
13 151
16 158
72 47
64 140
25 14
43 58
36 165
22 35
26 172
56 183
88 182
37 120
77 32
52 104
58 198
89 159
57 143
71 124
17 33
36 79
23 34
92 135
85 197
27 16
65 83
54 126
69 133
49 132
64 135
45 47
52 94
89 146
98 135
97 37
10 144
90 38
92 76
26 178
47 146
93 85
15 194
33 105
80 68
35 124
26 83
71 191
74 180
46 24
35 49
39 115
64 192
49 195
26 128
47 175
24 178
82 114
93 81
20 141
40 67
69 176
32 47
94 129
52 146
31 174
71 38
66 20
42 53
97 110
86 199
39 66
54 177
82 168
42 200
35 40
91 163
45 28
88 25
72 70
68 155
33 189
16 144
81 57
56 57
23 179
91 84
94 52
80 57
44 151
30 118
47 157
26 41
86 124
21 187
23 83
67 48
34 169
88 114
38 190
99 25
37 60
20 34
87 193
58 113
10 173
89 168
88 145
84 148
35 99
48 73
90 97
47 86
41 115
45 124
67 196
36 72
86 81
77 148
89 22
92 60
66 125
54 135
65 48
98 127
48 38
92 130
66 122
14 56
26 27
82 153
46 131
94 90
17 155
56 97
22 132
49 173
98 186
48 137
46 33
15 182
43 96
74 52
53 161
59 88
45 89
69 44
49 76
29 21
50 195
15 19
93 98
56 194
63 134
14 107
93 14
45 84
34 43
89 152
51 45
62 24
41 91
83 156
47 25
53 200
94 118
65 158
29 23
38 88
68 81
44 147
69 117
50 29
88 190
86 18
92 31
40 171
86 125
29 91
41 114
35 172
47 121
73 36
63 103
10 124
97 143
45 125
77 113
21 74
39 137
73 149
61 148
16 114
42 66
85 56
24 107
24 22
25 191
26 174
14 197
63 111
78 180
83 63
99 192
89 17
16 30
74 131
26 97
30 62
33 61
12 145
78 147
62 28
30 49
35 74
21 111
52 27
11 32
60 195
81 28
53 186
62 11
18 37
77 173
17 94
97 18
10 34
89 39
85 159
56 44
61 113
23 198
74 56
91 31
40 86
89 118
21 131
25 178
45 60
21 69
55 26
61 195
99 98
33 115
76 123
55 79
10 137
92 199
45 139
23 77
16 112
20 108
15 126
64 22
82 79
93 143
99 192
99 158
19 14
80 158
27 42
74 175
56 146
54 196
10 46
29 143
32 101
51 12
29 170
78 25
96 117
53 157
39 138
54 19
53 199
87 91
76 47
51 31
80 81
76 111
25 132
50 109
35 138
38 72
75 147
71 168
92 88
80 183
82 60
87 158
21 13
57 110
87 125
71 55
56 22
100 157
42 53
72 190
19 188
37 154
69 182
16 187
37 89
45 84
73 14
59 18
57 101
33 58
67 115
26 65
41 103
47 93
81 98
56 193
35 155
36 40
97 89
72 26
82 38
96 106
91 176
92 50
23 97
61 136
72 45
93 151
19 55
92 128
65 138
43 27
83 66
47 94
28 117
66 112
78 54
17 179
68 187
32 141
76 183
25 129
77 111
13 177
64 157
40 121
59 47
71 29
96 39
37 48
80 67
77 91
16 11
79 175
99 154
73 93
64 35
76 175
75 135
26 135
91 99
73 197
83 15
99 39
15 173
18 11
28 70
42 141
86 196
25 81
92 74
59 84
92 29
86 78
29 53
58 67
21 80
77 78
28 102
34 163
100 27
71 104
82 78
69 171
41 193
51 22
35 80
95 177
50 189
83 98
98 79
97 196
79 18
65 55
10 23
83 197
86 193
44 161
19 178
87 179
49 47
90 58
54 131
17 61
80 101
81 173
47 103
49 140
12 84
75 65
93 67
28 171
64 173
98 164
27 106
77 164
76 155
20 83
66 89
77 48
71 104
75 193
87 32
87 130
81 160
54 47
72 90
14 120
88 184
61 56
49 47
89 76
73 74
98 98
26 126
90 155
85 192
57 48
95 123
23 142
58 197
11 143
56 41
17 162
33 136
12 147
22 49
13 186
15 15
77 88
92 63
34 173
47 34
46 68
78 10
16 51
80 54
17 105
39 46
32 143
100 96
52 188
41 147
59 69
36 100
85 127
18 34
93 198
54 110
50 26
51 130
74 129
81 74
72 81
22 112
36 126
82 148
49 154
12 108
40 89
87 13
18 172
87 128
12 129
56 99
79 160
63 35
43 25
49 155
16 52
62 132
89 107
90 103
37 185
89 139
47 51
44 124
86 23
19 35
78 100
94 87
78 165
61 181
16 54
42 98
78 67
35 86
17 121
20 68
70 32
64 22
36 161
26 152
83 199
26 137
54 144
70 148
83 170
96 110
47 130
27 133
47 49
62 173
30 19
52 108
71 81
60 171
31 78
35 58
65 120
80 166
23 53
56 184
87 107
10 80
95 113
28 45
87 21
87 155
52 92
60 105
61 196
89 26
66 187
11 184
27 104
55 182
84 106
16 181
69 80
20 83
15 85
95 157
72 169
62 138
90 187
52 68
10 130
86 98
17 193
49 66
31 52
45 42
58 56
92 195
22 118
42 131
94 16
72 111
34 43
41 101
61 125
27 32
76 65
81 37
15 23
71 166
77 175
96 57
20 86
67 168
15 140
66 40
90 199
80 165
24 32
91 82
56 46
54 46
73 67
68 192
54 178
68 159
60 199
72 25
67 79
19 100
38 82
33 199
30 92
94 133
39 71
36 105
91 130
32 29
68 35
95 89
98 190
96 177
79 75
45 94
60 198
70 196
46 113
68 171
75 200
27 152
45 129
14 190
50 19
15 66
43 74
28 70
78 36
51 73
99 60
17 88
94 140
99 148
86 99
22 112
43 64
26 182
99 154
30 84
20 11
55 30
51 130
83 151
14 148
38 79
73 192
77 99
76 84
76 48
57 199
75 94
43 56
85 89
75 67
80 164
93 170
91 156
24 73
24 76
23 141
10 62
88 146
69 106
14 42
77 46
85 115
68 137
59 48
59 162
19 33
71 187
42 152
61 113
50 92
55 78
81 168
67 199
32 104
84 176
70 70
68 188
28 186
35 180
94 163
63 152
92 109
30 31
10 123
43 118
56 134
84 81
98 139
57 57
76 195
36 21
70 67
15 83
46 167
81 98
40 47
96 158
83 199
18 50
97 156
13 170
56 166
95 34
37 119
90 180
98 127
27 21
19 65
72 57
26 169
49 173
49 16
95 195
23 153
68 171
70 24
79 19
21 12
32 128
78 138
67 78
37 164
60 91
69 196
18 49
74 127
58 22
55 186
99 161
17 95
41 67
91 114
56 133
47 133
12 103
16 10
53 190
15 82
97 182
88 61
76 85
25 64
37 134
38 149
91 199
18 68
38 18
96 155
26 154
80 22
19 22
13 70
83 199
28 81
99 64
46 54
30 132
60 80
47 192
100 171
12 106
23 78
32 54
42 76
67 153
83 97
23 144
92 166
57 121
91 188
79 21
83 136
14 184
73 30
84 56
43 188
59 73
80 87
81 131
45 158
49 84
76 69
66 11
21 13
41 114
84 97
56 53
89 112
99 59
65 56
49 146
84 100
16 142
95 148
92 173
33 167
73 150
57 118
30 81
30 116
87 133
50 153
70 78
93 56
52 188
66 76
18 157
14 163
29 165
65 182
17 37
15 37
13 26
34 193
46 87
10 125
21 133
65 39
96 133
11 150
31 200
55 96
69 14
70 98
75 12
63 150
76 71
79 81
46 122
66 197
74 193
68 40
87 20
28 148
97 189
84 106
12 135
73 187
51 94
23 130
67 176
79 191
23 78
38 145
77 178
57 43
39 84
52 95
11 177
62 59
53 151
42 196
36 191
81 46
64 110
74 23
49 89
80 165
62 118
74 169
27 94
43 64
99 119
36 105
18 34
78 103
86 153
34 105
40 123
52 26
24 129
79 129
30 86
24 186
83 46
21 110
34 200
56 141
92 157
49 34
32 21
25 31
52 68
83 106
16 89
40 35
13 195
83 46
46 113
69 95
10 29
82 100
50 180
20 181
36 76
96 183
93 176
29 72
22 130
81 69
89 155
11 47
99 92
42 50
60 148
26 166
98 151
47 40
51 118
42 110
71 69
35 114
10 95
61 101
18 18
57 54
68 97
52 133
58 17
64 28
47 129
30 167
40 93
82 53
79 82
21 38
14 66
65 199
16 162
44 19
20 102
20 133
12 189
98 190
45 60
85 195
94 23
26 102
35 32
31 129
38 141
15 46
41 122
63 192
50 177
24 75
14 107
92 66
50 108
83 135
50 85
30 181
35 112
30 48
61 71
27 38
46 146
10 30
56 152
40 163
77 65
19 196
42 79
50 101
90 152
29 157
16 177
91 169
50 41
72 65
79 195
70 127
74 11
18 51
87 12
25 103
93 85
98 51
89 195
69 175
51 21
88 194
91 111
69 119
15 21
21 89
28 112
61 191
13 196
75 110
17 111
71 87
78 124
13 183
32 114
61 85
22 131
84 157
80 84
60 197
45 72
31 145
14 134
71 152
14 42
25 127
90 87
91 150
16 153
50 162
28 133
11 14
65 158
97 117
53 58
45 193
81 41
13 159
65 116
20 94
74 163
97 112
74 45
46 93
43 36
72 76
12 134
54 44
75 85
82 189
24 108
69 97
46 139
97 126
64 156
32 23
58 73
90 10
68 198
28 117
75 12
24 14
43 129
24 71
36 21
53 181
77 39
61 101
10 166
40 44
81 57
91 83
44 26
40 49
32 42
29 91
65 15
90 193
28 156
69 182
64 112
57 151
50 82
69 175
83 68
68 181
24 109
18 57
55 13
76 183
60 97
90 80
92 181
39 79
100 148
81 169
36 43
19 66
62 162
25 175
94 70
98 157
95 84
82 116
17 167
79 145
69 184
99 177
63 131
87 144
89 128
79 151
57 32
90 98
47 69
16 34
14 92
65 120
36 61
64 75
20 168
64 80
63 56
93 159
90 145
41 77
99 36
55 77
79 56
82 63
29 80
18 65
18 113
85 128
73 33
40 181
43 34
25 186
57 172
37 79
13 67
41 54
96 186
38 142
47 107
52 190
23 127
52 160
87 51
28 46
91 125
58 87
53 142
45 51
62 37
62 72
57 109
84 178
42 58
79 169
47 181
98 175
44 34
99 180
92 66
59 140
39 63
68 173
97 132
98 129
54 177
40 74
15 151
70 192
52 15
42 176
86 140
66 114
95 106
66 39
45 130
84 164
48 60
72 199
70 172
19 162
44 161
41 56
79 99
12 132
67 51
36 89
90 100
89 167
73 107
32 180
86 17
98 62
19 124
30 70
54 30
19 87
41 101
54 136
14 46
57 116
17 17
40 90
92 41
44 126
89 96
35 18
89 92
60 14
55 143
94 167
73 140
13 188
16 30
41 52
85 34
45 165
51 196
52 162
56 124
22 18
16 35
72 135
33 108
19 189
28 36
56 13
69 30
22 50
88 136
12 128
20 93
26 24
38 181
56 159
55 106
81 158
69 14
72 114
54 75
49 175
11 79
26 111
72 190
62 161
61 86
84 108
27 46
86 100
31 141
92 165
64 68
53 42
41 57
41 197
23 71
19 67
92 170
47 83
44 162
75 150
79 166
84 59
21 22
13 49
64 51
72 42
30 147
67 194
19 43
62 139
94 13
100 109
23 186
11 176
62 47
16 38
88 195
90 57
21 80
95 13
51 144
73 75
97 132
48 106
53 80
92 134
88 62
86 78
18 46
75 59
26 21
27 151
33 18
29 66
64 138
37 53
42 148
39 183
93 199
62 88
94 167
45 195
61 99
98 131
34 159
56 62
70 89
71 198
43 32
55 29
30 166
11 62
98 34
18 15
70 167
89 122
76 149
60 27
71 10
22 195
47 129
61 151
58 80
63 127
39 55
88 61
15 61
75 147
82 192
56 129
15 88
68 135
85 179
89 118
38 123
12 181
86 11
45 102
48 102
87 174
69 17
90 180
79 13
40 166
10 121
28 197
84 157
67 58
29 105
76 157
19 100
49 112
95 91
54 195
99 76
73 173
14 47
57 187
79 122
60 67
37 90
65 42
80 15
96 25
40 77
73 194
66 154
60 90
59 154
55 48
43 74
77 169
96 185
47 196
75 151
70 162
37 159
92 121
56 127
68 140
75 131
88 183
16 61
53 140
67 168
76 99
42 19
64 18
93 44
65 145
23 109
85 69
59 121
73 97
80 116
53 62
88 182
10 164
94 150
22 90
14 102
23 194
93 69
36 172
94 59
69 132
80 43
36 69
47 170
97 22
55 13
88 188
60 153
36 71
95 76
67 41
89 175
61 146
73 80
84 158
95 54
52 108
59 101
29 84
76 166
76 191
81 13
26 199
13 173
47 80
54 64
59 83
63 180
41 93
77 179
17 200
83 152
62 131
90 118
37 158
59 144
11 96
28 169
33 103
34 176
83 34
90 105
91 112
68 169
94 155
62 67
69 191
22 105
40 106
64 191
83 117
87 54
14 80
65 119
90 198
60 167
84 190
31 172
54 190
59 117
50 130
10 142
18 59
92 106
40 102
69 61
30 29
60 66
22 139
62 116
67 135
92 11
78 189
77 46
27 179
32 166
100 149
38 72
25 19
19 174
91 108
85 165
86 151
99 71
58 48
80 48
88 103
27 118
46 66
13 91
83 129
84 166
37 29
16 97
58 49
24 163
19 117
76 119
96 169
72 169
50 200
85 33
76 78
19 15
22 117
93 191
64 187
94 134
51 15
97 66
78 113
28 45
18 167
61 108
31 177
74 186
75 105
79 101
76 193
25 129
27 24
84 188
47 97
73 37
40 164
67 190
43 156
75 139
42 10
72 101
21 158
50 176
19 116
90 79
34 172
73 39
93 160
32 17
50 161
43 170
81 195
13 44
48 185
81 116
67 63
96 15
13 115
27 95
82 78
61 174
91 183
56 57
60 73
75 20
90 144
96 192
72 161
100 131
94 51
53 174
86 54
91 137
10 182
28 55
40 38
13 121
29 75
30 175
55 77
41 15
67 186
31 192
51 75
10 135
10 159
57 64
92 109
56 37
72 66
91 183
70 123
50 127
16 94
84 147
28 129
59 193
67 192
22 105
63 105
15 195
66 182
30 110
63 71
29 23
12 41
54 44
66 121
40 141
26 106
87 18
54 83
29 14
41 15
45 153
18 183
21 18
65 26
11 75
70 99
70 59
93 127
61 83
70 97
84 96
31 144
84 93
32 127
12 113
99 50
75 65
50 33
60 17
80 56
49 193
44 35
37 96
85 178
48 21
96 35
57 111
18 34
17 39
43 113
21 83
19 28
27 197
34 76
81 135
92 151
69 89
55 191
79 127
10 166
10 64
65 90
38 14
50 159
30 64
18 198
41 67
80 119
94 89
90 110
33 130
56 184
33 57
14 15
57 164
45 157
26 185
84 183
36 172
89 53
70 56
51 16
78 88
77 189
14 155
98 33
63 193
46 114
34 34
15 68
71 135
17 14
13 104
40 151
23 173
48 122
42 66
11 176
90 76
97 132
97 129
47 126
26 36
62 183
49 193
47 47
71 108
59 89
44 83
66 98
34 33
58 139
73 161
92 54
90 123
18 78
98 174
98 184
55 76
81 82
80 38
84 39
72 183
77 160
48 148
26 154
63 90
54 103
86 51
87 98
49 166
23 36
29 12
76 183
88 29
85 159
74 195
34 38
63 129
13 86
97 67
35 91
57 167
84 40
77 175
71 193
44 137
78 123
22 81
91 39
63 181
83 171
59 29
88 174
71 17
76 24
38 134
79 65
97 132
44 129
48 89
15 68
16 183
44 199
90 107
98 176
25 69
42 83
50 144
49 58
38 173
94 48
95 20
13 49
87 64
81 48
16 132
15 182
68 108
57 189
91 61
64 113
87 132
97 29
42 108
63 49
76 161
89 198
81 55
78 135
40 57
91 53
97 100
75 114
25 57
38 11
38 111
37 49
14 165
68 130
31 158
33 165
94 121
84 133
13 52
41 98
72 61
96 100
98 187
85 148
54 151
81 164
31 128
23 115
58 71
89 156
27 57
93 182
86 126
48 179
53 25
49 112
26 16
45 49
31 59
89 79
59 11
74 82
94 45
69 21
30 76
46 169
31 131
21 135
67 130
23 68
91 179
87 20
23 194
47 52
68 90
74 74
21 176
60 19
88 155
72 161
39 63
72 166
100 123
85 84
96 57
93 18
22 134
20 64
27 122
34 22
100 71
28 92
98 54
42 79
23 188
19 51
39 181
84 56
27 172
21 167
82 116
63 76
47 46
46 19
83 79
12 159
30 108
20 200
24 17
29 172
73 130
98 45
73 94
57 56
65 65
66 84
72 40
93 63
91 123
36 34
99 116
73 155
75 77
64 18
88 53
43 78
75 46
25 104
91 71
53 17
94 15
91 141
37 63
91 112
22 88
72 191
71 140
56 60
80 120
50 112
56 91
81 158
94 138
84 101
85 55
39 146
99 21
60 118
67 102
71 73
83 177
15 26
39 198
14 145
51 178
38 123
54 80
43 39
32 176
49 37
16 81
11 124
24 81
94 180
27 60
76 27
59 105
52 187
23 153
59 62
26 30
24 42
23 77
35 108
37 44
14 116
68 131
64 29
83 71
26 50
38 50
99 192
37 123
92 68
22 152
67 27
55 95
63 72
92 142
12 35
41 150
41 112
39 192
44 125
69 130
21 49
70 54
48 137
77 61
63 63
97 115
81 174
10 129
18 14
10 60
36 67
44 23
40 101
24 101
47 111
51 56
44 44
85 11
70 88
37 167
12 64
15 21
75 147
43 96
23 32
20 34
38 167
69 58
80 74
59 148
83 45
92 147
37 115
24 50
90 32
83 134
39 154
93 159
56 106
13 72
86 43
71 39
31 134
99 132
92 80
45 26
74 95
17 15
66 134
60 24
37 128
64 108
46 136
32 171
99 176
23 13
13 151
61 61
93 163
89 126
70 106
22 191
60 127
60 65
14 96
87 82
69 70
23 95
60 90
23 103
89 142
42 96
91 182
25 20
15 174
31 199
37 100
89 135
79 16
28 121
76 91
95 138
19 25
66 191
17 109
27 161
70 42
50 156
68 24
97 179
86 124
29 110
77 19
26 83
19 78
56 140
67 39
46 131
21 121
98 172
44 57
40 92
53 31
81 124
62 35
11 77
58 101
23 15
37 65
43 148
92 104
85 113
56 176
50 31
86 199
49 137
79 169
87 135
22 88
96 58
97 174
74 105
26 146
42 197
44 20
17 178
44 52
63 90
76 169
56 135
12 149
43 44
91 112
29 151
12 50
93 147
75 168
16 131
70 196
61 158
40 92
18 141
23 70
63 195
36 199
12 26
30 22
73 107
82 52
76 158
33 78
46 171
50 191
14 193
54 50
94 45
87 129
20 110
36 50
14 70
99 77
55 16
69 160
55 56
36 184
50 159
14 131
19 141
39 29
81 150
42 104
30 45
40 183
45 65
67 114
82 93
73 34
63 113
71 34
61 38
91 164
55 113
51 115
11 58
40 198
25 47
20 183
18 168
39 70
32 18
19 171
77 177
94 44
40 31
46 70
23 120
19 67
47 139
48 119
93 149
84 185
14 60
16 133
60 175
28 95
94 20
50 128
74 125
62 119
24 51
75 26
50 12
59 36
43 76
88 150
92 82
97 76
82 144
71 26
64 23
78 167
44 41
43 63
23 99
91 101
18 151
65 145
49 21
98 117
36 116
71 167
36 44
77 186
49 63
13 140
54 156
22 143
61 43
21 142
12 189
65 93
67 24
31 115
59 30
15 156
84 131
29 167
60 199
81 165
61 198
65 171
27 31
72 162
86 174
15 17
47 11
25 124
52 172
37 73
45 125
65 149
71 186
37 42
98 111
83 89
18 144
42 106
77 16
30 72
86 36
67 164
58 22
53 76
44 181
26 175
75 11
60 195
83 82
29 193
22 76
91 157
11 152
19 27
89 164
57 182
28 180
22 27
21 98
93 176
99 76
51 196
17 139
36 64
15 47
32 46
74 171
64 166
61 77
16 124
67 71
76 52
94 115
78 41
16 197
24 103
60 10
96 139
29 109
19 193
39 92
14 102
16 75
78 197
96 49
15 195
64 90
63 172
31 128
26 29
82 41
97 17
95 63
61 23
76 161
48 151
64 87
17 127
38 153
90 117
48 86
11 123
92 170
23 182
21 118
67 86
32 188
87 55
71 60
94 33
70 117
51 85
65 69
56 147
96 168
25 34
19 186
99 40
43 84
40 117
67 88
64 185
77 107
32 138
51 120
47 190
74 179
61 53
99 119
84 81
69 96
53 151
41 96
96 102
43 68
46 184
86 55
15 42
67 30
25 109
16 153
46 20
49 185
35 190
67 74
57 11
34 41
31 85
15 155
56 140
15 16
11 180
18 136
69 35
61 35
100 117
46 76
27 130
59 12
49 177
77 55
68 80
96 152
29 34
69 153
66 163
30 132
81 64
54 30
29 44
86 67
35 55
81 122
33 15
57 116
18 23
67 13
88 69
82 70
43 127
45 102
77 47
83 76
19 134
59 34
95 163
74 162
29 24
35 183
47 199
77 55
16 103
48 148
22 56
27 78
69 74
71 85
43 24
55 34
97 68
60 159
47 162
74 60
42 25
34 27
45 174
88 78
98 164
61 39
17 55
45 183
56 98
74 52
76 39
57 125
85 169
80 162
95 24
14 128
69 97
14 97
93 60
17 159
43 182
25 55
63 138
79 190
30 139
61 12
87 173
85 109
79 200
19 94
87 125
62 98
68 10
22 125
75 150
12 118
15 115
21 11
42 21
40 100
96 75
20 162
63 51
16 10
75 196
30 109
55 128
71 175
10 181
73 31
66 195
100 105
56 123
93 175
26 140
12 128
77 20
20 74
34 193
87 125
58 181
78 129
51 29
24 79
84 24
43 152
79 61
74 140
69 175
39 130
15 32
60 141
71 159
38 94
49 101
75 161
48 63
62 54
16 36
94 82
26 66
93 103
32 102
46 135
12 191
77 13
32 134
16 76
23 171
69 88
38 22
76 186
11 172
65 148
67 196
60 70
48 97
95 22
73 49
62 87
31 32
46 73
81 56
64 115
66 121
19 109
28 84
70 200
75 189
90 54
45 20
42 66
55 121
54 139
84 68
56 20
60 106
21 91
23 21
88 190
23 41
72 88
44 57
77 161
28 77
13 28
69 163
10 37
35 197
95 64
22 14
39 168
21 169
28 106
42 97
12 156
65 15
13 64
69 164
71 120
100 51
13 184
36 66
45 130
20 31
86 162
59 101
20 157
82 52
57 71
98 170
33 88
49 104
24 80
70 179
58 164
76 172
91 77
28 181
25 156
81 12
24 58
41 89
25 185
80 111
91 91
10 116
40 120
12 133
74 120
56 11
96 175
100 31
86 53
75 49
18 56
27 138
11 189
74 152
34 170
69 50
30 176
54 73
72 187
31 107
46 151
30 12
61 124
26 167
100 56
100 188
63 101
94 27
91 165
60 84
74 53
19 38
51 102
71 136
74 141
21 17
85 162
50 38
24 64
98 73
74 54
86 55
39 199
70 77
63 62
24 140
11 98
46 168
88 114
27 100
78 157
33 180
71 160
23 24
18 55
25 145
33 182
88 109
97 105
99 186
40 150
65 106
100 160
46 80
88 188
27 139
92 121
44 105
93 147
27 116
31 50
46 135
97 94
70 33
44 42
31 169
97 178
31 72
49 160
63 31
84 134
55 157
47 122
17 170
99 193
95 105
66 180
37 85
27 95
71 107
81 183
52 152
40 161
53 141
40 178
69 133
67 166
15 200
65 162
97 169
100 76
46 39
85 124
44 163
86 66
26 180
23 178
23 30
96 145
86 124
52 144
66 55
85 179
22 19
46 45
67 138
63 94
63 200
93 104
11 92
28 75
61 52
13 25
47 35
93 76
87 104
58 27
53 163
76 46
99 158
54 24
73 13
85 85
16 182
49 19
17 13
52 157
24 171
95 139
16 154
11 145
86 68
99 49
17 10
20 68
66 157
88 76
33 34
28 16
65 195
63 100
51 122
57 53
23 50
43 88
93 40
77 72
19 37
32 184
29 187
87 39
59 168
24 168
63 99
37 28
79 21
16 91
59 18
11 47
69 159
55 52
96 191
55 152
23 47
85 98
73 199
81 41
62 54
84 179
53 196
58 58
64 159
68 140
82 116
85 47
67 123
81 107
78 48
29 174
65 16
49 153
92 20
76 24
78 14
84 52
69 65
70 38
97 83
99 33
97 166
98 85
39 195
78 44
66 63
23 161
27 122
21 117
45 141
25 41
45 168
61 189
41 195
53 67
57 15
31 88
51 173
32 102
22 167
12 30
23 187
98 88
95 116
12 84
58 148
69 45
27 19
77 159
49 71
11 103
34 128
66 68
67 166
72 89
14 117
19 152
53 112
75 54
42 78
40 118
58 65
100 175
28 29
49 101
58 171
43 156
89 28
75 20
14 26
50 137
74 51
16 79
29 162
81 25
20 52
13 99
73 130
97 194
95 51
74 61
49 132
52 132
70 74
100 177
79 84
99 45
62 23
87 122
85 59
95 35
41 114
81 52
27 42
57 13
39 152
28 116
54 115
33 98
12 32
50 68
35 199
50 75
16 61
31 17
57 168
13 55
41 11
54 136
23 154
33 116
47 47
85 53
91 113
14 130
93 36
91 85
20 157
32 68
84 180
71 161
32 131
44 49
20 146
75 187
51 158
40 70
29 167
79 168
48 98
66 36
18 150
75 194
49 104
98 135
13 171
25 52
96 145
89 76
100 88
57 34
77 198
92 61
27 51
69 87
33 137
58 108
43 67
22 14
83 174
68 88
42 56
75 89
96 64
60 104
42 61
99 199
19 65
31 89
76 77
54 46
40 123
57 112
89 66
17 185
80 76
74 27
21 45
65 158
10 106
10 63
48 32
67 37
14 133
47 184
40 104
97 35
57 16
42 49
22 74
32 146
41 117
83 106
43 113
21 73
80 136
92 188
74 199
92 45
46 197
22 153
84 92
100 160
24 158
38 183
99 54
45 14
56 134
45 135
29 186
49 99
85 167
79 79
52 167
54 140
63 177
82 84
91 113
39 156
76 63
58 135
80 87
30 90
38 93
41 80
37 65
18 22
36 77
88 61
74 49
30 27
60 126
35 83
45 156
71 142
84 189
11 116
76 81
15 108
49 41
23 64
42 169
15 183
34 180
47 122
33 78
51 65
85 61
49 76
94 19
94 46
92 150
58 117
80 169
87 15
26 46
22 139
47 136
80 93
73 177
87 177
100 165
58 91
67 22
30 75
32 40
55 73
72 85
98 31
82 48
88 97
10 96
19 132
43 191
73 181
69 50
81 64
86 20
69 73
51 146
30 77
65 70
13 155
40 164
42 20
12 33
73 151
45 176
50 186
33 96
46 176
34 123
77 184
17 197
80 179
33 37
47 117
37 16
78 86
15 68
95 46
55 46
19 54
65 68
30 200
89 196
43 133
99 14
50 95
54 184
80 164
28 140
82 130
68 163
75 182
86 123
80 155
53 14
84 192
65 60
96 70
33 166
67 17
65 109
91 192
89 19
12 125
50 78
78 139
60 81
43 104
74 161
38 174
28 101
88 81
79 178
90 50
38 135
86 134
79 172
29 170
63 123
36 173
32 161
37 52
18 54
43 57
63 70
25 191
100 40
80 156
49 13
42 151
79 75
87 46
20 31
78 70
91 123
92 179
34 167
20 137
15 20
42 24
77 59
65 84
23 76
16 96
67 80
18 60
29 143
57 35
64 125
28 173
55 172
83 120
92 194
76 148
99 63
81 127
27 189
14 22
42 84
18 178
22 167
99 143
22 168
87 116
96 106
47 129
78 61
30 15
76 140
45 79
66 159
12 126
23 49
77 55
28 67
71 121
65 103
89 176
77 74
70 175
97 23
23 48
89 187
59 140
55 50
38 162
18 79
56 168
10 46
56 85
34 88
76 171
86 103
83 74
55 81
89 160
21 164
78 180
24 94
64 119
29 171
96 156
48 179
38 10
91 180
30 162
11 126
29 48
22 99
66 39
53 173
35 63
72 17
27 130
39 195
17 58
89 141
12 57
17 170
75 156
25 156
38 16
54 70
29 121
22 10
14 129
93 161
83 152
42 68
13 114
43 142
47 71
77 18
20 22
43 188
98 149
44 106
91 45
46 74
34 147
22 151
76 90
68 100
32 145
20 135
88 64
10 63
91 170
91 86
24 93
50 172
62 82
64 61
88 87
79 118
20 21
50 120
59 22
61 155
34 43
70 59
41 156
63 65
64 196
86 130
93 81
15 163
72 22
60 92
31 139
35 145
46 111
81 94
100 141
92 125
65 129
98 93
48 108
81 53
12 133
96 35
55 118
12 179
33 33
93 51
71 114
49 155
56 117
27 182
77 110
41 30
87 102
54 134
52 105
53 125
17 194
66 63
67 161
41 63
10 123
61 168
14 134
94 51
46 14
31 119
83 173
18 164
17 96
57 117
50 119
66 50
66 36
18 45
17 134
38 192
90 45
42 105
53 147
71 63
100 21
65 87
71 156
13 101
35 160
90 64
41 72
31 12
95 28
82 106
58 157
72 51
99 100
59 183
56 135
57 18
75 40
53 174
85 136
77 58
87 83
47 17
76 59
23 64
23 100
34 72
68 100
72 69
26 81
88 79
13 132
43 197
55 26
40 169
58 66
11 91
37 173
25 105
69 151
72 121
50 184
16 140
54 118
54 117
25 94
58 49
38 118
59 199
56 36
76 108
60 37
66 53
42 130
52 52
36 173
100 164
35 168
64 62
100 123
66 118
11 199
59 54
85 45
76 72
61 63
98 199
44 33
60 111
61 21
94 54
41 116
80 163
61 132
98 12
14 14
92 83
94 121
99 141
21 24
71 71
78 47
99 180
48 111
51 44
76 43
49 172
90 139
72 76
62 170
81 137
49 42
36 31
38 159
36 130
62 18
38 72
83 82
14 138
11 131
29 171
16 104
47 158
49 98
63 125
96 124
85 63
68 114
94 130
98 68
100 67
43 72
52 165
27 192
100 171
28 118
60 109
12 105
85 97
69 111
69 81
44 116
25 11
80 40
24 115
54 12
90 39
68 123
29 62
14 140
67 58
63 17
20 134
77 66
87 126
59 86
63 45
25 176
20 44
49 168
35 148
65 164
43 66
36 193
71 44
44 185
26 55
71 115
42 148
85 32
99 182
37 115
89 122
55 64
100 117
13 148
50 45
30 85
54 63
62 62
50 53
32 33
20 83
55 100
56 152
71 138
35 51
69 151
12 154
39 141
71 101
16 169
64 66
19 80
46 143
12 38
31 45
14 128
80 42
83 182
52 183
80 139
67 184
54 19
24 159
88 74
78 82
21 17
84 108
67 79
56 64
68 79
57 180
71 38
47 68
25 48
23 151
83 97
59 88
12 138
35 77
75 119
46 43
61 109
33 35
11 34
13 106
72 31
20 123
12 140
49 113
63 31
75 178
58 41
88 45
23 124
66 170
79 84
90 12
48 188
74 183
18 161
35 138
90 186
22 85
57 62
73 125
39 72
72 23
51 180
10 72
35 184
68 11
86 111
96 93
87 62
36 132
99 176
39 48
98 163
97 107
83 110
80 121
86 146
62 97
64 36
53 94
46 45
55 120
31 120
17 65
36 100
29 38
59 122
39 57
26 20
26 100
20 30
73 135
47 188
32 135
68 35
15 55
49 157
51 37
26 22
57 69
18 145
94 200
51 185
39 164
20 54
82 136
14 117
79 62
97 115
68 118
39 58
84 53
86 195
27 102
62 15
71 162
13 80
54 39
49 61
75 103
55 77
96 170
65 143
63 109
92 39
95 40
93 56
24 113
28 175
43 78
68 18
13 175
30 44
80 187
95 49
98 21
64 139
62 143
83 55
59 173
45 90
57 14
84 86
69 198
28 165
45 85
14 149
21 105
59 106
19 121
98 23
19 82
62 179
97 78
85 65
72 152
25 75
20 103
53 117
64 56
43 188
20 98
47 11
88 162
21 128
66 51
66 58
88 116
45 159
24 81
56 55
66 12
14 10
34 94
71 28
44 41
87 92
67 186
76 145
45 21
67 51
23 35
38 28
49 125
47 146
19 21
49 50
82 112
13 142
26 10
56 157
94 187
14 183
82 131
30 141
85 43
44 47
18 102
61 31
62 41
73 43
71 158
99 88
27 167
20 86
38 10
57 52
62 80
44 181
58 27
78 186
50 124
56 140
10 109
68 63
31 128
87 36
69 23
61 189
50 178
46 191
91 129
63 187
71 133
13 75
78 110
78 31
18 105
39 49
94 122
35 166
55 21
86 168
60 127
26 58
17 74
42 104
18 125
67 66
18 57
24 197
13 13
68 13
78 10
48 155
74 189
11 36
10 155
59 56
87 194
61 29
91 187
18 103
13 35
41 159
99 112
25 83
100 26
40 88
59 173
11 182
67 28
68 183
54 33
28 98
18 154
88 105
51 84
98 74
87 200
83 35
47 31
13 69
97 38
78 86
38 33
96 161
99 97
25 45
97 193
46 158
38 73
66 131
99 125
50 78
19 70
70 57
47 54
19 174
69 85
15 82
29 161
55 149
27 29
33 190
67 140
44 34
72 75
91 193
26 193
54 137
79 16
45 166
12 100
22 133
95 20
85 105
82 92
40 50
26 60
92 145
48 53
94 45
88 167
79 130
40 142
93 43
63 50
88 30
45 160
17 137
44 12
52 162
48 108
40 26
62 86
63 191
19 174
19 68
57 128
27 121
37 76
59 61
10 175
73 100
100 100
37 125
34 134
21 17
41 132
89 42
89 39
92 180
61 123
21 165
15 80
57 132
11 61
49 128
70 108
64 159
54 119
29 122
87 13
13 106
99 197
19 18
97 14
11 60
82 79
27 191
67 144
46 139
61 149
34 30
97 127
15 97
42 106
82 110
28 182
100 88
95 167
83 35
37 105
65 120
22 143
22 145
36 76
11 104
42 183
16 114
76 125
96 189
100 63
91 152
42 126
23 65
62 147
81 107
43 18
61 48
43 171
89 82
84 88
56 104
78 121
71 192
92 61
24 89
59 99
35 23
58 114
81 151
98 12
25 124
22 118
13 16
11 167
79 168
44 129
63 158
13 122
27 107
52 150
66 153
63 92
19 108
55 44
47 99
14 128
10 102
91 28
72 145
58 39
93 82
92 26
66 28
42 10
16 154
78 177
11 43
79 72
14 85
64 20
93 187
66 41
84 195
22 39
10 66
22 94
24 69
48 168
62 91
63 57
43 141
19 163
88 114
18 136
74 197
60 16
93 106
76 115
72 119
49 61
21 34
65 134
28 99
15 193
99 114
27 46
25 117
40 71
77 77
21 62
37 186
33 78
88 150
59 13
14 148
85 86
22 52
51 87
69 178
90 143
95 141
26 179
96 31
39 99
74 89
38 162
75 63
84 178
78 65
38 115
94 88
97 197
79 77
25 93
21 175
32 179
74 57
42 184
20 49
94 168
74 54
48 45
46 12
27 155
26 46
95 114
85 104
41 76
56 15
27 68
23 15
89 94
13 46
18 131
54 171
61 78
50 71
30 167
29 170
63 174
56 11
18 174
65 189
19 142
22 29
57 196
39 90
76 131
83 10
19 55
12 194
18 39
68 81
37 171
75 138
49 100
64 31
23 111
22 135
19 57
23 74
23 32
28 175
48 125
35 58
92 190
27 137
79 149
37 46
52 58
22 84
49 179
64 43
21 159
48 154
27 167
49 101
67 25
28 186
32 94
25 132
81 150
76 146
99 76
29 38
30 199
58 115
71 39
85 88
14 161
11 69
10 103
62 137
71 80
34 80
51 199
69 91
46 91
44 67
26 39
47 146
21 29
69 58
70 53
26 112
93 43
59 174
30 176
76 76
72 76
10 62
12 191
43 66
30 22
99 82
57 40
47 145
94 122
66 173
76 173
54 21
62 78
77 164
94 117
91 120
14 28
77 78
77 159
72 112
68 79
98 66
70 54
100 33
66 24
97 153
47 102
25 47
32 171
98 44
97 84
44 91
96 170
72 155
48 137
32 142
67 71
83 180
80 29
70 103
10 30
57 75
69 42
62 114
27 156
70 112
64 124
42 176
42 196
85 42
63 186
48 182
16 194
36 14
29 17
48 100
61 154
29 172
31 98
37 19
57 76
42 105
27 136
50 126
94 200
38 107
58 154
57 84
23 94
66 12
79 187
24 129
63 89
76 169
40 50
11 31
25 121
79 150
71 28
92 30
16 55
38 34
76 38
44 189
30 18
84 22
67 93
92 178
94 106
83 172
86 124
38 106
28 162
43 134
88 142
70 29
35 125
37 16
99 195
90 96
34 17
44 29
34 115
91 94
18 165
14 10
20 101
58 166
11 195
44 86
42 119
100 145
82 192
31 18
61 168
25 190
46 78
56 119
48 81
51 48
72 112
13 168
51 189
74 109
69 76
21 141
38 112
31 50
11 59
52 112
79 27
64 45
27 153
48 123
18 178
75 92
60 30
25 136
93 14
33 23
23 73
25 109
18 61
23 123
14 72
89 193
87 147
60 198
78 12
85 167
66 102
28 113
92 130
43 175
50 126
99 58
64 185
14 18
76 150
45 190
100 177
25 124
55 40
15 87
90 84
34 66
13 124
34 119
12 60
95 53
87 102
15 18
69 102
76 145
53 191
77 86
23 138
55 133
84 164
53 32
31 86
81 44
45 78
45 119
90 46
53 147
32 84
43 46
84 25
52 50
99 159
97 26
74 169
42 85
82 13
83 22
78 38
90 132
85 30
23 77
27 33
13 26
78 192
56 84
71 87
52 66
80 93
43 153
69 76
63 36
76 179
16 33
24 116
28 157
84 49
73 24
25 91
12 192
38 158
71 133
19 42
67 123
77 115
95 198
37 125
50 125
18 115
18 153
15 125
32 10
86 177
90 57
88 98
19 162
14 136
24 112
19 126
12 115
44 122
86 65
71 158
37 14
44 150
65 137
35 88
93 59
99 151
37 143
74 168
64 138
81 41
55 93
76 117
39 20
33 133
97 118
66 77
90 197
69 101
67 113
95 92
31 86
40 91
95 125
58 145
99 173
53 123
45 155
26 86
17 90
69 84
97 142
91 164
51 21
94 116
69 86
29 109
60 62
48 12
44 69
65 61
51 166
12 119
15 36
76 107
85 56
80 158
86 154
84 171
82 176
98 111
44 83
40 45
56 52
47 135
90 37
86 165
90 182
42 136
86 122
17 146
69 67
32 200
19 24
44 197
100 55
41 96
37 161
91 86
28 22
36 136
56 49
65 64
25 27
95 60
85 98
89 150
15 121
61 187
79 119
69 191
52 134
75 137
87 61
26 142
55 76
38 134
27 43
64 136
16 53
60 42
22 35
98 95
21 153
96 147
70 108
31 58
26 45
72 192
23 28
33 181
93 54
87 30
71 146
69 159
61 187
30 152
30 25
17 33
94 162
85 40
29 128
55 145
65 116
27 124
67 91
27 71
27 62
86 43
16 69
27 40
73 35
93 133
83 73
87 40
28 147
18 138
41 23
99 103
97 39
54 106
82 143
40 98
37 80
13 23
70 188
26 60
86 58
51 107
35 160
60 167
25 29
54 23
11 198
32 184
48 155
79 22
10 78
46 113
87 85
51 130
87 23
68 129
93 184
93 35
63 185
35 70
91 118
14 89
11 43
53 187
65 196
33 128
93 131
73 64
71 10
52 123
43 17
83 151
45 143
17 178
44 190
93 174
91 143
80 67
86 169
96 17
54 73
32 80
50 188
79 54
34 183
85 77
58 61
56 34
97 193
17 142
75 48
28 134
22 43
75 11
83 43
64 18
51 166
36 122
97 87
27 16
52 176
51 81
70 122
19 74
77 128
59 141
79 165
33 191
91 64
51 30
30 54
63 46
54 160
24 38
20 168
71 128
98 140
79 24
34 125
49 189
13 116
69 39
92 193
35 100
16 65
72 187
43 193
61 185
40 34
91 20
70 57
66 158
89 158
50 71
85 81
77 124
13 200
32 90
53 27
93 91
49 122
49 35
16 143
69 111
37 53
50 182
73 103
81 110
29 154
36 155
73 51
54 43
10 53
87 63
12 125
29 165
61 64
32 195
67 30
66 164
12 48
55 186
91 149
52 22
73 109
76 171
44 67
38 43
75 149
15 24
95 83
27 153
93 190
75 134
94 52
16 126
26 108
88 52
50 72
80 193
72 53
75 165
92 188
13 42
28 138
97 52
43 56
30 148
26 165
47 98
14 22
33 141
31 169
91 188
67 91
10 34
95 164
98 44
78 40
69 153
73 122
71 180
41 22
57 34
65 52
31 14
27 180
53 27
27 172
73 32
29 38
76 187
48 89
26 18
91 97
21 87
12 179
48 199
90 37
55 20
14 167
77 177
83 182
34 138
80 73
10 36
70 60
40 137
66 44
86 57
41 128
35 184
96 22
40 140
30 37
55 162
23 187
74 184
15 197
22 164
94 124
47 14
52 34
87 134
87 130
27 43
86 138
77 198
79 30
82 43
55 109
51 95
22 199
44 106
38 64
28 86
32 80
11 196
59 53
99 16
23 110
79 52
49 110
43 41
26 198
43 31
15 134
19 22
24 59
61 171
63 30
37 112
98 181
76 49
79 58
18 28
70 139
55 49
97 153
90 21
66 19
63 100
70 192
51 119
26 74
90 175
44 157
27 39
17 15
68 184
46 167
78 65
64 138
41 165
74 27
89 84
16 62
64 191
77 131
22 138
33 41
89 133
81 21
78 170
78 83
74 124
22 198
46 167
37 104
52 69
61 152
93 169
98 161
96 79
24 112
84 130
73 142
30 175
40 68
95 191
43 118
85 12
73 114
47 94
61 123
26 150
45 140
79 99
82 99
71 35
100 198
59 187
26 60
79 113
39 127
81 103
95 61
44 195
48 118
83 195
87 85
75 126
34 62
28 136
44 15
64 195
42 159
69 185
54 164
31 193
37 43
72 170
29 44
52 81
51 95
29 14
50 18
22 15
10 167
42 64
28 146
41 27
34 61
89 158
100 164
78 149
37 67
22 135
18 81
77 74
15 102
50 158
53 30
83 46
56 149
13 181
91 171
51 42
43 53
19 90
66 162
87 57
36 147
49 185
25 19
57 15
38 149
40 88
75 149
50 199
54 46
21 34
51 199
23 60
18 78
97 123
73 169
68 101
44 175
96 154
12 156
98 139
28 145
37 138
66 163
40 33
46 115
18 59
30 136
88 29
70 71
29 65
30 112
57 166
20 85
94 114
21 123
15 200
44 91
87 194
72 73
74 117
85 95
21 156
29 76
59 35
45 138
48 20
28 112
46 170
10 139
13 49
47 126
15 162
13 198
81 125
34 24
100 91
52 198
76 131
72 42
77 54
67 111
89 42
18 83
77 32
80 85
85 117
52 154
98 82
61 99
47 43
49 81
20 23
19 183
79 17
74 143
13 186
32 159
79 88
79 50
12 98
51 25
38 191
56 149
65 120
30 112
55 152
10 100
22 106
67 152
53 119
99 187
88 181
11 165
24 199
37 22
55 174
84 123
34 197
72 80
100 131
53 113
23 19
35 68
62 129
43 27
86 147
24 164
79 149
56 40
21 155
36 65
25 80
50 137
11 92
55 13
67 20
17 117
14 163
69 156
88 16
88 129
98 199
63 103
43 41
86 138
56 197
74 115
84 23
36 142
89 79
12 162
96 106
34 153
69 54
82 150
59 82
45 57
50 13
48 71
17 126
54 30
98 22
87 189
95 29
83 174
57 142
91 32
20 14
14 127
34 83
88 152
72 188
55 79
31 193
58 57
26 160
54 41
82 56
21 28
15 194
21 186
95 171
30 194
43 183
47 76
74 40
67 86
21 71
19 62
14 116
87 194
31 199
62 68
87 120
42 119
30 121
71 70
35 134
46 110
79 27
52 25
72 48
50 98
29 77
95 37
43 81
72 79
74 99
84 145
59 66
14 166
87 180
74 112
29 132
97 73
56 20
12 198
19 32
26 32
27 88
42 103
54 124
41 59
53 152
94 75
94 101
98 16
90 87
18 37
44 152
32 159
15 32
34 63
93 116
32 144
24 179
87 197
31 84
12 137
42 93
40 43
20 42
32 85
25 11
35 151
98 35
65 137
45 130
43 102
93 141
65 82
83 127
91 20
32 146
79 58
52 172
52 21
99 175
25 167
67 30
89 151
62 91
83 103
42 120
51 77
98 84
57 191
20 27
47 55
40 193
59 22
87 38
61 20
92 164
25 10
43 138
39 39
21 81
18 61
54 170
95 73
82 100
84 76
52 65
50 124
100 46
27 42
25 13
89 99
17 73
28 172
71 116
62 74
31 198
52 179
82 97
79 43
13 105
17 170
10 74
38 82
18 72
49 196
50 10
57 107
95 60
23 140
48 123
64 153
98 173
98 110
68 26
59 100
56 95
80 147
40 196
18 90
80 155
90 199
11 24
56 71
38 196
78 83
61 36
99 61
26 10
54 112
36 147
71 13
87 114
91 191
21 190
82 19
73 178
90 120
34 135
33 109
68 14
54 70
21 62
39 83
12 125
37 123
13 61
73 125
49 75
69 117
78 16
31 30
38 178
25 29
19 143
94 63
66 155
21 53
17 88
31 90
50 154
10 118
56 128
96 191
15 169
35 101
86 76
33 13
29 104
93 155
50 195
68 37
50 154
62 177
46 27
29 88
41 91
93 28
72 60
62 55
32 159
60 48
96 110
85 78
85 139
16 73
79 85
19 104
70 193
93 113
54 160
17 34
58 19
51 81
14 105
97 154
15 116
98 88
93 86
79 52
75 33
64 171
38 36
52 158
43 189
29 82
20 83
51 189
90 192
88 27
21 17
10 150
94 185
81 162
96 37
62 129
23 140
39 158
51 17
12 38
26 198
88 144
22 37
57 38
48 44
76 137
83 25
39 19
36 157
25 136
49 27
91 66
56 198
14 166
64 173
44 31
55 125
32 94
24 140
86 24
78 189
37 70
36 80
89 57
94 71
83 64
81 90
95 66
18 179
49 113
86 47
69 165
69 143
61 158
88 192
61 101
97 166
78 36
54 39
84 115
70 109
43 200
55 112
56 98
16 108
52 84
78 180
85 129
29 118
82 48
44 79
34 132
30 121
25 123
67 63
92 93
81 28
93 174
78 169
15 41
97 138
92 43
48 176
74 83
75 91
36 68
51 104
12 47
24 171
24 18
43 19
34 39
93 37
66 180
82 140
71 94
99 170
15 16
93 133
67 83
87 53
39 196
33 153
78 37
77 24
45 191
61 180
87 83
13 98
41 34
94 138
26 126
81 111
92 97
63 64
94 80
30 132
57 98
27 152
91 51
80 182
67 21
58 127
11 21
22 21
63 73
60 198
24 79
26 143
67 164
80 135
44 148
46 131
53 185
25 183
20 70
86 89
52 192
46 41
21 51
11 70
82 193
15 147
56 187
28 36
63 129
36 184
61 92
51 135
88 18
10 125
77 147
91 194
46 63
72 163
66 78
84 40
89 111
59 175
36 87
36 69
75 14
48 104
87 10
93 185
71 21
89 109
96 135
67 118
87 127
51 113
28 146
52 108
76 141
67 187
78 126
53 77
18 121
94 48
60 53
87 152
97 154
32 43
71 152
87 97
43 74
62 117
25 187
31 109
14 119
56 189
45 164
13 187
70 79
11 48
100 123
14 29
26 49
51 198
78 79
98 136
27 115
35 197
26 89
87 72
45 23
28 87
20 159
49 104
44 164
27 25
55 132
93 174
74 141
21 37
87 86
78 176
84 37
100 136
60 99
46 158
44 57
91 110
11 152
52 86
43 168
43 22
16 158
22 113
86 156
47 152
21 125
93 75
27 143
21 68
95 198
34 166
92 82
47 103
17 123
56 160
74 102
38 10
40 179
76 192
91 75
14 18
36 92
61 142
52 106
84 65
46 69
39 192
49 140
85 17
81 117
97 142
82 160
50 90
92 76
54 93
37 24
48 132
17 196
33 152
33 139
60 26
96 81
98 160
81 145
91 72
21 155
31 93
91 167
30 73
49 98
82 174
85 100
55 61
27 44
69 18
12 40
19 170
70 85
95 121
51 161
64 103
51 17
71 72
18 12
41 38
28 134
49 55
41 173
22 118
89 130
24 179
62 194
14 115
57 142
88 98
10 62
23 38
52 30
84 87
39 56
87 144
90 160
23 34
82 116
95 160
32 112
24 48
59 151
31 196
82 32
14 15
39 127
87 165
65 177
20 191
47 200
51 55
85 166
73 113
16 65
91 160
39 54
39 115
50 195
94 109
49 24
30 122
79 192
76 88
40 150
91 44
46 34
30 131
21 12
50 115
23 150
73 99
62 117
93 21
78 136
13 150
10 56
58 114
93 170
39 82
35 114
80 113
60 49
55 173
18 120
15 153
89 174
90 64
42 78
68 23
86 16
53 176
57 33
28 167
50 147
89 135
39 176
100 42
84 102
22 111
11 114
40 103
58 149
56 168
66 53
80 52
11 165
90 179
49 151
62 12
81 14
80 169
35 27
61 48
86 37
27 175
17 56
94 50
95 56
35 43
81 19
64 24
53 146
94 183
41 159
97 36
22 188
48 165
18 28
35 190
89 196
45 40
27 63
79 89
41 109
34 51
35 50
57 135
20 80
87 126
59 146
80 192
22 170
88 14
42 12
25 86
82 158
44 70
51 17
19 141
42 115
94 77
47 91
62 163
54 141
62 191
30 85
53 85
75 160
27 107
15 83
92 12
18 143
49 94
10 64
41 88
18 59
63 146
92 179
67 102
25 40
64 48
77 95
41 12
100 12
21 81
16 114
19 159
37 167
74 27
87 120
33 21
56 82
14 132
26 87
46 191
15 159
39 98
70 174
87 164
45 31
55 83
64 118
29 34
92 128
45 127
24 191
74 39
70 117
71 144
28 37
43 177
34 15
32 82
96 186
43 178
32 102
46 16
31 136
40 137
75 126
92 102
96 46
21 200
22 113
67 191
16 120
26 147
34 62
50 126
73 108
78 98
34 198
44 40
95 179
32 18
65 52
57 41
95 62
41 63
14 26
100 148
23 63
13 82
44 157
85 196
90 123
65 85
38 41
87 75
90 103
18 135
48 15
68 55
87 196
65 98
23 26
27 169
96 174
92 59
91 114
100 37
37 182
20 169
43 48
67 75
31 161
95 130
94 165
64 98
78 149
88 24
45 53
45 88
52 99
87 168
65 14
75 61
30 150
36 52
99 107
12 172
68 139
52 76
22 99
94 107
34 172
98 34
12 148
27 62
85 50
49 48
53 67
94 83
62 142
35 25
22 86
44 150
88 111
57 161
92 11
16 90
48 10
12 188
100 27
57 184
32 113
87 177
35 143
10 177
63 28
11 145
81 33
71 184
84 131
85 155
30 33
72 106
94 171
34 193
56 155
94 120
93 50
70 60
76 168
69 89
22 72
66 155
85 139
78 50
70 103
60 193
52 83
75 193
58 12
18 85
97 13
45 69
98 113
71 59
91 189
65 109
79 184
22 168
74 44
84 13
14 56
50 129
28 115
72 195
41 128
80 141
98 95
43 197
45 140
84 99
59 15
56 10
86 104
16 132
75 199
18 141
51 153
52 196
54 180
99 29
19 112
38 82
19 159
27 195
38 146
98 47
66 113
41 139
74 38
26 189
55 196
44 124
63 188
27 38
62 152
54 118
58 16
40 60
17 89
38 106
20 159
86 175
41 34
80 100
45 196
16 132
47 38
48 183
89 18
16 35
81 111
37 45
59 154
22 125
77 183
65 67
39 39
80 34
84 189
38 182
18 55
71 50
11 181
18 142
74 87
57 172
91 132
63 149
14 146
15 141
78 160
49 113
74 83
77 95
41 105
93 99
66 11
21 77
35 184
21 24
97 199
69 123
69 46
91 59
59 10
72 153
83 41
43 170
92 25
83 198
95 175
53 114
92 57
81 10
47 44
78 166
77 76
47 37
31 194
35 137
87 98
70 153
70 168
41 65
39 52
65 124
89 193
47 45
34 63
59 124
36 104
68 173
89 22
64 104
96 108
16 200
49 165
67 169
42 140
51 114
74 130
58 51
22 109
58 15
76 143
71 80
59 85
30 39
96 52
20 124
90 39
89 190
56 119
65 125
52 13
22 83
20 88
41 121
82 31
31 171
22 121
75 32
83 93
73 114
96 60
86 128
26 173
77 83
29 76
22 14
100 58
14 78
22 32
21 166
51 136
14 39
88 199
52 52
91 179
66 69
23 16
33 117
79 126
64 114
95 41
87 115
65 27
84 68
15 193
33 137
92 13
37 197
33 70
66 114
56 49
99 98
36 12
99 77
85 48
66 164
55 121
54 180
22 104
12 52
86 115
92 46
80 188
73 141
60 103
25 140
60 70
37 18
62 65
53 22
14 88
96 26
78 98
32 180
40 87
72 88
77 32
73 131
44 179
59 112
36 159
62 45
14 101
34 134
78 151
29 125
13 167
94 59
27 158
88 78
13 105
52 35
75 124
36 181
22 70
65 196
77 178
88 112
69 105
27 100
16 14
81 107
23 155
16 78
53 60
13 169
53 147
89 126
87 194
53 185
27 42
11 148
51 63
54 131
27 95
18 57
16 66
96 135
26 154
77 167
97 172
78 181
16 150
47 31
44 55
55 50
62 38
71 140
99 68
76 93
86 135
12 96
90 116
39 55
63 56
37 94
66 190
79 157
33 23
28 126
69 37
82 21
46 197
50 191
68 66
22 40
79 22
99 35
76 169
36 18
23 158
14 63
84 20
14 109
61 41
75 159
21 66
67 167
62 143
54 139
11 39
73 43
44 139
11 192
79 183
11 166
71 147
33 110
14 82
25 34
76 86
48 24
62 197
98 26
92 138
43 182
35 190
37 40
94 126
42 78
83 76
26 71
11 84
62 191
40 10
33 112
29 51
56 72
57 106
58 199
76 108
58 32
60 47
69 46
40 106
41 93
97 170
29 15
60 168
29 52
20 43
58 120
41 101
37 166
75 113
52 84
76 165
13 108
48 181
59 186
36 58
54 102
64 76
47 93
34 125
29 55
72 133
91 86
45 168
16 53
65 36
76 113
22 77
84 45
13 176
92 177
12 143
25 74
88 29
97 97
81 158
73 124
57 151
35 115
43 94
27 42
17 128
92 154
34 177
96 73
88 40
30 176
48 162
19 36
60 72
64 125
86 130
63 110
52 91
50 42
47 47
46 116
22 40
36 182
83 79
90 158
72 139
59 126
17 48
62 103
92 140
78 152
69 109
72 184
82 120
59 17
41 133
35 144
12 35
69 191
46 24
54 56
31 126
43 74
88 168
22 118
38 15
18 21
29 164
71 169
17 64
83 62
95 142
17 172
32 165
81 114
34 154
38 153
54 155
46 87
30 15
37 73
47 85
71 169
42 101
48 144
79 157
51 163
92 44
33 109
34 162
45 200
55 196
29 38
62 192
19 115
77 131
56 61
45 106
97 75
75 11
79 173
28 57
43 100
78 135
50 113
86 44
39 33
39 86
18 32
76 19
35 140
27 159
29 189
60 64
55 83
77 116
41 67
16 35
67 76
56 200
11 78
73 113
52 116
51 196
92 110
42 119
32 166
97 61
92 154
84 60
44 46
87 105
17 151
29 104
40 133
61 49
34 159
89 145
34 162
90 34
74 144
95 154
61 41
27 84
64 165
51 66
77 144
90 126
85 134
74 155
11 144
73 111
58 167
64 20
18 186
61 43
92 199
57 82
100 23
94 90
91 156
78 10
90 128
13 15
93 189
51 162
66 175
45 78
39 139
59 69
16 144
99 119
83 110
13 24
83 21
62 123
21 72
57 67
59 92
37 95
91 32
99 56
56 162
33 138
97 55
48 68
18 142
26 174
54 20
36 187
97 114
80 190
80 76
18 20
86 140
43 82
40 196
86 12
93 95
33 79
54 180
17 150
33 158
16 15
70 133
84 22
83 146
36 66
52 101
90 192
97 194
31 46
82 23
76 167
79 200
25 92
50 27
47 143
72 177
67 187
48 184
23 21
67 53
45 141
47 166
10 28
75 27
87 191
91 102
29 184
23 68
17 123
29 129
90 104
61 34
86 80
23 133
29 137
11 181
16 142
53 53
99 170
54 45
36 123
46 160
67 59
15 194
39 147
82 58
41 93
92 175
96 134
42 76
11 104
96 182
45 45
40 48
82 117
82 186
82 41
42 158
95 17
38 83
88 116
69 26
70 79
62 185
81 97
96 117
91 129
16 80
93 145
86 169
30 23
99 113
12 143
66 157
41 42
46 104
68 36
65 169
81 110
55 107
37 35
61 40
41 135
69 139
67 50
25 175
39 83
15 129
17 147
54 166
29 159
85 148
21 10
77 89
28 91
70 150
71 53
35 91
14 112
16 123
66 149
75 36
61 174
89 91
69 84
34 142
31 159
37 48
74 49
88 112
88 178
64 90
41 62
77 52
100 45
69 159
67 83
22 59
95 184
50 19
42 39
13 121
99 62
22 190
43 107
80 53
74 174
41 149
86 127
66 65
17 200
50 167
48 52
56 151
26 199
95 136
49 133
75 46
37 36
72 108
13 148
16 60
48 106
61 191
73 44
17 15
68 112
54 138
36 41
48 32
75 93
63 67
94 57
60 54
42 151
17 59
90 124
93 63
24 153
23 96
70 142
67 73
58 118
96 29
91 134
89 179
76 53
79 107
96 162
52 196
40 124
53 54
36 30
73 112
88 195
37 12
69 121
10 12
84 98
63 178
93 117
39 113
73 23
90 61
62 183
22 153
17 145
74 189
63 148
84 159
85 119
24 101
84 58
33 112
37 168
41 43
17 89
51 67
94 200
11 121
90 17
10 133
41 113
40 139
74 64
97 25
13 102
65 56
52 62
53 140
92 91
99 126
70 162
42 94
44 122
72 188
19 121
83 126
99 84
43 128
15 196
30 132
13 102
58 91
90 181
33 27
11 46
43 63
89 148
51 35
71 195
18 42
47 154
29 182
67 66
17 187
54 96
44 171
93 140
65 186
19 126
26 13
91 168
100 14
87 56
64 27
26 73
53 199
25 39
62 75
87 133
71 191
77 191
68 39
22 66
51 72
37 27
97 167
79 197
59 121
62 53
38 114
47 188
95 154
15 136
98 178
42 123
11 109
89 151
78 87
92 153
33 20
48 68
63 154
41 169
98 129
88 33
71 149
15 189
50 82
37 164
28 14
32 49
42 21
89 51
22 27
18 69
25 185
27 36
36 14
15 55
13 60
22 188
44 111
55 145
55 122
48 64
32 185
93 61
45 136
53 116
78 117
18 34
17 124
50 60
100 100
83 83
65 173
40 193
76 90
100 88
47 68
56 150
34 88
49 70
10 124
42 20
53 172
88 131
92 117
73 67
46 107
94 10
13 76
26 176
34 174
25 180
80 49
57 106
91 152
90 185
89 185
31 128
89 60
18 95
100 83
71 196
90 158
63 82
13 64
89 11
21 132
25 69
93 132
75 120
32 174
73 194
11 120
14 135
66 192
70 159
20 26
26 77
20 194
56 29
76 196
67 107
66 54
95 120
18 174
40 104
49 177
13 126
59 17
94 109
47 124
96 118
19 44
19 158
92 155
96 129
27 50
70 120
98 22
94 70
49 112
99 154
52 82
92 27
36 173
42 155
64 185
83 58
49 78
18 99
74 13
23 194
82 74
36 138
10 165
11 115
15 15
91 177
28 181
21 20
29 120
80 50
43 58
72 166
17 148
93 148
100 126
35 26
53 76
24 120
81 26
19 128
42 115
97 153
82 98
68 71
23 150
10 156
63 74
55 124
15 29
14 185
17 56
50 180
53 198
29 174
96 146
73 89
39 27
52 191
39 194
38 166
57 15
24 163
11 86
97 113
71 169
75 94
93 141
91 180
41 16
69 195
11 98
65 56
26 136
14 51
79 141
60 116
71 172
63 69
98 176
42 174
60 112
99 181
85 175
51 55
24 157
52 155
68 167
56 159
76 69
93 53
56 60
44 190
81 59
52 100
18 73
99 192
16 153
37 70
11 176
16 108
51 198
41 199
82 85
20 66
10 10
65 187
18 112
36 125
21 77
66 18
78 88
14 158
77 24
75 180
73 176
94 145
55 162
49 159
75 144
47 33
25 168
48 48
81 39
22 84
51 200
75 68
59 135
66 162
74 87
67 162
91 72
23 58
10 92
89 114
75 53
68 193
53 23
76 111
80 25
79 171
46 99
66 146
86 77
83 196
78 92
96 38
25 84
29 200
34 93
55 23
96 117
14 168
81 68
89 172
85 85
61 142
74 25
78 52
27 60
72 89
26 47
79 118
39 194
20 130
15 74
78 65
94 171
29 110
25 123
14 156
38 68
83 47
61 50
78 18
73 170
35 64
33 14
84 149
11 111
42 150
76 44
33 156
55 59
23 65
24 181
32 23
100 151
71 165
64 184
38 114
50 92
42 182
30 162
53 160
36 30
54 68
21 137
50 91
47 123
36 11
45 200
66 186
26 118
95 185
74 145
88 76
13 88
14 166
99 199
72 133
58 57
15 105
19 36
36 22
72 153
16 73
91 81
14 124
99 52
14 112
48 28
67 44
74 56
38 167
44 169
76 96
41 111
24 52
90 177
60 129
83 122
31 103
93 94
43 36
87 168
43 144
55 160
39 135
33 31
54 104
83 43
22 37
64 181
28 125
94 178
68 129
98 90
48 137
77 91
98 110
82 144
51 88
94 53
19 153
10 158
47 85
46 68
61 11
48 57
16 48
19 192
16 168
79 42
60 77
90 110
72 25
14 51
24 191
56 161
77 11
50 21
94 153
35 64
12 139
49 102
31 158
100 165
82 18
100 51
87 142
15 83
39 48
34 82
70 62
77 25
36 195
60 184
29 127
90 123
39 149
57 63
67 151
14 53
89 46
97 87
18 88
87 157
75 106
55 200
90 137
45 64
65 73
25 99
97 86
68 99
60 79
12 175
35 192
28 32
74 155
51 59
80 91
46 34
64 110
16 188
39 70
87 167
99 112
77 166
70 99
47 43
22 38
63 41
19 78
60 101
59 186
44 109
18 200
46 107
34 10
80 145
56 180
56 46
30 189
67 100
84 110
37 98
70 185
43 10
34 15
78 107
74 96
74 88
55 183
55 26
25 145
59 74
53 116
80 59
54 155
80 34
66 126
87 23
60 73
30 186
92 138
83 90
36 142
11 140
83 28
77 128
43 139
87 131
58 167
75 170
28 150
56 29
24 137
36 199
78 100
37 100
71 119
88 104
83 193
94 196
98 21
80 196
23 180
96 25
11 127
89 111
79 200
30 164
93 15
84 181
28 167
56 177
84 82
65 158
49 115
47 107
83 142
57 120
100 49
83 111
22 164
47 63
32 163
47 143
76 10
65 118
94 25
63 97
70 187
96 15
40 51
72 71
23 57
34 127
70 137
40 83
94 71
90 85
98 153
57 67
73 185
85 165
85 113
43 140
82 127
80 22
35 100
87 152
32 85
77 64
43 149
54 134
48 95
69 109
87 79
72 44
36 163
26 84
74 81
82 164
51 12
67 167
65 102
77 71
81 61
58 42
24 84
67 63
100 49
60 60
14 127
99 194
58 115
31 176
37 135
77 15
26 159
17 62
12 155
84 81
91 48
23 37
98 144
83 135
32 73
45 123
82 101
48 123
58 36
24 44
35 81
80 121
50 65
49 135
33 95
89 47
27 185
45 100
98 198
74 111
24 41
20 104
53 161
51 181
80 136
12 170
72 86
19 91
31 84
81 196
43 74
85 147
33 151
38 177
11 114
13 62
21 132
74 120
88 172
81 100
97 115
35 158
81 172
97 176
55 85
73 47
99 57
49 29
94 73
14 167
79 126
73 188
48 196
70 161
24 198
57 118
50 143
95 168
80 136
86 160
30 158
76 182
86 33
12 11
55 50
37 139
42 40
94 67
100 32
69 46
67 123
13 197
24 73
38 191
89 130
44 40
89 169
91 92
88 67
69 132
63 127
46 117
59 17
92 37
92 68
51 125
93 49
66 89
51 108
80 132
33 51
65 136
87 196
65 56
10 177
33 13
29 92
75 82
98 138
52 151
80 195
65 29
100 19
95 189
40 200
97 166
50 103
55 104
69 163
28 195
43 172
50 63
74 140
20 152
44 88
40 117
72 22
11 159
78 66
39 160
86 88
51 127
13 69
25 124
68 193
58 13
48 160
81 26
76 68
62 19
70 137
49 72
50 84
30 192
25 190
52 195
47 119
35 102
51 142
39 31
47 178
74 120
48 135
59 57
24 149
49 161
67 14
80 77
54 96
88 27
21 40
69 197
86 176
25 148
98 158
100 96
40 47
83 115
97 164
54 187
70 71
58 40
43 22
96 175
90 187
72 37
77 78
76 18
51 165
52 184
44 147
100 122
40 106
15 178
95 19
10 25
69 154
53 190
49 197
15 117
85 31
56 53
34 42
40 144
75 40
93 163
50 27
99 183
92 133
70 36
80 167
49 89
81 120
12 129
56 86
75 121
11 55
18 198
51 48
80 106
84 89
87 98
27 188
66 72
52 83
94 106
58 163
86 181
13 85
75 41
22 189
17 68
32 139
28 142
27 27
51 98
69 151
87 77
39 88
95 101
41 60
28 32
10 13
44 138
54 156
27 93
75 143
96 30
12 60
33 79
20 53
83 49
28 175
29 175
21 77
91 44
82 95
94 183
75 135
50 52
64 133
11 77
54 107
89 147
74 80
39 78
50 36
44 161
81 54
79 106
93 33
60 92
95 50
74 59
98 38
51 86
97 57
53 36
13 71
22 155
16 63
78 108
26 183
41 111
37 48
14 171
95 169
75 10
70 149
21 36
78 195
82 160
68 64
40 71
83 33
65 109
57 92
62 188
71 120
32 146
28 149
98 50
16 190
28 169
73 143
97 160
54 128
77 54
83 149
100 150
76 175
17 80
60 110
58 176
78 10
44 30
32 58
34 88
67 132
67 29
44 73
97 77
22 142
64 195
97 79
60 105
27 46
57 155
52 65
77 18
47 94
24 35
15 120
23 32
54 13
66 182
24 52
76 110
89 22
84 117
56 92
20 157
26 19
29 118
72 84
87 173
15 177
58 131
66 133
47 13
69 196
60 55
27 86
72 75
82 103
55 10
52 194
26 156
32 112
90 120
40 21
84 176
94 112
74 149
29 82
31 45
76 158
87 158
33 88
62 131
67 36
96 18
89 133
39 76
20 81
85 74
58 122
13 123
63 191
100 111
13 23
33 183
27 57
88 14
31 16
56 138
36 111
59 105
26 154
89 143
33 10
95 139
95 101
31 167
54 146
92 175
30 44
89 174
51 140
88 47
96 180
76 178
48 165
46 189
38 75
71 143
61 160
95 18
79 178
65 185
25 95
79 125
88 159
83 41
23 143
26 44
67 97
40 33
79 139
85 170
64 164
85 123
74 59
32 27
58 150
38 171
97 183
18 186
54 60
38 62
23 139
76 114
99 130
47 109
99 192
100 94
95 56
94 100
26 159
37 154
29 164
100 165
90 63
25 109
24 19
64 127
60 79
71 197
61 20
51 89
57 27
39 10
51 10
35 190
65 61
94 89
45 89
63 183
81 24
84 99
31 96
50 194
93 100
56 185
45 117
84 156
11 67
59 28
98 77
73 48
27 173
10 165
22 23
12 24
95 82
15 82
50 173
24 132
82 87
66 194
67 11
35 171
24 126
37 148
86 50
92 166
65 156
27 95
71 99
88 27
31 66
45 160
64 187
84 122
82 50
25 133
52 86
33 154
89 136
95 26
59 130
76 19
94 134
18 75
38 35
84 24
68 12
10 141
40 108
29 107
86 189
77 43
86 155
20 98
77 109
10 88
17 118
67 135
85 192
28 117
50 113
88 151
83 148
38 148
34 187
51 24
55 128
64 71
44 65
67 185
96 95
10 45
96 161
66 119
58 22
55 22
86 178
14 84
30 98
98 192
15 120
82 81
83 107
54 141
36 123
54 192
95 20
50 85
37 50
33 166
53 28
45 31
75 185
24 164
61 170
66 156
23 14
81 126
100 192
38 138
62 14
73 166
53 200
10 38
27 66
82 145
28 25
26 124
29 114
51 81
14 64
10 185
71 107
39 22
31 21
58 34
30 123
57 83
42 61
16 183
97 126
46 23
69 115
71 140
55 67
31 146
45 91
40 32
28 85
38 108
54 38
87 133
69 143
100 72
53 138
76 155
21 193
81 48
37 148
30 192
80 42
96 148
90 89
46 132
21 36
21 81
76 183
55 58
94 62
98 185
78 186
65 97
49 128
68 151
14 134
75 101
56 78
62 110
22 40
71 143
89 71
15 164
42 49
62 22
68 153
51 135
32 157
87 181
68 178
64 171
59 72
56 99
25 132
67 120
85 63
23 49
18 98
91 21
96 45
55 83
64 74
25 169
65 61
20 127
73 80
58 162
29 182
52 105
37 82
88 75
100 120
48 80
46 161
75 190
43 138
20 37
79 145
46 54
91 167
83 56
10 91
10 33
97 112
80 197
78 186
44 118
85 29
49 135
73 102
24 197
60 61
29 84
23 51
89 23
92 122
83 98
64 143
38 96
51 92
46 60
92 198
97 195
25 200
59 27
75 97
74 196
61 47
81 166
75 52
94 117
57 114
75 19
21 170
88 101
38 40
81 129
67 162
96 75
38 74
88 106
44 128
55 130
17 194
85 96
57 141
64 30
53 61
78 101
96 178
79 83
51 186
15 67
16 147
17 152
72 68
65 24
18 150
63 194
98 83
23 178
78 135
21 90
70 58
10 39
70 25
14 64
55 157
82 191
74 97
60 157
46 22
13 140
50 137
50 104
66 43
17 55
58 122
26 198
33 159
99 48
95 182
67 27
38 45
65 85
91 194
63 108
92 34
98 167
31 23
41 24
28 163
83 67
30 47
56 97
24 91
100 169
73 37
22 33
30 46
66 47
54 162
64 45
85 35
76 169
25 94
19 116
54 95
72 175
91 37
81 127
34 197
77 35
25 124
98 161
82 200
73 191
44 186
70 170
67 59
51 80
68 165
42 44
14 12
12 182
85 124
26 192
79 47
69 19
99 140
56 165
82 190
69 123
71 34
98 39
91 73
90 70
24 117
33 109
90 157
77 171
72 63
100 44
12 54
61 105
88 24
43 145
51 46
12 32
94 171
66 165
65 184
58 93
40 151
61 63
34 147
20 31
47 38
63 122
78 109
12 110
47 108
52 171
10 112
63 35
33 98
94 138
37 46
30 25
50 66
13 160
35 123
32 13
32 46
75 99
26 164
83 112
77 52
51 36
58 118
34 58
49 94
32 109
86 38
60 162
86 23
25 98
76 124
47 131
50 47
24 148
52 49
28 93
10 153
59 67
91 45
93 121
26 100
69 82
29 166
17 45
44 198
96 159
34 55
33 124
71 152
39 115
24 121
95 103
97 161
36 179
52 96
80 147
59 140
87 159
83 127
63 128
27 126
52 89
54 18
78 84
39 75
90 172
80 40
32 125
53 56
26 39
94 45
26 194
60 48
47 124
60 167
75 112
57 171
44 106
55 25
78 160
44 22
37 120
68 27
17 64
71 182
69 80
46 92
32 45
14 47
55 95
31 54
95 118
100 41
96 25
67 48
37 159
58 128
41 103
77 134
16 61
89 94
27 176
77 27
46 128
35 192
45 90
37 63
89 83
47 66
80 162
74 95
31 176
88 19
27 11
27 79
28 102
62 16
56 161
49 110
73 109
100 144
84 159
26 41
25 112
73 174
67 22
27 15
48 125
67 110
33 12
88 180
15 163
50 194
96 40
69 54
80 25
56 172
20 16
52 59
35 121
46 14
40 113
97 143
86 78
96 154
100 52
76 28
50 162
28 194
31 136
83 175
18 57
81 169
10 171
71 195
26 50
44 46
51 83
88 12
94 52
61 53
29 111
61 164
69 104
84 108
30 195
17 34
58 49
74 127
36 42
47 123
69 185
25 79
21 181
99 19
48 59
25 160
48 168
16 75
18 102
24 145
20 98
30 181
73 14
80 191
92 72
14 164
60 115
32 115
85 136
94 161
42 51
70 19
10 87
14 124
30 101
47 96
12 80
61 170
24 27
74 165
19 117
83 159
23 14
95 161
89 40
46 168
22 85
27 134
83 104
31 184
12 137
96 15
52 168
80 134
87 157
89 96
10 70
28 140
38 161
20 35
63 65
64 116
26 22
51 146
66 118
64 133
57 30
90 104
68 135
28 26
39 148
67 177
94 179
53 104
61 38
65 152
37 166
15 55
63 128
68 139
81 165
12 111
97 53
91 195
79 41
35 90
42 144
10 41
93 195
74 105
88 86
47 138
20 157
84 74
61 49
17 141
89 139
86 20
66 55
11 12
48 46
14 131
44 194
68 168
39 97
97 64
71 184
57 68
48 27
71 45
98 178
57 92
14 26
33 142
18 106
