10000 500 10 200 10 100
65 26
63 149
86 52
14 193
49 167
75 33
14 16
49 197
54 170
65 105
79 30
40 60
71 89
52 162
41 114
69 84
46 67
13 119
25 81
82 37
30 13
75 82
63 158
82 22
43 105
62 135
36 91
95 198
22 73
69 145
38 105
11 151
22 94
22 115
40 46
72 34
67 192
48 103
77 197
91 98
29 32
86 47
60 39
32 148
80 25
42 145
82 154
99 104
66 199
12 13
67 150
18 127
74 156
71 134
93 135
24 96
29 77
83 135
96 189
31 30
59 187
100 168
24 82
14 178
71 101
92 158
44 62
79 34
73 148
75 181
26 12
39 82
14 52
40 197
43 111
39 88
42 36
48 58
53 138
15 32
76 60
14 122
59 108
44 141
85 148
86 172
98 40
62 50
53 82
65 135
71 86
40 123
49 89
38 41
47 29
68 98
39 87
49 13
18 177
19 84
92 87
20 96
36 122
53 21
82 196
81 30
28 158
71 36
14 136
75 106
95 143
82 78
69 56
37 35
13 46
87 191
58 178
100 84
87 45
42 114
77 40
73 155
86 99
79 99
95 69
21 11
50 41
38 74
40 194
48 153
28 53
54 197
49 52
39 119
58 18
19 161
46 179
47 79
78 139
91 101
32 184
40 53
21 24
43 123
86 60
47 91
70 40
96 145
97 10
97 181
58 108
97 78
50 99
41 153
21 158
69 79
88 190
69 199
29 82
50 65
47 17
35 57
95 76
24 142
55 77
62 106
42 107
60 60
91 186
25 55
76 100
63 127
45 89
62 136
87 67
31 94
14 180
93 156
40 155
53 143
43 42
50 28
26 87
73 157
17 103
35 36
88 170
46 103
73 99
12 20
62 73
46 96
43 110
28 142
99 161
20 109
92 189
33 176
40 27
41 160
10 178
84 135
17 161
37 50
80 111
55 59
80 198
23 70
83 18
12 184
82 153
38 37
91 63
61 38
74 178
85 44
75 197
41 147
50 29
78 60
24 68
40 125
77 54
70 15
65 41
56 53
49 147
36 168
62 104
39 102
42 16
79 80
44 127
14 12
41 56
83 75
68 185
11 44
83 29
56 113
61 83
100 87
11 79
18 29
77 94
68 97
24 100
42 146
56 59
22 163
82 33
58 63
71 72
46 67
10 160
70 185
56 169
77 83
58 181
37 63
86 66
60 187
41 184
74 196
91 103
53 182
44 39
74 177
39 155
37 57
27 57
54 190
28 168
47 107
69 18
64 23
31 176
70 74
14 176
28 23
46 71
84 47
88 61
64 67
84 101
57 185
13 168
37 185
85 90
99 83
10 95
24 15
39 162
10 73
45 161
55 37
53 102
41 144
50 132
58 34
12 114
88 170
68 14
91 38
52 89
60 13
14 73
92 87
21 111
93 183
74 57
17 115
40 106
58 147
96 80
29 81
73 11
30 109
86 47
46 144
63 113
60 143
33 179
26 31
97 192
71 172
19 45
13 42
79 156
45 190
83 193
89 63
35 132
49 32
28 142
27 117
98 135
10 74
82 102
81 45
89 143
65 154
82 137
27 141
83 17
88 162
43 44
74 195
47 198
95 180
23 35
63 37
53 168
57 117
43 17
29 175
96 35
99 151
14 158
37 98
41 87
69 165
53 74
96 154
71 28
72 32
28 50
21 58
50 172
22 99
22 161
30 174
78 23
86 192
44 80
49 157
54 139
12 123
12 124
50 119
13 30
73 40
99 22
73 100
69 96
85 16
79 62
52 86
87 147
55 89
67 179
59 28
10 180
70 164
21 38
92 111
47 45
27 118
11 72
84 84
38 29
13 59
35 114
26 191
100 56
97 122
64 115
39 185
33 102
83 63
35 74
39 200
54 127
17 200
46 169
41 169
75 18
43 91
17 175
39 195
29 150
36 76
60 77
63 24
81 52
44 120
35 41
79 69
29 80
51 168
57 165
55 36
44 176
48 116
10 19
20 192
28 48
29 89
28 162
24 106
98 193
68 164
31 179
28 12
12 114
85 97
15 151
43 94
43 83
53 120
21 132
80 94
26 44
72 108
60 99
59 52
98 73
43 137
80 61
48 122
84 153
94 86
78 175
91 73
72 191
71 183
60 137
76 115
65 94
36 188
50 69
35 117
11 68
45 28
45 36
26 127
68 171
34 126
10 25
18 24
75 193
17 172
82 95
26 144
10 164
78 183
37 183
13 200
87 165
90 12
30 179
13 192
80 153
86 116
70 127
68 27
36 126
86 91
75 141
71 21
17 200
79 171
13 116
89 76
30 40
38 115
48 198
92 180
86 66
23 162
35 68
53 145
72 42
86 49
93 104
76 99
21 76
97 128
36 61
31 128
81 72
61 122
54 182
62 62
83 40
11 73
72 67
86 105
45 64
80 94
98 25
54 82
63 74
88 117
52 25
99 37
31 120
50 190
65 95
30 160
39 131
72 67
38 61
98 110
98 149
27 95
49 30
14 78
74 21
90 40
80 73
48 136
10 60
92 106
16 20
29 114
97 132
63 152
64 177
24 98
54 98
19 111
28 195
94 55
85 39
72 63
88 187
28 106
78 158
16 13
49 111
84 153
79 109
87 46
23 30
57 10
59 162
59 80
97 134
33 183
51 54
99 86
84 78
81 77
91 37
100 46
39 18
91 23
45 137
13 193
42 15
78 98
96 169
31 144
95 137
90 86
28 184
38 21
68 188
27 108
75 11
13 196
62 177
75 149
35 89
72 93
54 177
74 105
39 192
95 69
29 18
32 110
34 151
13 96
85 53
67 27
100 182
26 86
28 52
37 93
31 187
90 69
11 31
41 129
75 57
63 186
35 177
96 101
62 59
14 130
45 12
23 191
96 181
21 141
84 122
83 197
10 75
97 114
88 74
95 132
79 74
20 198
59 55
62 20
67 85
21 28
92 108
62 70
26 128
100 132
37 78
31 191
16 15
55 62
17 180
19 21
23 144
89 137
51 107
83 114
33 130
35 90
81 184
10 115
76 195
23 172
61 187
57 59
61 87
78 115
68 138
70 132
33 135
16 113
25 59
45 67
100 171
26 16
20 119
94 109
43 11
52 198
14 64
24 33
65 11
50 52
41 85
30 64
85 86
92 96
78 184
11 137
96 122
37 175
60 108
55 188
54 176
13 119
59 85
78 25
72 123
63 24
91 106
84 40
72 67
92 162
10 122
97 70
36 62
28 119
16 118
96 92
86 113
19 167
25 187
21 95
67 92
16 129
73 200
50 193
64 150
10 150
51 73
39 128
83 54
26 129
46 164
12 99
20 43
30 107
24 69
39 172
32 123
19 161
88 103
56 31
16 128
85 137
15 181
34 160
34 144
93 40
25 121
56 27
33 185
79 195
70 138
46 47
70 88
13 25
30 173
79 56
31 38
84 157
40 46
40 66
74 26
52 130
27 25
79 112
90 115
15 118
81 115
68 146
59 153
24 197
46 50
14 70
18 34
56 109
21 155
84 93
17 61
38 151
49 182
93 141
80 11
13 160
11 34
27 131
58 109
38 147
87 169
23 48
47 76
23 106
17 112
97 44
48 55
67 104
20 90
41 144
73 136
67 198
69 51
87 160
78 77
37 120
73 156
75 82
73 127
31 118
11 20
59 67
32 181
90 113
91 49
86 174
83 171
90 136
89 142
85 14
53 44
83 76
63 125
35 86
62 147
69 125
90 168
67 65
59 187
17 39
40 23
65 11
98 26
81 48
29 97
14 167
77 19
51 164
60 11
82 199
48 65
39 171
85 126
66 192
14 194
46 161
82 77
74 44
18 142
27 51
19 147
63 181
34 72
96 113
96 14
22 88
43 55
87 113
63 84
61 105
95 169
66 107
60 70
17 150
10 67
59 83
72 31
21 14
41 28
60 32
100 49
86 114
40 159
23 86
95 165
60 154
33 90
65 190
35 45
14 174
23 175
98 128
91 132
98 154
42 70
20 27
82 86
37 193
85 192
68 121
78 104
67 133
60 147
65 156
20 106
73 105
86 30
71 97
41 199
61 146
78 48
68 190
30 160
88 12
62 105
46 151
36 19
58 35
51 28
87 181
44 133
84 194
82 152
59 126
76 174
12 63
43 78
29 159
81 78
30 32
62 106
36 46
86 56
36 114
59 53
50 19
34 22
76 150
40 136
45 159
97 181
22 122
70 107
56 130
48 40
46 23
59 147
51 94
18 122
33 89
70 157
77 184
59 145
26 178
39 51
58 180
61 22
27 125
64 193
34 138
66 28
66 34
59 11
21 179
64 160
51 131
70 200
45 130
32 90
16 45
76 108
12 175
87 160
20 60
19 188
16 51
30 162
15 23
95 15
100 129
23 103
100 126
30 16
10 89
95 196
29 48
88 183
60 66
30 156
78 139
30 148
30 192
18 54
29 93
51 28
79 69
31 114
63 66
75 83
19 59
87 90
56 24
76 133
10 37
92 39
89 75
62 145
24 86
98 93
91 92
78 34
29 31
100 157
66 80
99 53
59 129
66 49
75 27
90 66
91 103
16 41
55 95
50 78
56 40
29 184
49 71
68 95
22 169
66 191
57 103
70 190
11 188
37 40
84 53
14 103
61 35
15 158
96 154
38 135
56 17
50 128
72 170
79 182
37 85
42 199
62 58
53 75
55 70
56 95
59 22
12 81
88 166
79 180
26 86
51 147
81 98
84 184
62 108
16 27
24 181
36 36
67 78
56 97
21 196
13 73
79 22
43 100
76 195
29 142
44 37
82 187
23 197
84 13
44 157
81 131
55 89
51 167
48 80
87 117
25 110
45 128
21 146
40 144
52 118
96 64
28 17
65 91
59 42
33 129
55 137
31 148
36 39
37 27
85 20
49 197
29 136
75 86
25 141
44 64
64 149
17 25
33 181
40 12
36 45
54 33
84 12
60 41
63 107
47 185
27 14
65 81
34 127
40 64
97 29
70 138
67 58
96 189
65 126
88 73
15 144
52 154
70 89
26 53
16 87
33 146
12 17
33 96
80 48
39 23
54 90
90 79
93 170
26 20
37 80
28 55
99 192
48 35
90 38
53 87
81 105
28 50
27 115
36 68
32 108
91 43
80 75
13 191
82 192
100 130
87 85
67 129
51 28
15 169
32 31
89 14
88 144
12 82
76 12
29 34
19 42
90 141
52 191
78 164
76 154
95 76
57 91
100 127
30 171
92 30
25 15
35 184
14 123
35 30
82 195
94 78
26 133
96 177
93 183
18 127
12 56
46 187
81 41
21 89
12 73
70 68
100 155
47 50
85 106
46 23
79 158
19 192
39 143
26 56
41 109
52 84
53 41
19 113
86 27
51 139
50 144
31 159
68 70
70 188
94 134
34 132
62 114
30 24
11 92
75 25
87 110
92 189
67 182
81 57
48 136
56 88
96 14
54 189
62 111
32 85
45 199
82 148
53 130
50 11
65 99
66 55
94 116
98 183
75 156
28 117
63 25
64 182
68 108
91 116
47 146
38 75
32 29
96 77
38 51
45 14
23 118
97 160
20 137
84 165
35 194
62 196
93 120
25 59
50 147
43 80
82 178
49 80
61 11
41 190
81 48
98 13
93 96
27 32
14 149
15 115
67 90
44 172
62 108
36 49
29 39
15 13
56 107
68 35
89 52
58 195
92 39
80 89
12 14
13 148
61 120
63 116
55 15
57 200
20 152
72 12
14 32
93 19
85 110
84 59
22 81
22 108
50 74
13 80
14 121
75 53
96 124
100 62
89 90
58 86
38 143
54 21
60 115
73 115
60 88
87 21
50 40
55 113
16 128
21 194
82 54
77 123
41 49
28 118
86 57
44 160
58 126
73 176
50 45
68 100
54 76
88 126
16 51
64 53
54 43
34 61
24 105
66 76
93 170
91 94
22 31
55 37
38 90
95 10
42 115
95 70
34 32
96 109
41 45
16 86
88 20
37 177
20 133
74 103
40 102
98 141
52 84
39 92
86 193
75 111
50 35
66 88
69 178
30 165
74 160
11 113
47 31
26 130
84 176
24 101
53 63
29 21
27 31
92 145
45 61
47 143
52 47
21 178
27 60
74 59
86 58
15 34
66 72
43 77
74 29
26 136
32 31
92 86
56 117
31 110
66 98
39 98
34 95
82 194
100 83
59 200
83 35
70 32
66 52
50 157
23 89
74 188
27 105
64 27
65 116
28 33
16 171
91 182
78 40
99 54
80 70
78 88
38 142
26 14
14 31
88 77
49 96
80 85
42 128
57 34
82 51
43 68
48 22
82 121
59 68
19 200
91 84
17 45
89 19
39 200
54 31
90 15
94 130
22 130
66 14
49 134
97 77
89 111
70 107
78 176
13 39
74 136
37 62
76 129
69 63
88 146
48 25
68 45
100 41
84 68
66 185
29 135
32 59
24 163
95 88
90 164
41 113
55 52
99 114
10 80
52 164
42 95
29 168
84 167
97 116
10 110
17 48
79 175
90 101
47 74
10 97
46 117
53 148
26 17
38 195
34 50
32 126
86 158
83 86
86 135
53 171
58 136
14 100
15 127
45 69
96 191
42 49
40 177
48 132
16 70
90 93
72 128
77 66
79 123
80 54
54 156
50 136
46 55
92 23
66 70
57 16
35 59
18 34
53 86
38 40
12 148
16 56
93 154
85 174
58 76
89 169
49 63
67 113
47 196
53 146
49 29
80 183
14 50
56 125
23 15
33 73
64 122
53 29
75 75
44 187
54 63
87 163
24 124
95 90
29 22
26 198
100 199
58 131
100 17
77 187
50 32
92 188
55 22
77 63
71 74
14 50
97 47
34 87
62 122
35 81
28 192
11 188
27 101
47 59
80 186
93 142
40 117
50 196
28 180
31 38
54 120
30 193
43 103
78 140
35 67
38 172
33 132
87 69
15 121
30 152
64 155
67 158
60 45
95 22
51 55
85 90
68 118
62 143
76 174
22 58
58 115
71 89
97 31
31 69
98 111
12 93
26 127
71 170
93 47
72 29
98 31
92 78
40 183
28 26
45 115
33 18
44 137
36 89
13 90
58 122
24 12
24 77
82 77
34 134
67 28
71 27
31 85
82 54
31 149
30 66
57 156
75 128
46 185
47 72
38 198
67 86
17 42
64 173
29 20
80 66
100 126
12 144
29 190
81 111
63 80
33 45
16 63
26 140
80 191
18 155
74 60
77 42
18 14
87 44
44 155
39 97
33 195
26 102
95 28
57 144
24 23
67 145
58 142
90 158
63 129
62 142
35 143
71 115
86 10
51 184
40 49
26 79
38 133
69 49
19 196
81 70
76 15
72 106
47 133
24 122
22 188
91 85
67 81
61 98
89 161
89 80
46 197
98 66
63 141
23 102
99 154
23 188
58 189
61 127
45 169
21 27
13 124
21 107
43 135
39 120
74 121
12 118
85 160
10 67
83 144
36 58
71 121
18 55
33 152
93 74
97 42
42 120
32 36
87 195
25 43
49 79
96 126
25 114
68 13
80 199
55 130
85 66
18 136
60 194
25 105
27 51
74 24
38 136
29 199
78 55
39 67
49 39
31 132
67 112
96 115
92 126
70 10
83 129
33 114
36 45
12 54
77 167
83 68
88 131
29 77
45 120
82 100
46 160
65 115
17 32
67 194
81 107
38 151
30 152
60 191
63 95
26 94
54 125
98 176
100 17
97 53
93 198
99 99
97 17
95 51
39 54
65 199
13 82
37 30
54 35
98 63
65 77
63 171
76 98
12 69
94 20
36 76
93 76
78 19
50 190
55 157
13 160
15 16
67 126
94 108
82 68
44 70
68 129
71 172
36 31
71 166
35 165
69 115
47 28
33 180
89 27
83 73
52 136
61 62
84 149
45 56
62 143
28 186
92 22
79 132
62 41
11 119
63 151
32 101
87 192
87 176
87 61
29 17
20 139
63 113
51 74
21 116
40 119
49 122
82 102
50 187
31 185
47 172
37 172
84 103
78 165
51 194
56 161
19 77
67 136
22 199
87 161
37 60
26 59
12 32
21 69
58 105
19 157
79 179
27 160
23 135
13 195
21 15
51 194
42 76
19 63
78 129
95 10
22 115
62 173
72 31
29 189
68 85
78 67
92 116
25 180
52 17
85 21
41 150
10 95
96 135
80 113
68 184
96 86
49 16
21 78
29 133
57 29
86 32
86 138
82 125
44 32
83 112
49 145
17 70
49 121
21 31
40 124
20 181
23 146
45 123
49 45
28 123
67 107
83 141
44 126
16 173
13 41
24 35
66 11
18 58
88 134
51 190
63 127
15 100
73 178
63 151
30 89
71 99
49 39
93 74
88 160
78 147
88 165
60 188
23 89
22 132
52 159
82 113
23 134
43 192
54 46
23 167
40 15
24 177
17 160
79 44
68 132
48 132
11 175
63 106
30 178
41 119
91 192
39 43
26 77
15 79
67 190
60 81
83 145
93 83
43 143
84 45
44 142
20 13
46 87
76 22
10 180
91 21
46 196
20 139
91 102
48 28
60 75
72 129
35 169
31 113
89 163
32 197
53 138
30 63
68 131
18 122
65 49
21 125
28 200
25 150
63 93
83 57
24 89
18 189
72 10
70 12
61 72
99 111
88 30
19 45
40 83
77 106
25 111
22 32
36 106
69 77
17 184
66 169
22 101
33 163
67 81
23 129
11 186
48 186
19 47
99 179
74 199
60 107
80 127
12 85
26 123
59 43
39 77
17 21
88 13
51 134
12 161
90 70
92 136
57 151
48 97
12 158
46 35
27 69
51 184
86 28
54 97
53 55
21 107
50 197
70 61
16 37
71 35
76 179
87 164
25 177
94 81
99 189
97 189
19 102
46 193
67 121
92 24
36 96
86 75
64 75
84 65
26 182
83 190
70 73
41 111
19 35
29 196
28 154
88 94
79 199
48 187
39 18
17 150
58 144
58 39
47 184
99 112
48 196
72 169
30 98
19 130
55 105
11 160
33 130
26 125
92 173
46 90
19 133
12 106
99 75
78 130
17 50
61 67
75 176
26 126
53 126
88 19
43 170
87 122
94 65
67 70
83 169
69 17
18 179
58 22
47 113
14 123
82 26
62 19
68 36
14 87
29 11
71 48
98 108
27 113
22 197
39 21
12 122
86 111
31 197
43 165
49 108
75 83
29 111
77 159
68 71
61 134
89 176
12 65
42 132
40 90
30 163
12 138
66 164
60 28
11 183
17 69
94 115
70 57
71 57
25 175
43 95
25 181
61 102
71 189
63 80
63 174
32 192
32 161
70 171
37 116
37 16
20 108
79 139
59 158
43 183
41 126
13 62
24 182
90 17
73 200
12 70
52 142
54 128
76 38
18 147
47 95
10 163
29 95
54 170
46 131
16 198
79 72
87 196
91 35
59 45
45 112
15 50
49 157
24 190
36 110
28 151
86 111
10 18
78 35
100 92
57 173
54 33
42 161
100 133
32 54
11 63
18 95
18 31
30 93
36 57
35 190
100 18
89 154
96 140
71 48
43 179
27 155
71 121
97 53
98 144
81 43
50 52
69 121
100 191
60 127
62 27
42 89
22 60
24 118
14 65
66 65
67 41
51 68
58 146
23 27
29 29
70 85
45 31
97 179
81 31
87 103
96 65
57 140
30 67
79 149
56 56
34 179
43 44
66 61
39 169
99 68
35 173
44 102
60 183
86 59
50 29
90 117
17 177
16 43
17 147
24 10
82 17
93 102
40 68
68 31
91 53
81 67
50 76
12 64
54 61
58 105
23 109
93 176
84 90
75 163
46 23
70 51
54 185
58 72
20 96
16 122
44 27
42 199
10 160
11 186
86 188
66 90
96 146
100 193
74 96
86 85
79 140
17 130
71 91
71 20
81 107
98 159
64 133
25 61
75 41
89 102
38 170
76 136
29 91
29 164
11 128
82 108
24 39
66 35
54 72
83 140
67 191
65 137
19 78
10 15
60 55
61 150
97 133
39 153
27 79
34 21
26 198
61 86
95 168
42 169
70 169
89 31
57 28
73 82
88 168
13 27
26 59
52 59
16 95
55 48
39 161
68 161
48 191
66 16
63 192
98 42
38 126
76 141
57 64
51 40
75 143
44 66
89 45
30 27
30 161
45 95
16 137
31 101
86 158
14 130
10 147
87 130
14 46
76 16
64 104
58 144
89 116
83 82
96 180
89 104
94 154
38 83
91 87
71 40
25 124
40 14
94 143
16 132
42 26
22 122
62 29
87 10
79 130
44 130
88 193
53 71
73 43
44 59
56 117
55 199
43 92
49 122
65 182
87 78
90 58
55 184
86 99
18 33
64 110
92 150
92 199
49 93
78 155
81 197
50 96
57 168
74 73
35 55
67 178
51 118
37 112
24 124
90 129
94 51
92 122
21 176
28 33
10 175
96 53
45 116
32 40
99 138
13 163
50 23
62 105
79 18
12 54
28 61
80 79
62 33
59 136
17 155
49 88
89 182
51 143
97 91
78 170
32 143
44 10
13 138
80 87
12 156
76 78
37 147
59 152
42 182
25 22
48 90
19 87
62 75
60 11
50 68
69 197
72 170
60 157
63 124
20 53
75 39
11 129
57 112
54 168
68 180
92 73
51 103
95 197
78 44
78 146
99 22
15 125
66 162
98 89
58 180
100 199
57 119
88 185
61 29
20 158
27 132
87 111
66 192
88 46
89 127
78 151
27 168
19 143
66 191
65 80
42 28
63 179
66 48
19 159
44 136
62 109
48 159
46 158
83 139
64 29
51 29
75 48
42 89
15 182
72 55
37 70
88 173
55 10
39 54
87 100
64 97
52 92
12 62
69 48
75 65
37 100
81 59
84 114
12 162
36 38
22 190
77 80
53 12
70 195
67 61
73 59
20 136
32 24
82 180
24 33
76 142
72 162
16 105
86 151
61 14
83 73
76 144
89 178
61 22
27 193
30 131
65 42
30 13
16 99
94 175
21 71
72 44
79 129
18 143
49 27
40 103
58 163
98 32
87 13
58 156
93 152
57 91
18 166
97 106
97 122
61 198
21 186
17 59
26 193
72 38
47 139
50 121
70 20
40 63
22 30
23 63
29 118
78 200
28 61
68 181
80 197
85 199
68 40
61 140
70 49
12 63
50 142
10 101
16 138
83 188
45 16
12 174
83 16
17 50
16 99
78 61
20 29
94 121
17 108
24 104
40 72
47 169
33 175
53 200
59 66
75 115
84 80
75 40
20 83
84 166
74 123
66 111
78 99
78 24
66 125
25 187
18 97
39 66
27 67
88 28
16 73
86 40
38 42
73 51
96 185
28 109
72 34
69 72
22 84
87 163
37 25
37 61
82 126
94 28
47 194
91 150
96 191
59 52
36 72
89 160
96 123
16 176
70 143
69 113
20 167
23 68
37 45
63 139
69 57
33 188
54 24
75 172
53 139
91 80
72 130
26 56
12 141
50 42
60 113
54 121
81 41
87 84
70 120
80 81
23 22
97 83
43 26
70 84
20 91
44 177
56 15
66 84
99 99
83 51
78 82
44 103
56 163
83 32
33 64
16 116
44 36
30 124
36 65
79 51
67 196
83 200
35 73
33 190
17 42
44 16
96 46
23 70
62 152
84 147
74 61
11 82
56 73
48 175
74 69
45 118
93 43
15 130
83 44
14 133
98 194
92 34
80 93
60 82
64 52
97 72
50 103
63 35
28 16
94 137
81 24
86 174
73 15
55 29
46 66
62 159
98 114
15 133
21 121
35 84
25 77
84 88
82 113
23 179
100 134
55 15
25 13
17 72
47 104
97 101
74 65
96 63
65 64
66 18
29 44
68 159
76 61
62 102
50 194
20 104
61 39
30 120
58 132
28 94
52 94
95 38
90 87
50 140
54 100
46 137
60 85
33 67
72 199
45 121
76 83
62 141
73 167
66 166
35 63
42 145
25 65
18 119
79 87
21 105
81 72
21 132
78 193
82 82
45 192
25 14
35 38
64 198
75 49
45 115
67 43
93 93
66 77
49 61
39 126
84 174
87 41
13 157
56 116
31 46
29 75
65 193
76 16
69 142
48 174
66 170
81 151
12 104
75 86
45 24
27 155
24 20
40 136
31 40
29 27
41 192
51 138
19 38
24 195
29 190
45 27
83 196
96 43
26 38
89 98
38 164
59 83
72 59
86 185
93 126
62 178
33 137
28 145
83 81
74 135
57 151
13 73
88 185
77 67
87 68
81 86
33 197
29 49
83 43
15 156
90 56
61 97
33 92
18 169
75 24
72 77
54 121
78 110
91 90
99 118
73 143
91 23
72 28
17 15
95 129
45 41
97 160
23 10
75 13
89 58
13 117
87 35
52 87
52 133
72 146
19 160
82 89
93 49
90 79
24 181
93 60
84 26
55 184
72 105
29 17
85 58
37 99
97 174
89 63
20 188
51 169
57 87
83 163
39 199
30 194
18 105
67 43
65 128
52 159
21 80
49 197
74 134
84 55
17 116
71 35
49 107
47 115
97 95
100 132
17 153
97 115
95 43
34 190
54 187
48 184
64 158
24 16
80 120
60 20
87 182
69 194
58 61
86 93
52 197
97 82
30 162
38 27
35 156
91 179
91 199
44 30
42 164
44 69
73 132
26 152
77 137
11 22
16 52
96 199
88 142
71 41
11 88
49 121
77 87
69 199
30 82
38 63
78 121
55 163
66 23
26 199
72 81
30 13
31 115
90 185
70 82
43 173
38 96
24 26
20 35
51 102
49 86
19 187
14 121
30 70
88 86
65 128
81 100
91 102
26 156
73 84
19 146
37 41
50 14
68 58
88 115
17 180
51 149
16 19
44 138
78 47
36 160
98 23
98 162
71 87
47 45
26 167
12 60
19 66
58 99
29 137
11 130
89 26
16 104
60 182
85 128
88 98
87 59
44 159
89 71
23 150
66 27
44 131
47 157
74 175
83 166
57 103
83 27
53 187
93 189
55 175
57 40
15 25
44 27
43 143
71 41
75 16
50 29
95 192
25 167
44 75
78 99
100 49
89 131
12 80
18 47
76 35
17 161
62 200
83 67
91 66
15 34
43 169
38 52
95 73
22 147
31 184
46 128
13 195
36 80
32 190
27 163
63 15
41 108
38 123
74 169
31 85
48 116
87 89
18 34
99 188
35 113
73 60
13 25
22 133
83 163
37 56
59 180
87 92
14 110
67 73
60 36
73 114
15 22
53 121
56 190
97 61
35 123
15 176
99 199
31 99
79 73
97 131
47 29
26 151
24 49
100 29
34 184
89 61
48 192
15 64
46 124
93 104
34 91
26 49
42 53
30 95
58 84
10 181
26 59
63 53
63 168
30 39
52 71
43 169
13 83
10 43
13 182
37 86
17 82
77 175
53 64
22 64
39 128
58 84
92 166
11 119
91 43
59 106
94 59
85 178
94 119
26 151
95 23
51 17
22 152
50 42
94 94
28 187
37 153
41 41
50 19
37 95
28 141
72 190
77 108
89 144
59 31
85 184
74 142
72 151
70 194
50 143
91 123
49 120
97 190
46 37
77 145
40 94
21 156
86 97
76 72
76 124
95 168
94 127
48 119
53 24
94 82
51 20
77 109
10 92
33 125
74 119
36 62
74 188
69 86
90 115
87 180
85 62
78 180
12 78
60 77
13 54
65 93
36 189
97 38
32 112
91 43
100 65
62 32
27 147
87 193
45 99
88 155
71 141
25 151
61 76
83 144
82 43
34 196
96 50
61 145
67 198
76 194
31 117
94 171
39 168
72 158
69 178
57 39
41 90
13 170
10 74
72 97
49 185
52 150
79 138
79 30
17 116
66 63
63 83
40 129
38 39
28 152
23 19
90 169
10 36
62 98
95 95
45 197
82 99
96 148
91 106
60 14
45 34
90 87
37 134
15 193
47 113
78 23
63 190
31 65
23 163
27 138
33 160
69 171
49 124
82 106
54 107
54 84
73 190
13 61
42 166
27 130
97 40
55 22
63 168
75 89
76 51
10 31
17 174
66 58
49 132
66 161
42 108
63 14
32 196
68 63
92 152
96 61
44 125
100 54
80 184
89 44
46 173
16 57
75 101
80 86
36 103
71 106
71 125
37 119
52 18
19 124
43 177
85 185
17 91
90 15
39 184
58 121
85 148
82 123
53 94
36 116
59 89
10 40
46 143
75 145
49 165
49 154
51 65
76 63
34 19
99 42
60 151
92 193
74 120
57 160
50 181
58 44
43 108
44 95
66 45
84 44
55 142
13 162
19 169
16 166
60 83
23 46
24 173
17 145
94 189
30 140
10 22
21 59
16 71
38 13
26 27
94 150
44 100
83 200
92 126
50 89
57 185
79 77
30 177
75 70
67 181
36 155
52 175
26 156
55 192
85 185
66 49
95 20
38 67
16 50
28 197
88 35
35 76
62 159
69 179
48 38
47 29
55 195
74 18
11 82
24 152
52 61
63 22
98 173
39 103
37 61
77 164
49 102
98 54
37 82
54 80
54 35
12 115
44 136
69 45
21 188
84 95
80 31
26 131
54 176
44 60
29 146
21 180
38 53
33 98
37 100
57 78
31 110
79 190
51 171
26 74
47 65
79 27
63 88
57 125
12 195
13 135
27 20
17 199
87 159
37 31
70 108
58 28
96 148
73 75
91 85
62 98
15 121
70 49
88 85
91 84
87 160
38 40
35 144
76 76
75 148
51 196
12 40
53 85
52 52
60 117
31 90
86 67
14 142
21 30
89 113
45 118
76 157
42 86
18 30
38 69
36 71
98 45
58 99
52 100
83 92
41 89
77 43
57 25
35 96
36 45
88 185
51 94
97 144
81 85
16 166
68 154
68 198
87 172
15 153
25 58
94 123
17 38
90 106
67 175
87 111
54 22
26 184
53 58
95 120
44 113
59 77
97 134
30 77
42 14
75 21
39 86
31 43
54 111
10 179
52 153
30 116
40 197
17 93
40 48
70 200
30 109
39 39
99 15
26 14
10 148
14 116
76 149
75 159
63 110
58 157
42 49
26 48
41 15
56 90
53 177
99 25
61 199
52 185
12 174
69 45
23 13
95 167
25 143
18 32
61 106
99 148
61 95
66 181
12 161
26 165
16 193
27 67
14 78
42 25
91 61
72 185
38 32
93 37
88 141
48 39
84 104
96 182
24 186
89 110
89 75
71 127
82 97
79 79
74 56
55 16
75 145
31 183
99 16
36 155
40 113
52 16
73 14
74 48
24 194
13 180
30 43
23 148
79 134
51 95
66 133
33 109
39 136
60 89
30 145
78 134
22 92
91 107
29 171
72 108
80 92
62 32
67 37
66 76
30 39
14 184
12 107
79 84
98 196
33 28
77 49
94 40
29 135
74 49
48 103
98 91
37 78
44 153
87 126
93 109
16 33
92 140
50 197
13 185
62 29
27 175
90 30
44 42
58 163
73 104
70 51
39 71
82 120
54 46
73 86
38 23
59 59
14 61
54 19
62 47
98 113
24 118
15 48
22 132
29 31
75 88
18 42
12 35
41 16
21 42
92 37
100 45
33 51
65 133
74 175
62 110
21 35
38 64
89 167
43 97
88 64
23 126
38 146
66 71
71 43
90 88
43 170
82 170
18 18
59 92
25 137
33 114
51 40
69 80
64 197
100 38
73 185
27 169
54 105
87 127
22 176
93 53
81 128
75 199
73 158
50 185
99 103
40 100
87 109
41 152
64 180
55 177
70 178
54 139
17 28
55 65
69 69
38 161
38 142
54 167
91 71
69 14
30 70
54 119
61 118
20 95
95 116
68 84
53 60
95 188
14 99
42 73
12 172
75 189
37 14
58 33
39 149
86 84
78 177
65 30
94 107
17 13
93 29
15 127
13 143
58 149
11 10
81 43
24 88
98 107
91 51
85 34
34 181
78 51
25 122
94 72
34 198
59 84
93 28
79 118
26 138
12 46
80 121
85 132
55 166
61 158
53 160
64 27
31 89
41 118
53 151
71 73
89 99
20 18
84 170
39 123
78 14
81 67
41 82
68 190
63 49
84 76
81 150
99 160
58 174
65 83
28 101
41 138
19 114
14 151
39 93
19 12
92 76
28 88
72 102
35 16
68 46
57 162
73 19
14 46
49 42
86 150
21 108
36 166
31 54
40 139
37 11
84 78
56 76
68 46
14 55
16 131
29 169
20 98
35 12
76 13
10 96
94 189
95 84
96 81
77 93
92 110
37 195
49 184
94 178
65 60
63 94
33 135
50 72
37 62
21 10
12 153
44 41
86 156
43 140
70 87
15 67
77 138
53 18
80 189
85 163
61 39
68 51
46 153
81 39
46 53
93 115
29 192
62 182
81 104
86 195
30 143
27 168
87 157
75 23
34 183
26 15
78 75
69 28
55 12
50 55
94 131
93 74
48 127
26 90
65 188
31 33
56 158
45 53
72 189
79 103
87 85
81 36
79 176
40 169
51 147
40 77
92 26
19 43
94 39
57 185
54 198
44 190
80 31
21 90
52 121
47 34
85 112
18 169
83 128
66 109
45 194
30 185
82 161
66 174
81 141
34 38
17 188
50 114
63 60
92 50
14 199
60 21
72 169
31 41
71 138
40 13
83 159
42 184
15 15
93 109
75 136
37 127
10 176
32 154
55 56
32 51
68 112
11 198
13 63
46 20
73 21
80 165
52 11
73 111
36 104
59 197
99 190
100 175
26 176
25 23
61 166
84 141
46 138
74 170
35 20
23 181
48 24
70 24
84 92
100 77
60 179
74 68
98 40
20 133
57 15
10 103
90 31
52 70
50 195
74 149
88 62
89 58
59 95
78 114
53 41
53 37
52 98
24 177
53 173
25 200
77 77
71 170
26 137
91 79
92 90
57 157
31 169
68 40
94 121
76 106
39 147
13 14
62 51
83 37
69 135
67 22
76 130
10 144
67 43
75 18
34 41
90 109
68 23
89 107
56 104
24 130
46 137
28 150
62 160
65 44
61 14
28 117
22 81
45 21
35 96
90 59
96 37
14 170
90 140
40 198
19 80
83 128
89 105
69 59
64 76
33 148
18 183
67 35
32 160
25 168
76 109
70 194
100 49
50 200
29 61
50 21
88 167
10 12
49 38
43 148
56 166
43 197
34 195
10 33
66 112
67 30
46 60
28 191
63 198
51 77
10 39
74 33
77 71
45 134
96 87
45 24
98 20
68 22
41 64
42 180
46 57
17 29
89 66
81 49
19 53
87 157
21 70
25 145
50 15
67 51
91 149
50 180
42 120
37 186
93 81
50 14
30 18
74 101
100 87
23 173
38 100
46 35
76 130
91 112
37 69
23 94
21 61
32 20
88 108
97 19
44 15
34 173
21 69
90 132
14 34
100 76
65 76
82 105
22 114
18 176
45 12
30 34
48 154
79 78
28 62
31 84
39 123
80 103
16 163
40 128
35 173
16 155
38 161
47 66
76 110
90 91
41 122
29 19
79 171
31 149
37 19
58 134
61 144
32 136
24 105
96 114
92 100
56 159
53 140
71 191
66 100
93 173
87 39
38 109
73 92
61 98
28 145
82 54
63 80
63 184
29 64
80 73
23 178
94 80
45 91
47 200
41 185
60 46
14 177
99 67
64 68
57 12
84 177
24 113
96 36
77 53
52 38
88 110
99 183
84 189
62 72
61 119
23 182
36 92
79 145
74 69
100 126
78 59
22 118
84 193
49 103
85 99
33 197
18 180
16 180
81 95
38 178
78 120
69 12
85 139
18 195
43 172
42 91
55 88
29 36
61 186
51 138
21 103
34 105
21 156
74 94
25 170
33 120
70 52
78 135
93 69
67 31
94 71
100 126
16 132
39 51
13 103
29 45
71 157
98 123
100 46
75 28
91 100
35 116
16 59
68 144
51 193
87 23
50 99
46 12
32 92
39 182
19 75
13 12
27 178
25 178
90 154
96 50
68 177
56 16
49 51
89 188
11 158
88 118
78 162
23 143
63 16
35 82
64 162
68 147
93 53
99 175
53 163
78 71
94 46
10 187
11 70
85 142
81 27
71 140
23 192
58 76
90 196
64 102
37 54
89 139
85 185
82 137
97 172
11 130
10 118
85 117
17 133
30 48
58 130
100 173
92 59
100 142
19 187
88 76
11 125
83 171
25 140
77 100
41 126
27 141
98 157
96 42
51 127
56 104
33 80
33 191
28 116
58 49
12 18
90 199
38 121
52 64
54 98
82 15
61 173
79 101
81 46
62 83
15 57
84 41
79 75
15 101
55 175
50 127
80 77
23 116
66 137
24 92
85 123
57 92
59 86
56 89
25 137
24 84
42 138
22 156
13 159
71 15
61 17
69 138
13 100
11 116
10 44
41 105
21 138
46 95
39 191
26 135
63 135
38 156
37 169
14 120
47 179
14 82
12 101
92 114
18 85
92 71
72 71
57 98
37 197
70 22
48 157
74 159
79 10
95 30
68 46
62 117
54 86
66 31
93 53
78 43
67 200
72 69
18 114
75 91
75 141
64 120
46 95
76 54
55 182
83 85
85 13
81 63
26 56
10 110
57 63
72 49
64 69
15 167
25 65
70 105
40 195
65 137
24 114
53 27
63 55
45 156
86 138
39 182
62 137
37 105
35 56
49 96
97 51
24 154
51 153
65 146
17 117
57 80
23 85
18 160
52 43
77 53
32 146
57 199
63 139
72 115
46 46
39 144
83 106
71 37
37 189
14 50
17 77
46 148
79 61
97 147
24 43
75 87
42 25
46 82
86 200
99 182
82 19
81 167
44 65
88 18
39 20
32 149
16 21
67 83
39 24
32 180
52 20
89 58
99 186
96 10
41 162
68 74
86 151
40 130
52 77
17 59
73 39
27 166
23 116
81 136
63 90
95 10
25 24
15 147
70 32
60 16
22 151
95 199
29 132
97 128
15 110
52 108
96 29
19 11
69 156
61 109
55 73
16 136
55 11
47 109
39 51
43 61
79 38
28 158
24 30
32 12
28 84
97 113
60 196
87 60
59 51
67 17
56 112
75 45
48 69
80 158
72 125
45 167
66 111
11 157
41 199
63 105
61 91
91 198
28 144
94 80
23 60
82 142
87 74
34 96
30 166
27 64
42 106
96 65
42 166
40 182
84 193
49 90
52 116
72 12
69 179
64 65
42 182
69 21
17 197
69 200
22 195
47 73
65 127
51 128
56 163
86 99
37 187
90 60
81 89
65 174
43 157
49 118
27 79
19 14
80 80
26 58
81 110
99 186
21 72
58 162
46 22
59 179
85 39
14 145
64 113
32 198
15 190
35 28
95 109
74 156
39 101
82 96
69 148
71 80
45 185
10 65
78 113
17 49
99 116
82 104
61 145
21 131
37 81
15 24
98 46
21 181
32 197
25 159
35 170
88 197
30 113
13 195
48 116
23 33
49 48
78 93
61 72
83 138
52 15
72 124
29 167
92 200
38 24
59 150
18 39
86 160
88 197
89 11
26 40
88 178
60 174
45 104
71 128
62 11
68 38
24 197
70 72
92 179
38 176
78 93
12 73
37 169
33 50
79 46
81 25
31 171
48 128
69 79
46 128
84 31
17 48
53 194
29 67
93 40
64 121
19 68
13 19
57 118
79 49
76 151
18 190
16 98
79 17
28 15
59 112
44 135
26 98
60 125
48 122
73 18
39 100
31 70
82 125
32 180
67 154
36 73
20 73
48 82
34 171
29 37
86 137
65 75
66 111
64 11
47 145
69 109
73 108
72 188
31 168
85 41
17 142
42 87
69 86
32 107
64 68
92 172
30 139
67 73
89 35
53 94
38 105
65 81
27 183
71 102
46 79
52 115
28 80
33 69
28 195
43 55
59 143
47 101
99 84
27 164
14 59
75 123
98 93
42 32
45 84
26 69
75 122
87 17
53 41
98 191
27 85
15 131
28 83
34 142
72 38
66 88
75 175
18 107
50 26
51 155
34 97
29 74
89 40
18 32
42 169
65 140
100 80
15 92
38 158
98 154
45 151
40 117
74 85
99 182
15 187
100 191
70 193
92 113
51 180
53 138
69 170
60 45
58 183
48 45
58 173
12 148
79 51
66 69
44 122
66 49
30 30
79 12
64 139
10 68
32 72
14 110
24 139
21 102
46 95
20 83
75 148
50 34
18 129
96 160
86 178
92 171
97 60
58 43
56 133
27 151
11 140
86 80
49 27
13 21
73 153
79 45
54 159
54 134
50 196
14 172
27 113
95 194
45 160
36 174
64 171
31 108
75 197
98 32
67 194
62 170
79 194
40 68
75 95
47 83
50 84
67 85
63 18
97 173
66 170
51 59
39 114
49 94
42 179
44 167
47 194
55 118
90 162
64 161
86 168
42 181
15 110
19 104
22 178
83 86
92 66
25 109
23 158
51 123
100 152
71 108
44 47
42 133
26 23
52 99
98 149
55 97
100 156
34 188
33 89
16 124
95 74
62 158
48 68
25 158
51 182
65 155
64 125
72 70
56 46
100 184
24 59
19 86
17 94
51 182
13 181
73 140
96 171
68 75
91 190
62 70
32 133
79 42
76 168
84 39
27 105
75 41
90 115
71 181
81 11
54 194
50 133
45 57
68 73
59 176
49 190
89 76
36 104
38 191
71 32
88 118
20 64
46 102
100 65
22 190
46 111
80 92
100 159
47 159
44 83
24 128
16 192
34 15
87 124
99 200
36 69
99 116
10 87
99 136
15 134
59 30
95 151
90 100
70 72
61 174
32 36
67 39
95 117
89 157
16 85
91 198
89 117
96 111
51 142
15 158
31 14
60 132
56 133
19 107
38 146
46 163
61 194
16 21
57 58
52 162
44 169
21 99
12 71
74 101
27 89
99 100
60 80
64 91
60 97
48 30
59 89
11 36
50 196
45 35
65 59
22 30
100 167
84 147
94 162
17 62
53 140
22 177
80 27
72 45
65 54
81 191
57 91
12 81
16 108
94 174
51 137
33 197
94 157
15 175
27 33
61 12
82 32
36 27
11 46
54 29
71 161
96 90
86 58
24 171
99 111
26 135
41 183
89 17
72 117
74 101
70 62
23 147
60 105
65 189
64 69
80 75
59 28
14 114
73 160
90 76
54 51
19 152
34 153
72 184
18 185
49 52
33 10
45 164
64 197
44 67
89 182
14 107
52 131
99 120
55 118
48 173
20 17
100 35
71 127
95 72
69 115
36 169
58 169
38 63
88 127
56 53
11 75
39 130
49 14
30 108
80 56
18 124
78 25
51 66
41 180
98 52
41 108
18 53
21 17
81 63
88 48
37 65
12 100
96 175
58 78
99 70
47 152
80 31
78 155
81 109
29 81
36 71
65 37
66 76
98 64
38 191
35 57
74 81
49 106
97 95
49 127
87 141
65 160
64 66
50 115
69 91
76 160
84 186
55 110
70 52
12 181
91 132
81 154
82 28
50 79
42 54
36 67
38 117
84 22
50 197
90 160
57 134
29 62
58 149
59 193
80 192
43 77
52 32
88 147
22 102
28 176
43 64
35 176
61 104
25 187
96 137
36 200
86 108
99 33
47 89
79 91
72 19
50 24
51 10
64 105
81 29
70 71
89 135
47 75
66 77
13 173
84 29
84 140
12 77
30 27
57 178
82 57
36 65
59 72
75 53
56 181
57 69
86 167
36 153
47 98
12 136
33 77
98 63
72 126
16 169
11 85
16 72
44 176
68 24
35 36
68 36
68 151
22 123
76 133
40 192
57 95
81 112
44 126
50 190
40 95
61 37
18 147
77 146
63 70
99 13
57 71
32 147
98 169
31 173
46 135
50 165
19 135
73 34
98 63
77 124
69 24
31 161
58 72
46 126
22 132
63 50
28 13
46 57
83 55
89 117
45 37
75 30
21 192
25 44
23 89
99 23
82 132
38 85
98 146
68 148
36 175
41 91
31 196
69 24
98 180
13 52
12 56
14 190
79 161
86 91
74 14
53 187
30 121
11 195
72 116
53 155
15 173
51 133
78 27
58 40
48 100
34 34
92 188
64 183
20 91
41 41
51 42
93 96
82 88
15 63
26 54
51 128
59 97
75 16
82 30
64 132
100 162
70 66
80 23
78 119
90 178
91 43
19 167
65 185
94 41
44 93
81 78
57 125
56 115
28 79
17 21
57 77
34 10
62 122
67 46
20 161
65 12
50 55
64 167
65 68
37 99
83 105
63 36
64 154
25 195
47 120
64 76
56 200
37 163
18 111
27 197
49 44
100 109
56 21
56 163
74 95
36 73
17 72
50 41
62 63
52 113
13 62
55 182
20 77
47 26
38 165
64 93
100 43
83 110
80 89
29 124
38 168
10 186
62 108
69 98
31 95
75 178
44 10
10 51
28 124
53 99
65 80
87 132
86 196
73 180
62 148
19 102
64 133
89 166
76 125
92 23
31 85
47 200
12 171
90 153
49 131
39 27
11 54
85 158
12 33
15 169
11 61
70 107
50 170
98 24
69 147
38 148
18 72
35 107
77 41
94 172
19 144
45 16
12 181
23 59
39 100
85 197
60 132
23 156
66 166
42 16
63 52
40 156
100 145
45 191
42 155
17 182
25 25
78 107
35 195
85 31
37 49
21 66
76 142
13 71
99 35
65 63
70 97
49 35
23 136
98 61
77 200
23 31
19 95
35 42
100 128
25 173
41 124
39 160
78 115
11 185
79 143
90 39
78 99
33 115
40 80
10 136
51 51
61 137
68 106
21 24
58 75
56 23
79 90
21 54
82 25
85 135
96 97
61 41
30 50
64 19
30 133
29 42
41 123
84 131
28 182
29 52
47 197
44 67
77 60
35 102
31 183
71 77
48 45
52 108
31 53
81 27
87 105
21 193
42 72
43 46
53 111
52 123
16 188
70 36
94 135
95 156
68 30
94 40
50 152
36 185
15 77
76 23
69 104
36 21
46 172
23 42
47 179
42 32
13 156
90 78
23 30
75 51
13 100
87 128
31 62
41 90
83 135
44 145
95 153
15 26
55 34
82 28
47 34
99 44
42 143
47 114
35 158
90 35
98 79
99 122
51 86
71 82
46 127
55 70
92 194
33 26
41 157
55 74
100 129
82 162
57 63
13 56
57 74
37 113
68 77
89 74
65 57
22 163
81 185
58 98
80 132
34 27
12 192
52 91
85 42
60 36
14 162
78 129
55 198
69 168
94 87
10 49
70 32
75 174
96 78
38 16
30 28
49 132
41 137
51 175
23 87
58 65
63 104
42 95
56 46
46 19
76 138
23 78
76 81
12 189
74 157
46 171
56 50
43 17
75 137
67 169
10 13
31 83
66 60
87 74
82 73
24 40
31 153
18 14
79 194
31 195
68 41
63 126
14 111
10 80
96 158
83 82
44 93
21 111
84 188
75 60
46 57
75 106
79 20
81 55
20 125
27 154
31 36
55 58
93 55
67 197
76 20
47 185
70 99
36 68
36 70
72 160
15 30
93 161
46 165
95 66
92 77
88 88
92 133
11 62
51 109
88 34
34 194
52 44
100 126
64 191
95 65
60 148
88 14
84 138
97 136
44 80
53 56
10 127
81 139
44 179
88 104
64 156
19 64
32 10
10 115
60 20
74 141
95 76
42 109
48 137
72 50
26 68
30 18
21 75
82 18
48 184
40 99
98 199
33 174
74 156
68 21
28 79
22 145
18 120
16 193
83 110
55 84
56 129
79 175
92 61
76 113
46 94
94 50
71 200
25 157
13 123
47 142
40 142
60 180
67 173
21 129
61 36
11 50
58 140
36 24
57 29
42 79
33 174
89 71
70 154
54 149
49 185
21 111
50 19
80 31
54 106
19 64
21 198
74 131
17 162
72 149
65 94
73 138
57 181
45 39
27 47
52 54
43 111
44 192
88 90
15 124
32 186
25 118
53 125
65 141
51 14
41 133
95 173
20 178
28 90
30 154
97 38
11 192
89 175
75 81
76 50
33 72
59 25
57 61
90 71
78 70
12 124
63 17
76 84
64 94
44 46
92 134
18 66
33 35
55 152
89 117
95 145
45 70
76 180
34 122
67 112
22 160
20 196
82 167
64 196
42 108
45 97
91 128
80 10
13 15
92 125
72 188
67 145
56 30
98 169
61 187
45 168
50 150
10 157
58 86
84 188
24 15
41 69
36 59
99 129
99 86
85 30
39 136
39 143
11 112
81 119
17 34
89 88
89 71
43 134
70 17
90 174
45 27
69 167
95 145
27 175
20 184
79 116
70 13
13 96
60 181
87 57
64 113
42 33
80 22
51 164
54 100
87 64
24 23
77 15
76 182
27 179
59 28
52 105
29 165
16 181
40 196
64 195
30 15
62 125
33 27
12 90
97 68
29 79
97 18
46 61
16 108
76 177
22 168
10 191
73 94
75 100
62 29
22 40
87 155
44 73
77 86
49 133
88 141
10 47
82 108
74 183
10 171
70 153
29 61
71 71
39 136
58 55
53 98
35 180
98 61
65 89
32 49
64 103
90 45
20 151
10 81
75 192
49 113
94 180
67 131
61 153
26 76
12 42
96 105
62 81
23 108
84 137
84 195
17 171
65 22
97 26
28 76
46 157
69 196
36 188
19 30
48 13
21 160
58 82
95 79
64 87
52 135
15 167
11 97
62 12
95 81
47 46
47 79
80 192
38 128
58 21
72 163
36 66
10 104
54 30
19 156
66 193
71 165
51 41
47 140
91 13
24 105
54 33
37 41
30 70
19 25
67 151
37 140
27 143
40 19
12 37
58 114
64 78
92 32
54 173
71 187
33 26
90 69
100 109
81 85
45 104
23 95
33 143
58 127
58 90
38 93
53 145
81 181
69 119
75 166
65 17
20 133
47 108
45 116
80 115
45 30
14 157
43 106
25 161
41 198
95 12
87 11
56 108
17 13
94 15
90 174
44 186
62 90
100 120
43 122
21 40
20 64
90 78
70 109
60 36
41 123
33 17
17 29
86 149
56 176
24 44
53 20
100 98
56 134
65 117
95 64
84 19
72 157
37 145
40 161
95 183
57 53
53 51
60 148
42 116
33 166
69 115
68 191
97 97
83 43
82 170
54 173
61 59
91 111
19 37
37 187
19 188
85 52
48 123
70 50
14 135
90 200
31 12
57 97
87 113
42 102
33 48
87 128
27 47
72 135
78 143
93 106
46 194
65 12
76 161
26 188
80 101
69 179
25 198
45 192
17 26
87 59
42 11
78 197
66 58
48 158
10 96
47 186
71 55
83 49
53 83
42 123
68 45
50 76
79 189
11 187
41 26
43 113
23 65
31 110
22 84
77 125
63 143
76 102
79 120
87 25
21 168
18 167
83 82
79 66
23 166
64 119
68 132
27 31
17 153
24 100
71 20
60 49
13 170
36 140
47 82
68 104
95 114
17 73
50 170
54 100
66 25
17 117
69 62
32 135
35 90
22 84
36 115
45 74
61 85
38 17
10 12
36 49
34 25
88 147
82 85
91 142
13 99
52 69
85 61
10 199
73 94
32 85
11 48
54 105
56 197
77 102
41 44
14 182
99 97
94 88
87 17
44 115
45 143
78 78
22 43
56 157
18 192
46 148
26 11
35 175
36 176
81 73
30 38
86 135
94 194
24 140
26 108
87 129
61 73
97 66
22 117
21 77
48 75
94 182
65 88
89 141
46 53
20 138
71 57
10 50
38 108
97 72
90 78
31 78
27 41
78 91
34 191
23 99
63 194
89 177
51 57
71 178
25 142
15 194
95 200
12 82
83 44
94 157
62 179
77 97
96 12
18 10
96 135
17 103
91 23
39 30
89 39
44 183
99 157
53 34
71 40
41 129
35 93
79 30
66 153
29 124
99 117
98 193
75 67
16 23
64 186
22 162
99 107
19 38
21 163
52 63
89 180
34 133
34 110
63 156
21 92
68 83
35 25
31 95
32 182
81 174
35 164
92 12
65 123
84 146
43 92
57 122
36 33
98 156
11 28
67 61
59 55
49 154
15 200
47 186
97 146
77 170
37 138
73 24
48 12
31 179
45 12
66 200
40 188
85 34
41 131
70 161
92 18
37 68
79 174
87 42
19 34
24 72
47 195
55 65
59 90
30 135
72 178
28 161
66 132
96 46
70 91
50 37
74 154
20 151
68 161
45 90
23 37
40 168
62 82
46 72
24 87
68 75
14 174
50 95
15 64
30 179
64 172
53 88
47 123
97 96
61 65
99 89
16 149
34 137
39 78
79 13
52 27
56 41
49 148
81 118
58 79
47 190
71 124
29 18
53 129
92 142
74 79
41 98
44 99
48 92
52 77
98 145
79 186
13 128
66 146
73 200
48 154
52 108
62 89
96 136
50 20
72 44
40 165
56 173
85 10
64 30
36 173
46 14
31 185
33 157
50 190
27 166
31 145
22 64
57 179
51 84
95 133
36 144
96 73
61 151
39 193
32 185
39 180
71 167
72 165
10 115
15 78
63 141
50 143
72 90
46 16
57 176
16 105
64 36
29 78
45 62
93 191
23 79
35 79
82 155
94 180
35 19
63 161
51 137
25 167
63 68
53 12
54 156
20 196
23 118
49 11
87 178
25 60
26 184
64 114
27 16
43 29
73 186
93 19
25 127
91 160
86 193
51 71
55 135
64 151
53 195
80 45
97 166
57 51
24 68
75 130
31 92
46 111
30 173
18 20
63 119
76 127
95 199
94 81
41 97
33 176
22 27
78 85
23 150
32 175
98 103
32 103
30 119
40 106
60 146
48 33
63 152
77 19
58 159
76 83
81 155
36 158
28 113
66 198
91 12
86 91
47 142
88 134
40 18
34 185
28 189
29 40
12 179
54 112
29 151
49 13
81 109
57 121
96 47
94 117
63 156
91 167
50 12
83 169
58 173
33 165
42 182
19 146
47 44
95 118
45 86
84 113
34 126
78 27
69 186
32 34
67 153
47 38
54 135
87 165
36 194
41 113
24 147
65 179
30 127
44 188
72 39
98 18
74 168
42 118
63 181
80 94
40 177
36 87
100 164
48 41
48 25
19 176
83 23
39 164
13 73
84 143
17 117
88 57
20 199
40 37
47 150
56 134
90 109
23 82
74 106
40 73
57 100
90 126
94 46
58 52
55 85
34 11
77 180
98 98
96 88
76 200
47 89
36 198
29 188
42 82
81 35
67 58
75 37
30 37
38 85
27 195
37 108
99 174
81 97
16 108
33 39
34 55
67 62
77 128
26 166
79 177
82 189
88 138
55 29
78 89
13 89
82 108
63 122
43 118
39 186
72 14
84 167
49 133
73 146
90 90
88 104
12 125
29 112
79 108
61 71
73 58
30 113
94 159
35 81
26 64
92 135
43 81
48 162
79 143
23 129
26 62
89 133
70 116
71 83
45 188
74 76
49 94
26 45
78 35
49 162
31 194
99 192
70 188
62 143
74 125
33 197
77 117
71 198
83 185
65 89
80 46
90 61
86 156
79 47
73 55
37 113
75 94
21 157
35 100
100 55
11 184
14 46
97 192
41 144
32 158
61 193
87 200
48 167
72 15
52 157
60 33
91 143
68 186
32 64
92 21
71 144
16 195
34 116
66 67
83 16
60 125
16 39
46 95
35 78
33 52
14 173
73 116
72 35
23 36
12 29
79 43
97 85
10 187
51 45
85 93
17 89
83 71
61 154
31 179
52 78
80 78
54 139
14 200
63 106
36 98
31 117
38 111
15 180
11 36
21 163
97 88
10 171
59 182
61 150
100 147
50 12
59 134
49 30
36 149
43 180
30 73
83 189
62 132
14 93
99 37
65 98
61 96
74 108
42 15
52 59
92 119
38 19
49 23
30 28
95 200
91 30
98 138
37 90
62 31
75 48
73 49
17 185
75 48
42 34
87 184
11 48
39 156
44 188
69 131
16 153
44 35
42 24
71 36
53 53
63 98
99 149
73 70
22 93
13 47
54 174
55 43
30 145
48 92
78 180
82 160
33 143
45 171
19 191
33 82
91 97
96 146
38 128
20 191
69 137
20 150
30 80
85 122
11 172
69 192
92 26
27 148
83 180
43 159
30 137
71 57
32 53
25 69
88 30
26 181
12 109
49 89
55 135
91 69
72 36
90 100
62 55
42 76
31 178
53 47
58 108
78 161
96 131
94 143
81 123
57 152
10 75
87 53
46 84
65 149
35 185
34 27
77 107
11 107
95 139
65 21
30 82
86 18
51 22
62 198
53 96
86 178
85 32
98 13
48 156
37 38
70 21
39 192
81 161
61 46
84 108
81 158
75 50
46 36
62 139
65 41
87 25
57 38
75 84
91 166
34 14
11 191
96 92
57 155
34 124
14 164
51 70
38 33
31 108
58 39
88 127
88 92
79 101
98 11
15 173
45 35
32 182
50 45
94 51
57 138
68 35
88 40
26 43
51 49
52 157
30 178
38 161
67 26
14 11
77 58
15 16
66 195
21 143
18 105
12 52
85 193
43 156
96 15
88 130
97 131
98 145
86 160
87 21
96 179
34 47
82 63
100 153
30 84
53 109
78 146
19 44
95 71
34 14
12 10
89 144
67 41
79 105
75 15
22 20
36 173
58 41
38 144
55 105
31 145
12 29
32 30
78 72
28 96
70 11
93 31
45 71
98 55
66 75
96 104
22 43
77 177
93 124
82 101
26 139
61 97
28 148
57 64
99 52
24 107
21 68
80 20
30 181
87 117
66 159
80 175
30 131
12 109
23 72
22 116
12 89
75 11
55 142
44 68
23 36
75 58
28 93
44 68
47 189
50 163
66 39
45 182
38 110
61 57
84 134
98 194
99 18
70 71
20 103
23 177
25 117
20 46
58 159
99 117
93 100
61 116
85 59
61 154
96 200
81 131
48 16
82 146
67 185
16 18
18 158
63 39
33 86
83 96
45 191
92 13
46 125
11 85
65 39
59 133
37 61
56 184
72 32
74 104
42 179
69 116
25 164
90 32
75 41
99 83
70 142
100 156
60 28
52 62
26 90
38 107
94 70
81 30
38 40
20 143
51 102
36 168
80 25
31 104
51 152
27 100
74 108
79 194
45 129
10 26
84 39
14 194
40 35
59 13
93 181
55 118
64 26
27 160
23 97
89 87
31 85
37 153
86 75
81 152
89 22
45 56
37 134
12 164
87 84
51 68
84 135
40 181
94 83
45 13
58 48
33 39
55 111
91 149
82 172
78 45
16 111
95 35
78 174
63 47
22 178
61 155
26 124
60 106
64 98
42 188
44 20
71 80
41 52
47 141
87 162
45 197
91 88
52 150
90 64
86 130
88 135
24 18
16 41
76 55
32 66
99 86
89 81
35 41
84 174
95 158
50 169
42 28
49 52
24 151
68 199
57 13
63 199
59 183
98 148
93 181
59 114
66 102
40 44
30 152
26 127
10 165
34 108
22 17
43 195
28 99
53 82
19 149
45 136
39 132
74 11
79 130
93 190
33 123
34 200
99 63
49 196
69 87
58 75
63 118
71 75
17 107
55 131
83 27
12 198
48 14
23 104
98 114
23 32
91 139
55 123
51 191
14 84
83 87
17 185
69 40
79 11
55 27
56 13
39 64
29 14
87 31
57 47
10 45
32 15
18 112
96 18
87 89
86 192
78 62
68 161
34 56
39 51
33 160
87 130
60 99
93 127
10 86
84 99
20 76
17 116
99 53
94 101
29 37
71 120
90 90
60 195
91 107
19 10
36 134
39 125
64 86
86 187
71 58
81 105
38 10
25 123
16 157
92 198
69 128
49 96
53 40
34 167
13 147
20 25
55 140
42 170
33 12
89 32
86 63
92 174
73 160
30 129
43 132
31 145
36 86
22 111
85 164
38 74
97 87
44 34
50 29
77 65
93 172
85 104
88 35
72 109
100 17
93 168
66 175
60 64
10 186
87 166
72 64
90 80
26 142
35 158
99 142
56 36
67 121
49 137
33 52
30 176
65 95
28 42
54 76
92 120
13 82
93 31
55 160
59 99
69 49
91 83
86 91
38 94
40 62
76 192
50 111
48 197
72 131
51 87
44 168
70 101
73 127
38 198
24 67
52 177
33 187
31 109
42 12
77 122
36 90
51 180
11 124
98 39
55 58
89 95
44 136
52 88
90 174
51 160
29 47
14 181
35 38
78 122
84 126
55 117
23 169
12 49
48 117
50 182
10 17
98 34
12 106
31 26
45 41
23 154
65 133
86 123
15 45
74 23
71 99
79 189
41 49
61 195
97 106
34 164
93 73
58 77
50 122
67 93
13 112
28 52
60 171
22 49
30 30
71 188
31 14
37 31
46 35
58 52
89 191
55 88
84 26
92 54
44 92
35 113
92 196
70 82
21 164
33 193
84 26
32 125
59 178
48 118
10 183
53 177
95 189
86 80
64 63
66 164
89 105
63 182
98 75
49 65
67 27
13 43
46 58
72 109
10 148
16 81
69 199
69 125
57 156
95 22
48 141
73 175
14 96
33 157
20 85
37 20
24 90
43 181
28 56
71 186
41 127
46 168
90 136
80 134
22 109
74 122
51 167
49 128
88 119
73 45
61 117
54 118
39 121
88 179
19 199
93 36
52 51
30 73
59 108
95 113
90 187
84 100
85 165
11 59
22 146
87 77
37 161
65 81
81 105
40 92
64 44
20 72
77 112
10 129
56 154
60 48
43 87
56 137
30 10
52 147
85 101
31 30
86 52
79 155
92 173
73 93
58 177
24 137
39 90
23 142
90 118
46 49
71 162
12 90
12 183
49 152
100 94
99 156
19 95
14 104
12 170
18 119
22 143
47 100
28 154
89 132
51 64
94 109
80 168
82 31
67 70
68 76
16 167
51 90
60 154
79 163
85 193
75 113
37 148
10 33
90 65
62 15
77 147
31 179
68 148
91 107
86 26
91 183
78 25
34 66
13 100
53 92
53 122
11 71
94 28
88 14
91 70
39 24
21 168
76 142
25 46
67 144
78 64
18 67
69 64
100 48
99 186
78 90
34 169
48 188
81 66
26 92
92 33
55 176
31 121
99 128
13 199
100 41
39 63
53 153
67 65
87 93
58 166
32 147
43 167
62 143
59 148
65 192
86 153
70 15
21 127
69 52
50 47
59 30
93 194
94 40
16 187
77 99
44 118
100 129
32 193
70 151
39 141
47 177
62 131
11 179
93 158
50 26
92 103
38 117
26 41
59 168
10 92
14 22
88 124
91 127
28 57
53 122
12 63
90 80
60 101
53 84
24 100
11 74
18 159
16 134
60 150
37 39
91 179
75 84
99 36
50 84
42 122
37 92
100 115
24 180
34 64
28 85
77 176
71 170
21 131
35 124
97 25
47 156
57 47
82 162
94 106
89 147
41 63
87 24
59 45
52 196
85 102
10 75
52 30
99 33
12 159
87 74
49 143
11 43
62 103
14 75
68 62
98 48
72 95
38 106
10 123
83 50
67 172
99 135
54 150
35 186
84 148
17 148
62 123
28 92
55 198
49 46
42 22
20 18
46 12
50 58
45 37
85 183
69 14
73 22
43 75
86 128
36 101
49 147
28 78
82 61
70 39
86 169
84 47
32 171
24 135
84 187
21 139
23 182
68 86
56 163
10 45
81 18
87 178
95 194
13 15
42 165
60 186
92 129
40 176
81 72
50 140
67 71
48 48
58 65
84 90
71 120
98 129
37 126
88 126
15 197
60 165
26 18
28 160
71 195
86 58
29 66
31 136
12 110
30 22
38 120
26 35
50 92
67 10
61 126
24 128
98 101
67 149
11 85
48 69
59 64
39 157
75 127
28 90
82 88
54 66
68 48
35 81
47 110
11 160
62 51
81 170
16 44
90 74
48 47
96 20
78 49
38 64
10 81
46 45
20 68
19 10
78 35
49 57
16 196
39 162
28 138
81 33
73 93
96 114
23 29
16 97
42 91
60 78
17 117
42 143
49 58
96 102
11 67
95 18
47 200
39 144
59 145
54 132
96 63
41 32
20 181
26 162
99 92
12 78
34 165
34 195
48 198
16 117
27 66
74 139
50 117
83 25
38 48
29 154
56 13
21 195
24 139
72 99
66 17
45 72
17 31
81 15
52 174
21 104
51 70
49 118
13 115
53 104
75 101
81 98
49 77
50 131
83 71
55 80
49 40
92 94
22 30
28 101
22 43
49 56
40 60
16 124
74 118
91 162
48 96
86 134
79 165
66 192
63 84
63 147
10 35
75 188
43 152
40 72
11 150
71 154
31 125
91 17
53 116
59 50
14 73
40 187
49 37
98 106
69 71
67 70
84 127
100 164
50 11
88 128
35 165
45 172
52 148
67 121
69 193
48 87
77 178
19 136
36 95
28 161
83 127
81 73
43 121
100 143
73 62
88 95
62 164
17 128
21 68
78 187
53 75
70 137
19 12
100 80
11 147
56 74
82 82
66 139
70 186
61 137
69 164
20 109
33 111
50 61
54 141
41 50
96 177
44 59
42 92
12 97
40 181
43 123
11 141
36 76
81 155
84 18
51 57
86 89
74 18
35 148
69 53
96 178
29 39
85 29
89 177
74 193
61 120
39 40
31 189
51 199
31 131
67 82
82 167
100 179
57 145
36 147
16 157
96 38
23 172
12 150
83 38
83 126
45 79
23 30
57 105
31 31
51 79
13 57
57 108
78 42
90 196
83 62
52 124
47 182
21 13
84 64
41 117
37 11
58 179
96 74
67 94
47 154
67 42
94 73
16 80
81 36
55 106
18 72
40 23
24 137
21 197
45 58
27 193
28 121
39 125
97 99
93 146
30 24
10 96
90 162
48 37
28 86
32 120
52 175
99 22
67 150
27 125
24 145
90 101
36 110
72 94
41 56
29 72
40 39
38 193
89 147
52 32
86 174
23 192
89 97
58 104
47 44
73 87
36 157
20 66
61 26
10 87
63 33
70 177
11 130
38 97
91 41
77 142
16 83
68 198
27 158
67 37
70 163
41 193
18 136
74 176
50 52
24 46
57 34
58 150
45 35
65 73
28 200
65 115
30 159
82 95
27 56
27 152
41 80
46 128
63 68
72 180
11 31
68 198
87 81
70 30
27 59
74 16
66 119
86 175
78 55
50 37
69 35
45 132
43 189
66 155
18 27
25 179
40 171
30 94
25 167
65 192
25 51
95 96
30 140
84 59
10 197
55 108
18 131
86 171
89 110
100 188
96 80
69 188
24 164
69 135
42 40
88 168
79 145
55 63
25 190
22 91
79 64
65 39
75 49
54 126
55 124
22 120
85 101
93 65
49 10
91 16
11 138
55 156
23 81
96 10
55 187
71 56
39 102
37 57
39 106
29 134
51 130
51 44
92 151
34 107
21 132
75 35
57 109
73 186
46 20
62 72
40 99
41 70
74 46
89 177
65 156
68 183
28 154
96 149
69 181
12 98
61 182
72 25
61 103
78 114
13 39
51 133
41 137
82 164
66 175
34 136
94 71
90 36
64 200
47 140
68 53
28 113
43 173
90 136
88 128
17 11
76 68
50 108
56 170
74 189
54 32
58 96
53 107
75 130
86 119
55 85
24 141
89 17
80 116
14 11
61 36
21 45
32 158
96 111
100 79
52 92
84 67
17 37
10 122
60 92
57 70
19 46
58 178
81 136
38 40
58 193
22 161
78 196
46 45
38 88
59 49
52 36
97 192
32 115
94 42
100 188
14 186
74 125
70 120
90 122
19 41
13 61
32 186
29 132
71 174
30 157
54 11
62 142
47 46
10 150
29 74
44 193
35 182
49 66
79 21
57 74
38 114
74 65
58 193
98 163
67 197
11 10
15 102
24 44
64 19
46 60
41 143
33 156
67 13
78 70
63 21
88 88
48 102
67 67
16 152
78 81
45 161
48 190
59 67
56 43
94 17
22 195
51 159
16 119
70 14
16 199
72 156
39 184
17 73
32 163
22 114
14 185
96 181
61 148
30 29
84 159
24 74
10 30
94 124
35 16
18 161
48 188
89 134
53 16
35 65
37 44
91 78
21 86
100 24
58 118
95 35
97 91
37 50
90 144
84 94
10 136
57 198
72 14
79 115
95 151
15 33
68 13
79 34
99 172
14 112
61 81
88 156
34 59
33 96
61 13
39 187
99 56
63 83
47 137
10 116
98 11
80 93
28 84
99 116
90 156
36 156
65 199
23 43
54 151
67 94
17 130
83 114
98 85
56 81
39 27
39 143
79 191
18 77
68 166
76 163
73 53
24 192
41 95
43 121
91 153
16 42
58 106
84 103
87 176
90 47
48 35
68 43
91 37
39 134
100 136
32 136
33 58
26 31
90 152
12 32
22 169
95 30
97 54
25 121
70 118
61 45
49 160
51 181
22 32
51 11
12 31
47 137
72 63
90 89
75 144
96 131
10 19
20 51
85 96
97 106
56 142
79 169
94 40
88 110
27 106
43 42
65 69
17 50
59 171
52 149
53 62
74 69
90 51
30 147
35 72
82 185
38 183
39 127
60 167
53 119
18 181
22 20
29 186
27 162
81 33
65 113
15 10
56 191
39 103
86 54
57 180
99 23
43 34
32 50
71 20
87 84
23 176
69 40
83 167
20 138
54 123
12 119
30 43
34 39
51 46
78 146
39 133
99 52
30 120
82 169
21 96
86 121
68 159
30 54
94 164
66 137
32 54
77 74
42 177
65 67
19 199
98 81
35 161
74 110
97 38
62 32
77 143
97 16
18 115
10 47
37 64
67 29
50 74
27 16
98 18
83 85
41 98
18 159
93 101
37 174
53 159
61 74
53 161
44 45
90 131
80 188
27 100
92 114
43 144
67 36
18 38
100 180
45 88
86 50
15 197
81 130
28 41
59 99
51 97
85 110
91 37
37 56
64 148
39 135
54 146
53 64
61 93
82 144
77 171
87 195
79 51
58 165
61 162
30 117
62 40
22 120
33 158
78 39
30 169
10 39
28 125
53 110
59 148
91 32
91 81
72 129
98 163
83 25
15 191
77 195
35 170
36 132
37 101
24 75
36 125
86 196
31 18
49 100
26 193
69 118
17 161
93 38
39 173
80 69
96 28
65 37
45 189
95 159
58 142
84 192
87 172
92 149
23 137
50 180
70 14
46 68
66 155
62 110
67 184
93 134
88 75
45 43
65 142
22 186
11 70
59 161
44 18
95 87
44 191
87 117
70 176
61 183
77 93
48 102
16 127
22 77
14 40
44 99
50 147
44 76
68 105
92 91
97 179
21 101
47 57
23 186
100 183
96 197
49 104
37 163
37 168
13 65
60 185
63 191
19 82
14 159
52 114
95 134
99 39
95 82
30 64
15 153
82 57
59 156
61 91
94 46
89 171
45 99
60 77
11 107
57 167
62 170
66 126
10 184
41 193
63 107
66 145
44 138
48 30
86 18
96 33
12 181
38 169
85 170
98 180
73 38
19 153
70 47
60 144
55 100
81 129
15 14
92 56
48 132
58 79
92 199
28 16
16 140
41 101
60 64
95 198
100 47
36 111
41 50
92 148
39 33
57 137
73 184
46 23
41 102
60 77
27 38
81 122
50 102
79 120
67 114
48 69
39 89
52 56
22 45
18 91
70 113
49 140
67 75
69 55
96 111
84 88
22 49
64 150
93 43
78 118
68 177
79 97
52 168
83 16
28 180
14 114
56 180
100 10
55 51
36 42
12 190
80 113
91 163
93 22
38 122
42 142
48 150
18 176
58 24
16 163
45 144
80 129
81 143
29 189
100 29
75 135
28 15
42 91
51 100
92 163
57 77
92 132
24 198
47 156
17 155
65 36
27 185
59 43
40 107
32 132
33 118
58 156
31 126
23 91
78 184
69 59
18 23
46 98
77 154
21 54
90 184
53 198
36 58
30 139
80 106
59 124
28 149
71 160
59 160
39 112
15 138
78 24
20 186
63 163
22 178
89 69
66 131
34 172
97 141
21 177
76 193
96 104
93 45
61 37
67 104
95 181
87 122
12 14
48 128
64 68
19 27
25 87
10 37
31 149
74 181
90 57
66 91
61 158
68 14
63 142
64 124
23 184
83 160
63 187
98 30
99 14
32 25
46 38
43 184
83 41
62 146
20 12
74 61
39 174
99 145
29 39
66 80
65 148
21 76
87 138
61 10
42 177
24 99
32 89
98 13
28 90
40 52
94 28
25 74
99 12
41 128
38 121
23 120
62 80
90 24
23 103
49 194
51 62
87 106
75 17
41 83
60 101
47 34
91 72
93 110
38 107
71 150
84 100
75 107
89 77
10 30
31 181
56 49
29 149
45 196
97 75
12 98
63 47
26 106
10 19
96 196
96 86
20 177
67 36
78 167
66 27
19 96
43 54
22 83
24 124
19 172
49 192
46 199
61 12
17 182
35 132
16 150
86 165
26 15
28 31
60 139
88 181
88 89
88 181
46 50
73 63
92 137
31 102
39 126
53 60
60 137
66 105
25 21
47 56
57 105
51 19
66 182
39 67
21 25
15 54
98 186
67 98
69 195
80 100
32 115
60 71
81 176
12 172
68 80
53 34
30 138
48 17
85 55
92 11
20 177
16 169
91 197
23 127
23 99
73 177
42 20
45 99
49 58
34 25
49 109
10 124
87 126
55 178
80 48
29 63
97 55
24 199
25 110
63 86
47 164
55 34
58 122
71 12
36 14
83 141
88 88
43 194
86 38
61 197
88 171
71 113
33 104
50 111
40 79
57 34
92 70
73 59
91 25
26 196
55 100
17 199
45 191
70 13
92 15
48 117
64 81
42 45
21 196
15 32
48 132
44 151
27 149
96 27
67 105
51 38
73 150
16 195
62 50
55 12
23 51
49 53
29 14
81 141
27 55
98 97
10 40
58 21
11 113
52 188
27 52
42 35
67 95
24 175
78 71
90 12
43 119
30 77
36 155
18 145
12 170
72 29
46 145
47 33
35 91
31 65
98 101
58 168
11 154
47 121
59 142
32 170
27 21
16 195
33 54
60 18
29 24
92 67
13 89
83 16
81 166
97 147
67 27
97 74
44 79
63 38
86 151
84 92
53 87
73 171
67 47
65 189
17 37
67 42
48 11
66 108
16 176
24 55
34 182
94 185
33 125
23 92
57 63
37 58
49 81
39 115
87 28
17 24
12 192
31 183
40 139
50 13
67 180
72 150
91 189
75 64
37 190
48 31
47 119
100 35
38 141
71 130
85 86
72 57
68 22
18 114
43 164
60 108
38 187
70 147
12 34
58 153
85 190
76 87
33 96
87 120
67 96
76 38
51 37
19 93
94 137
33 65
92 136
53 87
68 63
10 141
74 100
26 100
16 89
60 19
85 132
54 55
57 21
19 21
84 12
70 153
62 123
67 83
40 192
35 194
11 36
31 153
46 49
50 37
57 94
99 148
45 187
82 87
35 120
16 90
36 46
49 105
32 72
58 61
95 12
23 152
72 32
34 177
99 22
40 43
73 71
49 166
44 196
80 77
39 185
41 81
25 20
33 33
49 29
26 180
28 173
94 83
53 100
24 87
92 107
23 40
46 123
89 25
47 92
49 77
17 70
57 141
77 168
87 197
25 92
77 19
95 150
49 58
50 163
52 174
72 99
22 59
82 30
88 152
86 156
20 11
86 189
42 117
64 150
42 143
84 132
38 95
41 65
79 121
95 121
76 131
12 119
90 54
68 75
28 95
83 46
10 89
59 82
85 11
24 153
55 84
88 140
93 178
23 155
62 67
17 13
53 129
95 21
74 105
36 22
16 151
84 130
41 104
28 79
18 76
41 93
57 151
62 162
63 50
73 48
63 34
15 160
16 17
12 148
25 79
36 145
10 61
54 102
15 119
56 82
31 47
39 156
31 19
26 115
83 76
62 200
86 48
52 76
83 130
35 10
99 27
83 93
34 63
94 55
26 179
15 179
53 135
25 56
51 95
75 25
47 158
70 83
19 175
77 50
82 16
54 169
80 38
79 123
43 46
96 85
76 138
60 105
61 62
19 61
32 134
36 108
74 113
17 86
70 152
93 35
50 19
84 12
52 76
87 151
89 137
98 171
100 154
99 12
48 48
25 175
19 152
19 84
63 106
46 186
65 129
36 36
91 57
50 29
36 29
45 57
89 70
58 95
16 138
64 72
81 173
95 170
47 162
90 32
85 35
86 137
27 71
70 136
86 67
30 62
63 168
52 85
61 172
92 94
72 90
91 106
51 24
59 30
90 119
52 87
91 103
76 141
12 31
41 103
17 74
62 18
80 108
74 112
66 107
23 200
74 196
44 71
90 193
66 38
95 155
69 76
99 152
55 42
96 127
89 126
64 133
36 76
17 71
37 154
28 27
64 155
18 103
32 75
17 150
56 28
59 41
49 195
75 145
21 30
59 183
35 85
66 124
57 190
24 151
63 152
88 141
87 12
95 187
73 128
60 25
66 83
96 62
83 104
24 125
56 90
19 91
49 66
96 138
65 20
43 42
51 78
24 134
97 37
63 193
19 100
88 145
48 107
96 72
70 25
41 146
99 138
60 92
43 85
97 71
28 129
42 123
40 98
60 100
27 21
95 102
89 143
27 106
82 65
37 71
48 178
83 29
90 86
10 131
15 152
46 100
90 138
56 99
87 91
18 195
45 146
56 35
11 177
40 149
11 121
50 156
52 47
12 57
46 129
26 106
63 44
91 195
94 62
89 51
70 126
47 89
64 175
92 172
83 88
11 37
51 152
50 163
91 11
88 134
72 40
94 32
67 79
40 68
85 131
94 118
80 188
21 162
51 132
61 157
50 74
34 62
67 189
11 36
43 56
10 119
56 43
93 151
41 10
90 65
68 161
32 53
40 191
97 154
100 159
85 176
19 94
95 92
100 52
87 93
47 100
64 198
97 187
32 67
59 10
16 140
58 117
81 153
73 19
49 73
34 37
75 45
95 76
73 24
81 67
54 60
62 131
38 111
44 27
50 125
89 135
72 31
48 70
50 193
29 101
100 91
21 104
50 93
60 75
27 132
35 36
38 88
95 61
63 117
43 10
84 139
21 119
30 30
98 178
33 101
59 100
33 50
60 130
93 186
49 63
29 126
43 143
79 90
40 68
83 115
97 60
57 47
76 56
30 22
10 123
16 124
39 118
99 39
28 119
24 64
64 176
59 105
55 59
52 133
85 56
21 28
54 112
51 119
62 144
19 13
79 67
91 102
17 134
60 65
43 189
56 68
34 143
21 103
95 191
27 130
13 116
22 166
76 35
40 29
15 59
15 79
27 193
17 112
85 123
23 191
58 130
41 97
91 43
24 107
68 91
81 115
49 28
29 90
73 198
15 65
25 175
78 185
70 149
30 93
15 86
51 27
28 132
99 122
34 148
20 43
16 77
27 58
46 71
32 182
21 69
13 137
65 193
32 10
30 40
58 57
48 188
89 165
81 200
92 107
62 105
61 177
55 131
39 110
77 15
80 59
15 149
41 152
82 130
20 127
14 88
36 119
66 69
34 16
27 160
15 15
26 96
100 101
97 59
79 17
53 113
77 173
58 119
81 24
33 119
94 51
21 136
42 94
61 64
40 85
45 57
74 143
27 94
49 13
28 65
12 29
93 121
82 51
13 138
97 99
69 50
27 75
36 121
74 24
43 81
83 42
66 10
56 92
46 18
60 59
39 150
35 63
21 92
52 122
49 35
15 99
91 195
14 94
62 145
31 112
62 50
90 165
76 142
100 135
94 186
77 45
92 84
34 26
35 68
44 39
23 193
100 180
52 114
48 123
62 25
62 95
89 23
40 107
49 127
39 126
69 69
83 68
71 104
79 130
46 44
87 77
25 131
80 22
53 142
34 114
66 183
27 45
90 79
72 172
12 48
88 152
16 80
84 49
40 117
89 11
39 173
88 178
24 146
38 160
65 169
34 89
10 116
38 168
24 131
44 34
64 58
14 76
55 40
63 168
68 150
77 119
43 46
67 47
49 130
78 113
19 113
88 71
70 181
25 57
79 190
82 102
99 101
28 18
91 148
55 121
49 166
17 41
49 148
93 37
32 140
55 188
36 176
68 93
21 108
60 89
60 65
86 200
81 192
64 131
48 37
83 58
57 103
32 26
64 11
10 140
48 37
82 16
50 28
87 180
86 83
15 67
95 92
56 137
95 97
62 66
45 131
46 117
88 25
51 96
46 30
54 12
59 197
75 81
92 173
77 164
23 163
76 36
73 87
99 194
58 52
26 120
58 186
48 197
84 35
13 71
93 140
30 125
100 125
67 174
72 79
30 165
25 157
56 152
44 177
71 61
68 26
11 192
13 51
24 34
55 101
33 144
92 181
15 21
64 87
44 24
69 121
19 40
77 193
88 155
73 150
28 18
99 199
19 168
33 40
15 160
31 86
42 16
44 184
66 184
73 11
86 47
81 199
41 42
77 82
84 181
94 25
96 187
31 20
20 107
56 167
86 26
16 12
53 131
28 71
64 100
89 156
49 37
60 37
79 167
25 78
38 152
26 158
27 129
93 92
18 41
32 157
41 123
75 101
95 189
19 33
10 77
60 70
29 155
47 16
100 49
76 89
88 190
24 128
93 37
21 18
71 112
58 159
34 146
49 144
42 64
39 66
18 146
45 100
24 66
88 42
61 34
14 95
55 181
32 198
52 54
11 141
39 171
78 34
45 192
98 94
38 157
36 29
41 120
74 46
70 68
32 81
24 22
48 151
17 10
33 53
66 176
35 54
47 104
74 84
83 90
76 184
60 162
58 161
90 165
62 78
46 98
96 159
73 137
100 146
66 101
56 35
20 194
42 22
47 23
19 35
93 130
94 184
50 42
22 184
90 163
51 72
58 32
66 13
42 152
64 140
51 181
82 141
17 110
89 114
45 93
91 70
46 191
59 126
52 19
42 72
45 15
83 76
83 156
76 18
68 72
22 194
67 156
87 70
71 108
82 33
72 157
60 58
18 137
58 192
80 149
17 161
36 188
70 182
93 150
88 116
93 181
31 85
20 64
86 45
45 141
14 197
55 174
79 65
90 94
40 99
42 154
10 187
92 108
95 150
33 10
97 68
98 164
37 160
89 110
16 10
97 129
57 181
91 95
31 55
78 136
67 21
63 25
96 73
54 18
91 192
34 77
55 42
67 45
93 79
21 62
96 60
35 121
75 105
41 98
23 16
21 138
82 134
26 68
44 119
29 41
47 128
74 12
38 183
37 26
12 36
46 153
72 82
66 139
50 101
97 193
69 81
22 146
61 127
44 55
100 123
82 190
70 15
55 53
48 84
81 71
47 160
27 40
88 131
19 62
43 27
17 150
39 197
32 147
21 142
84 13
82 99
74 148
73 38
11 114
81 81
78 66
62 64
91 94
41 109
94 59
31 44
93 47
46 137
12 198
97 198
85 176
67 47
83 22
57 113
12 31
30 145
72 46
92 48
48 36
78 120
23 96
21 105
21 16
84 160
31 153
62 58
22 75
81 50
20 13
96 57
82 181
19 177
24 44
69 191
50 185
73 146
99 108
69 56
94 126
33 140
50 185
48 28
67 104
73 158
73 43
53 176
10 29
97 62
80 167
93 146
65 175
83 74
48 177
35 18
74 148
37 193
60 179
55 12
19 102
56 33
13 187
89 171
42 150
82 113
67 96
95 111
93 162
10 188
98 139
89 40
47 19
11 39
53 65
39 92
38 67
98 114
65 113
98 103
89 150
71 22
16 63
94 150
58 143
92 175
83 177
81 180
22 59
43 195
55 116
45 93
75 22
77 47
45 124
35 53
16 167
42 152
24 32
37 89
82 82
81 90
26 90
48 65
60 121
20 96
16 158
51 30
14 28
73 161
18 198
36 58
20 91
17 16
19 124
22 122
27 170
18 76
34 92
51 41
91 34
15 83
33 150
95 197
90 161
40 154
82 183
40 167
13 34
79 29
82 111
29 165
10 164
21 152
10 15
35 102
78 110
14 43
49 99
92 72
28 40
91 62
13 71
54 129
67 44
45 86
40 111
27 24
55 103
82 164
55 149
100 138
10 83
49 152
65 54
79 53
41 105
46 140
52 167
67 105
39 37
37 145
66 53
26 56
47 147
29 76
68 118
40 188
86 197
72 15
90 197
51 146
35 198
28 88
94 165
11 187
50 186
18 174
84 113
42 197
49 60
75 145
44 98
38 33
100 92
87 156
12 109
73 10
41 29
67 115
92 93
37 29
61 32
100 129
33 43
27 185
57 19
96 126
22 104
90 23
87 199
64 96
30 114
43 36
80 28
12 161
31 63
66 11
38 25
79 42
60 99
50 16
13 189
23 15
32 102
54 100
43 20
77 30
97 147
41 101
73 18
63 77
35 107
93 169
10 52
79 24
30 49
84 70
81 175
66 142
26 139
91 168
80 92
39 116
40 65
31 195
66 135
22 178
83 183
17 176
39 170
59 18
31 65
99 68
56 189
30 106
36 85
85 97
40 104
61 197
46 63
35 97
83 105
92 51
69 65
10 156
11 60
73 64
55 64
50 167
89 167
35 169
43 11
47 62
49 112
43 108
97 92
49 175
87 91
60 118
57 85
16 192
36 36
98 94
13 22
44 155
71 167
71 95
96 32
77 94
86 49
46 99
96 18
78 162
79 132
90 89
14 142
47 17
92 170
37 103
44 196
50 35
57 24
18 173
99 90
12 171
58 102
29 104
87 198
88 53
52 135
54 180
53 55
13 111
51 154
93 28
65 104
90 155
70 187
80 178
99 16
14 26
10 83
26 62
31 199
14 31
62 58
82 53
65 40
12 140
79 10
91 156
16 34
71 45
57 81
97 108
11 13
28 17
89 88
88 179
66 186
45 63
13 53
85 180
28 104
37 89
98 100
56 30
77 189
43 134
83 121
42 169
58 199
86 54
58 88
18 185
82 75
94 150
86 166
71 45
28 70
26 185
42 12
84 105
51 114
96 81
73 113
71 172
50 68
29 42
45 92
75 62
43 86
29 119
10 175
86 132
13 121
98 48
37 143
71 157
61 25
65 104
19 143
71 105
98 134
20 191
27 154
77 48
71 98
42 124
11 154
52 151
47 183
30 41
84 175
15 26
73 91
85 162
59 38
57 57
98 25
16 31
70 134
92 51
41 69
10 116
68 19
63 130
55 76
42 161
90 193
90 84
71 140
60 107
82 146
94 152
38 45
57 151
82 85
91 191
89 156
17 200
59 185
24 31
70 90
97 146
93 12
75 177
77 87
47 110
95 81
91 183
93 77
83 129
12 146
49 139
26 69
47 131
42 67
43 127
70 156
24 72
41 113
79 123
76 144
29 65
72 150
19 175
20 23
91 22
28 44
13 103
48 133
37 169
27 176
45 180
25 10
12 133
10 111
27 147
23 144
64 114
55 93
12 131
28 13
96 109
32 138
99 162
66 57
67 103
58 69
70 198
24 167
82 196
15 29
55 166
44 188
67 77
44 180
35 31
61 163
63 73
82 154
70 13
86 199
30 55
92 31
69 150
78 26
85 86
49 152
28 51
64 143
89 64
16 137
77 126
97 58
67 42
53 67
25 13
25 185
88 145
51 167
77 193
60 82
28 71
70 165
98 186
84 73
47 51
26 168
19 143
16 200
55 49
28 64
14 143
32 145
14 76
65 25
18 115
21 181
39 144
89 131
67 74
40 21
24 24
44 147
86 47
26 154
27 55
64 151
41 77
40 120
21 49
96 33
73 54
35 173
87 193
93 160
85 118
74 46
95 193
49 111
38 151
74 117
99 93
94 37
76 197
92 147
45 126
87 21
94 27
74 11
35 109
13 119
51 154
35 193
11 159
79 176
38 180
48 149
43 172
84 99
81 145
23 34
25 37
88 83
21 51
16 107
80 45
20 19
13 23
82 134
19 128
97 103
30 23
91 23
92 26
35 174
66 170
52 96
11 43
16 94
53 53
22 55
49 59
69 120
31 89
19 43
64 176
94 135
30 199
10 196
75 82
47 29
91 189
75 69
98 85
67 128
57 165
89 82
28 104
10 107
61 67
96 20
41 98
62 53
54 115
36 134
67 60
76 82
42 90
11 93
47 138
43 159
65 59
15 160
79 53
49 157
41 29
16 165
50 112
87 57
100 99
39 57
49 178
77 20
34 93
73 98
27 157
82 167
37 108
27 181
56 184
98 61
27 104
22 185
89 55
78 76
75 66
71 138
91 74
57 145
43 94
48 31
89 132
95 100
70 136
84 11
41 62
28 165
48 123
78 15
94 13
94 178
78 47
45 147
66 84
82 134
38 167
58 62
12 187
96 149
26 54
13 85
60 78
31 106
26 20
13 12
71 57
40 127
25 117
70 49
47 198
79 12
89 172
55 83
95 37
80 124
30 24
31 31
14 69
58 127
68 81
56 159
21 153
41 44
78 170
16 103
69 78
53 152
37 181
11 51
11 77
96 112
26 185
28 28
85 104
68 168
90 96
82 103
64 33
54 129
76 41
19 13
62 171
55 194
76 11
37 12
53 53
62 13
65 91
54 125
18 189
56 159
89 62
26 144
12 19
10 121
47 137
76 195
88 101
69 102
40 53
40 23
82 40
16 146
35 114
49 127
34 197
96 198
85 181
28 155
98 56
28 84
91 190
61 134
78 87
95 35
78 152
55 48
43 131
22 146
74 98
66 159
19 191
20 164
35 141
44 183
20 14
30 24
18 157
42 127
63 196
58 186
41 44
16 194
26 61
96 31
97 32
50 86
21 159
25 37
16 179
86 108
37 119
81 199
13 70
86 153
66 99
77 55
99 184
34 120
28 199
30 37
81 143
83 108
47 153
55 22
74 166
70 137
62 42
10 172
26 104
48 32
45 84
96 148
61 159
74 146
49 74
57 30
80 87
74 130
55 63
70 36
75 83
83 125
43 142
55 60
85 42
21 60
34 171
25 49
90 131
81 107
99 180
20 33
48 77
59 140
29 116
37 170
75 173
85 148
19 13
46 171
12 102
77 27
82 73
37 23
61 50
63 20
63 91
55 108
37 39
93 109
11 57
68 177
56 16
100 155
98 122
77 99
74 168
89 107
62 194
79 78
88 84
36 107
85 165
50 144
64 96
85 160
78 164
95 184
57 60
53 11
19 85
71 38
35 59
91 149
39 121
64 152
27 126
29 181
50 107
77 105
27 19
31 180
67 21
82 165
36 123
