10000 500 10 200 10 100
92 180
68 181
56 41
49 199
79 165
68 65
64 22
21 168
74 76
16 106
51 137
99 181
34 30
83 46
58 193
96 110
13 79
45 22
50 114
83 59
33 83
22 148
11 67
91 144
62 96
63 55
30 40
38 25
39 107
24 16
85 86
90 93
54 28
28 64
72 159
22 53
67 49
45 149
21 128
24 83
32 198
38 89
38 177
76 131
93 199
17 195
27 75
46 61
48 35
64 68
27 73
13 47
28 123
69 40
37 143
29 107
23 86
27 168
40 112
35 179
46 57
26 17
55 103
87 58
25 27
65 134
44 48
43 24
70 200
17 33
11 11
72 82
47 139
82 139
45 183
99 151
65 112
61 196
40 48
29 155
14 182
14 168
16 80
26 181
66 57
90 21
23 157
44 136
13 177
36 157
86 36
45 20
67 109
77 165
23 80
69 56
81 51
83 103
37 195
79 22
49 131
59 122
29 161
76 194
35 167
87 118
54 80
77 130
44 177
33 148
50 58
37 130
83 38
33 42
89 127
12 117
33 122
53 157
71 109
37 63
85 101
32 67
98 142
65 171
52 147
51 186
97 133
38 116
68 159
52 36
26 46
47 178
31 195
54 84
72 106
50 21
20 151
47 20
34 130
66 53
53 121
85 93
65 188
82 36
91 191
42 76
40 28
72 38
32 199
70 159
22 93
13 123
99 91
93 170
15 115
24 87
82 118
23 101
38 22
69 95
81 34
14 61
43 57
89 108
54 45
59 151
84 79
88 185
65 28
67 192
55 42
98 12
43 93
72 99
69 74
15 130
96 189
77 184
85 91
57 113
76 169
57 77
30 171
95 28
41 80
35 166
97 133
21 106
97 114
64 142
40 54
32 142
42 51
27 121
27 38
72 103
42 131
15 88
26 96
63 156
25 161
42 122
37 132
67 130
52 66
52 67
53 133
71 164
36 147
81 172
78 153
99 25
34 87
34 28
68 54
97 161
55 116
74 119
98 144
69 126
61 131
85 132
48 14
68 81
60 46
80 169
91 139
10 93
45 110
27 20
39 128
65 11
68 96
29 124
69 180
84 84
98 55
12 17
41 145
89 53
71 130
82 191
100 27
38 128
71 60
64 146
85 152
46 65
20 88
87 121
52 51
24 21
93 32
65 189
49 106
77 192
75 96
34 138
41 109
35 84
34 24
64 160
33 189
78 78
28 25
75 156
88 15
90 174
85 38
66 48
99 46
60 13
55 42
10 68
62 27
13 145
77 184
75 72
83 162
97 93
32 151
51 87
40 59
53 37
85 66
11 43
69 126
73 35
98 199
79 166
24 56
25 122
65 57
53 56
58 145
65 61
37 30
90 74
45 21
44 179
69 189
29 192
59 79
30 94
27 153
86 136
97 181
85 83
53 62
24 112
94 111
43 114
47 123
13 32
83 123
83 55
46 43
95 46
57 129
68 32
76 33
32 102
16 58
86 107
61 169
76 150
42 194
55 54
96 107
41 94
97 120
82 174
79 28
54 108
53 185
25 50
82 153
16 87
71 183
64 154
54 24
56 74
12 32
82 168
60 37
92 171
90 21
14 143
11 199
56 199
51 45
89 43
72 33
74 41
12 127
43 179
85 131
59 193
91 182
10 127
15 42
22 177
27 85
25 104
55 34
89 109
96 184
82 78
88 85
79 44
46 137
99 186
10 86
33 64
13 159
57 97
41 100
30 65
66 57
93 80
33 105
70 162
74 121
11 140
59 160
67 50
55 18
42 176
39 57
63 196
69 20
15 28
59 200
75 106
88 87
88 150
11 155
93 136
61 163
53 137
91 93
69 18
93 56
54 38
83 44
27 132
96 138
15 198
75 77
31 36
10 79
36 11
46 109
95 165
40 56
34 14
20 99
29 61
19 49
88 93
59 135
98 172
91 17
62 52
45 73
80 82
18 98
65 41
52 64
15 111
96 118
28 48
85 172
35 27
36 200
12 138
27 146
93 27
28 101
89 82
90 160
26 149
91 103
16 75
39 28
94 88
67 112
20 187
22 68
61 138
58 136
50 23
80 175
45 78
86 100
25 60
55 148
91 106
75 54
95 197
34 190
17 52
63 75
58 28
64 64
95 21
89 30
50 114
40 65
67 114
35 154
17 35
39 39
95 163
94 145
33 190
94 86
34 78
58 92
48 105
17 73
50 179
40 141
27 133
91 97
48 194
82 76
75 186
53 193
40 32
21 129
44 114
94 53
24 200
67 100
80 103
21 20
33 79
72 187
37 22
51 113
95 189
47 56
60 128
92 166
17 198
53 184
34 142
36 116
67 15
27 67
30 191
28 12
59 94
20 136
69 115
77 113
46 50
48 121
31 198
49 140
60 23
42 151
17 171
86 140
62 115
74 107
20 117
52 18
45 141
17 108
22 184
83 23
61 191
17 22
23 63
73 37
64 96
74 75
37 65
98 65
78 32
87 119
63 114
19 140
90 94
27 165
26 57
77 144
83 134
76 58
56 152
86 85
71 84
43 126
71 154
49 152
11 17
52 136
27 20
78 18
94 113
72 193
57 173
14 52
85 135
89 114
45 28
12 146
50 160
66 106
38 96
22 132
57 140
73 68
42 134
43 75
98 93
100 50
15 68
47 14
46 35
83 101
26 151
50 189
83 130
41 67
37 164
67 162
34 78
20 75
43 118
56 92
58 73
11 109
58 68
16 146
91 52
38 159
37 105
90 147
48 63
48 93
91 45
59 141
98 96
44 137
76 21
89 57
44 195
14 36
55 90
49 145
63 19
68 147
18 94
64 183
78 140
31 16
69 164
46 111
65 197
24 107
87 110
28 135
18 154
39 156
96 133
61 167
17 69
12 100
77 50
35 121
30 169
39 177
52 117
55 14
34 169
11 164
88 109
95 194
14 59
22 119
27 114
75 168
56 63
13 147
59 161
93 127
48 37
68 105
22 34
61 57
99 64
74 92
44 131
82 47
17 99
27 184
31 84
22 198
86 61
62 62
71 55
23 184
93 104
26 26
57 19
68 142
55 129
40 80
63 152
53 39
70 117
58 96
25 16
67 150
12 81
100 100
35 12
99 29
94 15
86 55
17 154
58 132
48 63
13 131
63 163
72 120
80 47
76 91
53 143
22 132
77 87
81 183
88 149
83 39
57 70
84 44
38 115
26 117
82 21
77 26
93 51
84 74
85 164
47 154
18 62
45 164
34 129
51 71
58 193
55 96
18 197
33 119
86 119
21 122
86 94
28 126
16 96
67 45
79 189
81 178
26 73
35 10
58 132
61 134
26 184
74 29
60 151
33 134
63 163
65 42
49 184
43 13
12 192
100 151
13 58
30 52
76 113
32 157
48 158
56 180
14 110
51 143
43 136
99 163
72 123
97 167
27 175
83 29
94 39
63 168
43 119
80 29
18 105
59 88
11 88
74 26
87 66
33 92
52 35
78 134
11 93
51 120
68 113
10 55
86 130
20 50
26 75
91 114
18 89
44 77
16 82
41 199
87 73
76 174
12 178
15 112
44 51
49 151
96 182
25 96
29 62
63 194
42 50
32 141
18 121
39 140
38 144
71 175
88 71
52 150
15 99
57 131
29 105
14 95
98 99
23 19
73 161
24 99
46 131
35 196
30 91
32 88
34 116
72 64
92 54
65 46
51 108
100 105
70 70
11 133
51 24
47 131
17 144
44 29
79 104
23 160
33 193
56 19
91 122
86 106
20 120
42 131
79 153
85 74
99 47
33 25
64 160
25 57
48 42
40 21
82 112
78 120
52 40
79 33
13 46
24 140
85 115
38 28
50 118
66 124
25 111
14 37
75 130
66 186
97 173
56 119
11 189
100 32
57 11
86 194
21 197
55 26
72 47
23 190
22 148
77 131
84 97
69 119
65 63
34 31
29 122
55 154
68 21
37 129
85 52
55 83
38 77
56 193
83 155
37 112
10 140
85 151
86 43
41 74
77 185
27 144
63 56
42 15
80 72
61 102
98 100
23 197
15 73
88 124
91 193
99 120
83 89
74 158
89 151
34 40
88 160
77 62
76 92
87 95
95 45
73 111
53 162
81 124
72 96
100 96
47 73
16 20
44 119
13 118
11 43
51 47
41 143
55 30
54 200
62 200
42 123
57 193
36 39
43 153
23 176
77 35
58 97
96 45
25 56
78 96
35 123
86 126
64 53
72 134
89 82
35 109
74 87
15 123
74 39
78 63
98 157
100 97
90 167
64 58
93 129
49 146
23 98
46 150
82 38
64 14
21 38
91 149
35 58
11 31
61 180
48 136
87 185
30 10
95 177
99 18
24 45
30 190
88 47
85 95
90 22
40 29
92 34
12 155
80 82
78 182
46 105
51 40
25 162
26 84
54 132
22 86
24 68
77 121
61 13
71 23
63 126
68 87
48 53
33 77
36 62
20 29
79 19
22 111
49 155
66 152
15 121
78 96
73 124
84 127
69 43
54 165
35 26
93 154
44 127
53 38
80 122
96 179
41 173
69 123
62 119
35 35
29 123
12 40
74 150
42 186
58 119
81 187
60 44
19 27
51 182
63 162
79 147
42 56
83 74
52 47
88 65
28 43
43 15
25 24
71 52
66 161
59 171
81 118
72 86
65 188
15 12
97 13
93 156
19 90
92 50
91 55
37 43
12 104
93 174
95 194
37 161
61 198
23 122
57 180
85 72
24 108
56 182
90 67
12 183
94 200
22 140
91 171
56 155
37 42
37 36
28 165
61 33
67 184
74 121
76 165
52 174
65 101
64 175
62 114
70 149
78 33
93 158
49 82
40 112
50 83
23 184
85 192
63 52
65 175
81 138
12 169
46 11
83 87
38 49
84 199
54 126
44 97
99 68
48 60
75 126
59 153
72 170
78 161
10 118
24 197
89 95
30 200
47 56
52 138
64 143
90 104
12 179
71 16
32 34
55 39
22 189
47 103
63 147
34 23
20 41
61 154
28 28
88 67
100 105
57 12
27 131
34 128
33 162
46 146
66 191
52 157
58 178
78 181
67 157
91 10
14 57
40 159
48 150
14 183
73 19
10 115
60 134
35 71
83 20
92 102
24 13
97 12
11 152
46 127
77 199
63 163
94 124
29 164
36 136
78 162
47 152
51 107
30 153
43 23
100 196
31 186
47 16
49 33
93 46
71 133
37 98
66 133
42 15
61 106
72 41
29 85
33 178
69 111
99 171
73 137
53 82
74 18
21 154
19 90
60 181
89 77
29 129
70 111
93 95
28 74
22 119
72 152
33 175
52 48
97 29
82 156
17 118
19 32
31 196
86 104
61 169
85 120
45 170
94 31
38 81
54 11
75 111
11 130
20 58
82 74
30 164
35 21
72 15
20 18
80 22
90 51
87 127
37 100
45 13
22 195
96 83
39 118
46 193
68 90
47 36
42 162
66 27
58 114
28 60
46 98
44 78
93 75
80 144
69 134
13 130
50 75
11 146
33 17
36 51
19 31
57 96
93 110
71 156
67 11
89 180
51 122
56 82
70 95
79 173
13 16
19 169
45 149
49 85
20 95
75 76
10 46
70 99
99 140
60 13
84 103
31 84
88 83
47 32
29 25
86 17
24 142
92 103
69 133
43 68
68 148
99 134
40 161
78 152
25 98
56 63
93 159
12 37
71 115
91 52
28 98
75 174
34 79
55 186
60 99
34 29
59 31
12 74
17 197
80 104
34 193
11 129
67 116
23 36
16 58
81 195
80 173
66 51
38 66
59 75
25 102
33 45
32 91
63 126
32 169
79 194
31 200
89 157
46 143
79 158
16 105
39 182
84 141
16 141
32 81
27 27
65 122
21 117
92 15
80 113
32 106
86 157
54 94
58 42
40 118
59 27
11 163
11 112
10 75
61 144
90 79
33 162
81 67
41 26
88 154
49 46
86 78
26 177
25 128
47 189
64 29
71 79
47 80
14 129
43 32
87 134
96 77
77 115
70 185
10 28
45 103
29 41
91 101
61 155
74 48
78 85
56 23
19 71
74 157
94 59
95 106
39 124
52 77
65 129
40 34
85 21
68 33
96 142
13 82
81 164
70 82
67 10
59 68
73 10
16 105
94 46
63 42
91 195
18 64
43 183
75 93
76 37
85 67
71 84
98 108
64 82
25 152
10 97
24 187
23 55
55 146
85 91
56 95
39 109
85 53
65 60
15 106
71 117
28 100
78 146
45 82
10 200
43 165
51 42
36 14
40 42
34 190
15 194
54 75
97 56
32 14
13 97
71 14
27 116
32 26
32 124
54 123
81 143
32 40
97 39
48 83
55 59
68 38
14 169
20 144
66 42
41 142
87 79
97 177
55 72
25 69
48 134
62 130
18 113
66 94
58 47
58 57
39 60
80 161
91 32
24 65
49 96
79 37
21 166
92 195
56 49
96 67
39 88
93 92
94 191
52 177
25 164
70 146
79 175
15 64
56 77
78 82
38 139
83 172
47 156
14 175
44 28
13 20
73 72
75 142
16 121
33 111
80 186
40 120
22 198
43 178
27 115
79 58
84 181
58 191
52 186
77 153
79 28
76 155
38 109
71 142
30 57
29 126
14 122
37 45
20 62
48 14
97 72
47 64
95 104
64 31
20 20
48 138
73 12
95 141
27 31
98 152
76 169
26 155
93 134
23 52
76 34
95 176
94 153
15 13
89 84
87 180
62 52
15 167
12 52
88 177
81 54
84 17
29 27
53 125
16 195
24 159
43 67
17 136
12 164
78 110
45 186
71 176
53 50
85 103
92 92
37 200
21 28
45 171
37 190
14 18
17 107
78 34
91 123
41 49
25 121
11 167
36 81
20 177
10 127
87 57
68 192
26 167
14 84
35 99
13 76
37 100
21 117
78 181
17 128
59 137
44 21
82 188
85 45
12 57
51 86
39 193
83 172
67 152
33 140
28 162
84 22
64 32
24 51
61 159
13 75
16 60
86 190
70 190
97 54
17 40
41 140
18 72
17 35
64 178
29 108
84 24
55 66
25 49
42 70
16 75
11 138
99 20
63 15
56 26
57 46
60 32
25 124
27 131
97 129
80 158
27 91
46 169
27 17
94 53
90 59
57 11
75 86
40 157
40 42
50 162
11 30
91 120
86 99
65 136
89 148
24 76
79 86
40 197
74 95
18 182
86 32
70 153
37 47
14 42
48 105
16 192
17 30
82 112
13 173
92 159
62 153
24 193
29 112
35 144
95 104
73 185
25 130
57 78
96 91
18 68
69 126
100 132
20 14
86 87
44 102
32 120
45 113
89 105
18 145
20 65
74 185
100 188
41 199
40 103
34 188
87 74
62 86
86 104
66 60
12 90
64 48
59 28
88 155
63 19
25 161
25 161
72 135
41 81
88 12
56 22
19 10
31 148
27 104
60 189
94 53
100 129
12 99
56 86
60 70
49 166
98 12
80 19
42 73
34 70
82 130
58 131
75 182
41 16
49 119
92 83
69 95
53 97
12 171
25 59
33 111
53 104
45 162
15 72
43 70
22 166
36 36
85 120
13 165
56 159
33 164
11 89
92 65
81 64
70 193
19 87
76 150
40 60
85 138
13 158
39 76
22 188
50 18
29 154
40 98
21 100
76 187
72 132
85 199
24 98
64 120
27 139
85 178
67 193
57 133
14 113
50 116
67 122
77 50
59 163
79 30
33 20
46 84
75 80
64 149
55 118
75 165
74 172
83 66
45 79
28 157
41 18
29 147
74 62
11 71
66 168
92 98
87 121
63 142
38 98
12 181
61 193
55 105
90 131
82 150
30 194
37 34
84 44
76 177
14 179
79 110
56 151
38 146
79 192
57 106
71 20
53 139
90 75
73 190
88 48
67 27
71 111
86 88
12 44
11 41
92 145
57 181
67 183
43 10
39 34
15 107
67 58
48 92
18 122
89 163
28 63
67 46
11 76
42 132
66 53
36 145
94 126
58 105
31 73
59 104
61 77
40 177
75 89
37 114
52 183
78 15
33 100
21 31
12 40
54 98
67 138
42 92
80 11
74 184
98 159
40 38
12 132
39 195
12 116
59 66
44 196
41 155
88 178
17 83
76 151
75 112
57 79
19 164
60 12
90 189
68 100
32 18
54 74
100 87
80 132
26 77
11 79
97 66
80 52
95 63
27 154
14 103
94 180
64 147
97 56
27 165
90 174
51 22
63 28
52 49
25 107
72 143
42 182
68 31
34 160
30 48
49 92
41 180
48 28
48 75
28 83
80 64
67 56
14 137
88 40
78 68
78 114
83 134
33 31
48 141
67 104
24 138
93 141
10 79
67 65
92 76
30 196
56 37
18 50
33 161
69 162
62 61
67 73
74 14
49 184
64 96
43 145
37 73
50 164
28 65
92 108
55 179
98 83
62 189
23 170
28 70
11 21
83 28
41 128
75 190
84 189
11 190
69 153
14 61
82 48
80 179
60 69
11 114
52 184
80 131
64 95
10 129
40 134
50 11
55 23
14 185
15 120
18 179
98 80
10 32
100 168
70 129
30 157
69 190
88 157
91 115
99 133
33 192
37 34
10 118
51 59
74 70
74 98
11 63
59 122
68 129
44 107
16 137
24 111
53 24
40 68
70 154
87 16
30 79
29 13
22 99
89 133
98 53
85 73
50 41
63 34
91 95
24 60
77 15
52 192
94 72
79 194
73 94
19 14
96 84
77 194
25 92
20 198
44 190
74 85
92 77
18 55
49 62
96 37
24 88
62 132
28 100
34 188
60 168
10 191
35 52
26 68
96 154
26 114
84 148
40 17
43 142
20 200
87 180
24 106
52 55
73 39
71 174
77 172
94 83
38 14
18 191
31 81
80 171
60 131
91 196
92 134
91 45
68 175
16 159
41 126
22 129
44 23
64 46
29 65
15 192
38 43
65 175
80 169
23 143
24 63
82 104
90 119
17 141
12 197
56 186
89 147
64 142
67 16
61 168
91 118
97 174
42 184
94 110
21 114
14 73
73 34
96 198
21 127
90 57
43 82
19 89
30 169
18 32
53 30
90 89
88 192
24 134
63 31
94 149
41 107
26 168
47 32
83 73
41 148
34 116
34 175
59 91
70 70
94 139
52 147
19 72
31 101
75 135
21 38
75 101
83 139
20 88
66 77
94 131
82 116
33 43
24 64
22 77
66 60
22 57
89 55
27 135
72 137
20 112
24 187
35 145
75 114
80 107
55 196
90 196
91 75
95 45
59 176
14 96
75 139
12 31
11 106
90 174
22 92
18 30
84 109
86 25
59 18
15 25
38 172
93 181
71 72
12 18
56 149
24 94
86 91
47 115
100 137
76 51
89 16
64 119
99 57
10 172
14 99
24 136
26 29
40 151
57 132
33 172
11 107
87 11
27 46
91 197
23 48
92 23
68 131
54 13
58 109
76 87
22 184
75 90
97 129
80 138
10 22
18 196
13 40
16 151
83 158
63 70
80 37
24 94
26 36
29 180
76 72
53 133
48 101
44 102
87 97
13 145
42 13
15 72
71 159
82 131
89 12
11 134
52 96
32 19
11 115
96 79
100 76
45 76
66 68
99 39
55 50
56 108
78 136
49 109
53 35
54 10
66 75
62 110
51 173
39 127
35 129
46 109
35 51
89 15
23 165
60 108
90 40
72 80
47 28
68 82
42 63
30 124
83 37
31 110
66 165
39 109
10 55
41 132
19 14
44 49
71 26
53 195
80 174
43 66
36 98
15 66
38 41
82 78
16 12
98 89
80 36
79 104
11 27
32 190
57 16
96 21
40 197
57 101
64 125
35 183
53 116
74 163
28 49
54 36
74 39
23 40
79 125
13 181
82 181
17 17
18 51
72 41
14 57
57 38
71 110
74 15
75 102
20 184
18 29
80 14
70 147
15 180
11 190
98 57
98 152
75 10
34 106
70 62
82 164
23 146
61 167
83 133
51 140
44 31
74 148
58 60
70 69
98 200
35 22
70 72
26 133
54 179
98 126
42 12
93 166
47 198
58 142
95 22
76 68
75 83
15 69
46 144
12 186
25 52
55 21
77 14
83 30
75 173
98 68
21 79
24 167
60 199
41 50
34 33
100 99
72 158
85 61
96 130
68 66
41 87
59 130
84 21
93 119
74 140
28 11
43 53
59 107
69 142
65 128
22 98
92 70
32 197
55 170
79 180
55 164
89 103
82 171
61 65
47 141
26 87
89 35
62 176
33 46
54 122
76 103
14 12
67 87
59 128
71 169
88 104
65 187
99 47
28 176
36 67
100 119
84 101
28 139
51 97
82 36
92 161
78 50
41 158
49 184
19 196
99 14
51 128
90 139
25 191
24 89
36 73
56 44
64 186
72 84
79 170
26 113
27 105
84 115
92 80
66 137
96 94
24 17
80 154
12 199
38 103
45 23
94 151
91 151
28 74
79 41
31 10
85 186
15 97
61 179
16 20
78 85
43 100
65 160
22 81
16 20
100 89
85 139
95 125
13 188
53 158
74 54
94 185
77 84
96 152
76 113
70 20
30 110
99 123
24 177
68 49
41 167
34 63
60 11
54 37
41 190
61 61
72 164
42 95
34 160
92 143
93 51
16 103
26 108
60 43
41 18
23 136
47 54
89 123
65 189
39 65
39 157
27 43
62 173
28 11
50 39
48 47
87 141
71 75
21 155
42 188
64 34
79 159
92 112
24 145
62 53
70 122
98 138
72 141
63 126
61 86
63 108
62 78
70 63
52 109
16 73
50 193
56 19
35 165
11 76
21 86
56 131
72 118
30 174
65 43
87 22
13 97
78 64
53 158
51 131
44 146
59 197
45 113
66 133
16 192
35 30
85 117
61 75
34 62
15 126
81 182
31 36
59 79
12 87
62 28
76 137
27 11
44 146
40 182
48 12
84 76
26 50
55 195
94 82
37 175
85 186
18 158
55 78
31 101
85 85
81 163
43 126
85 189
77 121
93 161
77 143
88 168
24 62
86 119
38 84
34 176
85 71
45 80
62 12
13 94
50 133
59 144
98 63
76 142
21 102
89 118
24 151
44 49
35 91
10 181
97 74
92 33
29 132
73 96
57 117
80 43
76 57
96 141
35 131
10 105
55 28
52 89
82 120
62 24
69 109
86 187
49 194
99 107
30 178
65 81
10 194
90 177
35 113
67 194
72 43
24 87
73 111
50 73
51 117
77 74
26 126
92 19
55 113
49 88
25 153
15 27
47 94
18 40
43 154
49 61
96 144
49 91
28 127
92 118
90 63
97 102
46 63
33 141
41 48
29 99
75 199
35 181
30 131
63 155
35 65
48 115
65 189
14 96
75 172
70 170
26 16
86 34
70 194
69 78
43 15
74 76
23 126
99 162
22 88
76 175
27 167
30 186
10 128
82 91
46 107
56 123
33 165
40 195
13 156
75 20
50 105
71 17
64 176
22 121
85 130
22 50
66 27
100 72
83 128
58 44
86 34
43 160
63 148
66 168
34 69
66 85
41 108
54 16
23 127
87 159
72 43
79 186
57 55
19 26
59 31
20 29
89 39
17 65
42 154
70 123
29 32
58 30
80 155
72 12
31 175
70 150
74 181
46 111
25 14
23 199
40 200
36 103
94 49
86 58
32 12
18 58
44 21
27 176
85 126
86 69
10 161
25 151
56 189
57 189
70 10
63 50
20 57
44 81
85 146
55 132
75 143
20 195
46 80
12 163
80 170
90 140
97 85
16 116
28 186
77 131
50 135
51 38
27 159
26 122
14 59
71 73
51 55
68 189
18 59
34 166
20 196
30 24
44 39
22 18
15 78
51 54
28 154
68 15
40 13
10 37
72 193
40 76
15 180
26 16
30 38
64 101
81 121
10 169
90 67
41 18
11 159
67 181
90 158
81 24
72 157
28 45
69 165
72 39
19 20
50 195
19 61
33 115
13 53
31 188
100 103
50 88
97 80
46 164
95 76
16 189
24 74
25 193
45 179
56 194
55 133
47 58
62 126
17 200
20 111
74 123
54 14
37 87
84 69
90 112
54 72
60 10
46 167
14 186
79 68
89 156
19 20
51 197
76 42
53 150
12 36
22 169
94 73
60 115
77 140
18 111
62 182
14 182
97 148
79 137
32 190
62 28
73 141
28 181
77 64
88 138
51 23
89 143
12 196
75 85
13 117
25 12
69 141
63 90
92 25
94 116
25 131
17 59
74 193
53 88
60 12
82 159
57 166
99 146
71 171
92 162
36 60
93 198
53 22
77 79
50 126
75 65
41 141
70 162
72 165
17 11
16 108
86 57
22 105
76 101
36 45
74 198
90 92
74 86
75 104
58 132
73 184
97 119
14 122
34 79
42 163
24 96
47 84
28 10
63 159
58 98
77 197
68 133
15 134
26 14
45 16
58 100
59 145
38 137
36 111
56 187
57 108
34 178
86 69
15 13
63 100
91 65
12 40
59 28
90 49
50 22
65 181
97 89
68 143
95 34
87 53
80 116
74 137
91 154
72 93
61 45
23 80
27 102
62 131
86 118
31 187
94 68
50 86
26 135
77 185
65 71
24 23
24 200
64 115
63 167
64 132
77 12
81 123
55 156
87 68
48 66
29 48
56 42
84 116
76 143
46 169
40 150
55 34
64 153
22 124
99 159
57 143
70 78
32 109
71 153
18 142
79 42
66 178
96 125
60 84
62 14
82 115
19 78
100 147
100 122
54 184
14 137
35 84
38 36
51 104
82 171
87 19
49 68
48 120
54 101
32 94
57 112
25 125
94 182
94 53
53 153
53 26
47 176
84 160
15 105
54 11
10 143
47 144
100 51
47 15
46 101
77 114
89 142
22 35
69 122
92 69
52 149
31 198
40 198
45 169
56 63
32 42
46 35
21 28
71 61
53 62
43 167
63 198
74 26
31 97
44 144
17 55
57 63
55 60
97 52
86 27
96 21
78 123
94 57
40 156
10 18
34 103
28 27
28 127
79 188
88 24
62 193
24 46
86 134
22 150
76 137
50 104
31 48
29 37
16 180
97 25
59 23
12 184
34 62
86 118
33 147
41 194
30 23
20 15
95 169
51 168
46 144
58 97
72 109
99 99
90 130
10 75
79 55
95 26
33 182
31 169
69 110
95 88
87 22
58 114
53 92
15 109
69 164
36 60
94 142
34 173
29 108
47 57
37 119
26 103
75 29
33 49
79 55
86 74
49 85
63 93
21 81
61 45
85 40
74 151
21 111
77 87
32 184
17 183
71 199
35 45
50 147
42 169
40 54
46 126
40 41
88 118
30 53
84 191
89 114
99 99
18 86
56 54
14 133
52 14
12 112
74 192
89 145
33 116
49 23
24 162
86 71
83 10
67 97
37 63
77 132
72 47
27 150
78 99
44 140
60 78
23 165
52 144
56 73
84 142
62 113
91 176
62 194
15 132
94 189
92 113
48 158
72 171
44 86
12 55
86 185
42 89
67 15
100 101
76 103
34 199
43 157
37 33
52 172
95 62
55 183
85 123
48 159
20 91
22 175
24 82
56 82
59 151
56 36
88 199
58 106
22 179
37 193
66 34
63 200
40 167
45 94
64 143
34 195
29 131
13 14
97 149
52 185
34 16
29 184
83 184
34 33
85 186
25 185
56 33
64 139
48 165
63 101
45 119
39 175
86 85
23 74
18 108
90 166
26 113
54 163
49 104
20 79
55 55
37 142
66 46
49 113
52 147
32 152
89 143
68 127
20 127
19 73
100 94
60 183
18 53
41 115
99 152
44 58
94 69
17 142
24 92
80 150
22 101
70 116
26 26
38 83
36 77
17 21
10 49
68 11
89 160
28 40
12 121
57 174
49 100
72 107
38 159
46 20
16 147
13 115
60 34
22 172
97 177
75 106
14 29
14 109
94 22
96 133
11 70
18 135
34 21
67 143
84 109
65 74
71 123
40 61
26 20
16 91
89 58
18 12
76 93
48 77
62 115
82 82
50 107
66 136
32 113
89 132
88 74
59 110
37 28
80 177
95 37
66 24
30 54
39 175
13 194
82 86
74 51
81 84
15 39
13 110
32 131
96 175
61 81
32 35
97 67
42 149
50 91
37 191
89 33
83 117
96 16
20 148
80 26
100 49
92 106
38 19
21 55
87 74
41 68
24 68
73 145
28 62
70 192
46 183
74 39
14 85
82 136
93 136
69 97
62 28
21 167
91 50
77 43
22 160
12 57
45 69
45 34
51 49
35 185
80 84
15 165
32 80
79 13
65 95
86 34
24 115
33 185
47 35
98 113
17 162
48 34
92 152
32 163
67 118
83 66
20 14
10 195
93 164
73 134
80 119
54 14
18 150
61 32
77 37
30 181
38 95
90 18
67 108
24 81
32 184
88 61
49 10
74 93
67 74
68 65
58 176
93 60
90 80
38 143
27 16
13 96
80 172
37 14
30 141
87 139
66 66
85 111
25 88
62 52
21 43
81 156
41 189
52 177
42 109
13 167
91 85
31 61
25 10
70 126
26 184
88 87
47 97
49 106
48 36
97 126
84 76
45 143
66 131
62 168
83 81
19 168
34 39
97 12
52 127
84 25
38 36
50 172
98 112
90 98
53 46
57 50
25 140
67 42
95 123
78 122
46 155
50 172
81 173
35 68
28 124
91 31
44 175
85 96
82 91
93 68
60 29
23 104
58 113
73 73
62 158
83 73
54 118
85 119
85 40
20 33
83 59
21 126
57 90
37 154
70 27
80 141
85 143
74 49
74 24
11 125
50 140
50 107
32 54
45 182
99 192
72 60
73 102
23 117
42 19
39 196
32 105
47 116
11 23
12 158
20 88
27 32
13 93
70 97
55 144
95 21
78 126
87 28
11 90
87 52
49 49
98 147
88 195
41 56
72 39
81 90
63 87
58 180
81 62
17 128
86 189
42 174
30 53
30 176
28 192
28 54
86 87
55 28
77 98
24 133
82 79
83 110
18 124
63 169
20 178
25 24
34 101
22 123
39 32
93 121
12 138
96 77
52 10
77 139
36 160
29 90
12 106
69 37
41 79
100 49
18 136
65 43
89 73
13 192
36 76
55 132
32 78
42 71
54 115
56 19
62 116
13 125
40 89
38 63
57 192
39 36
69 179
23 153
34 70
54 159
38 57
51 184
12 110
51 46
54 98
89 112
88 188
87 25
27 32
52 79
14 24
55 141
75 40
46 66
11 38
58 80
53 105
53 53
44 151
65 51
16 156
19 52
99 11
21 63
19 11
70 69
98 81
13 40
10 116
87 33
57 132
95 72
59 156
17 85
58 194
43 167
42 79
22 157
11 142
73 125
13 164
51 181
21 16
89 168
21 150
76 109
35 93
30 152
72 107
39 188
80 174
47 114
40 17
14 144
46 102
69 114
37 97
12 122
44 148
22 90
82 101
76 21
21 12
90 97
13 42
29 30
16 83
57 80
79 25
41 82
18 127
80 196
35 123
46 182
89 28
78 32
63 81
76 169
29 50
20 13
100 184
68 89
21 10
51 21
93 26
30 155
98 101
100 200
61 89
19 128
57 95
35 91
57 38
46 92
82 137
62 173
11 140
49 52
61 64
66 200
89 169
17 45
12 126
90 128
14 47
29 177
11 27
87 142
18 139
52 146
96 119
34 60
50 192
74 42
81 156
71 147
79 38
72 15
10 48
62 11
39 32
83 60
35 89
16 117
73 47
51 136
41 192
28 57
11 110
46 81
85 164
14 32
48 53
61 168
17 14
16 188
57 191
40 98
39 61
79 118
74 110
32 97
58 83
87 150
96 77
58 91
55 92
60 77
17 185
95 26
87 79
24 47
16 96
78 161
71 183
46 89
93 166
49 37
36 142
26 52
37 28
28 94
15 90
38 46
51 70
54 107
87 132
33 31
38 123
92 187
21 104
97 19
59 50
17 130
51 44
33 23
77 149
60 164
82 133
20 125
74 127
77 132
48 19
53 76
64 179
92 60
34 149
42 142
87 150
85 25
52 66
68 46
21 10
26 65
70 74
42 147
17 54
94 50
71 75
85 18
97 22
63 126
27 171
30 25
23 151
94 126
76 112
100 87
43 15
97 66
15 165
99 92
100 104
30 94
17 114
59 44
82 13
34 130
87 70
66 138
76 29
28 71
37 69
93 87
43 111
52 187
81 169
77 128
59 54
13 84
65 136
33 105
54 121
62 157
28 24
39 24
56 170
45 18
38 55
70 146
80 61
89 75
26 55
93 135
24 35
58 79
75 171
79 144
92 30
21 72
74 185
67 122
24 15
67 36
56 25
76 59
11 127
11 117
82 160
19 92
16 104
39 168
11 135
63 177
11 33
66 43
79 169
58 37
51 84
99 77
51 36
48 19
55 94
87 168
59 21
86 39
25 42
10 32
86 152
74 165
91 114
24 57
79 174
25 78
50 139
79 192
13 93
60 183
82 149
48 53
95 30
22 119
11 122
90 50
93 185
36 91
56 12
69 192
39 23
53 56
23 58
33 160
64 69
38 162
82 91
92 22
62 130
86 186
80 138
12 137
92 40
18 41
59 179
34 63
23 136
30 187
24 190
15 169
90 109
39 110
72 179
47 144
34 97
13 172
24 155
39 169
61 171
15 71
77 76
61 184
69 76
25 39
34 137
77 136
27 172
49 56
35 11
77 57
72 141
81 166
49 150
54 123
20 178
73 112
51 152
77 99
14 108
18 105
39 148
69 101
16 120
100 68
57 180
17 62
18 179
67 36
61 196
21 91
32 200
20 69
17 109
45 191
96 109
66 72
54 148
44 166
42 153
17 31
72 161
33 74
29 167
55 88
26 93
13 178
12 183
74 65
27 48
47 141
41 163
64 194
92 18
61 21
95 35
39 93
47 182
63 169
52 78
100 131
36 69
33 97
43 20
65 177
32 29
90 27
69 164
11 114
14 22
100 155
84 12
27 55
91 25
13 154
51 93
26 121
31 36
33 25
100 182
42 94
53 176
47 182
75 143
88 133
81 65
40 24
79 169
11 72
54 83
64 122
33 122
90 118
83 49
35 15
26 169
29 52
52 32
98 105
31 164
21 164
90 181
83 85
24 68
91 134
51 16
44 129
51 109
44 97
62 23
69 22
90 44
10 170
18 132
20 97
10 167
58 113
35 59
74 97
23 10
35 80
35 97
17 156
55 67
63 187
74 188
47 106
20 107
95 132
100 183
74 146
53 100
15 96
61 90
82 87
60 34
17 118
92 179
23 182
29 159
15 138
62 20
19 20
90 130
16 168
36 160
14 82
65 183
20 29
15 195
70 196
24 86
12 15
18 198
14 121
55 178
46 145
62 135
95 127
77 119
57 19
81 28
98 172
34 104
77 117
63 142
57 161
40 47
100 103
91 154
92 44
77 116
69 162
100 178
97 127
64 194
95 19
30 49
96 44
64 25
46 63
35 106
20 27
14 180
66 200
78 178
95 129
11 65
46 133
26 191
94 152
65 17
41 27
97 185
93 21
26 55
40 10
31 109
33 94
23 160
84 65
63 192
99 51
95 97
27 112
56 77
17 93
25 67
58 153
93 184
35 95
79 59
76 12
68 136
88 68
51 55
89 54
12 174
30 115
47 113
71 169
75 123
66 86
43 185
27 53
64 23
60 50
16 55
58 52
51 183
73 98
34 99
21 95
65 80
87 132
96 48
21 17
51 197
76 163
17 122
36 192
99 188
30 29
39 106
96 45
41 24
35 137
46 96
91 176
41 54
28 193
50 74
22 75
33 93
39 72
60 87
28 183
14 117
26 129
44 116
23 123
97 96
39 66
10 104
59 169
77 14
84 39
33 183
71 160
63 155
12 145
28 129
71 128
33 173
29 80
25 41
95 41
60 75
70 130
32 172
55 116
58 103
79 76
51 93
90 26
66 101
80 123
77 111
32 87
54 140
83 162
100 172
97 119
80 133
73 36
10 180
64 103
72 131
93 34
98 26
80 127
92 11
100 159
26 155
84 186
36 24
19 86
59 15
11 76
89 64
93 86
54 88
65 182
14 192
92 97
56 78
28 169
47 106
31 13
67 185
13 144
87 10
45 38
46 45
36 188
74 49
40 199
92 96
98 157
69 17
25 116
77 89
25 176
41 34
93 67
68 20
17 61
73 74
53 70
15 36
59 52
61 143
24 24
47 52
29 115
63 68
84 178
94 149
15 177
61 176
49 35
58 66
36 50
62 18
92 84
57 180
63 153
93 189
41 150
51 13
62 133
20 151
97 84
60 106
55 116
64 116
56 89
13 48
95 146
60 61
86 134
89 168
96 153
79 119
38 61
12 10
87 36
52 137
79 72
12 161
39 114
82 140
94 92
30 165
50 99
90 101
68 79
90 152
76 67
15 168
51 13
57 145
29 163
37 163
26 135
48 33
75 43
95 84
14 184
72 196
58 87
59 148
93 176
41 52
70 13
35 194
16 32
64 91
97 62
50 41
10 188
68 57
17 71
97 167
40 193
45 171
83 80
67 78
95 61
43 132
98 152
54 94
66 107
56 12
26 49
74 169
46 141
18 79
20 191
81 100
37 51
92 83
72 53
48 21
18 93
47 182
65 134
36 62
63 93
82 44
77 119
21 180
67 71
83 105
89 138
81 44
42 108
51 166
46 134
87 77
86 164
77 105
79 145
33 172
84 42
36 12
77 39
90 53
84 84
37 153
88 164
13 44
43 170
50 44
60 199
88 142
23 182
12 102
30 46
86 198
57 101
81 72
76 13
84 53
95 85
85 143
82 35
28 132
22 199
58 121
57 99
35 33
25 143
25 49
26 42
49 101
76 90
60 86
52 122
64 24
54 168
81 90
15 178
13 63
29 31
54 25
76 80
64 43
69 17
36 44
80 163
59 173
57 142
23 179
15 52
98 104
78 173
10 56
94 49
65 148
45 105
16 11
50 55
12 18
11 160
57 101
67 31
54 17
41 188
39 47
98 11
21 71
31 147
21 145
42 48
55 77
10 99
52 139
47 156
22 196
45 42
83 81
92 35
42 47
57 97
31 75
23 48
82 93
70 75
77 24
86 142
97 77
62 13
90 174
55 196
100 118
88 130
18 113
35 122
64 191
37 78
89 128
80 22
11 145
44 69
68 21
79 93
32 40
65 137
38 77
40 47
26 182
74 27
59 123
91 87
44 169
60 190
30 93
73 150
96 111
80 39
53 41
44 54
89 40
50 119
72 113
18 114
24 146
75 53
97 70
49 193
45 129
80 191
55 36
13 93
76 171
30 81
96 89
93 96
25 127
64 48
40 183
37 189
70 82
81 17
83 184
60 46
46 56
100 146
99 188
58 41
12 174
92 161
95 80
82 193
43 104
60 80
34 182
81 58
15 100
60 49
98 109
32 17
66 133
88 60
50 13
54 101
39 25
50 60
46 151
96 114
84 105
15 175
96 53
64 16
63 111
68 70
51 175
94 187
37 51
88 49
96 150
84 53
40 44
57 103
72 191
17 61
61 23
79 47
24 80
73 52
19 121
38 44
84 10
84 23
83 111
52 97
65 46
12 68
21 87
70 87
28 190
17 16
16 17
89 112
82 119
62 112
56 110
68 146
91 19
50 153
75 65
51 23
80 32
34 195
82 64
54 199
51 85
43 100
10 102
96 22
100 200
36 71
26 135
48 42
98 18
80 86
97 55
64 188
53 171
84 199
99 106
88 122
53 55
60 94
32 66
89 179
28 96
94 19
34 99
14 166
45 35
56 194
84 163
71 191
61 15
23 33
45 62
61 136
11 200
95 76
83 170
72 166
23 116
62 109
59 25
31 134
66 159
89 164
49 129
75 99
66 18
75 89
16 89
15 190
64 65
95 166
99 131
27 135
84 105
58 95
62 151
89 182
18 146
30 74
89 165
74 52
10 129
36 65
92 167
77 117
58 131
71 100
90 35
31 164
85 89
68 94
21 98
81 183
87 64
94 152
60 63
84 23
33 146
83 42
13 144
86 155
47 75
71 169
61 101
26 75
87 180
99 63
94 56
44 155
80 136
56 151
75 121
15 192
65 63
75 168
10 194
46 92
87 190
90 182
78 14
46 92
53 36
25 106
22 34
26 15
66 157
48 170
81 164
92 156
95 37
84 67
43 89
21 112
52 31
30 181
70 183
46 64
100 61
22 135
90 19
67 89
27 140
87 109
22 41
60 163
61 30
82 134
25 169
77 31
57 194
12 91
25 118
93 37
63 104
90 98
97 124
61 145
78 58
74 200
42 129
77 192
29 182
50 103
13 182
64 15
40 170
78 172
68 41
33 77
38 15
35 114
86 165
10 36
50 124
70 123
24 188
38 24
57 61
41 163
58 84
20 39
78 64
98 130
21 54
28 95
60 16
36 200
19 58
61 36
26 83
95 46
29 85
91 83
64 189
90 192
96 35
63 138
51 75
71 49
98 131
27 21
59 134
55 151
42 90
81 175
53 147
69 77
61 93
11 12
60 17
90 189
53 67
82 188
29 37
18 95
95 184
36 116
41 140
37 120
49 86
11 14
10 149
27 121
45 52
39 180
35 138
49 137
50 137
72 149
36 195
11 144
32 163
90 94
71 182
16 165
51 164
28 135
40 49
29 19
80 190
32 186
93 200
46 143
55 67
65 123
67 170
27 61
20 160
69 77
86 193
17 53
45 32
95 134
88 76
66 197
34 154
89 13
75 125
22 89
58 59
26 66
59 112
67 172
12 84
13 56
63 102
42 98
26 120
89 38
50 187
89 72
95 38
17 114
65 43
15 158
76 70
91 133
28 174
20 65
46 165
73 191
50 54
60 55
94 132
34 194
56 130
88 101
52 153
37 134
40 73
46 99
27 148
93 127
10 148
84 191
79 137
100 43
77 91
12 188
98 161
30 174
11 68
58 93
65 144
77 49
80 151
63 163
28 13
60 40
21 115
29 106
15 55
89 75
77 26
14 192
80 43
82 111
95 82
51 155
23 63
53 77
56 175
16 145
24 162
19 150
79 50
95 161
56 15
28 75
37 110
24 52
20 75
51 87
34 191
27 16
72 56
56 101
93 134
18 30
99 42
58 184
19 69
61 21
90 23
14 140
66 186
87 87
23 178
98 29
29 26
10 65
49 131
35 115
90 22
65 172
24 148
28 149
82 144
14 103
76 67
14 102
91 45
70 125
45 165
68 34
46 192
73 75
96 66
42 198
95 158
35 145
90 147
58 156
33 97
59 68
88 112
93 29
33 139
100 12
46 132
87 105
52 137
46 88
56 193
31 93
92 76
75 77
64 165
15 124
11 102
48 38
97 142
30 25
72 44
51 26
50 98
16 132
86 135
93 49
85 117
99 121
87 12
20 27
22 63
90 51
96 145
29 33
84 170
74 10
32 110
81 23
15 14
80 53
56 199
50 110
49 67
70 119
92 62
39 81
58 121
44 92
19 66
98 186
66 176
65 82
49 57
76 104
49 84
63 21
81 61
89 18
67 187
71 32
91 107
80 154
28 90
17 104
94 174
46 193
92 98
63 56
63 182
12 27
100 119
60 137
30 194
62 111
59 93
25 28
86 79
13 60
35 39
57 126
41 66
57 174
21 35
80 142
64 191
93 93
63 18
97 102
53 17
50 13
44 179
13 134
23 47
87 81
43 161
46 145
54 158
59 23
65 181
92 21
37 135
44 124
89 146
36 189
15 71
96 75
95 67
32 162
31 15
72 46
70 60
37 35
100 142
41 22
42 24
99 136
70 127
22 113
90 97
53 69
41 116
97 51
64 177
42 143
18 67
49 191
74 12
17 125
25 85
53 65
87 182
80 69
10 72
68 24
57 96
47 184
75 39
23 27
79 81
23 19
76 160
27 56
91 47
39 105
35 152
80 43
13 195
31 63
68 118
19 91
25 151
66 36
16 121
82 17
52 13
35 152
19 69
84 147
40 44
33 50
76 77
40 140
79 28
100 172
67 71
23 162
28 149
36 45
22 64
35 82
66 112
98 74
66 97
92 99
21 129
77 138
44 87
82 89
86 71
21 85
90 134
51 187
67 57
58 163
11 117
96 190
97 113
95 65
38 119
20 153
27 136
52 64
20 158
36 139
14 24
65 194
72 83
81 30
100 55
34 62
74 72
67 56
39 149
31 196
27 64
32 126
45 60
96 55
61 145
68 58
32 30
38 108
91 75
49 76
100 155
53 105
55 44
97 44
88 62
14 72
39 31
12 172
27 191
82 111
47 32
22 94
34 53
26 189
21 186
31 39
91 35
10 10
10 128
46 75
40 96
56 140
95 169
42 20
73 149
53 116
80 101
42 45
69 67
46 85
76 132
54 35
58 91
27 71
13 114
100 42
68 116
12 161
30 126
73 43
75 114
29 67
44 193
22 194
18 171
45 123
41 13
12 103
96 196
11 168
46 121
42 152
19 24
28 134
41 106
48 36
33 160
24 46
27 17
86 32
10 129
35 102
36 92
84 91
74 159
84 39
86 80
40 150
76 116
50 34
66 72
40 30
18 188
73 195
97 118
24 195
97 161
91 22
94 90
17 174
22 153
39 184
33 15
18 117
81 38
87 154
100 67
52 165
87 85
96 71
91 175
42 83
76 173
35 30
60 190
89 145
51 50
33 186
50 104
53 20
53 110
46 75
18 182
22 43
67 188
40 125
44 181
60 140
58 115
95 36
81 198
43 89
64 164
22 137
99 43
13 21
95 154
57 153
37 138
61 45
57 111
67 131
80 180
27 43
65 97
98 42
58 84
30 154
61 39
41 128
60 80
26 58
84 47
74 181
22 18
85 123
95 29
23 32
31 158
64 137
16 170
84 161
19 133
39 135
25 47
45 100
68 45
46 162
88 172
41 79
23 181
68 143
30 89
45 30
76 75
90 135
41 169
99 153
57 52
73 129
24 184
10 49
31 190
12 123
36 165
71 184
22 37
21 189
37 136
46 27
72 18
47 88
61 68
15 143
53 140
80 64
48 113
65 164
43 126
41 106
63 100
73 101
58 59
70 86
93 141
13 38
40 77
84 169
11 169
25 89
84 26
74 75
92 68
55 74
58 115
57 139
14 103
49 175
66 140
26 181
24 198
94 72
69 147
63 52
29 186
78 44
90 118
89 153
43 161
68 12
45 40
12 146
98 24
82 128
23 24
39 78
27 139
100 107
62 193
74 21
56 124
85 10
56 199
25 38
69 192
44 78
25 46
70 198
13 155
93 58
13 33
72 180
16 87
33 68
49 79
13 78
65 168
40 55
23 53
26 147
55 179
11 109
59 59
100 97
40 31
43 173
77 92
80 81
92 104
68 70
26 61
34 18
21 16
18 16
90 180
32 138
48 21
31 26
76 187
22 97
38 79
65 105
39 65
14 151
10 158
60 176
43 171
61 59
28 69
42 80
57 62
69 72
14 99
17 157
36 22
48 115
55 156
69 95
10 39
14 193
98 100
44 27
66 174
48 69
81 153
55 148
60 169
48 123
66 98
98 143
93 166
55 45
11 110
31 154
12 41
29 148
17 158
94 192
21 40
19 17
74 190
83 63
40 165
52 47
40 98
50 15
48 80
32 197
35 46
68 119
43 118
92 199
50 30
76 49
80 50
16 108
66 55
94 19
37 159
18 115
48 79
15 132
70 14
89 128
44 78
87 140
97 124
80 104
25 128
61 69
57 43
11 51
19 151
88 120
94 150
66 178
71 21
43 167
62 59
89 110
96 175
73 178
15 177
92 86
78 46
79 117
72 135
63 11
92 62
81 37
100 191
79 74
71 159
63 48
60 169
82 179
80 18
47 42
22 59
33 112
43 107
77 39
99 51
12 160
43 175
37 149
84 46
11 19
43 74
94 55
69 49
48 177
82 11
14 42
76 192
10 20
55 37
40 174
70 80
42 194
79 187
98 40
91 198
87 48
79 141
27 149
71 139
67 36
13 199
62 43
61 78
68 110
93 92
22 197
93 83
81 60
40 198
50 113
93 174
54 110
32 65
35 93
90 195
61 155
25 54
88 14
38 84
99 49
15 63
99 173
27 101
87 26
73 135
41 114
43 79
90 44
19 94
21 150
33 113
17 125
48 158
41 78
13 109
23 30
12 28
33 120
17 68
94 38
26 87
99 146
72 10
77 112
83 151
96 48
23 10
16 41
61 136
54 21
93 71
35 28
60 77
78 30
48 95
64 173
58 44
76 172
30 141
27 173
94 179
71 189
25 196
85 181
41 152
93 188
76 77
82 145
56 187
56 101
46 67
58 97
35 12
94 158
40 164
58 79
32 162
57 165
77 109
39 133
49 158
58 116
66 170
50 191
15 69
69 59
15 199
25 71
14 36
49 188
28 192
84 154
43 146
14 154
34 84
80 127
28 28
52 110
31 159
59 165
51 34
95 188
61 183
49 77
28 98
25 30
12 143
14 64
93 113
71 132
15 138
17 71
41 135
71 187
50 136
15 133
27 187
100 36
19 191
97 31
17 180
92 190
37 46
71 200
67 105
10 179
44 55
23 19
29 86
54 116
30 168
23 194
59 13
78 189
41 145
22 104
12 104
57 45
62 159
22 132
21 41
18 117
83 194
48 87
68 165
34 90
14 63
51 153
76 148
47 82
19 173
18 16
26 91
14 60
100 130
24 147
93 114
84 68
16 33
40 176
76 159
79 165
27 183
59 100
11 79
26 44
19 170
49 162
17 135
67 122
87 24
81 68
66 145
70 34
48 114
100 178
43 131
20 129
97 80
70 87
66 22
90 66
37 183
63 63
99 82
51 25
64 66
26 46
12 75
55 190
66 114
81 73
31 153
22 192
61 42
97 26
84 189
54 79
77 144
55 131
90 151
59 134
44 95
91 38
41 85
12 160
16 39
58 77
75 46
72 58
14 136
14 188
16 191
100 138
27 42
21 171
67 58
24 21
25 97
63 124
66 111
15 182
48 128
63 166
87 116
10 108
19 132
43 18
62 174
25 77
12 36
50 189
24 186
86 70
85 92
49 75
67 88
39 177
71 127
44 46
42 200
49 128
49 61
47 74
77 104
43 62
52 53
65 57
63 93
59 111
15 122
68 22
14 55
93 60
51 175
33 58
71 61
14 126
70 135
36 182
66 174
41 181
69 128
37 77
100 167
86 39
46 199
39 110
12 84
26 68
21 99
53 53
91 137
17 85
61 11
59 121
29 143
34 44
86 151
91 125
64 134
52 26
83 49
14 28
28 130
92 24
86 46
74 192
17 79
89 65
95 176
84 76
90 121
28 10
87 43
22 31
48 122
67 120
61 18
31 127
54 68
72 10
73 29
31 99
97 111
10 190
73 174
31 195
19 19
91 200
75 141
99 63
84 69
59 67
90 133
41 58
56 147
53 116
28 72
25 108
10 34
69 81
63 175
90 114
93 91
30 79
46 157
42 128
11 127
82 136
33 190
51 71
95 64
78 146
86 35
55 144
34 140
22 78
67 90
22 141
82 140
42 68
42 164
64 133
44 192
87 161
74 95
63 139
49 52
99 120
49 127
73 170
29 77
23 46
50 73
61 194
86 18
66 142
46 68
23 62
28 176
10 83
54 66
77 42
19 117
43 28
81 14
30 166
18 57
49 82
87 200
97 189
19 126
52 12
98 26
89 86
27 121
34 84
14 193
44 107
93 89
34 187
47 135
36 187
15 153
29 146
93 155
26 182
94 63
20 107
86 92
33 115
51 163
54 33
75 127
32 108
66 78
19 121
28 67
20 38
38 187
41 183
18 107
85 42
41 23
19 105
58 143
99 152
53 29
17 104
41 127
64 196
13 117
25 51
73 44
34 183
27 74
84 14
38 195
17 174
80 197
65 157
59 87
90 87
15 105
46 118
53 13
59 70
37 50
57 93
62 11
26 148
99 106
85 67
84 19
75 152
18 109
54 188
93 38
86 158
57 77
24 177
12 10
36 22
10 191
55 169
64 46
58 88
87 90
69 64
34 197
50 149
73 136
26 157
17 33
42 119
13 33
81 24
83 175
98 97
89 199
61 178
39 194
85 199
15 31
66 27
86 89
89 167
26 124
39 11
86 81
51 91
44 59
58 128
91 176
25 20
24 124
11 40
49 97
86 44
38 112
63 158
20 49
52 59
72 91
23 132
70 24
10 88
49 161
84 118
67 96
36 154
38 182
52 148
77 65
10 186
42 87
45 11
68 134
95 111
32 133
14 30
73 120
58 41
79 157
68 60
57 121
81 83
85 41
79 170
22 35
82 107
96 164
22 60
68 181
57 134
25 68
98 81
82 83
79 79
13 82
59 104
94 156
98 138
78 29
55 127
18 128
61 10
17 176
30 10
44 86
81 112
54 109
26 143
49 116
49 64
41 163
28 34
54 157
29 149
55 113
38 74
65 165
84 122
26 146
100 140
44 77
89 187
37 34
40 10
99 184
45 173
93 44
45 108
96 181
48 188
92 188
30 146
28 147
44 114
17 32
20 157
39 118
55 118
66 115
59 126
26 195
21 45
73 117
72 50
73 43
73 12
49 133
91 172
60 59
28 15
31 174
34 24
54 127
43 54
27 50
91 130
48 90
15 94
20 174
43 116
13 37
28 36
61 110
73 82
43 149
94 85
82 71
42 34
60 31
99 50
84 71
73 150
54 179
96 192
73 43
64 180
60 46
82 51
91 57
85 150
98 32
14 140
22 145
68 102
38 64
65 82
17 135
96 120
70 109
79 109
46 39
34 12
78 116
71 65
22 21
17 11
13 82
52 149
75 127
14 37
38 183
77 150
61 174
97 96
81 23
79 47
70 104
39 161
35 137
31 47
72 74
20 13
68 33
17 39
88 192
99 175
45 18
60 157
64 36
79 86
47 46
78 113
76 185
71 25
33 111
11 91
48 124
86 188
90 67
10 119
69 104
55 76
91 60
99 137
78 75
52 147
13 158
48 118
52 166
97 85
82 186
86 118
35 81
88 78
28 143
17 17
13 123
90 192
29 107
10 80
44 163
38 127
34 119
79 84
65 190
14 195
89 168
28 128
79 16
54 29
20 35
83 38
22 133
33 142
76 170
55 76
39 81
19 74
76 59
56 95
43 151
40 45
31 23
99 179
81 11
96 22
67 79
84 196
29 114
37 84
93 192
30 37
45 165
65 83
43 93
68 84
88 79
61 153
18 125
17 157
64 195
96 174
60 63
63 96
48 149
36 72
89 164
79 11
48 22
98 164
17 74
74 161
25 32
30 79
46 88
93 117
20 48
84 168
30 103
49 90
90 77
63 182
85 73
65 180
92 89
30 12
44 57
19 140
82 98
64 70
84 88
82 101
98 112
26 70
11 166
87 56
94 125
85 94
97 65
63 95
29 60
12 141
41 81
93 199
68 132
40 188
66 67
61 157
40 191
81 196
96 190
85 19
32 123
83 123
35 189
33 166
83 126
34 168
65 29
89 188
36 55
54 14
57 108
17 125
99 31
81 76
72 184
100 168
51 32
40 106
82 98
47 80
69 20
40 43
50 34
73 55
64 71
84 36
47 42
98 111
43 93
94 118
60 105
62 194
38 166
40 159
35 13
90 122
10 120
81 96
65 28
80 90
86 22
39 80
17 110
68 130
32 10
55 90
71 144
46 54
79 195
89 17
15 86
60 65
61 105
18 15
100 137
43 56
68 32
17 25
80 151
25 147
16 35
100 79
93 155
92 100
37 170
91 169
21 57
10 117
98 29
87 119
23 39
45 126
18 135
19 15
44 129
15 59
20 11
43 123
67 72
91 126
68 142
90 131
48 163
50 163
26 160
97 159
72 67
91 71
10 25
31 100
87 51
10 120
59 98
25 51
30 98
19 23
13 105
29 50
16 182
50 92
21 105
41 173
95 147
81 198
30 111
55 149
55 67
83 47
88 122
29 137
30 76
59 71
54 138
92 104
64 135
99 126
95 58
38 23
61 133
46 200
74 130
68 38
45 38
86 186
12 175
56 183
22 137
73 65
100 177
80 38
21 190
17 163
72 52
57 86
54 17
84 61
46 55
63 190
56 198
29 34
69 140
97 44
43 103
10 163
12 102
21 34
76 167
83 173
65 184
86 59
49 133
90 172
38 43
29 62
53 157
58 34
41 158
55 184
94 10
70 174
53 181
73 37
63 184
28 31
12 79
90 179
90 33
90 34
47 132
27 119
75 15
64 196
46 32
42 44
81 170
88 169
46 14
14 141
33 49
80 176
90 63
93 165
10 104
23 165
18 118
90 136
69 47
51 107
41 133
23 113
48 193
99 73
78 144
99 16
89 18
52 167
100 158
20 170
44 141
63 132
63 38
51 193
75 20
15 134
37 84
82 88
83 184
38 94
100 30
78 176
31 126
29 100
27 95
47 179
62 24
29 106
69 190
26 139
24 41
13 18
67 153
97 12
44 113
26 129
79 40
86 163
76 45
84 82
98 166
71 178
48 183
91 54
77 193
67 47
19 77
23 160
34 185
79 199
61 102
66 53
51 52
93 131
18 89
73 61
23 107
28 56
14 133
48 127
42 104
89 193
92 40
81 43
75 136
47 157
70 12
28 12
53 14
90 177
12 158
30 182
77 110
94 188
20 171
24 11
63 78
57 89
14 169
86 168
49 198
68 176
35 145
45 99
59 133
57 85
13 146
94 188
25 137
23 88
45 112
40 25
41 105
68 132
40 47
41 21
40 66
13 67
10 17
60 171
36 52
36 73
10 156
73 65
34 58
13 43
23 75
30 161
10 174
16 87
95 35
73 78
62 128
53 114
78 112
91 97
90 175
96 185
63 65
68 44
54 13
56 116
84 148
38 93
80 12
24 133
98 112
62 142
79 179
37 187
34 152
76 87
23 88
12 78
93 133
26 99
57 11
30 58
64 102
24 71
55 133
18 155
95 47
64 117
92 163
46 127
88 31
92 84
100 118
40 95
80 86
18 30
82 188
66 80
12 41
43 15
34 178
62 29
37 77
55 83
86 61
97 20
82 56
37 34
44 90
54 58
23 124
12 96
54 169
58 22
28 129
67 163
58 31
34 187
61 139
67 172
49 91
73 116
51 120
66 146
29 81
25 187
34 116
55 128
66 70
88 105
19 11
91 162
89 92
14 142
74 39
49 64
34 139
43 102
37 133
76 79
71 106
15 199
35 160
36 117
79 110
38 84
84 122
71 155
60 184
75 78
46 54
45 155
14 124
61 63
94 159
14 60
81 19
77 76
87 50
60 41
43 48
70 105
70 173
52 186
69 191
15 22
20 39
92 26
82 89
73 31
97 33
57 102
50 195
100 32
89 196
54 17
63 22
11 25
71 184
68 16
87 108
98 17
77 39
39 112
59 147
50 155
42 35
85 11
29 69
71 86
59 131
93 141
55 27
61 172
64 180
54 197
18 28
64 46
58 81
97 187
21 80
24 188
97 42
88 168
100 66
50 199
35 159
50 152
16 95
58 30
47 123
37 174
17 51
94 20
10 179
88 185
52 183
64 197
26 14
27 137
62 61
54 79
80 95
30 39
58 188
56 98
80 97
13 73
37 102
68 105
12 147
11 150
19 82
93 143
69 176
68 170
56 57
16 68
69 113
22 166
68 169
38 31
68 147
51 26
54 44
48 141
81 31
100 109
67 80
42 11
27 164
18 104
75 63
63 174
68 103
23 87
59 25
35 194
45 46
37 32
11 174
98 60
77 76
34 97
15 53
31 45
30 113
22 70
17 144
92 131
12 27
100 175
72 138
95 25
27 199
21 54
60 11
63 166
68 107
33 66
16 195
22 32
47 83
31 95
100 148
82 108
97 55
80 50
32 71
91 157
60 104
67 62
73 170
63 194
69 145
30 70
58 195
11 91
66 196
12 116
24 23
47 174
82 139
41 73
54 80
52 112
86 95
40 100
54 56
69 153
42 17
51 197
84 148
48 101
55 84
85 131
87 74
43 10
10 140
34 56
59 159
75 14
64 188
19 130
24 62
47 78
83 139
100 93
57 173
86 96
13 22
35 189
54 164
75 132
42 127
25 113
92 180
53 151
21 65
26 200
94 197
99 200
67 164
59 66
98 76
80 15
67 21
16 17
35 57
44 78
43 161
76 81
67 143
42 106
80 145
30 159
37 195
29 99
79 50
72 117
75 128
39 69
72 181
31 135
80 58
27 54
24 16
46 148
20 190
76 190
53 171
43 76
23 106
74 167
93 141
30 105
12 48
24 50
20 61
71 99
10 200
65 140
44 90
22 176
96 153
61 14
46 114
27 132
73 88
67 178
16 25
86 152
25 68
83 126
99 188
42 50
58 180
77 24
24 90
62 162
39 178
20 178
34 89
50 144
45 28
25 16
56 25
24 141
65 171
59 45
67 124
25 20
51 88
32 186
43 47
37 31
23 134
63 171
91 129
61 10
72 57
95 34
40 186
14 189
68 74
21 179
71 131
28 136
81 46
93 29
51 111
11 163
83 49
28 78
83 46
62 160
54 106
51 177
27 171
42 112
34 42
90 98
96 101
32 25
21 19
15 63
60 107
43 176
50 148
15 159
39 143
93 99
40 101
30 195
14 84
96 172
86 18
50 101
57 137
20 68
13 172
47 88
49 159
59 69
40 129
75 112
48 135
14 176
27 99
88 141
14 76
78 111
32 24
34 14
16 161
100 119
78 37
91 54
25 81
69 113
30 152
77 137
28 48
62 134
70 81
30 153
86 29
63 74
79 108
49 38
86 16
21 66
48 187
42 50
68 45
35 111
62 191
72 95
47 149
78 18
35 136
43 42
59 68
45 19
100 28
39 78
50 15
64 90
69 87
68 81
24 106
40 131
76 50
72 124
51 87
45 61
10 114
13 167
36 21
13 182
87 45
37 86
100 36
77 64
14 119
20 57
18 138
20 110
14 46
59 188
84 199
84 135
71 154
61 128
90 98
49 47
23 11
11 196
85 112
97 162
39 184
33 44
19 17
84 142
41 20
31 188
35 20
62 164
55 44
73 172
40 43
19 109
14 155
82 93
69 153
40 86
47 85
99 122
22 107
32 180
78 13
68 169
20 111
25 31
96 67
63 122
62 34
95 179
100 147
72 66
16 138
29 101
82 105
25 172
25 76
47 184
16 162
59 115
51 127
45 84
24 152
51 128
34 47
22 198
37 189
18 127
50 26
12 15
71 39
79 166
81 149
42 28
47 122
66 27
81 91
13 76
100 140
50 61
52 121
73 14
10 111
38 57
34 170
34 69
74 60
44 148
46 195
94 176
83 120
88 199
61 137
20 87
99 89
63 74
22 40
83 130
70 30
25 112
14 83
52 64
70 49
86 199
78 20
51 194
92 188
22 175
83 87
82 190
45 66
47 18
33 154
33 59
57 182
49 39
15 155
55 41
93 116
80 59
36 12
29 77
22 44
87 135
80 148
38 131
66 31
36 121
21 122
98 23
24 132
82 179
54 135
57 79
30 71
70 188
20 194
90 85
47 151
80 193
98 178
95 145
99 129
68 26
43 35
77 187
64 104
94 64
48 28
54 123
40 84
94 176
65 19
35 148
22 136
82 101
75 108
89 156
60 122
46 120
20 34
29 126
88 92
82 10
26 136
73 22
65 78
96 130
11 113
11 68
88 61
86 197
75 47
51 38
29 146
43 106
26 53
67 120
38 34
55 90
53 87
100 22
46 155
53 63
41 62
61 128
90 123
97 94
20 98
15 141
88 92
86 13
65 112
70 115
16 108
64 139
95 140
29 162
75 158
41 173
43 11
51 146
54 68
13 128
85 196
20 190
21 127
39 45
10 181
48 18
77 188
28 117
28 164
28 64
35 138
61 131
67 171
17 85
49 150
38 16
83 93
22 32
97 41
49 92
14 82
29 144
89 112
69 39
47 151
62 187
100 142
57 49
78 37
41 163
92 171
30 143
71 187
85 117
47 98
81 61
20 142
49 61
10 77
69 141
95 27
36 128
98 88
78 93
27 156
72 135
77 68
100 34
87 86
31 95
33 184
38 167
64 185
60 22
48 152
28 100
66 102
53 150
17 59
55 138
38 132
97 176
34 162
32 66
96 184
98 43
71 119
26 158
29 71
15 154
57 167
63 182
95 115
93 92
36 17
36 169
80 114
86 151
45 187
24 135
24 158
23 181
64 21
37 191
68 130
50 116
29 40
54 177
72 73
24 109
47 111
24 41
54 65
30 112
35 19
83 43
73 57
88 108
88 174
73 184
20 85
50 21
42 41
52 82
94 100
10 196
33 124
21 47
42 61
83 51
56 16
69 103
78 143
71 188
88 121
37 19
74 114
36 134
33 61
19 70
61 62
75 174
51 114
78 154
43 181
12 58
41 123
70 94
45 174
37 194
38 73
84 113
94 76
70 144
51 95
60 78
52 92
65 122
73 84
93 14
18 136
21 73
83 57
58 136
39 59
67 115
11 153
31 144
59 85
92 167
33 113
81 139
39 109
84 44
41 192
34 47
88 123
53 198
81 89
14 21
49 105
39 105
20 166
62 119
67 147
49 65
57 142
81 120
28 98
51 55
57 24
26 38
74 46
68 150
32 11
26 108
96 131
21 175
31 94
54 182
79 191
41 134
39 83
38 195
94 29
33 105
70 153
48 45
71 181
14 159
40 190
27 88
39 134
57 16
27 190
12 101
20 77
48 133
18 123
96 144
17 188
69 29
85 171
74 174
75 71
66 155
26 63
56 170
75 138
69 35
29 39
14 150
68 173
78 57
27 53
95 59
73 60
27 25
32 176
83 25
87 164
27 140
48 33
20 34
92 130
30 132
13 197
67 87
76 198
10 108
88 146
97 104
74 78
34 70
69 129
18 134
18 54
20 130
24 196
31 81
63 34
96 127
76 150
91 43
23 160
24 19
65 142
24 145
34 53
50 108
54 89
10 85
46 127
71 53
95 180
82 68
97 193
40 56
93 43
39 111
92 74
70 120
64 77
48 70
31 69
44 136
100 30
54 125
18 69
22 69
70 159
76 74
89 179
54 115
17 52
50 13
36 10
18 167
93 10
94 41
99 25
14 61
35 30
60 14
36 189
99 128
84 45
78 119
97 155
15 34
67 92
29 157
27 195
62 160
10 193
49 108
83 10
23 75
28 157
13 110
99 165
29 113
39 94
16 66
44 77
56 67
30 162
20 52
65 181
20 195
28 46
81 12
84 82
72 89
30 168
73 196
40 92
27 176
52 153
20 24
99 166
50 10
94 139
30 127
87 120
41 135
70 22
68 45
69 57
55 145
31 158
70 192
72 93
83 25
74 30
26 130
76 155
54 135
43 26
44 77
31 194
87 135
87 161
44 122
64 117
97 55
32 50
99 135
16 34
88 43
91 34
14 85
49 116
88 138
49 115
28 112
60 38
24 136
77 38
54 29
63 157
42 84
70 132
58 174
38 13
72 54
65 24
47 81
51 183
50 105
73 45
77 26
90 97
32 62
11 199
23 114
80 167
28 197
48 28
95 98
75 30
57 124
59 115
98 186
99 35
16 37
31 141
94 134
74 196
40 175
56 89
19 193
61 119
55 188
68 12
75 12
32 70
35 89
42 144
43 137
86 177
65 39
33 17
82 167
37 170
89 71
28 94
35 148
90 74
41 185
45 41
52 121
92 157
47 142
26 95
81 91
84 42
73 33
56 104
29 117
82 197
83 144
33 63
96 115
13 47
86 47
42 130
69 44
31 179
37 199
13 54
13 180
52 30
19 169
83 45
98 18
26 62
81 144
68 86
41 87
11 192
37 44
71 104
47 197
65 76
93 190
81 105
71 49
71 193
10 70
35 114
34 91
95 52
17 126
80 127
88 95
28 148
95 38
73 52
43 168
15 73
22 82
31 126
35 93
26 129
62 190
87 53
19 52
90 149
97 68
27 192
30 14
61 126
33 34
56 111
25 108
93 149
11 163
74 100
69 57
25 30
21 127
70 140
45 12
100 159
99 198
79 67
62 133
97 110
81 173
15 171
67 37
49 81
37 36
58 67
30 65
44 143
91 194
25 172
43 13
30 110
95 124
23 78
56 172
59 57
25 19
85 45
41 181
13 35
100 130
81 135
50 191
78 188
45 171
28 12
87 133
19 50
65 123
55 147
96 95
100 59
47 43
56 162
70 53
99 75
73 123
69 11
57 98
69 119
55 192
70 85
89 77
77 193
28 42
26 105
14 155
51 96
62 91
82 55
18 88
18 172
76 141
19 157
77 15
78 140
65 40
80 143
43 162
23 140
94 96
92 187
72 41
65 82
93 152
72 99
43 91
82 61
74 87
95 104
32 106
51 133
19 80
57 87
40 54
67 80
25 83
48 34
54 139
74 58
12 55
48 142
42 83
17 179
37 33
35 96
37 138
63 108
97 116
15 49
42 33
41 122
47 198
98 41
45 52
91 48
33 102
100 54
75 196
87 157
35 127
24 169
50 71
25 94
50 105
91 159
56 74
57 55
63 26
47 28
42 19
63 200
29 69
100 107
86 121
58 126
60 129
35 146
67 13
63 20
35 184
69 35
37 92
37 162
50 10
52 21
27 91
63 164
29 130
93 35
10 168
78 132
94 66
76 152
71 128
83 190
45 174
39 12
84 139
26 186
19 188
68 192
35 61
36 49
99 68
76 53
87 46
75 166
73 73
93 15
97 122
38 167
43 40
84 173
50 177
13 151
84 199
50 64
55 118
80 61
75 21
69 34
61 100
94 194
11 151
67 28
78 46
18 180
43 176
91 89
55 153
59 160
66 172
10 31
92 138
44 87
88 199
81 50
47 123
36 127
40 85
62 179
68 175
44 40
25 153
47 146
29 171
26 78
21 140
75 52
23 195
85 70
22 62
12 157
19 165
77 113
48 73
19 182
61 71
70 18
41 153
64 164
28 80
61 86
59 153
58 153
99 101
36 184
78 144
49 194
84 67
89 191
16 20
90 189
14 36
60 117
82 195
59 123
19 134
93 150
62 171
94 55
64 136
87 90
75 21
28 30
13 12
96 30
68 35
94 115
61 82
33 62
84 146
96 185
18 196
24 178
56 58
84 81
54 104
13 85
76 88
93 37
92 160
15 124
53 111
47 47
68 105
99 80
15 118
98 164
46 43
46 123
46 16
64 97
16 199
72 90
15 122
23 189
69 188
72 88
43 163
78 102
95 68
15 152
34 102
39 111
41 99
24 70
58 49
67 80
61 173
99 124
57 77
79 19
57 45
54 174
75 44
92 109
61 91
86 99
26 18
54 162
91 34
87 55
62 200
66 133
46 107
96 132
93 11
34 82
78 38
94 66
63 165
76 17
98 69
99 81
76 128
33 175
37 63
68 47
27 167
65 79
50 69
72 69
35 164
100 150
37 39
18 107
40 25
66 92
99 41
68 152
70 196
94 133
27 191
85 178
10 14
23 52
27 78
100 177
44 95
71 76
54 155
77 140
80 108
38 53
97 185
15 143
12 166
25 105
76 89
81 134
29 150
79 179
42 130
51 103
40 103
63 161
18 186
31 48
72 121
66 76
17 109
13 130
86 106
20 51
44 128
90 121
11 195
63 138
100 98
73 183
43 31
78 92
65 42
38 143
58 43
74 80
81 49
55 59
58 55
43 195
73 141
19 71
17 36
17 102
93 61
63 159
70 26
39 132
39 170
78 55
41 84
68 189
82 169
95 134
95 182
85 18
77 43
41 78
83 100
17 15
45 76
27 55
64 35
93 185
40 74
42 52
37 199
47 114
39 122
48 180
86 188
91 47
97 111
63 112
87 130
70 174
57 103
53 132
97 50
12 146
85 190
61 105
60 71
30 154
93 100
23 109
70 165
57 107
52 105
98 98
97 171
76 52
71 134
63 23
43 112
20 109
25 190
39 89
32 66
28 44
43 42
18 64
61 132
69 116
39 23
94 83
50 118
79 79
68 99
95 47
23 95
28 124
39 172
84 135
69 112
92 14
59 155
14 162
28 73
22 136
18 124
83 92
56 156
33 84
18 96
24 98
86 89
77 65
53 69
92 132
25 34
77 136
45 48
47 87
33 18
20 41
83 75
91 186
70 105
14 118
57 34
63 194
25 71
19 39
53 91
43 144
46 142
58 116
71 42
99 135
18 59
36 194
82 110
45 166
19 92
83 48
68 132
62 73
38 133
68 167
35 85
65 173
37 55
69 50
72 103
56 149
93 162
87 119
78 166
78 119
33 10
15 186
60 20
91 169
92 172
32 179
22 112
13 95
26 39
10 66
56 131
47 149
54 169
38 197
71 185
71 182
30 72
49 161
97 68
30 24
88 108
30 130
56 145
11 189
23 172
40 172
75 80
34 38
64 200
67 173
31 140
82 191
85 186
84 105
23 101
86 127
73 135
63 40
56 93
71 96
83 94
92 33
40 31
94 35
40 108
45 35
68 196
29 93
10 19
87 56
34 152
23 154
40 50
96 199
56 56
55 42
29 196
50 126
78 138
70 68
73 171
87 128
84 153
46 168
35 30
97 116
57 17
36 79
11 97
74 35
87 184
50 104
82 144
81 26
49 193
84 139
71 20
15 150
93 99
92 169
37 153
57 113
78 188
72 62
13 103
91 26
26 166
21 86
83 162
74 11
59 29
96 139
44 197
91 46
53 28
70 36
88 132
27 153
99 164
61 24
50 113
17 164
44 195
44 177
74 16
64 132
82 141
68 109
61 172
14 76
95 171
63 182
54 84
100 43
86 161
71 148
65 132
19 164
23 26
42 125
24 163
35 80
19 162
74 61
14 145
90 144
68 72
43 60
86 103
44 59
57 185
61 172
99 151
37 107
76 97
24 21
83 100
85 174
96 113
24 15
89 196
62 37
18 140
85 57
91 24
83 118
86 124
39 180
29 46
22 85
52 107
48 36
76 30
42 102
98 78
88 33
76 122
59 198
97 182
96 116
79 173
14 47
37 135
66 14
63 102
13 147
14 198
56 71
91 195
31 173
98 115
90 180
74 100
74 110
100 53
75 98
100 70
96 177
76 173
45 18
39 93
22 117
16 150
94 130
19 163
10 60
87 165
96 104
93 60
85 180
92 50
32 162
91 56
44 127
42 141
74 115
99 134
31 158
17 52
28 71
93 33
49 104
35 173
94 118
68 54
35 169
90 17
30 195
39 111
63 104
61 121
59 97
22 105
80 151
20 154
100 152
80 155
46 40
10 75
49 171
70 66
43 35
85 112
92 149
82 15
11 86
44 126
17 194
19 49
93 167
48 177
49 45
58 18
48 101
40 22
42 46
61 53
58 163
92 113
22 190
20 28
31 67
90 48
27 186
79 25
81 124
65 93
60 167
68 55
87 27
85 173
61 179
57 126
43 171
22 96
38 191
48 56
40 102
14 129
89 26
29 40
62 11
16 121
77 67
72 78
89 77
82 160
54 66
22 18
40 180
22 39
73 63
43 71
51 192
76 64
83 178
26 170
60 82
72 190
59 99
90 67
90 108
88 21
100 146
48 43
50 168
23 116
74 147
42 29
57 20
55 168
66 21
91 188
93 48
15 76
97 65
52 125
66 171
100 148
55 178
75 84
61 74
71 19
99 20
12 172
73 155
85 17
81 120
71 81
92 24
41 139
71 123
90 64
39 21
72 31
53 14
96 178
89 139
55 112
85 68
41 170
68 65
49 10
18 25
38 177
49 71
50 154
68 169
63 98
45 41
98 44
88 68
55 137
38 51
25 146
57 165
32 166
90 115
25 48
99 90
23 13
75 129
20 178
18 187
56 122
23 38
59 85
62 21
77 114
67 103
65 15
66 19
54 109
22 136
69 97
76 183
20 19
98 79
100 52
19 83
39 105
25 164
34 50
55 45
84 58
19 58
88 196
90 33
83 12
63 94
38 27
86 43
42 199
86 66
69 21
50 36
27 94
86 140
97 164
15 111
14 112
82 97
53 69
49 76
89 101
40 13
94 35
82 20
25 25
29 97
61 38
81 187
52 135
83 78
59 144
44 132
29 181
71 197
50 162
23 132
75 32
18 24
86 26
56 147
19 124
84 89
24 179
66 95
47 44
67 32
16 164
76 55
81 196
23 15
19 135
22 62
43 95
14 80
37 146
82 186
51 82
34 42
45 162
85 163
54 112
95 196
53 183
48 42
32 113
16 178
51 197
78 70
67 151
65 67
58 178
57 199
64 139
28 109
33 10
44 139
17 100
37 32
61 196
100 82
90 167
78 190
52 133
77 98
17 20
65 44
40 29
27 69
56 116
19 79
65 83
20 95
98 164
49 76
76 46
57 111
17 51
59 188
97 171
30 101
84 63
31 22
24 190
88 62
10 70
66 65
66 161
54 137
40 110
74 106
94 173
88 149
18 129
77 19
90 43
34 146
100 66
13 22
58 60
63 173
51 48
77 107
21 31
70 168
76 46
74 99
28 123
50 54
61 195
21 16
41 185
40 168
91 131
33 118
88 97
60 144
68 140
100 179
19 106
84 113
29 62
70 195
72 70
91 70
54 124
53 137
100 27
41 172
79 128
55 194
12 192
22 172
57 200
67 135
43 117
67 68
24 93
63 144
64 124
88 83
71 101
55 190
76 158
24 109
12 72
38 99
37 60
55 37
24 42
67 198
42 74
73 118
23 141
58 154
96 108
47 145
76 68
37 160
40 117
59 122
36 13
27 107
53 125
64 157
47 139
78 107
16 42
88 182
93 120
60 80
43 184
18 70
89 171
23 88
12 132
78 110
76 41
18 20
67 185
86 136
55 144
45 149
29 100
44 192
84 87
27 81
92 129
89 133
87 182
25 31
36 41
43 70
51 182
30 72
22 69
37 112
85 61
28 200
20 11
42 14
19 83
74 148
47 47
61 146
63 112
38 154
32 141
54 37
22 116
98 111
96 119
18 178
60 94
100 165
15 190
81 174
54 54
42 118
69 23
78 155
68 73
37 90
41 144
81 149
34 37
58 33
66 93
62 160
56 31
13 71
56 93
39 126
92 200
55 73
63 141
99 159
55 125
37 40
32 199
19 139
49 59
38 25
33 16
47 162
67 99
94 69
88 111
23 163
93 51
18 144
53 52
39 17
95 16
10 79
37 47
89 62
77 46
97 103
32 74
96 124
84 131
66 189
21 190
29 163
63 199
22 66
98 73
30 61
34 155
89 84
94 183
53 132
20 57
87 114
83 133
49 106
71 42
17 94
100 67
13 128
28 196
30 127
84 100
34 160
35 131
31 68
54 22
15 175
22 67
60 182
36 138
42 74
66 25
97 44
39 35
80 159
95 167
90 133
68 85
48 133
90 147
37 162
96 33
24 28
87 68
30 124
90 153
37 18
64 146
74 71
12 36
30 67
70 148
75 103
50 81
83 82
45 48
53 199
69 23
65 197
94 92
86 98
63 108
92 11
62 171
91 91
34 135
60 42
84 138
85 127
64 184
42 80
95 65
55 137
51 138
35 150
21 75
81 63
86 166
55 70
53 192
64 154
18 121
89 30
65 165
41 110
94 168
97 23
21 79
68 145
79 83
61 36
67 175
64 142
84 188
53 97
16 175
30 127
10 80
33 187
82 138
10 14
55 98
80 172
66 167
82 175
39 31
33 40
54 112
11 136
22 28
26 123
40 117
61 132
55 40
60 30
65 36
28 94
74 73
39 92
44 171
73 123
70 88
86 188
47 170
50 134
57 189
41 33
66 139
27 113
93 95
27 158
54 11
67 67
96 107
20 127
69 58
29 91
42 46
51 149
54 66
55 24
74 172
87 194
95 24
30 101
98 62
43 74
46 100
32 150
21 146
88 119
78 160
72 130
74 122
15 33
30 194
81 76
100 129
13 119
89 189
43 96
34 89
54 125
56 157
29 30
17 185
47 117
40 160
58 162
86 159
85 103
23 97
26 161
86 60
32 182
52 110
77 110
21 81
64 191
59 144
33 151
15 193
67 72
43 126
12 77
42 83
50 81
14 182
85 186
48 155
81 102
89 88
84 75
40 59
66 17
46 119
71 142
76 46
50 85
53 80
53 91
92 165
56 145
22 46
12 178
64 141
14 55
94 126
14 177
51 198
39 189
38 185
54 49
92 178
76 14
62 97
45 54
76 78
66 197
85 162
48 105
14 98
53 142
56 114
49 19
97 145
100 48
95 171
92 172
64 32
46 49
87 115
49 192
89 103
12 119
36 16
74 10
19 17
92 161
53 104
25 53
35 42
90 190
32 191
86 195
49 11
28 154
29 148
13 121
35 178
43 148
73 97
55 153
49 134
65 69
94 126
57 75
58 26
27 182
81 90
83 73
34 62
71 198
31 16
23 93
97 192
71 20
79 32
14 36
25 75
72 183
12 30
53 170
81 178
57 74
73 171
44 150
93 177
29 54
59 131
34 188
51 21
78 31
74 160
100 21
14 188
23 68
15 118
83 53
89 31
10 175
31 98
37 46
30 115
55 100
51 70
88 179
90 128
37 160
100 101
14 155
23 18
73 95
46 93
31 43
11 121
12 128
46 154
64 105
49 119
99 125
13 126
45 105
13 124
19 153
62 56
70 125
95 186
20 34
14 192
28 14
80 75
93 143
78 140
99 108
44 85
70 60
99 169
56 76
41 18
67 151
42 191
85 163
32 130
29 76
53 54
96 77
49 34
65 181
23 100
96 23
76 154
57 29
34 49
38 58
31 179
37 155
31 118
15 167
34 105
42 34
90 134
63 112
42 154
71 145
97 24
12 71
85 74
45 112
80 28
36 182
30 180
81 19
39 75
57 179
37 39
93 163
81 103
71 165
89 200
68 143
98 110
19 13
10 116
54 108
43 118
97 175
60 69
68 16
80 181
14 148
68 188
87 26
69 27
23 12
52 112
59 62
69 172
84 17
39 23
11 43
34 48
53 49
55 23
36 84
35 85
57 35
54 153
94 28
17 54
51 40
52 167
61 20
85 191
42 46
89 155
67 178
57 132
59 143
29 116
52 161
42 70
64 85
59 59
25 36
28 146
24 124
83 192
80 71
36 152
98 38
71 31
90 142
73 53
46 119
87 123
64 172
13 110
67 26
38 194
28 128
65 152
79 73
88 176
68 146
86 63
54 99
46 10
37 80
99 137
27 13
77 113
12 85
25 75
43 24
68 188
63 28
20 184
33 126
53 47
75 152
73 89
85 28
25 104
80 156
10 109
61 156
95 177
57 77
49 154
26 131
68 55
56 125
19 40
39 41
87 156
54 43
87 77
84 147
66 171
42 55
78 82
42 157
73 62
45 122
96 138
44 192
39 192
95 43
33 178
81 165
54 100
32 22
79 80
22 160
32 82
26 165
63 58
35 55
64 167
100 161
30 41
76 109
88 89
77 98
20 59
83 43
44 60
58 138
37 35
73 25
40 146
22 82
10 144
82 149
16 116
40 58
41 82
11 192
93 120
55 70
89 142
30 118
59 171
62 167
64 187
99 125
40 183
86 171
57 169
20 58
11 49
69 53
74 85
78 103
64 123
32 164
23 110
92 101
46 171
21 99
57 70
56 133
29 64
80 190
62 43
18 129
58 189
21 46
100 37
13 90
75 146
69 58
40 169
77 148
83 81
38 140
61 104
26 14
79 188
73 12
67 108
73 169
75 146
62 181
90 188
92 166
54 137
68 31
37 16
40 88
87 59
12 72
15 133
81 133
42 115
94 16
52 87
39 152
12 10
54 26
18 46
18 186
22 27
26 122
75 199
75 156
77 92
61 32
23 116
45 157
49 89
16 108
57 159
33 63
52 35
14 22
39 104
93 88
16 36
70 190
27 74
58 126
39 15
56 170
13 102
60 17
46 132
59 21
27 187
32 71
77 165
82 105
67 102
20 11
45 35
16 175
78 10
36 76
35 69
21 194
89 184
98 185
53 138
98 27
93 91
92 180
19 14
37 136
64 110
11 56
81 172
78 77
88 165
82 31
48 10
69 16
81 47
41 142
22 18
20 143
21 90
36 145
92 50
60 44
64 61
55 129
86 155
73 47
90 183
12 166
63 105
81 188
37 185
30 161
67 110
34 93
95 69
99 128
40 152
42 104
35 52
55 56
35 72
47 160
34 174
32 59
74 141
84 64
41 189
29 140
97 140
76 132
67 126
41 130
11 21
54 101
39 100
47 104
80 83
96 38
50 32
92 148
83 147
94 109
42 48
76 76
66 137
46 198
42 58
82 151
66 195
33 167
89 41
76 78
34 167
72 184
51 15
13 173
55 154
64 130
19 165
41 191
98 26
23 176
17 138
89 177
84 190
85 26
100 56
40 135
84 43
61 33
82 70
38 44
24 122
39 59
48 14
24 30
47 60
91 138
48 144
99 141
17 101
57 175
97 94
94 13
15 71
85 20
71 55
93 190
67 62
71 96
91 110
66 108
92 134
63 169
15 194
25 53
97 110
83 84
76 193
90 166
83 159
84 39
49 73
38 192
60 88
91 13
64 24
41 170
29 191
48 68
17 92
100 121
89 173
23 61
20 127
98 50
93 23
46 110
73 119
27 34
89 31
72 39
26 183
61 15
23 12
32 179
62 197
52 130
30 139
67 155
85 198
87 140
61 96
89 141
76 184
55 56
76 46
33 71
100 149
54 192
46 184
61 67
24 92
10 170
84 168
39 107
84 141
25 50
28 129
30 86
72 190
21 116
17 82
55 54
82 97
47 172
38 59
78 103
26 47
50 14
61 17
48 22
21 169
95 29
29 88
86 199
52 80
91 125
96 157
84 194
98 57
58 167
81 26
94 91
30 153
76 90
39 28
42 152
39 177
96 106
68 119
11 154
96 84
49 184
54 68
84 127
52 165
56 21
30 174
99 65
100 20
47 130
51 69
96 47
86 96
92 144
90 92
79 69
65 187
92 50
50 73
76 159
70 82
95 39
34 95
56 25
68 83
25 177
89 69
52 53
29 180
80 13
54 105
19 102
39 136
81 135
75 131
52 58
95 85
87 123
93 26
14 118
89 104
49 85
58 131
67 140
88 136
11 46
20 36
13 143
20 102
100 184
56 182
83 100
13 141
31 80
28 173
36 122
19 127
100 83
29 168
97 10
28 178
65 155
71 196
95 20
68 186
82 163
61 56
81 77
50 75
78 188
91 180
91 179
42 127
46 175
72 97
30 18
93 42
44 122
69 103
97 147
49 147
67 121
59 184
28 34
11 157
83 139
25 165
72 63
79 191
71 29
50 33
56 196
93 44
22 115
100 93
51 91
14 182
11 76
54 189
25 44
95 134
11 81
34 112
30 10
44 184
70 11
63 79
44 94
86 157
70 93
28 103
87 123
82 175
49 71
34 111
45 131
24 122
92 176
35 180
68 170
30 49
17 193
32 189
91 96
60 129
56 60
35 175
27 150
84 14
96 156
29 161
89 193
56 132
99 150
19 19
14 74
19 111
75 19
79 187
50 109
42 105
33 158
38 153
91 72
70 163
82 94
97 126
50 48
67 98
87 158
68 150
14 177
82 132
18 193
24 134
15 54
17 82
77 130
96 132
73 14
69 19
18 38
40 197
71 13
59 108
36 45
28 14
57 130
36 51
77 76
77 67
60 36
36 145
99 187
73 170
51 13
95 110
60 157
33 151
48 67
94 142
25 106
69 158
38 127
90 169
62 28
86 157
66 188
27 53
97 20
51 17
84 44
22 76
33 89
80 172
44 75
99 70
11 104
47 49
79 70
97 66
56 66
31 154
20 136
93 70
37 41
71 182
96 15
17 88
45 97
52 62
77 186
17 199
34 162
34 153
80 55
59 132
29 53
64 198
27 82
63 148
69 156
82 11
32 30
45 100
92 183
25 145
55 96
27 100
76 180
45 100
35 61
98 180
37 129
10 105
33 88
79 158
49 25
19 49
11 92
55 197
96 112
78 86
93 83
82 76
100 28
78 131
74 41
96 26
90 154
71 14
22 39
31 97
62 165
50 134
86 96
19 164
28 70
84 27
45 47
43 48
45 104
85 200
11 146
35 117
94 12
30 130
99 104
47 108
82 197
23 158
45 183
64 113
35 14
37 38
66 45
30 150
97 112
35 96
66 18
52 146
18 167
81 74
77 136
67 173
31 35
42 47
82 95
83 82
43 123
94 185
43 31
25 119
99 127
91 11
63 60
76 190
31 43
78 109
92 35
19 124
94 32
42 69
46 154
98 61
87 73
57 78
85 45
76 70
38 45
10 141
62 17
62 156
49 15
44 42
53 157
70 113
20 160
74 163
42 157
15 32
25 124
65 158
51 110
45 144
59 111
70 84
75 58
21 181
40 116
34 115
79 21
82 96
21 43
62 127
80 115
34 63
84 72
57 188
82 81
13 160
91 81
69 122
75 96
41 13
51 159
51 118
21 180
72 185
41 105
38 34
54 104
68 70
68 141
62 12
33 32
98 194
92 50
78 53
99 39
35 159
91 186
86 32
62 102
51 10
97 162
30 38
58 156
78 97
29 190
83 108
95 83
65 158
45 38
69 80
31 78
62 98
33 128
39 72
20 149
58 70
76 119
58 19
84 18
66 160
28 26
18 40
27 182
24 66
86 19
75 121
40 19
81 185
37 151
65 200
16 141
18 53
54 181
31 145
17 11
94 18
89 15
10 162
91 58
85 50
62 198
82 189
87 22
18 165
35 50
78 107
48 78
76 61
68 56
83 90
47 144
64 119
40 181
96 180
43 142
97 139
39 33
49 168
57 121
56 30
83 140
76 142
73 121
77 131
65 20
32 67
89 153
91 103
68 100
49 14
66 123
21 193
95 92
37 12
71 135
33 187
69 194
37 126
67 143
89 124
26 90
86 107
60 11
32 19
62 125
81 155
34 179
93 36
15 128
32 118
28 106
28 171
71 31
45 57
22 166
75 140
97 174
42 131
36 112
91 98
53 176
86 118
26 20
21 68
60 26
60 43
52 101
82 65
51 123
66 131
12 104
55 177
53 172
72 74
31 69
48 154
51 35
67 41
65 58
52 26
75 119
19 40
97 108
55 155
16 28
64 130
67 189
33 22
75 34
15 65
75 92
33 149
40 101
45 197
31 124
35 67
52 116
38 74
88 36
49 65
19 125
28 21
91 134
12 95
64 175
24 51
24 180
53 27
92 46
11 72
38 79
35 45
34 71
44 52
100 150
69 17
11 136
48 53
92 73
74 28
20 131
46 126
52 125
95 11
94 200
73 142
49 25
