10000 500 10 200 10 100
75 182
10 116
13 123
83 121
16 155
40 68
13 71
32 118
55 167
19 63
46 178
29 27
17 115
27 23
42 63
57 162
38 146
49 68
54 189
39 121
21 55
67 27
31 152
33 48
83 191
67 44
77 169
68 139
47 67
98 135
12 27
49 198
28 16
35 74
35 66
86 161
86 16
78 72
57 157
82 98
97 33
39 136
50 60
19 118
44 47
83 81
78 13
93 49
36 178
31 58
44 120
61 190
21 40
90 151
55 161
24 156
36 24
77 28
49 178
26 13
74 31
45 79
84 196
47 88
18 54
87 39
37 167
36 156
92 101
69 36
87 167
51 89
36 117
53 99
31 65
75 130
85 198
99 133
65 162
94 19
29 168
79 22
44 110
94 152
30 96
89 84
100 182
46 87
21 91
64 13
75 99
53 54
29 155
43 132
50 40
73 165
32 11
79 154
73 167
18 156
88 127
26 137
90 45
76 28
68 20
96 94
48 178
17 48
53 158
67 91
93 134
78 17
99 53
44 112
45 109
27 95
11 119
36 157
75 67
55 81
57 50
91 30
15 147
25 193
64 60
30 136
22 172
71 185
71 147
44 57
73 154
92 103
74 185
82 27
82 78
98 163
95 106
87 180
12 94
75 191
85 99
76 172
19 90
33 107
30 52
86 103
45 117
84 90
57 99
74 18
55 48
30 129
23 197
66 18
18 101
99 57
51 146
15 82
37 175
95 61
59 155
13 43
74 173
82 16
69 74
76 82
81 17
80 79
28 130
35 117
38 130
46 42
62 13
93 101
80 92
100 25
30 128
48 174
16 48
40 184
39 48
89 24
64 109
12 104
66 193
73 80
24 196
89 187
23 47
28 199
85 61
85 41
47 138
24 101
70 16
28 88
60 183
17 122
91 17
60 141
63 57
29 143
57 167
16 95
16 60
27 199
69 150
22 133
14 66
22 63
81 151
72 139
64 65
72 45
68 98
81 93
33 40
62 41
72 198
13 75
19 40
85 33
49 126
63 67
87 33
81 98
33 105
24 129
11 108
58 53
87 184
90 163
93 14
53 63
36 141
58 103
94 24
93 172
93 127
11 187
47 25
62 124
51 110
20 80
79 61
20 35
23 103
75 80
68 34
32 131
37 83
18 179
76 195
79 80
19 55
63 92
25 163
80 180
54 103
71 103
37 48
52 41
98 160
19 69
98 66
76 193
75 68
71 58
48 187
34 26
82 38
30 101
65 158
25 86
69 196
58 79
84 150
100 174
80 21
100 137
14 55
81 38
77 143
83 40
53 79
52 183
20 198
85 143
88 199
100 59
12 50
68 59
20 39
29 143
40 109
83 162
75 51
76 110
30 119
82 157
82 17
24 139
58 45
29 183
24 121
71 80
39 182
28 195
97 196
93 105
84 37
33 80
18 99
62 105
20 142
28 70
30 192
46 176
94 102
94 135
46 21
51 27
93 178
79 57
71 170
78 98
26 61
28 118
63 192
27 10
76 75
27 125
78 91
91 136
81 80
59 28
10 96
18 106
87 79
45 67
38 148
27 67
40 167
79 170
78 188
28 112
95 83
66 162
61 150
59 170
56 179
75 155
72 76
12 182
50 56
68 15
78 48
31 192
83 68
64 185
22 174
66 174
81 167
41 42
94 54
36 180
62 42
59 142
46 37
81 75
62 15
26 76
86 186
10 80
28 71
81 166
62 25
10 134
48 96
37 142
48 21
98 17
26 98
86 175
33 93
65 29
67 164
78 164
45 27
36 68
58 119
57 188
70 185
69 139
68 110
11 42
75 45
69 187
71 188
70 102
74 54
43 23
31 82
100 200
15 20
83 200
96 113
90 107
66 130
89 168
71 160
40 195
15 71
90 171
16 164
88 173
46 37
38 46
57 163
88 198
26 125
42 145
26 37
57 147
97 131
15 40
90 158
13 106
61 36
88 98
15 161
64 28
21 78
72 118
83 122
47 56
83 156
91 96
27 87
80 184
84 191
44 98
47 69
84 188
94 92
82 107
63 191
12 84
54 180
97 143
50 130
51 159
39 33
84 90
80 88
32 140
12 108
52 48
30 96
10 83
23 133
38 75
43 105
14 13
32 141
76 197
97 156
58 168
22 31
44 133
58 142
34 200
13 165
26 59
27 94
64 39
24 112
71 162
86 74
44 134
38 132
97 75
90 128
77 111
48 111
73 80
57 150
19 135
35 160
47 165
14 138
47 115
92 141
76 99
45 63
65 42
45 196
23 116
68 184
53 94
27 104
66 181
39 87
88 179
64 121
71 113
34 181
50 119
41 115
19 171
51 61
28 197
89 131
74 22
48 173
80 30
60 93
55 163
73 137
16 38
29 128
58 149
64 180
86 96
39 118
50 84
86 68
65 68
26 14
48 125
73 200
45 74
25 167
37 83
86 42
41 26
91 74
75 135
12 76
12 139
17 86
20 197
37 93
31 154
84 179
16 95
12 66
95 113
58 60
31 170
46 120
64 74
13 194
81 59
51 28
100 75
16 54
69 91
65 169
87 77
75 157
58 147
61 164
20 67
54 68
14 105
94 65
26 36
60 190
29 140
60 117
76 156
92 119
63 119
87 104
57 57
95 169
54 95
74 75
80 145
96 32
17 176
69 41
65 159
100 110
45 82
66 147
79 200
72 97
66 187
80 126
36 94
81 59
100 48
44 176
71 101
26 54
98 107
27 100
29 172
63 198
40 26
93 125
38 52
13 177
22 55
70 94
37 18
83 163
94 111
70 82
73 157
22 121
88 55
12 141
19 20
34 114
84 103
75 95
81 94
69 197
40 186
58 122
95 77
58 93
20 65
69 54
29 114
32 98
73 198
40 29
91 20
11 110
44 183
12 102
70 89
33 37
80 10
68 112
75 77
25 98
59 182
84 166
81 128
11 98
95 136
53 178
21 71
75 102
84 104
86 142
66 114
16 79
17 139
73 12
69 197
84 160
35 63
22 73
36 10
23 151
71 99
31 125
73 14
91 35
91 64
26 113
11 157
17 82
23 162
54 145
32 28
63 159
20 72
80 107
51 14
84 51
21 175
56 85
28 36
94 131
39 120
81 80
96 47
66 14
31 81
53 180
63 96
27 193
43 12
19 52
53 168
95 154
25 103
11 165
13 182
14 63
31 151
90 189
89 85
51 19
27 164
80 77
63 170
52 17
57 12
43 10
72 188
63 156
96 13
83 41
23 36
58 107
34 48
78 166
92 87
86 123
76 185
51 122
25 103
89 147
17 32
34 118
22 122
82 100
15 14
33 153
50 68
79 18
27 166
50 51
38 170
43 115
17 198
96 151
76 178
21 48
69 66
79 19
87 51
52 125
24 105
36 87
18 149
55 90
78 90
60 179
47 140
18 56
76 142
94 59
51 115
51 141
68 97
54 171
98 102
99 38
33 15
93 181
55 53
83 68
59 23
91 35
34 152
67 112
67 99
30 56
82 101
81 28
18 180
56 171
83 127
43 99
58 135
63 86
37 162
89 132
40 55
45 194
42 81
80 135
78 109
69 26
88 190
25 19
36 54
27 72
42 200
77 103
50 62
57 133
91 188
79 63
41 64
47 61
41 173
88 126
43 189
86 103
22 199
43 146
35 136
20 23
74 191
21 113
43 138
16 109
83 144
17 180
25 40
13 155
51 48
29 128
28 44
31 35
68 176
42 108
77 10
78 90
57 81
64 64
73 81
40 178
19 146
32 22
19 40
44 54
44 90
98 126
84 23
55 11
45 144
62 144
94 73
62 156
44 91
56 175
13 194
78 177
88 130
63 159
53 199
56 60
40 196
11 56
34 171
83 50
97 178
44 79
90 82
56 16
38 65
56 125
52 154
16 18
87 133
89 65
84 22
25 62
14 134
54 69
90 178
24 39
87 137
93 50
16 154
25 194
13 81
76 66
58 62
47 130
32 85
74 159
33 143
45 127
32 142
82 171
79 118
60 96
16 130
21 107
54 36
58 114
61 62
12 153
86 88
53 143
38 110
76 83
31 113
51 119
64 17
27 185
82 132
24 23
83 60
64 157
26 42
47 14
25 83
49 53
14 83
18 147
34 87
56 57
21 50
62 87
46 98
71 195
73 165
31 103
74 150
45 123
23 163
84 98
47 106
93 51
77 149
84 16
10 60
55 69
53 51
50 170
12 17
69 181
59 194
47 18
93 155
93 147
81 79
61 198
98 29
70 199
16 57
37 24
100 89
82 28
15 29
41 91
96 175
99 30
71 189
57 133
82 181
85 105
24 135
80 100
14 162
11 143
19 146
44 159
73 40
24 177
64 18
85 130
73 173
30 173
83 200
59 148
25 196
79 104
96 166
30 128
78 114
37 179
22 49
59 107
49 158
63 173
45 185
26 171
48 73
13 139
77 91
47 117
22 173
11 81
91 15
70 109
16 113
18 22
30 68
13 75
57 46
90 182
68 184
63 199
68 138
89 163
45 67
90 148
67 113
27 191
75 49
43 80
47 30
100 125
35 55
90 126
32 82
36 133
10 80
21 134
18 90
12 57
51 20
63 199
45 45
83 84
29 110
54 57
83 112
50 40
73 184
15 70
35 85
11 121
84 146
94 16
39 16
61 195
14 80
14 183
56 13
77 20
28 86
58 86
37 61
35 167
91 117
57 100
36 96
13 22
88 130
28 89
20 105
22 175
56 97
81 112
30 89
57 34
41 11
67 197
29 71
67 118
86 65
51 22
89 71
48 183
69 76
18 128
98 188
19 167
64 125
35 197
64 22
13 22
50 175
62 97
78 25
96 44
22 44
38 31
55 104
39 96
95 118
18 162
84 182
62 10
71 197
49 154
86 49
83 75
75 197
21 81
80 19
69 114
17 15
55 193
90 182
38 100
84 146
94 47
26 11
32 76
59 88
39 59
76 18
32 184
19 151
55 70
14 23
44 57
38 152
36 172
36 149
65 75
63 167
95 64
67 24
83 187
50 173
22 50
87 12
28 38
41 132
85 134
13 93
19 186
72 51
22 20
62 71
71 128
52 62
20 26
98 157
50 191
68 91
25 131
22 87
12 89
33 57
52 176
70 25
48 50
60 183
92 101
53 180
53 103
98 32
66 130
73 166
42 129
84 152
47 184
17 18
13 90
90 107
47 48
70 91
16 33
98 161
59 139
41 142
99 193
82 194
33 187
87 43
47 37
40 165
66 66
86 104
95 59
78 77
51 146
25 29
84 53
73 92
25 141
61 66
95 63
95 56
49 40
64 156
13 117
32 121
57 115
92 184
100 25
45 127
33 40
25 151
35 148
29 86
17 132
81 44
75 22
46 34
18 44
62 153
19 144
45 145
54 88
71 87
22 10
21 108
66 173
31 113
40 135
59 52
83 174
65 72
68 19
33 60
27 120
14 25
85 76
57 155
39 132
100 100
33 68
66 162
100 78
98 194
37 128
93 90
11 144
30 86
75 70
62 50
18 183
83 65
69 69
85 55
19 96
28 144
57 165
49 37
70 22
11 66
18 88
33 40
14 119
59 51
76 96
34 182
39 191
77 148
25 122
21 72
62 160
31 183
76 133
45 178
32 84
22 129
57 10
29 37
51 120
93 142
88 13
64 128
13 13
41 75
72 112
17 155
99 188
21 38
24 22
37 109
56 70
93 79
48 19
26 10
90 28
32 178
52 87
74 25
43 24
75 59
38 71
91 18
73 15
27 191
58 73
49 113
57 149
32 193
15 133
46 152
20 179
52 173
18 78
71 21
10 121
56 17
80 117
28 40
11 105
55 140
53 164
80 100
88 79
94 114
67 151
68 174
61 16
56 38
52 155
74 189
79 154
81 80
28 65
64 15
60 175
43 150
66 41
65 71
41 154
63 155
14 62
55 77
40 96
88 165
81 189
88 139
43 194
70 35
46 162
81 40
59 28
62 95
53 52
84 13
92 153
99 144
68 109
23 95
17 137
97 67
78 56
63 68
68 57
72 120
73 167
99 167
83 152
62 88
94 18
35 43
46 94
43 188
41 187
27 18
74 175
53 70
60 115
25 92
92 86
84 25
55 174
66 59
59 65
79 163
81 50
90 78
92 194
46 170
42 181
33 146
40 120
19 29
82 178
71 40
37 135
17 128
53 59
90 99
72 136
71 31
36 78
85 154
46 198
12 94
83 167
100 176
11 67
66 133
60 107
72 121
97 18
33 15
70 47
69 24
44 177
46 192
53 178
50 159
50 134
84 174
78 103
99 177
56 167
24 27
53 71
56 148
82 29
52 180
18 78
99 104
13 61
39 164
27 84
62 35
48 186
16 108
83 171
20 71
85 36
97 53
36 69
39 189
48 166
39 20
72 184
62 154
89 31
48 74
86 61
90 157
62 142
11 147
80 182
35 92
99 139
54 127
92 126
60 130
82 126
49 190
43 97
82 167
54 60
92 90
45 173
26 169
57 123
95 70
39 167
91 134
69 87
25 125
81 18
89 159
81 37
69 65
91 91
45 87
32 127
91 73
34 34
27 58
33 192
70 73
96 92
16 63
58 100
23 47
23 76
54 63
56 167
70 72
25 15
98 20
58 159
30 54
94 137
79 130
23 41
96 108
25 42
35 115
86 183
65 61
66 170
18 197
84 76
21 15
10 60
62 14
59 120
20 22
83 172
85 28
54 200
67 148
44 109
96 185
93 36
82 184
68 194
33 154
86 91
12 185
15 196
23 193
100 90
32 15
39 191
95 108
87 194
15 53
70 130
14 15
24 117
74 195
93 191
50 45
58 128
43 66
33 18
44 82
43 85
31 194
74 155
18 66
93 168
44 72
41 181
78 96
51 110
92 73
65 60
92 24
47 128
40 145
81 129
56 77
40 148
49 101
18 183
81 72
88 110
26 69
80 33
37 31
62 68
43 76
23 24
39 140
22 183
84 99
97 145
33 159
33 80
57 185
46 38
97 35
68 12
15 71
70 71
47 34
24 31
47 113
31 35
50 200
62 171
90 163
81 108
11 198
48 170
45 63
11 82
71 157
17 25
33 176
35 155
98 59
67 123
93 42
37 36
85 177
83 152
10 134
50 59
30 81
22 179
35 70
60 65
46 179
52 89
97 180
55 176
42 40
54 22
27 89
47 104
34 88
39 26
46 148
90 188
83 139
84 197
25 70
31 47
26 155
46 23
13 181
32 184
29 153
87 83
21 87
11 120
15 75
32 31
35 77
70 85
23 27
79 36
67 156
15 147
90 21
59 65
58 194
54 34
21 66
94 31
26 127
30 152
51 121
90 35
27 12
47 25
30 36
85 129
79 158
33 113
57 58
23 183
44 37
62 40
61 157
94 102
67 24
79 74
28 26
47 167
45 75
92 92
63 54
68 82
82 131
25 193
54 196
23 95
21 34
96 160
84 30
29 63
65 127
22 23
83 91
45 14
60 183
99 57
66 152
70 82
75 180
93 104
39 92
69 30
43 157
76 96
15 85
85 44
55 119
69 166
35 81
18 200
57 110
60 134
91 52
76 177
67 123
100 197
36 134
100 120
85 72
13 90
86 198
22 170
64 24
31 181
11 148
37 193
10 59
33 153
70 175
18 122
30 75
49 101
38 10
42 112
39 69
65 40
12 137
17 47
74 178
18 90
32 29
49 27
85 51
76 191
34 165
61 156
17 97
26 83
64 110
20 182
74 198
70 100
31 65
96 128
69 198
87 11
11 111
76 117
61 64
20 20
51 86
55 102
33 65
56 91
100 159
42 199
57 128
50 111
96 78
90 46
12 68
72 115
27 132
70 165
89 173
25 58
51 185
51 52
58 147
24 36
26 27
84 83
38 145
68 149
32 66
68 111
49 99
17 138
76 68
44 60
58 99
20 111
100 79
90 124
20 109
67 143
41 28
26 137
37 52
19 199
57 114
100 77
15 124
24 55
48 106
62 66
34 34
20 101
86 143
43 141
31 17
49 42
67 142
84 21
65 76
70 136
69 140
70 14
94 38
72 110
59 198
90 174
58 156
32 190
26 154
92 183
81 56
99 40
58 37
22 194
38 104
50 104
68 176
88 140
57 32
18 182
45 38
14 116
24 72
52 103
54 57
78 199
91 165
89 113
21 102
78 116
46 57
10 61
91 184
82 57
64 84
32 79
14 15
72 117
25 113
21 115
74 138
20 85
82 164
30 138
26 116
59 104
42 108
82 38
27 21
87 141
70 137
96 29
99 27
18 63
44 190
46 111
89 125
72 95
72 197
79 187
16 99
12 141
67 67
34 131
64 98
27 186
47 104
23 20
80 184
22 72
67 63
31 166
31 12
78 88
11 83
43 155
11 178
18 21
29 107
52 135
71 36
69 51
82 168
15 94
66 147
92 168
57 172
78 31
86 14
34 195
65 28
20 103
66 87
88 61
78 101
30 11
98 127
72 100
87 126
21 67
22 14
91 137
42 10
100 172
77 112
30 136
17 181
24 125
75 188
20 96
40 184
54 36
99 161
87 195
57 175
53 23
27 107
54 176
65 131
93 133
57 180
89 162
15 164
53 49
13 105
86 82
19 53
88 42
73 77
18 134
89 131
14 51
20 98
27 156
81 17
32 60
85 191
54 169
77 163
86 148
76 165
77 21
28 149
18 43
55 101
73 88
57 115
11 80
14 190
96 52
91 157
76 37
93 179
44 145
43 56
12 51
17 112
57 72
60 127
79 98
99 94
10 92
44 149
76 54
83 18
87 179
16 41
27 179
98 76
30 194
44 15
12 177
29 163
40 191
77 143
47 129
23 86
47 57
66 195
22 185
64 19
92 44
77 21
31 126
87 135
68 31
92 30
88 102
82 45
52 72
90 23
13 58
53 56
76 147
79 29
36 97
12 138
66 123
90 143
16 80
19 12
22 62
97 120
74 14
27 111
52 198
31 112
35 45
58 174
62 29
69 179
87 74
69 69
13 108
56 80
50 146
100 122
65 104
61 26
90 39
71 197
10 50
50 105
82 87
53 111
88 114
84 67
99 26
80 187
63 194
37 146
91 160
27 180
48 121
64 162
73 122
69 200
42 88
62 70
69 194
19 93
42 104
47 106
62 98
96 88
15 171
44 52
76 114
67 15
93 27
51 28
17 169
93 123
44 165
25 64
76 29
77 108
44 119
65 64
94 119
73 142
64 20
57 63
68 36
16 23
98 79
79 36
84 103
17 137
42 176
11 47
20 161
95 139
54 150
12 130
37 10
99 191
82 98
29 178
86 135
79 190
10 55
13 95
45 17
28 37
97 22
10 199
60 20
23 96
55 196
68 71
53 108
35 16
38 149
53 141
43 28
76 131
43 189
44 65
16 46
18 10
45 157
72 75
13 11
25 192
26 198
56 193
13 158
57 144
89 35
72 11
86 80
82 161
80 169
59 109
40 108
52 129
93 152
33 97
25 199
71 150
85 163
65 145
61 184
83 47
75 17
87 107
91 45
95 168
83 105
74 84
37 198
51 110
56 50
42 146
39 107
67 67
45 81
65 32
96 112
61 118
91 174
47 28
69 103
68 66
12 84
82 53
74 164
76 95
23 194
54 75
36 171
28 12
95 155
47 128
83 138
78 198
62 81
71 163
73 55
53 25
87 158
68 53
73 44
42 148
67 191
54 172
60 166
43 56
18 52
45 30
41 63
27 134
53 87
77 130
80 115
91 82
16 36
79 15
17 107
28 141
60 187
83 102
99 108
65 94
59 143
24 151
38 176
83 152
46 170
97 16
96 48
98 169
62 57
44 178
13 149
60 117
89 52
36 109
76 178
73 121
70 150
24 160
100 189
96 10
72 35
24 86
96 117
32 182
51 50
98 162
45 100
33 145
16 108
36 114
67 111
70 71
67 140
51 199
97 175
10 108
55 36
52 117
90 60
24 152
93 80
10 132
32 35
24 133
100 164
74 84
67 93
20 148
43 18
52 172
24 144
23 13
84 108
72 157
92 41
83 102
98 65
76 124
32 122
21 66
57 93
52 195
44 128
63 29
39 109
69 140
74 92
75 65
10 86
100 192
87 142
39 71
27 138
67 130
58 40
34 11
79 170
82 120
91 159
15 55
66 152
90 131
72 151
12 77
65 198
27 187
100 195
88 180
24 63
28 35
48 140
76 82
82 53
92 28
18 153
19 68
87 59
66 159
26 197
84 57
86 137
85 177
20 112
64 107
80 110
59 123
51 12
98 192
99 18
22 79
49 106
97 86
83 170
48 176
46 114
43 12
86 109
32 194
54 180
83 50
47 75
51 172
28 11
38 167
92 195
49 192
88 25
83 76
60 133
86 194
52 117
43 109
64 198
86 79
67 45
94 109
62 126
56 31
10 64
23 158
50 54
48 171
98 47
77 76
14 132
16 38
99 109
100 108
31 82
32 126
15 140
55 70
23 170
64 13
10 100
31 127
38 131
94 13
54 156
100 182
87 182
31 149
71 21
100 40
15 55
43 53
63 34
95 94
52 26
16 72
88 102
56 82
61 107
68 44
73 198
25 163
89 100
60 113
30 179
68 25
60 144
62 63
88 25
53 184
30 88
45 191
87 65
50 35
93 169
14 47
91 151
95 20
83 132
54 174
30 110
91 156
21 101
94 43
79 178
55 169
58 116
33 67
97 53
45 155
97 196
72 53
87 22
82 39
74 198
35 54
47 45
38 173
85 40
75 95
30 76
26 94
36 43
76 174
39 65
75 142
24 142
39 71
66 69
86 98
46 147
50 17
90 164
59 161
62 39
91 32
32 130
77 108
19 89
44 115
26 32
90 48
72 62
20 118
93 32
83 31
16 192
92 195
10 62
33 192
90 32
24 18
84 152
33 159
97 42
57 50
93 142
33 49
82 42
54 159
93 39
28 76
59 62
21 198
23 47
93 196
21 34
42 64
61 165
50 81
49 131
49 82
22 32
95 110
69 122
30 140
74 114
77 194
22 98
100 80
32 10
18 25
61 123
91 53
69 136
31 105
16 68
11 151
96 142
76 166
97 185
42 58
62 132
73 64
97 63
79 176
26 31
79 132
91 136
52 53
80 143
83 150
98 169
69 112
96 194
74 38
57 194
79 77
23 149
62 167
77 87
56 109
82 199
87 73
20 58
85 27
29 86
40 23
68 88
35 29
22 193
72 59
13 178
95 134
54 79
54 172
14 108
94 85
50 154
20 84
89 64
14 24
79 89
50 59
22 198
25 70
37 169
57 29
90 89
75 94
79 119
44 135
44 179
68 167
34 157
98 155
36 186
84 194
62 51
67 85
99 186
62 81
69 86
30 122
40 75
18 144
39 114
91 54
80 87
56 45
90 105
80 76
18 13
46 178
86 178
61 136
84 29
37 139
11 129
64 113
31 132
13 31
78 146
86 150
32 86
78 87
48 198
90 93
73 88
98 98
91 167
60 49
88 39
80 134
60 105
46 175
31 136
94 94
60 71
20 125
73 73
56 171
99 30
85 92
87 168
83 185
93 34
13 141
45 77
85 43
96 132
92 199
33 57
43 160
80 148
81 130
57 130
81 102
51 198
80 79
100 16
30 121
21 152
89 94
33 170
68 191
57 10
63 181
24 125
80 187
65 68
100 105
67 59
30 181
98 34
99 66
24 156
15 71
16 82
45 149
29 147
75 166
41 194
74 194
86 130
12 11
30 161
25 29
82 125
59 89
98 81
39 10
39 165
10 179
91 69
38 133
64 131
12 175
57 87
67 41
46 192
46 49
33 161
16 185
22 90
47 77
76 61
30 64
36 183
13 106
82 34
52 80
60 148
57 101
47 66
49 86
45 18
12 32
25 36
90 98
74 123
100 122
28 87
16 42
67 83
87 133
13 167
10 83
100 101
70 184
87 128
83 36
73 15
15 149
94 108
78 170
84 34
32 47
60 110
18 170
11 40
27 111
50 149
31 155
91 158
49 28
63 197
61 65
16 125
77 65
24 72
83 97
85 160
63 28
60 35
23 74
83 135
28 84
75 181
35 167
41 189
96 67
59 60
46 18
94 148
82 51
31 141
32 128
86 115
13 160
74 178
59 49
37 51
96 39
81 196
85 183
20 11
31 190
16 184
52 58
44 114
71 162
68 102
33 145
41 79
15 191
70 193
78 181
59 197
25 88
19 14
13 197
60 109
15 88
18 37
29 66
98 78
70 40
99 151
35 199
100 145
61 98
22 72
83 193
27 109
26 82
24 140
19 162
70 109
93 175
89 198
84 121
27 103
67 89
27 170
73 95
50 119
49 72
79 82
12 50
45 135
86 137
10 44
49 180
35 159
65 101
70 38
62 75
19 185
30 175
38 84
15 89
42 73
56 196
38 15
70 169
76 11
86 81
66 24
62 179
30 57
68 151
29 112
94 16
11 44
81 71
32 93
70 154
94 101
38 166
36 38
95 90
15 60
94 97
69 42
79 69
36 166
95 166
28 78
100 164
28 28
76 51
28 197
69 133
78 188
43 46
95 32
32 77
34 109
88 169
35 60
61 53
28 68
32 115
98 55
83 69
27 146
29 28
21 148
20 82
85 48
56 196
60 67
95 187
58 58
94 129
27 13
60 168
64 33
45 28
29 194
39 164
93 40
44 125
46 154
56 179
23 115
25 106
43 68
21 160
18 68
36 89
76 104
71 176
30 172
53 27
13 124
48 148
95 16
26 198
53 90
24 175
90 172
57 20
12 163
77 189
89 102
10 136
89 168
94 166
94 127
21 126
83 18
18 48
59 179
70 175
59 64
85 129
40 29
35 86
62 153
16 55
14 186
15 93
95 114
66 113
99 64
47 102
90 145
20 108
43 28
13 13
27 53
57 130
83 115
53 97
84 124
48 156
83 145
98 83
69 142
27 110
57 46
65 89
72 186
48 104
18 91
23 131
55 83
100 28
15 88
89 77
28 102
56 133
97 94
77 117
33 193
85 52
20 72
80 19
78 161
67 106
31 64
38 30
66 108
30 147
43 198
76 189
61 68
24 180
39 149
75 199
10 156
42 23
25 46
73 98
92 11
96 93
72 51
51 46
61 173
62 157
96 28
72 113
59 110
67 60
94 200
50 65
72 143
31 196
19 144
97 198
86 130
76 55
24 24
48 163
14 96
87 33
90 108
19 190
61 50
90 88
35 120
66 26
91 64
46 84
44 148
63 187
33 15
94 113
72 145
40 61
94 17
92 144
37 41
48 145
95 48
60 143
47 18
25 63
65 24
91 91
94 40
45 105
99 131
81 88
32 105
25 105
90 66
24 49
72 47
32 191
17 37
48 64
97 135
99 129
23 75
77 177
60 109
50 164
66 110
45 105
95 33
66 139
30 92
27 198
59 14
74 35
84 142
37 120
74 27
58 47
78 80
74 42
62 116
12 62
61 68
14 53
23 11
92 192
66 35
52 66
21 177
98 93
91 24
38 16
60 95
32 168
36 89
82 187
73 26
68 43
47 50
95 18
58 111
20 178
58 20
56 166
42 191
82 148
78 104
50 89
59 30
81 175
31 100
36 104
99 54
43 44
29 44
22 157
76 74
17 81
48 43
74 92
16 138
66 81
64 185
74 74
95 60
61 135
70 54
35 111
43 188
84 35
21 19
56 190
81 159
37 158
26 151
62 68
55 102
32 186
50 121
48 134
66 121
22 143
11 119
74 128
31 20
23 173
15 156
82 103
86 75
68 150
73 145
50 170
64 191
17 144
30 36
64 125
71 135
38 177
39 133
87 195
58 56
92 185
32 150
11 138
46 182
72 106
70 160
53 162
46 51
54 82
69 25
15 68
47 87
81 48
98 139
90 197
31 30
34 18
17 133
24 37
21 76
79 62
24 51
68 198
45 163
80 14
82 121
59 151
44 151
21 60
23 52
12 119
81 80
51 63
24 117
58 140
67 89
70 62
58 37
95 44
11 174
22 22
38 155
65 113
26 195
29 16
76 63
37 130
74 74
25 158
22 138
40 16
100 111
23 147
91 141
66 194
98 73
39 29
65 21
23 166
87 116
37 73
80 141
35 124
59 197
58 16
77 22
68 173
51 104
86 126
15 144
88 170
45 147
55 99
36 142
97 186
27 58
38 26
52 51
13 25
30 42
89 48
11 89
72 20
54 152
48 48
24 56
78 167
68 27
75 195
17 119
16 15
58 61
47 179
23 14
81 15
27 47
39 135
42 64
35 130
74 82
98 166
24 197
63 186
24 187
38 194
25 183
72 116
95 74
90 157
76 110
14 160
92 37
75 95
61 61
72 140
89 183
76 104
61 58
47 24
83 92
22 15
36 60
88 129
18 37
56 47
46 91
77 105
20 112
78 31
14 14
60 118
35 110
59 18
81 102
23 46
88 62
41 79
35 185
99 80
95 104
81 170
30 135
85 126
61 86
29 32
27 152
21 120
67 152
91 64
28 173
82 80
18 186
84 180
41 190
40 34
52 189
83 123
30 89
29 183
99 16
100 76
80 166
31 64
80 158
65 36
96 61
67 29
21 99
10 37
48 80
58 195
67 76
79 36
23 177
30 164
100 44
90 163
39 69
42 183
49 156
33 190
59 138
10 75
57 17
39 137
57 198
48 190
43 69
63 73
77 55
30 50
66 88
35 155
47 51
84 17
81 146
83 57
23 15
63 154
47 69
81 144
42 65
17 174
98 193
85 182
71 117
30 193
42 55
11 186
76 83
28 137
55 22
48 168
10 128
17 62
57 55
42 97
16 194
27 55
36 151
59 77
34 79
50 105
88 37
61 42
90 128
35 195
97 197
29 157
74 105
98 155
79 57
36 103
96 133
15 58
72 197
45 162
97 15
41 22
52 192
63 187
88 67
40 80
60 165
44 199
12 67
34 85
88 194
83 177
67 149
30 31
15 172
51 42
29 94
48 63
37 143
67 47
88 52
62 84
72 165
51 142
54 79
72 180
89 27
40 42
42 12
47 132
96 91
65 174
49 62
49 103
66 120
18 47
65 100
16 21
83 69
28 130
50 24
84 31
98 108
47 197
90 162
93 129
51 158
26 48
22 172
29 58
34 124
84 74
61 82
42 99
27 105
86 100
13 171
59 150
45 198
93 55
96 139
36 32
95 119
89 129
70 54
47 194
62 116
46 12
90 18
72 151
55 164
37 31
79 185
75 78
98 182
65 184
68 96
55 17
42 97
48 117
69 156
59 130
31 20
60 82
89 76
27 154
42 95
17 17
57 190
51 104
65 30
64 114
96 114
64 165
53 78
55 185
49 34
95 117
78 89
81 107
39 43
26 16
32 80
98 51
32 121
88 84
53 54
36 78
60 130
55 12
55 135
40 75
84 123
64 25
96 24
82 179
22 195
75 28
48 52
77 178
74 36
21 147
32 93
45 59
54 101
11 64
17 48
57 16
46 154
15 184
72 188
46 68
48 192
81 100
47 190
56 50
75 194
54 117
85 33
96 121
43 49
91 195
54 147
94 91
21 76
12 134
49 81
29 88
22 122
36 149
20 98
33 149
29 29
45 190
29 76
95 20
53 106
65 46
32 37
14 18
75 45
42 178
54 155
27 53
24 87
79 10
51 34
36 88
96 58
36 118
28 200
94 61
16 133
32 23
33 45
52 62
96 185
38 40
99 138
32 38
24 98
63 21
83 177
52 166
78 20
19 171
62 32
67 138
77 140
23 136
78 195
61 100
11 70
39 140
60 35
75 44
79 196
93 67
44 167
93 51
75 149
16 18
30 87
58 148
79 141
61 45
89 93
46 135
27 109
53 173
53 86
14 101
73 84
100 98
57 33
81 71
20 194
58 164
77 47
92 141
94 185
29 156
26 155
36 51
57 199
74 40
23 53
47 179
54 110
55 21
93 58
85 126
39 173
60 166
66 22
78 40
93 103
95 117
62 120
15 176
26 26
71 24
36 181
79 39
17 134
43 67
76 144
29 77
78 95
36 170
84 160
55 126
10 17
11 154
87 22
87 67
66 179
96 119
82 140
89 72
23 20
15 77
67 134
19 93
29 176
94 148
13 84
96 18
14 127
83 40
84 135
20 190
43 22
59 94
96 79
66 46
32 129
61 65
75 78
86 125
16 32
23 31
44 157
76 41
32 45
56 66
81 12
72 127
89 199
91 19
68 20
57 178
44 181
96 22
41 34
66 124
77 52
19 197
14 198
58 126
60 121
59 56
88 81
53 182
51 14
77 168
53 47
61 153
95 54
21 98
54 146
36 169
20 158
40 18
10 45
14 18
18 160
91 124
83 58
89 132
94 118
58 77
52 110
49 195
28 39
34 76
92 126
55 16
76 52
42 59
90 193
90 87
62 144
74 14
41 150
48 77
26 78
88 66
69 17
30 176
13 164
76 65
31 107
22 185
69 152
36 80
17 124
35 118
59 11
31 103
60 123
41 61
65 136
61 23
17 189
74 33
53 40
69 86
32 193
34 108
53 148
65 111
92 156
83 173
52 16
57 173
90 67
96 142
15 163
41 157
17 166
51 170
70 111
34 176
17 159
46 70
88 82
37 190
17 42
83 60
40 37
25 190
81 79
36 108
46 108
26 58
88 88
13 90
39 94
12 114
65 161
23 172
65 188
85 114
77 145
86 112
23 19
89 109
91 32
98 141
99 136
43 24
43 38
97 34
54 181
72 19
100 156
24 196
52 185
90 16
83 95
51 166
92 41
53 13
71 124
35 36
26 178
54 95
31 188
85 150
11 101
11 131
58 183
28 42
78 79
99 162
100 11
18 90
42 23
90 162
28 59
71 19
99 82
57 64
28 45
22 81
51 185
84 13
92 172
25 178
73 128
82 58
27 89
79 15
69 52
25 61
99 198
31 150
27 187
44 183
73 61
83 179
86 87
76 55
31 70
100 165
68 16
82 161
34 194
98 187
45 198
43 182
24 130
94 96
59 179
41 159
100 132
99 96
79 140
25 133
82 17
19 42
58 132
14 108
14 34
92 184
40 177
45 48
15 139
86 66
83 12
49 146
93 174
84 18
38 26
88 157
76 60
39 47
51 57
87 152
98 83
57 146
29 143
81 200
85 141
51 20
46 101
29 121
18 41
27 31
65 113
73 80
65 42
82 190
61 106
61 13
62 119
48 82
27 155
31 176
11 180
85 60
80 164
94 167
71 143
50 51
24 18
29 40
40 60
49 151
85 13
11 178
34 125
44 26
85 152
15 165
92 178
50 33
21 16
75 157
16 30
70 194
91 141
64 101
53 75
38 21
28 27
92 22
96 70
57 20
54 53
82 165
33 20
32 15
28 30
79 187
75 13
19 122
37 36
11 200
92 86
89 192
32 199
79 66
68 65
77 102
15 95
20 172
80 97
35 166
39 161
33 10
14 154
31 129
68 179
93 125
25 160
85 10
23 164
44 70
53 176
56 170
69 71
49 19
100 140
100 140
94 148
59 85
81 105
93 125
66 175
23 159
28 200
45 114
25 68
22 35
90 179
79 126
34 136
60 50
17 131
79 188
62 163
61 193
70 120
98 185
92 10
71 72
35 124
14 15
85 193
17 47
48 35
86 41
66 142
22 58
21 104
36 164
81 153
68 190
58 116
93 10
93 116
22 159
32 92
68 65
97 48
98 77
78 109
70 78
82 33
70 136
89 37
28 59
100 54
35 96
68 21
60 120
44 12
78 32
15 86
90 192
90 33
100 41
33 20
64 26
67 101
24 15
45 50
77 108
46 125
55 98
30 133
64 129
94 129
84 52
56 60
64 174
22 145
12 59
49 158
68 43
52 49
61 176
78 146
48 196
94 120
81 50
24 122
40 10
92 142
70 77
66 151
45 119
50 77
41 72
29 87
96 104
80 165
75 36
10 175
34 24
32 158
16 181
11 77
54 142
40 98
56 32
10 103
38 134
55 175
56 47
30 123
62 30
24 41
20 41
66 100
18 166
12 132
88 149
41 171
23 39
18 165
85 107
24 68
39 80
44 101
97 138
90 123
26 145
11 37
81 13
89 31
18 197
84 136
21 196
91 79
49 187
21 152
34 122
99 189
20 74
11 174
22 125
83 183
57 72
46 66
14 158
97 65
41 85
34 144
94 141
95 149
78 78
83 63
57 131
82 35
40 152
91 73
36 117
99 157
74 86
90 97
68 123
16 41
28 186
68 99
18 19
72 74
84 181
68 120
89 190
24 173
48 188
35 39
95 112
73 126
67 200
99 74
65 186
49 141
61 124
58 119
49 121
72 63
37 132
80 56
95 162
44 84
62 85
69 96
55 122
77 196
20 33
62 64
96 188
20 33
35 55
79 88
88 146
60 111
43 158
94 42
87 29
33 90
23 73
20 113
87 19
97 127
78 190
88 95
22 175
83 132
67 81
75 39
65 172
86 138
27 141
90 71
32 130
32 107
14 149
30 31
46 140
68 23
37 151
13 150
17 48
50 189
10 134
44 158
66 11
26 56
24 87
13 145
82 90
62 53
86 83
94 18
61 43
62 17
34 174
92 153
14 81
68 152
19 181
33 131
11 196
74 168
18 138
79 111
30 199
38 100
39 71
53 160
10 174
42 110
88 145
28 11
27 24
23 51
13 84
64 31
48 193
47 196
69 145
45 192
73 103
57 46
59 21
56 89
31 184
46 175
74 72
27 187
12 172
81 126
39 52
37 169
35 179
87 19
52 113
45 88
21 92
81 22
18 163
45 131
77 112
28 95
61 124
94 105
92 130
86 185
18 189
23 61
49 139
91 90
48 70
69 101
81 136
83 98
75 37
98 66
25 167
54 157
23 54
56 198
75 81
88 169
70 157
80 58
64 89
62 182
58 150
24 145
33 17
43 175
77 105
66 27
56 13
85 174
75 35
37 32
88 196
32 19
43 41
28 92
34 26
25 112
64 167
74 74
52 133
49 62
10 122
37 120
41 75
80 196
68 85
55 71
48 61
65 55
95 159
58 55
25 31
26 186
28 79
84 37
23 119
14 60
53 12
33 178
69 85
53 20
73 43
81 84
91 174
72 198
81 87
83 174
18 75
93 162
15 39
22 167
61 100
42 31
21 39
51 192
31 25
16 118
55 128
84 165
49 143
10 99
91 58
79 172
46 30
51 88
100 143
33 50
80 114
27 158
46 93
33 79
25 26
40 179
80 10
33 89
32 150
64 15
16 72
38 165
30 131
20 186
42 119
97 129
78 119
28 166
45 100
61 154
44 75
84 104
68 119
58 61
40 14
30 88
18 65
69 180
37 94
75 104
92 22
61 57
85 174
99 177
85 101
97 33
13 105
96 107
50 154
78 82
65 47
96 33
56 33
28 132
96 190
32 164
64 79
18 177
26 55
48 138
83 126
28 156
78 110
74 44
67 43
23 21
12 98
75 25
36 92
57 83
48 195
35 127
26 101
68 160
67 77
96 135
13 80
15 44
37 166
78 87
47 17
41 122
25 178
60 70
61 84
90 162
12 33
28 187
20 12
77 69
54 65
98 115
86 106
17 180
99 50
32 113
38 178
47 174
86 162
58 67
29 199
62 158
24 129
67 145
28 112
29 32
69 51
46 145
82 108
29 62
92 12
41 26
31 190
37 178
91 56
69 39
86 107
59 98
64 175
88 178
76 68
18 118
49 181
52 77
24 199
27 80
39 116
90 34
90 108
46 99
27 112
17 30
53 159
66 43
44 172
52 85
77 42
18 182
85 77
100 144
85 200
31 142
39 132
91 41
53 20
79 15
96 102
73 152
51 187
17 37
99 27
22 63
36 128
16 115
43 137
36 114
87 94
96 95
68 42
23 76
39 78
44 18
78 172
89 74
62 167
85 160
19 35
14 86
80 78
73 192
27 92
40 164
55 172
99 22
92 197
50 99
67 13
18 88
54 111
81 155
56 75
46 104
24 170
81 97
62 23
69 97
14 14
62 103
51 130
52 32
34 47
26 67
92 72
53 48
84 141
69 93
14 151
21 149
18 188
38 11
61 123
65 105
22 170
41 146
76 135
22 70
54 133
18 44
25 115
44 20
47 97
19 82
34 111
86 179
76 88
66 98
73 100
18 172
10 44
12 182
48 107
93 184
16 190
90 55
24 144
47 172
53 11
28 99
40 118
36 200
80 102
58 29
38 156
55 61
68 108
31 33
88 105
23 66
78 78
79 42
37 20
70 74
89 100
74 146
55 107
50 14
17 108
94 21
27 45
37 96
21 127
71 193
34 148
56 160
87 13
57 81
67 195
20 80
67 131
90 125
46 14
100 57
90 196
88 188
58 153
72 27
35 24
31 146
25 90
24 31
28 97
79 173
50 47
93 29
35 112
82 48
74 116
77 50
91 198
50 186
96 134
33 95
16 44
98 132
12 158
88 60
46 76
69 179
72 97
73 147
60 186
31 137
52 124
13 78
79 36
97 115
28 88
22 152
55 62
74 67
84 79
77 85
43 184
32 80
60 83
65 101
12 34
96 14
100 58
50 135
70 158
16 110
84 70
39 179
91 156
85 175
80 196
20 169
60 135
44 60
90 110
45 142
10 54
64 125
56 72
79 29
13 142
13 86
29 11
78 168
62 121
100 181
77 23
34 95
14 42
62 31
84 162
67 119
90 131
48 151
33 137
61 65
27 121
40 102
23 26
35 79
33 34
86 96
61 74
52 61
96 192
76 91
100 66
80 180
25 87
89 32
97 122
93 113
30 49
76 198
94 97
88 45
52 170
43 11
46 135
84 184
52 156
37 123
18 96
21 30
88 76
36 17
11 152
61 73
13 147
81 78
54 159
95 176
95 67
24 14
39 83
89 161
20 84
13 73
85 198
53 186
77 158
19 104
60 134
26 145
22 58
77 136
28 148
41 156
25 133
69 49
16 170
89 66
35 105
99 44
69 44
99 18
46 65
77 145
40 100
76 114
89 124
35 155
77 195
45 98
75 115
99 177
24 181
61 172
96 15
77 53
81 79
100 84
46 186
39 145
68 130
45 56
19 120
43 137
54 177
94 85
46 14
63 19
97 159
26 137
89 39
56 34
85 85
49 64
48 150
76 169
45 79
80 145
99 68
57 168
17 149
33 170
42 147
67 13
25 181
84 91
56 142
90 140
11 68
40 109
32 46
19 130
80 135
75 147
27 189
83 82
71 10
78 134
55 52
58 74
98 99
92 86
34 115
100 78
36 63
75 33
44 76
79 57
89 49
55 70
37 152
41 18
98 14
27 120
70 122
93 123
70 184
36 72
28 46
83 114
64 140
28 42
58 111
38 60
66 105
52 31
75 83
17 198
55 46
94 156
26 124
61 22
70 99
43 48
21 46
21 78
36 110
89 35
90 22
83 14
27 49
11 186
34 108
80 53
97 144
73 145
59 121
99 17
19 63
33 189
20 28
21 97
38 189
100 161
98 50
73 140
34 43
15 33
83 151
91 128
20 97
55 174
50 29
52 49
48 58
97 193
36 116
75 26
34 54
45 149
20 185
99 27
99 56
55 11
14 139
23 135
25 192
48 109
75 134
77 136
81 198
51 102
44 61
88 61
91 139
53 43
94 109
98 185
18 123
36 195
51 137
91 153
34 82
84 182
44 31
92 18
33 67
49 176
58 51
88 66
22 57
65 169
99 173
23 154
68 184
45 191
16 122
91 70
81 25
56 199
87 181
57 110
79 161
39 177
48 134
92 35
74 154
82 159
18 191
95 43
99 104
10 94
83 19
98 18
27 26
41 115
53 67
77 65
63 122
22 51
13 96
24 57
23 91
66 188
55 140
24 77
53 97
20 59
69 158
52 174
78 118
54 24
88 147
15 45
16 133
14 157
48 196
50 112
42 41
100 12
28 141
56 36
56 84
60 155
90 186
64 59
48 38
51 143
18 166
92 87
91 108
34 161
79 70
52 12
79 161
23 94
83 127
31 150
88 26
15 86
46 53
98 171
94 30
89 101
57 113
26 128
40 43
38 137
77 172
82 48
49 165
68 76
26 51
22 114
88 163
97 112
50 146
88 109
58 17
99 196
19 200
15 153
81 54
57 180
41 49
28 191
49 149
64 117
93 125
31 122
56 41
83 115
38 128
57 187
100 23
55 76
50 149
21 76
74 130
41 62
23 94
47 195
62 131
81 75
39 153
13 177
46 42
62 14
19 105
24 138
43 26
81 174
45 76
67 12
76 117
77 188
73 129
14 87
78 115
96 172
12 183
73 95
86 39
77 27
59 111
67 95
22 11
75 137
92 129
83 96
92 46
19 112
37 108
52 91
24 184
38 124
10 31
28 11
88 129
43 37
11 26
38 10
100 11
88 96
97 141
21 41
46 130
14 187
60 153
95 72
58 151
16 102
87 47
97 54
46 166
20 48
93 25
24 10
13 51
100 22
89 143
13 160
94 18
24 99
27 44
43 120
94 21
86 178
91 159
17 45
75 125
92 107
28 189
75 200
34 68
47 21
47 88
100 72
57 160
100 79
48 166
66 200
99 32
38 57
50 30
42 127
79 19
44 106
93 174
81 59
46 162
92 41
67 63
77 179
31 86
69 38
35 68
27 49
93 36
93 93
17 32
20 23
21 65
46 83
81 91
46 92
98 192
63 135
81 70
59 111
33 183
51 40
14 188
62 153
40 41
94 115
41 77
88 116
21 91
72 13
13 142
35 67
98 84
83 31
44 149
60 133
75 114
42 25
32 107
93 160
10 57
63 191
53 23
47 99
37 139
73 142
80 41
58 36
48 22
18 102
88 33
12 114
32 40
58 60
54 141
16 75
90 105
49 156
73 16
22 67
20 192
93 47
45 29
84 182
98 165
29 24
23 108
10 146
83 101
53 97
62 37
44 73
45 72
100 73
48 96
33 66
97 150
65 131
83 189
24 55
93 186
29 184
28 41
15 74
95 148
90 38
34 146
23 151
86 121
39 107
87 187
45 93
94 88
78 150
10 148
20 73
52 107
62 69
75 177
33 135
42 138
41 164
26 65
88 112
83 172
89 35
95 25
15 139
86 175
64 23
38 148
41 76
66 134
12 14
23 134
26 99
27 124
74 145
28 20
45 198
94 109
34 185
19 162
39 70
22 54
60 80
30 183
46 67
47 147
43 69
90 54
32 142
71 63
50 169
74 176
53 78
34 20
18 51
16 197
17 152
94 17
85 85
20 22
79 127
31 57
72 83
35 18
80 68
53 144
47 157
84 24
11 47
30 130
30 27
74 21
71 19
57 23
60 39
92 80
79 59
67 16
49 49
97 168
13 108
28 178
84 52
58 155
36 47
74 167
31 32
47 77
30 50
64 170
25 159
35 79
85 19
97 140
10 122
32 199
96 40
17 128
16 189
80 161
97 178
52 112
54 150
72 85
10 91
34 91
61 137
72 101
14 90
85 47
60 161
71 75
21 43
51 95
97 96
39 79
92 48
73 117
88 12
36 200
50 67
12 177
36 116
62 183
95 130
61 29
71 86
26 125
64 108
79 163
15 108
70 110
52 43
95 156
94 17
80 151
99 111
61 111
72 25
82 22
77 134
37 57
27 147
45 151
37 34
95 91
84 144
92 123
59 61
28 44
34 99
67 177
97 133
19 47
94 171
88 115
87 134
70 136
85 178
11 168
81 21
71 10
22 115
17 176
11 44
94 55
50 47
20 176
41 109
69 162
37 116
58 26
88 60
44 164
86 61
100 62
94 55
47 71
86 197
56 147
97 100
76 39
63 45
100 151
32 49
82 66
78 179
90 49
19 57
16 88
31 200
41 192
39 45
100 58
49 122
81 116
22 19
98 193
59 171
32 20
28 77
94 41
96 193
77 128
70 126
80 169
52 190
32 24
51 67
75 110
95 89
51 43
65 13
81 143
100 192
20 37
32 72
77 114
14 160
49 126
53 68
82 33
92 121
55 126
53 131
49 200
37 72
53 130
92 90
68 70
53 90
72 162
100 178
19 39
71 150
77 45
93 115
88 109
80 149
79 56
24 59
69 133
71 132
97 17
61 169
70 137
60 187
59 33
96 185
62 124
42 82
60 163
13 70
71 66
80 95
68 153
84 180
45 108
64 183
69 167
23 14
99 53
32 191
85 199
78 194
10 130
91 146
60 85
97 176
40 67
87 75
87 58
51 140
77 178
80 93
47 116
37 68
28 153
56 101
94 76
11 117
60 183
16 132
87 90
94 29
59 20
41 33
12 184
29 68
51 128
40 149
55 113
49 46
80 109
39 38
45 54
83 24
33 30
30 115
71 74
15 123
19 72
64 187
83 130
16 60
46 48
74 113
67 36
27 37
34 108
35 154
88 33
43 200
59 135
100 28
94 70
12 126
14 109
41 31
67 200
73 86
47 79
56 41
76 182
13 84
30 125
85 85
100 26
98 44
43 20
42 24
64 25
56 55
27 74
18 154
87 169
49 155
81 94
92 187
69 54
18 198
50 119
76 160
73 10
62 151
86 100
59 134
91 126
34 39
54 99
55 107
78 88
82 149
90 68
68 68
84 26
26 125
32 160
37 135
81 144
27 23
45 49
68 149
44 169
97 177
89 14
83 191
100 178
23 85
53 73
63 192
74 198
23 67
33 45
16 160
92 98
32 44
64 163
25 123
99 13
49 64
80 25
15 143
11 183
30 60
26 160
44 178
24 11
48 180
61 79
67 69
42 134
42 125
59 129
56 72
31 181
98 15
97 171
43 42
85 188
15 52
100 178
91 170
23 108
78 69
47 111
42 166
50 52
37 175
30 172
19 146
95 185
16 193
72 143
90 129
66 183
21 120
61 44
43 160
57 61
64 162
18 168
35 27
70 61
57 11
99 60
58 197
35 142
84 20
67 67
17 35
48 154
14 30
100 57
35 173
58 52
67 69
47 105
78 51
17 100
23 179
54 43
62 16
89 17
40 81
35 179
94 157
45 74
34 142
99 200
54 72
64 92
39 83
30 60
71 143
95 188
60 145
54 140
82 197
19 190
13 64
75 196
33 122
22 40
53 55
32 42
84 103
89 69
50 112
82 121
62 114
94 19
79 151
32 30
97 139
34 46
56 200
77 56
71 145
90 49
26 159
91 129
61 197
75 80
50 129
74 27
49 143
23 112
31 28
40 62
58 187
97 24
79 173
46 151
25 190
26 151
65 71
94 53
49 88
43 40
41 158
54 93
37 106
98 15
30 194
92 125
18 177
44 18
24 53
90 110
33 171
88 13
38 151
29 165
66 192
83 89
32 52
77 49
20 21
70 95
81 133
71 15
65 193
93 102
49 195
90 79
13 105
22 71
75 172
35 127
57 30
37 113
97 32
91 42
57 50
10 91
37 181
80 126
40 131
51 18
16 94
67 133
71 34
68 87
73 51
39 182
63 85
61 156
87 89
83 184
27 159
35 146
18 182
63 133
94 154
97 59
98 94
36 79
95 30
29 137
12 12
13 133
79 33
94 38
32 97
25 85
23 86
57 15
72 135
86 193
76 124
81 169
44 77
57 148
80 24
58 159
35 23
63 170
42 191
48 193
33 20
66 155
30 119
30 198
48 142
73 175
50 63
67 73
77 11
75 49
91 139
92 107
10 110
99 42
11 97
22 30
63 123
33 46
17 179
38 128
21 77
49 198
72 66
98 104
30 124
58 148
20 162
15 58
95 143
69 14
12 136
46 180
76 75
12 111
38 104
91 185
58 152
63 145
100 95
31 118
48 12
56 93
82 131
86 56
27 52
88 125
52 128
48 57
18 143
63 67
61 17
48 60
100 77
55 188
77 42
44 194
17 182
90 29
13 49
28 199
99 169
13 113
93 49
30 133
72 162
10 71
53 108
57 172
66 138
14 159
94 86
74 58
92 60
17 192
54 187
79 55
95 135
56 118
12 162
15 31
76 106
22 135
17 57
34 10
88 87
33 31
93 133
100 51
40 191
42 103
58 54
90 199
18 128
57 28
93 200
11 77
30 175
50 131
100 130
82 61
28 90
32 22
27 195
95 26
54 118
95 16
63 110
17 16
100 120
98 160
79 117
60 46
76 60
17 136
36 98
25 39
19 112
64 43
85 148
10 113
10 21
94 72
95 123
87 171
28 147
86 196
46 10
76 145
98 52
13 83
34 132
40 184
83 197
87 162
32 98
22 54
81 37
12 31
69 37
32 58
91 188
10 37
16 128
65 70
22 118
54 155
49 121
43 105
59 177
15 84
15 196
30 175
86 65
77 195
76 62
58 88
34 117
55 38
87 130
61 58
40 85
99 109
16 163
64 136
77 113
99 35
12 181
47 153
69 70
59 171
39 20
63 185
81 185
57 36
81 154
29 196
76 131
53 79
75 151
100 54
56 67
49 15
44 123
100 126
25 126
100 127
81 167
34 128
86 145
82 109
52 60
94 172
81 74
63 96
33 76
76 122
77 63
38 23
26 106
76 180
12 56
12 10
53 39
61 186
71 104
21 117
96 64
57 157
68 150
47 166
88 36
33 192
53 36
92 86
69 165
63 176
59 16
70 55
19 126
58 41
62 190
73 195
91 57
86 195
55 26
65 87
61 68
23 154
29 126
35 48
36 139
21 145
71 20
67 12
65 73
76 199
10 13
91 128
30 167
65 123
25 125
71 56
34 122
43 121
52 83
58 172
74 25
43 10
68 105
40 15
78 67
29 73
71 29
85 165
13 157
29 168
85 130
21 131
90 45
80 111
40 54
36 173
60 188
10 139
32 197
67 125
62 171
94 146
59 10
77 197
80 62
98 105
11 30
36 55
80 120
49 26
97 59
39 77
44 184
37 194
86 172
28 66
96 106
33 175
52 156
70 129
21 178
86 21
93 80
30 107
81 44
99 176
44 157
86 152
30 80
61 142
32 85
70 37
54 31
36 131
56 26
81 37
80 105
97 23
95 128
60 165
49 66
14 55
49 14
78 174
83 187
91 170
18 157
86 74
17 51
21 198
88 75
84 83
21 118
55 167
60 60
43 197
63 115
99 172
17 71
33 47
14 105
57 140
37 34
92 61
34 29
61 155
21 127
41 108
41 190
92 79
91 27
16 200
52 140
71 73
44 160
11 101
33 139
78 160
18 66
21 61
88 90
17 23
33 87
86 73
88 17
72 137
28 40
47 10
100 151
46 45
27 27
45 18
60 188
81 164
44 200
63 173
64 73
30 140
72 129
14 47
100 168
90 14
17 132
14 42
60 122
13 36
52 34
43 117
23 33
86 87
16 138
42 133
35 66
74 173
31 98
18 188
16 16
64 106
50 28
48 42
36 14
39 100
16 102
96 71
12 131
40 191
99 50
96 114
87 17
46 136
63 140
54 13
68 136
100 106
94 46
70 115
69 196
60 122
88 66
57 87
52 175
25 99
21 21
37 144
96 133
32 168
81 192
80 40
48 80
19 103
97 95
23 32
95 66
93 30
44 150
88 153
36 174
89 161
39 76
100 57
89 173
82 114
61 18
33 113
21 123
56 48
38 66
36 119
58 37
30 88
68 45
40 144
37 104
59 47
44 199
91 21
42 131
17 157
13 113
18 49
36 118
86 65
87 23
49 141
39 113
90 70
94 59
18 10
49 131
49 166
78 153
32 122
82 145
66 44
87 182
63 127
93 36
94 118
59 199
77 112
28 98
11 103
13 198
58 143
76 162
51 79
53 106
26 19
29 91
73 142
19 193
45 16
73 115
98 68
89 194
35 24
57 185
45 82
100 63
65 132
70 145
82 173
42 23
10 135
97 79
30 42
61 179
71 112
20 184
71 198
95 183
69 90
50 195
65 172
76 176
41 94
90 148
22 14
37 91
46 108
49 37
93 76
47 10
50 144
47 192
19 183
33 27
100 163
61 55
76 91
11 81
36 185
46 84
75 32
23 128
60 169
93 114
79 14
31 66
14 121
55 132
63 52
72 188
68 183
43 183
22 85
67 69
88 125
86 58
76 152
36 121
78 153
41 30
76 161
54 149
30 155
19 197
41 51
62 33
67 47
59 119
56 113
27 183
27 165
59 197
28 38
46 80
31 164
69 181
39 198
93 27
76 31
22 170
46 50
31 118
86 53
44 200
95 59
37 15
27 44
86 174
35 141
58 96
98 187
15 50
57 27
67 179
62 146
55 154
16 185
63 94
19 143
86 37
21 97
96 58
99 88
54 46
11 96
42 167
99 30
16 109
44 139
94 129
51 57
57 91
41 188
11 135
34 91
33 143
100 69
91 153
63 44
48 189
62 165
81 56
27 15
69 75
22 64
74 28
27 97
37 18
21 106
61 36
42 148
97 187
67 14
55 176
84 171
47 22
36 185
60 141
30 46
84 133
44 30
76 55
96 104
19 46
57 49
14 18
72 63
46 46
51 199
74 150
10 51
87 126
55 30
96 24
28 116
34 10
91 142
77 75
65 152
55 67
74 196
27 30
22 135
90 160
72 122
14 123
37 92
62 20
91 171
75 22
90 48
33 43
25 133
82 69
50 63
18 118
48 44
75 151
16 48
77 123
43 62
49 167
35 128
16 100
75 78
50 196
96 191
61 117
90 159
54 29
32 123
69 92
14 119
84 147
77 164
51 161
95 149
44 13
17 148
98 186
84 37
100 131
37 40
53 142
55 45
19 33
75 142
10 137
38 170
16 61
44 187
78 193
11 161
21 32
24 120
54 146
19 41
94 188
29 158
26 83
59 133
14 174
29 42
29 170
88 37
79 179
47 64
78 149
31 188
73 166
61 54
60 54
86 31
70 170
69 13
42 47
37 192
67 55
13 165
67 57
39 66
39 15
55 27
40 178
96 192
37 111
83 76
80 143
19 40
73 142
52 198
58 24
13 21
36 44
28 105
60 189
55 138
49 125
96 193
92 159
44 45
10 50
32 68
48 52
46 139
19 177
41 185
31 125
99 81
13 24
66 71
90 158
15 28
73 175
70 197
55 47
46 46
84 187
89 115
99 68
58 66
76 11
92 56
49 111
70 129
70 102
69 150
63 42
88 176
38 54
53 184
24 57
92 22
73 168
46 116
68 193
42 92
100 66
94 142
77 65
91 114
15 105
95 60
50 75
21 166
56 51
24 31
70 191
48 176
49 183
67 15
42 107
13 22
49 34
43 175
76 68
61 90
100 164
30 122
17 188
81 169
21 80
50 171
10 77
77 72
35 81
19 78
22 186
25 185
35 88
40 143
45 69
63 153
64 185
10 126
77 173
88 54
76 127
86 136
41 183
96 76
21 97
13 85
44 56
49 136
40 50
51 123
33 123
36 197
12 161
21 123
17 37
83 199
15 13
39 148
83 175
29 93
93 180
45 166
14 59
23 12
62 23
73 51
84 22
89 87
35 159
27 128
24 189
96 139
31 103
83 31
22 122
24 139
88 126
58 170
42 49
90 95
14 97
43 42
61 195
73 103
48 119
82 160
16 147
99 121
65 29
94 140
45 122
99 86
30 48
79 44
98 49
20 161
30 109
90 88
91 135
29 78
32 11
54 173
96 193
28 42
32 100
54 196
46 93
16 82
78 171
29 39
16 89
40 189
99 15
33 136
61 56
81 14
33 85
74 50
76 113
96 110
84 75
44 47
17 30
49 111
89 78
23 31
23 152
47 190
35 107
64 118
93 150
32 55
68 143
98 146
68 189
20 103
41 196
70 64
95 102
86 60
40 127
95 149
51 113
28 57
28 84
79 16
25 131
90 125
22 168
96 142
79 138
84 84
23 196
74 193
80 125
17 66
21 145
26 120
61 165
55 111
80 153
53 117
87 191
58 170
82 123
96 180
76 167
49 37
86 192
23 80
34 71
38 180
86 185
61 85
15 109
79 42
92 125
61 180
80 33
93 138
79 81
91 28
67 171
97 52
14 75
17 144
94 123
91 165
15 66
79 101
19 35
23 49
95 147
95 108
99 20
51 115
38 175
86 150
33 11
100 172
18 157
28 56
68 39
43 30
76 60
48 82
85 119
11 100
51 183
15 34
46 86
26 105
13 117
31 48
10 89
26 37
54 126
73 159
70 116
48 93
44 122
84 94
63 130
24 118
98 34
53 127
93 125
70 183
88 142
86 24
38 41
59 110
26 170
56 155
53 69
86 95
43 56
32 64
71 16
63 111
28 158
28 163
38 125
33 180
96 189
66 110
36 89
68 29
99 100
93 178
72 64
55 14
26 72
64 87
76 84
73 153
86 68
68 135
42 82
92 50
62 130
78 111
88 181
57 67
23 125
54 82
43 128
15 90
38 189
10 112
50 198
97 125
26 22
12 70
71 164
50 177
68 81
37 123
80 61
58 176
87 67
94 178
26 178
42 197
32 77
57 81
31 15
60 151
34 77
23 156
56 143
81 167
97 64
85 120
91 91
32 113
23 187
60 133
79 191
46 174
51 102
35 175
63 72
36 146
47 159
98 191
65 56
86 181
11 46
38 68
83 39
86 74
39 105
89 11
54 191
34 28
44 30
29 20
61 141
63 31
58 102
70 43
55 191
75 101
78 158
11 175
79 152
19 12
86 111
42 18
48 179
87 15
42 29
41 135
79 194
16 102
17 20
49 86
30 194
71 58
42 158
75 138
23 115
46 31
98 165
92 116
98 66
81 17
10 159
49 67
69 119
69 91
85 116
54 174
11 166
30 82
14 98
71 97
96 193
79 27
48 148
92 144
11 98
92 133
48 115
98 52
13 170
100 198
90 143
56 38
48 46
88 74
34 163
69 159
28 102
75 134
71 154
27 75
39 50
91 120
67 18
46 33
16 116
57 129
69 44
50 179
42 111
59 37
48 57
11 50
28 184
48 189
97 95
78 179
92 104
28 134
55 81
81 155
80 199
20 88
94 85
17 158
50 153
18 103
10 23
71 149
50 139
34 156
91 65
88 181
70 75
93 114
49 93
93 198
27 186
29 168
25 164
63 122
19 153
70 116
45 180
55 17
65 44
84 164
98 141
91 79
56 102
100 196
73 94
23 119
58 100
27 184
86 55
92 170
14 120
31 18
17 183
87 39
72 200
44 159
20 181
53 168
89 63
24 88
98 177
14 71
86 106
44 153
64 172
84 171
66 51
34 33
81 25
99 116
98 100
37 177
84 146
91 197
86 128
87 190
95 103
54 25
38 127
69 194
94 111
77 10
56 187
86 198
76 108
95 48
80 199
98 100
66 181
52 165
56 23
88 57
82 36
85 159
46 39
27 72
58 160
53 114
59 95
57 191
22 67
77 44
90 76
34 53
26 73
97 199
13 14
76 25
78 139
57 14
29 170
17 130
32 160
98 118
88 19
31 92
58 159
71 175
89 82
93 125
34 56
94 53
35 191
76 113
46 86
81 119
24 15
22 27
10 147
43 64
63 64
14 53
78 93
21 91
87 67
88 132
19 173
12 164
13 65
65 135
81 16
84 17
49 157
57 30
14 159
53 80
33 51
95 79
49 185
85 121
36 188
100 154
16 27
98 166
43 38
75 44
60 188
35 77
17 75
10 47
89 194
96 89
64 84
76 192
58 141
54 131
86 177
47 132
18 46
27 119
96 41
82 130
12 25
70 164
51 138
85 157
76 162
14 189
32 47
21 148
57 135
81 150
73 176
13 126
24 21
49 107
75 40
81 94
90 54
13 157
73 101
33 136
84 24
95 165
33 169
11 61
35 12
92 36
26 147
41 42
78 40
13 54
63 187
46 116
88 16
46 45
53 29
63 36
22 138
95 116
80 124
96 30
95 20
65 148
45 30
52 137
93 163
28 120
93 141
24 34
66 142
95 120
45 105
98 25
67 158
19 160
67 142
14 30
91 58
36 131
46 192
11 150
86 91
10 126
46 161
76 22
92 62
73 106
80 100
10 20
41 95
100 129
77 193
22 10
91 161
19 162
79 41
81 106
93 46
23 166
23 24
93 142
58 131
58 76
14 180
36 100
31 99
97 101
57 190
83 198
20 53
90 123
12 114
33 27
14 94
87 190
34 182
12 28
61 190
72 177
35 193
10 65
51 95
18 27
31 100
98 77
45 196
10 70
19 62
59 103
70 114
58 77
40 23
93 51
37 180
56 194
79 94
72 86
69 79
43 106
33 139
48 155
80 38
32 88
34 146
67 36
79 73
51 166
92 189
63 134
60 35
80 162
81 51
75 142
48 184
56 111
11 64
94 79
58 124
34 194
60 137
39 140
31 145
64 153
76 134
94 145
89 56
81 122
42 188
35 17
27 122
14 115
91 48
26 111
40 184
47 74
94 147
44 165
18 153
37 68
42 24
35 67
21 152
53 158
25 63
32 154
22 148
77 173
51 96
14 170
97 200
33 21
80 91
15 59
83 136
88 141
80 141
98 20
29 29
97 97
46 176
93 79
19 152
24 130
25 168
95 161
87 177
66 135
11 23
71 122
29 144
61 99
72 82
53 20
80 98
51 27
32 191
36 186
65 12
54 55
87 36
19 181
29 30
56 91
62 143
31 183
76 64
43 183
20 11
54 81
90 143
68 162
91 37
15 119
99 105
52 30
24 191
74 155
52 139
80 76
10 47
48 158
100 151
93 81
30 177
100 72
94 93
84 74
24 23
92 171
11 168
23 49
21 24
75 22
34 61
30 55
72 158
80 43
49 188
80 103
17 110
42 105
100 19
47 135
68 196
53 162
35 141
10 165
16 48
64 129
99 86
44 40
52 30
94 185
48 10
76 25
69 73
18 125
50 111
99 170
47 31
93 92
70 176
35 138
47 77
33 178
36 83
69 18
44 104
48 177
52 124
91 57
11 134
59 135
71 98
75 185
24 57
60 102
39 167
24 90
37 139
74 17
68 98
20 181
75 62
48 139
88 171
54 184
91 11
93 14
77 22
86 17
50 87
39 136
84 182
54 130
16 106
90 176
77 175
94 38
20 135
31 11
32 196
87 75
95 125
38 118
100 90
80 49
22 56
82 63
24 45
69 192
70 119
58 178
20 145
14 119
45 47
44 50
27 149
44 61
26 16
63 53
48 139
81 106
50 111
18 66
51 163
48 130
34 24
74 187
64 156
44 82
67 69
29 79
62 59
76 124
34 143
56 196
71 103
49 88
89 82
92 194
34 192
13 139
51 52
73 18
55 52
67 44
86 34
76 163
49 86
79 183
43 75
25 100
24 124
40 25
22 144
96 62
77 153
21 16
39 116
86 46
55 127
76 135
92 14
94 78
56 197
83 109
60 82
18 83
63 30
40 23
87 128
37 165
51 88
45 97
50 17
81 26
90 34
51 129
61 71
91 118
70 101
22 172
71 92
56 22
33 164
24 120
39 144
36 184
17 76
77 68
18 34
68 40
83 58
95 108
69 178
68 29
57 86
20 94
10 45
68 102
33 153
97 112
88 139
58 162
57 187
31 110
61 149
25 90
23 143
41 159
57 56
74 41
78 190
85 122
67 31
65 77
89 100
68 114
47 95
87 43
67 140
21 135
59 127
25 128
99 55
16 32
54 107
58 77
27 178
63 165
49 56
37 48
42 63
66 197
37 71
35 72
22 26
76 132
35 64
59 55
100 179
41 53
45 152
37 194
49 132
99 172
72 20
41 168
47 183
100 42
28 47
31 76
88 122
27 49
13 79
63 128
40 14
55 133
100 113
90 107
36 105
52 66
40 131
81 31
59 19
68 179
31 10
70 132
66 97
47 141
25 109
72 23
57 61
84 91
25 116
58 30
79 109
65 192
100 131
66 187
79 120
89 41
38 63
34 86
99 178
26 138
34 107
32 22
30 141
91 166
97 113
50 112
64 93
100 95
14 160
38 198
14 89
46 22
91 23
53 136
41 137
29 77
19 68
100 45
74 14
39 99
91 17
61 172
10 126
34 136
42 181
88 177
41 184
43 56
56 109
37 187
18 77
70 101
61 187
74 155
76 181
95 129
99 76
37 132
69 10
67 121
23 44
11 73
94 108
94 23
83 122
53 51
40 129
35 145
99 123
24 106
28 144
56 113
81 170
41 55
45 124
67 151
14 84
29 197
28 154
64 19
60 63
18 86
46 47
43 119
96 121
71 106
46 94
93 117
100 98
82 32
85 149
19 192
33 40
13 36
31 51
70 60
36 141
33 129
21 179
69 12
39 107
83 197
19 161
17 75
24 97
70 92
55 114
51 91
87 92
46 151
37 197
51 80
47 158
89 180
56 69
81 57
13 112
77 178
54 180
47 121
37 183
30 134
65 107
39 63
41 176
59 144
98 35
84 153
91 44
55 163
100 114
49 68
51 86
41 131
63 109
80 175
11 75
88 10
50 145
71 14
19 88
11 114
84 14
51 161
74 19
37 164
85 178
38 182
55 89
10 162
63 176
78 124
96 44
84 44
45 199
79 143
37 39
24 42
81 156
11 83
23 138
80 110
68 90
13 190
56 48
46 11
46 109
36 86
42 70
39 188
27 12
48 166
50 30
82 76
80 43
38 164
37 38
17 130
96 199
33 110
77 114
23 104
46 79
70 200
22 144
35 28
32 139
10 32
51 34
55 158
81 112
39 104
71 15
66 58
19 188
70 94
21 134
24 158
87 190
15 141
99 165
55 123
29 186
55 85
90 108
16 143
100 153
40 150
45 114
52 15
85 31
57 46
59 87
70 158
18 194
97 53
69 101
91 105
59 177
75 140
100 43
71 94
81 140
86 188
60 84
33 167
12 114
94 60
15 71
22 111
92 171
84 88
23 164
12 170
74 16
37 45
21 12
34 79
63 15
71 17
64 102
20 16
91 30
81 51
29 139
36 190
28 172
89 193
10 82
31 96
84 114
100 149
19 104
13 102
60 149
48 20
85 105
43 101
78 127
88 61
32 137
34 188
49 118
100 86
66 164
77 99
41 147
99 59
27 131
39 149
39 81
54 142
51 199
14 146
26 196
79 12
31 46
52 84
25 170
74 187
34 154
84 75
43 167
70 162
47 74
91 188
93 92
52 144
47 162
62 36
65 107
27 112
42 28
19 141
74 168
55 186
50 78
81 65
74 175
97 175
65 172
86 38
47 91
91 165
63 82
63 32
99 73
67 143
49 163
14 123
76 54
38 74
50 160
61 178
21 190
33 26
97 135
87 45
25 47
43 91
45 44
59 97
76 90
90 20
18 135
54 173
15 42
62 122
16 19
32 169
70 94
20 182
81 61
26 45
90 70
38 17
55 82
84 54
29 135
98 13
30 20
37 70
50 66
44 87
10 125
91 118
76 62
53 37
60 159
15 12
27 41
90 166
84 136
55 96
100 97
19 152
75 120
17 193
34 46
88 95
72 124
58 170
42 167
56 112
32 113
95 166
58 145
38 101
20 185
23 163
15 152
92 31
68 169
21 91
14 114
80 188
40 31
39 36
17 198
65 134
63 73
95 97
60 74
69 132
32 28
43 174
14 30
71 63
51 40
81 48
43 141
47 194
67 36
46 171
77 10
66 155
39 25
14 125
46 83
60 181
18 163
22 92
44 171
12 26
27 110
56 166
97 133
33 33
48 10
91 13
49 120
18 118
70 53
68 89
48 111
91 48
36 67
87 100
85 97
72 81
71 23
25 69
91 27
47 127
88 130
54 73
46 154
68 27
91 67
76 144
32 187
11 84
32 156
46 102
39 112
35 70
15 41
84 94
14 65
35 142
74 185
82 55
57 39
80 157
92 190
55 129
37 126
89 51
98 30
29 145
59 160
91 102
94 178
23 114
21 27
53 26
80 82
58 185
90 155
53 72
99 63
21 164
18 47
48 60
51 22
59 21
20 32
80 15
40 120
28 64
41 19
52 15
21 164
27 46
54 130
99 106
69 143
96 185
72 117
99 68
64 83
75 123
60 14
58 149
11 91
94 106
100 126
70 13
100 122
74 51
21 191
22 78
98 37
73 134
14 163
99 72
82 94
21 16
82 157
31 66
44 10
41 138
24 94
70 37
15 33
29 79
32 46
76 191
12 53
16 38
72 160
54 72
41 129
86 186
34 54
21 144
48 35
28 193
71 65
38 147
49 119
72 146
53 184
17 71
48 103
79 63
82 42
26 150
88 25
15 89
35 177
44 158
86 126
89 142
67 191
48 113
74 125
94 85
19 37
89 157
95 88
67 37
89 180
14 125
11 112
52 108
53 59
62 133
64 37
11 178
30 175
53 149
76 183
37 29
27 23
42 163
82 40
50 44
98 188
100 13
81 185
51 30
53 190
24 40
70 27
55 66
82 142
47 112
61 61
95 135
52 152
89 188
51 108
19 191
45 34
64 16
77 149
11 52
35 11
91 177
95 133
85 63
42 69
49 190
58 140
33 38
33 64
86 72
12 91
77 100
67 122
80 145
62 177
64 52
98 112
82 49
52 82
85 110
87 88
94 83
30 44
97 109
92 171
28 103
39 99
58 188
51 143
94 103
19 141
90 140
27 185
78 87
90 80
69 29
49 107
73 198
42 57
22 104
67 122
80 100
14 43
56 53
29 63
76 138
22 112
24 89
90 77
61 196
17 175
18 148
82 184
78 88
67 96
100 80
10 10
83 49
87 123
78 84
94 81
60 191
71 132
44 122
29 67
56 189
78 177
99 180
24 104
89 21
83 71
68 28
46 105
15 171
96 194
92 24
89 88
58 79
42 105
90 62
13 130
13 70
25 178
93 87
95 128
74 92
85 11
77 127
98 189
53 123
81 164
99 78
13 163
45 128
64 159
77 96
86 30
10 38
99 26
56 100
36 14
32 177
77 113
95 134
98 44
47 105
62 37
10 93
54 163
27 101
86 22
38 54
90 164
34 84
85 188
43 146
63 178
11 51
82 91
31 13
60 52
57 144
67 125
94 91
56 91
45 31
67 22
66 158
29 169
98 200
34 36
95 170
59 110
43 138
55 16
73 137
49 93
80 150
94 152
42 140
46 66
45 158
68 79
75 97
54 168
16 25
29 62
45 51
98 49
35 197
22 163
74 127
43 58
29 108
79 151
94 85
38 73
97 128
92 191
45 32
60 155
94 196
16 77
73 22
33 46
72 184
21 187
96 76
51 199
99 87
38 86
60 177
83 26
79 134
44 162
73 187
83 195
35 145
58 27
18 199
22 19
79 83
25 92
95 83
14 167
12 60
47 122
26 23
35 174
94 166
72 104
25 73
49 155
96 12
64 40
95 56
47 14
26 89
10 123
44 30
67 144
65 154
25 151
87 46
75 137
72 104
62 176
17 172
53 28
25 124
33 196
100 119
46 143
48 119
89 13
69 167
82 63
22 55
67 109
63 173
41 114
95 97
37 64
20 41
32 63
13 152
62 168
42 81
44 112
98 19
62 172
78 83
15 118
20 61
51 40
30 84
61 121
37 33
80 61
85 79
53 40
74 185
16 135
12 131
85 76
73 174
46 138
61 95
56 28
40 115
44 22
41 194
74 182
10 151
32 103
72 146
36 72
43 153
13 17
100 87
25 45
52 166
38 152
28 71
36 27
43 50
17 165
29 15
95 82
15 200
30 198
19 151
39 119
15 109
14 199
47 32
39 91
43 37
17 69
67 55
19 74
68 159
36 151
78 27
86 163
27 50
23 14
25 72
42 117
10 50
88 11
28 149
53 103
100 168
21 118
21 91
82 130
27 63
82 56
54 147
41 140
72 22
61 32
22 67
70 99
92 53
23 44
90 35
33 43
44 120
71 37
82 154
87 71
22 81
57 152
51 192
92 81
58 78
63 131
99 63
99 86
97 164
26 142
96 57
92 35
47 147
47 190
68 85
44 172
17 43
63 49
95 35
33 37
60 44
38 60
89 10
27 25
12 101
87 28
46 175
90 159
40 150
28 86
76 53
94 34
70 192
94 111
64 184
70 141
83 140
51 115
89 194
72 148
65 130
88 63
36 41
64 68
29 183
80 37
61 191
40 133
46 147
86 29
29 25
77 169
16 26
89 117
50 34
48 103
72 73
32 101
28 191
80 108
30 102
95 51
48 40
12 117
74 39
48 128
59 140
21 52
96 192
77 188
77 66
67 23
13 90
99 56
91 95
86 118
53 154
55 123
68 155
93 182
24 188
15 81
17 27
56 104
80 104
28 77
10 25
58 133
90 48
53 29
51 154
17 141
72 118
12 135
36 137
52 77
88 69
40 94
73 114
78 138
72 101
26 21
44 139
39 42
10 145
30 131
74 20
63 49
53 169
92 21
22 113
45 50
90 101
20 80
61 144
86 66
48 66
58 194
55 42
32 194
86 131
61 97
43 187
20 112
78 132
27 82
99 54
15 38
92 100
31 171
30 137
92 121
71 125
67 20
52 161
34 134
95 128
49 75
61 10
77 113
25 143
44 189
20 150
28 153
45 146
33 126
55 194
50 97
26 172
58 98
21 133
59 67
30 96
98 187
58 153
73 71
31 127
49 104
36 119
22 160
70 24
52 181
60 144
57 148
61 197
62 91
13 111
42 10
72 147
30 136
29 107
72 38
26 122
99 144
96 33
39 117
20 178
97 98
36 17
63 58
75 103
76 154
15 131
64 53
63 185
23 189
40 29
50 137
22 171
24 171
22 195
73 62
88 27
56 115
76 40
63 60
13 168
82 181
100 12
48 188
47 34
62 100
63 45
50 184
49 151
83 31
34 85
10 140
40 78
34 171
45 83
74 84
79 79
19 160
17 88
95 89
35 166
48 155
57 82
25 39
31 113
37 190
32 200
29 134
10 27
86 197
57 169
83 162
30 157
67 162
66 112
99 168
33 74
41 100
50 103
56 190
71 33
43 47
74 130
18 122
86 119
73 90
15 20
85 169
64 16
27 55
29 193
73 16
79 179
49 33
77 57
16 110
40 24
93 125
29 184
96 135
58 176
10 32
40 110
53 198
89 143
23 77
11 87
77 45
53 180
62 160
36 103
29 129
88 81
50 105
77 111
75 200
67 97
51 139
76 66
91 178
80 200
89 156
17 128
61 187
60 80
97 156
61 80
68 134
91 172
18 37
16 133
55 35
74 102
33 70
16 121
66 179
44 92
67 50
35 168
82 139
20 47
87 65
56 22
73 68
26 93
30 133
80 165
96 67
51 121
92 47
95 188
96 173
65 25
60 133
98 115
92 74
72 199
96 69
86 184
82 49
11 65
34 113
57 129
87 109
64 142
17 102
88 36
67 51
28 153
22 78
21 66
13 42
44 115
65 120
66 72
85 186
27 152
64 169
54 112
34 185
81 66
83 25
98 194
91 178
66 84
58 58
15 19
24 49
22 34
32 65
95 139
24 45
79 182
49 13
81 125
94 181
14 95
99 139
79 107
43 78
91 184
38 143
68 37
62 160
84 140
20 170
54 86
53 180
65 62
19 196
64 23
76 10
96 194
86 40
26 78
34 81
36 78
29 76
14 27
74 179
82 72
83 57
35 175
75 59
26 85
52 34
13 52
28 50
19 187
89 158
87 31
59 115
38 95
16 26
76 60
48 91
45 165
46 113
19 17
77 166
21 38
86 12
64 47
39 160
18 166
61 109
93 189
70 130
52 48
81 17
37 184
38 63
65 101
95 132
47 150
26 22
54 131
89 80
69 132
43 44
98 190
88 127
30 10
75 83
14 67
16 180
36 53
29 43
71 29
82 51
48 83
83 148
62 143
25 194
52 101
61 183
32 24
93 90
77 31
41 106
75 96
75 152
44 161
18 82
70 193
38 172
50 52
26 101
99 180
49 81
70 167
89 14
66 38
61 27
11 78
76 139
92 74
57 124
97 118
93 58
71 162
91 197
58 160
93 42
66 14
59 63
95 19
44 173
82 173
18 120
49 179
40 57
87 182
82 120
69 41
12 30
20 19
67 50
26 158
40 153
53 16
34 176
90 117
24 86
79 13
71 174
33 75
74 77
14 67
19 167
82 200
65 113
31 56
23 31
43 35
83 188
96 33
88 80
91 156
18 50
51 173
12 163
97 88
11 115
84 48
36 42
86 111
19 100
76 121
16 183
93 139
96 200
21 178
35 101
10 56
87 113
76 177
80 87
81 127
36 30
54 94
45 56
17 29
62 174
57 88
92 108
37 192
90 200
32 199
67 145
21 85
38 117
59 145
76 137
14 17
20 58
82 40
68 118
81 71
34 43
68 90
94 188
29 92
98 72
24 109
92 178
71 87
38 66
53 110
40 115
33 171
85 61
22 110
19 126
52 103
84 141
76 144
14 109
76 115
64 159
29 31
24 28
91 52
90 152
20 120
16 112
33 94
64 134
23 132
92 164
32 63
74 40
68 54
57 54
97 131
33 47
28 161
32 82
16 183
68 177
41 133
76 13
81 52
62 41
65 18
58 52
98 143
49 90
27 64
25 189
69 136
93 182
65 112
21 122
52 131
51 17
69 30
63 124
56 169
97 90
85 194
62 70
93 80
64 144
59 105
50 163
43 10
30 172
73 29
70 27
36 34
24 56
91 66
60 139
92 147
75 33
27 195
76 97
53 65
100 29
35 15
82 45
44 126
29 139
22 121
47 138
26 33
59 190
38 154
70 113
28 169
76 61
33 52
34 58
44 200
40 111
72 60
90 63
93 174
38 165
61 191
69 61
90 108
10 124
90 191
27 196
68 17
32 166
44 48
84 200
43 114
63 96
52 78
37 183
24 185
12 180
57 93
32 42
52 103
44 96
56 37
65 96
54 183
30 137
96 98
45 112
81 90
43 18
12 192
29 54
51 13
73 195
93 86
62 130
81 15
38 93
20 152
49 120
79 63
68 198
36 13
12 196
63 130
92 74
85 69
99 140
42 163
87 11
29 162
31 48
98 170
35 52
51 133
34 76
59 39
19 11
20 195
17 170
36 75
54 88
73 195
100 28
40 175
92 49
51 173
75 168
34 41
72 106
90 193
74 24
13 67
13 107
21 43
49 29
73 154
21 63
62 169
12 150
22 123
31 144
32 98
27 81
59 142
10 136
47 171
68 199
57 165
26 132
45 26
68 149
75 102
16 162
15 105
99 57
29 144
81 157
26 146
24 14
50 13
77 43
52 112
54 32
15 159
29 118
52 127
21 167
83 90
70 133
91 61
16 56
88 45
78 57
65 39
79 90
34 23
56 38
53 198
38 22
33 37
24 153
61 40
55 48
17 91
49 149
83 194
33 180
21 29
37 19
57 132
82 114
77 65
19 91
53 24
57 40
58 77
15 49
61 146
69 70
38 79
45 21
25 36
43 122
32 49
13 126
92 73
76 137
38 172
14 181
32 142
20 81
33 25
52 159
76 28
31 41
28 82
40 12
87 65
33 197
60 99
51 96
37 152
73 90
12 49
100 175
93 102
31 43
35 187
79 123
46 43
30 145
28 50
24 44
86 114
23 31
91 175
13 187
45 140
46 93
70 158
51 14
54 134
40 20
98 61
96 146
71 153
24 199
38 80
57 120
56 95
76 40
51 103
26 39
55 114
49 65
60 11
40 165
25 129
100 77
42 152
74 74
74 147
55 118
97 149
80 55
34 45
14 146
34 102
78 192
100 120
19 99
34 116
26 100
73 81
79 24
75 34
70 148
20 194
13 41
25 160
75 28
92 162
79 132
62 184
20 112
36 170
74 67
86 107
26 142
69 191
25 32
64 109
45 16
63 80
43 66
85 146
81 33
49 115
17 35
69 99
62 22
26 182
72 189
41 80
22 111
45 130
97 106
39 147
72 153
97 195
32 77
38 160
73 91
25 98
78 184
77 75
96 78
81 118
95 180
17 17
75 80
24 44
14 19
29 133
98 51
98 24
22 110
86 40
66 69
81 129
11 138
89 69
13 94
80 93
43 188
30 175
56 81
43 87
50 44
89 73
95 180
30 194
75 83
18 124
70 197
36 16
63 90
85 183
46 97
26 69
68 18
87 185
44 96
73 191
99 125
85 15
10 164
25 38
19 98
31 10
39 26
14 71
34 127
20 123
16 184
12 141
89 69
88 103
35 40
70 107
39 170
42 126
21 176
31 169
44 127
26 180
63 199
81 92
19 160
74 160
43 18
53 136
81 68
71 54
18 144
55 98
10 106
39 67
98 189
58 167
29 49
30 102
95 63
85 184
71 20
83 178
87 64
51 140
83 186
36 64
14 178
91 64
31 18
25 199
97 191
22 156
11 155
23 98
59 40
63 52
73 45
86 92
87 155
44 65
11 37
23 90
68 115
20 132
88 109
71 142
26 116
26 151
42 144
76 100
54 142
74 68
53 184
94 142
13 25
26 77
23 159
74 100
43 145
71 18
37 173
85 186
78 90
33 194
56 28
65 50
54 57
44 180
68 80
53 168
27 161
39 181
99 44
21 36
50 124
79 53
40 37
83 29
80 187
44 162
31 105
89 186
17 133
88 13
76 130
46 142
100 58
87 54
40 24
56 93
97 137
20 57
13 19
23 125
25 88
71 32
73 110
91 179
99 26
55 89
73 175
30 59
82 186
87 159
68 195
18 139
83 32
16 139
39 83
31 80
77 161
17 187
68 154
46 169
93 191
58 138
98 121
91 40
48 133
17 129
72 85
32 80
98 74
93 182
57 115
44 173
31 176
54 12
65 168
19 142
81 50
76 144
98 110
74 111
59 16
50 183
22 96
37 41
63 115
100 172
59 96
24 161
64 125
33 43
57 156
40 71
62 76
32 31
89 31
58 41
93 162
31 163
87 97
78 83
95 38
76 97
91 20
87 38
20 64
37 70
14 46
58 80
89 179
42 88
38 33
24 82
13 154
89 65
56 60
56 96
60 14
20 56
38 84
59 172
33 146
15 191
69 185
74 94
97 161
34 17
58 135
72 192
100 167
14 151
43 37
22 172
98 51
60 79
45 102
37 84
20 104
76 73
22 134
90 96
17 173
98 101
78 57
79 16
46 182
85 84
59 195
88 72
45 95
99 183
19 13
28 78
31 131
62 61
96 142
15 193
27 93
84 42
89 28
34 176
62 28
29 40
32 127
48 101
17 87
28 51
35 162
10 40
94 105
15 21
67 60
18 151
40 141
42 105
71 75
69 181
38 152
24 127
58 157
45 133
98 145
45 167
99 137
95 63
24 110
61 78
75 101
81 148
77 54
87 22
42 145
51 34
60 57
47 17
80 23
35 90
44 157
26 108
69 75
14 125
74 57
80 179
87 64
16 180
36 191
28 72
64 16
55 74
50 91
84 111
37 64
59 84
43 69
84 126
49 164
48 153
16 65
24 181
41 101
74 72
39 174
15 47
40 73
33 87
69 35
99 58
79 11
46 121
49 157
77 70
35 88
63 176
58 187
51 128
23 138
74 190
32 167
99 112
56 12
95 185
91 200
36 116
13 40
44 114
18 96
93 151
51 39
75 160
12 82
52 125
94 121
31 142
20 16
95 140
13 86
43 46
45 31
80 151
58 33
16 70
51 82
100 114
33 159
55 128
52 195
14 71
92 10
78 47
17 99
31 48
23 166
30 104
87 80
22 48
41 132
100 43
43 162
91 115
35 64
92 172
21 151
39 17
47 88
68 11
41 74
27 197
52 168
66 48
65 167
89 16
60 37
94 146
13 18
23 131
46 159
33 164
27 179
23 81
69 47
72 87
69 166
17 163
90 196
29 24
69 108
12 126
23 91
38 168
44 165
72 14
19 43
91 31
57 140
53 144
48 198
41 132
13 126
99 118
93 117
64 126
89 196
96 25
25 134
45 198
75 124
56 21
65 170
73 22
67 180
16 130
40 30
39 161
12 168
53 88
17 53
72 144
89 99
24 147
92 164
80 143
29 167
67 66
35 41
21 89
18 100
23 18
27 92
45 65
42 113
41 156
74 22
63 48
71 80
84 155
53 150
98 142
52 74
72 96
94 143
85 137
26 15
13 153
13 157
80 191
53 26
66 69
24 89
43 161
21 113
63 45
96 56
52 190
24 28
77 46
76 83
35 25
23 161
89 51
95 197
79 30
42 199
81 94
25 17
94 67
56 13
17 194
33 101
52 23
90 113
34 124
98 76
74 139
14 106
90 188
84 42
63 181
66 141
35 140
37 141
72 112
92 143
51 46
92 133
78 197
39 131
27 52
23 80
100 76
53 161
43 143
74 116
68 55
56 188
75 48
75 36
28 115
78 78
97 34
26 54
31 67
38 184
81 24
38 111
86 82
85 166
33 108
24 138
89 150
47 182
15 96
25 182
94 199
57 195
25 81
80 96
81 66
47 68
76 154
57 161
19 62
43 49
53 29
51 157
44 145
20 200
26 146
37 62
82 84
80 188
36 117
60 115
84 174
84 75
72 187
36 196
88 174
95 52
81 65
35 14
86 136
27 40
34 38
38 68
54 183
66 112
66 150
49 117
21 43
24 115
79 39
45 90
74 167
98 48
37 152
31 52
85 99
78 12
56 18
24 84
22 138
97 134
58 33
98 76
85 54
33 108
25 91
30 129
97 163
96 100
66 62
99 45
29 46
60 122
44 151
55 66
34 12
14 19
14 84
68 137
76 87
15 32
21 76
43 46
69 161
57 18
19 100
76 164
48 134
29 11
79 103
55 185
80 101
48 175
60 122
72 125
23 190
81 189
66 142
59 137
69 14
23 137
24 19
32 61
40 29
99 27
80 185
38 70
66 48
42 105
98 190
68 180
98 20
62 65
79 68
52 99
25 137
79 19
70 170
56 111
15 166
34 154
60 151
97 79
91 102
58 170
59 25
79 92
81 161
73 31
50 162
22 112
96 168
22 66
18 34
81 147
38 139
25 184
67 135
84 122
13 58
26 163
73 85
71 142
89 23
28 108
75 127
74 95
85 153
15 74
70 162
70 20
92 132
66 12
96 77
32 138
43 59
23 41
60 166
76 192
82 181
39 154
34 130
97 23
52 21
65 103
89 120
36 95
72 106
54 152
94 65
83 120
41 10
59 70
44 168
38 146
27 172
51 77
88 160
78 27
13 20
68 187
30 54
34 194
12 44
76 166
17 56
49 35
72 102
93 22
85 146
47 39
15 79
71 61
89 17
85 52
43 41
46 170
27 176
72 100
65 151
42 131
22 16
37 75
42 50
52 168
14 89
83 168
40 124
28 39
17 141
74 192
72 175
30 101
60 145
35 183
18 101
49 114
11 91
68 37
60 88
78 183
25 22
90 146
83 191
91 88
73 99
93 126
53 62
50 45
84 61
80 136
96 175
77 103
22 72
20 61
71 146
52 160
27 15
58 115
65 123
52 127
28 115
89 107
74 113
74 17
30 13
13 160
90 36
76 86
77 182
