10000 500 10 200 10 100
85 163
88 126
60 41
42 94
37 86
11 35
86 77
81 11
87 82
35 154
63 116
26 168
69 37
73 163
41 37
82 198
25 55
71 35
93 53
24 158
78 93
22 197
16 166
96 71
52 134
67 77
54 106
73 191
81 195
60 193
94 168
53 42
27 136
100 121
42 31
55 129
55 83
36 117
23 166
70 108
33 24
87 182
36 40
16 52
58 146
44 99
24 57
76 148
27 43
13 161
14 159
87 21
78 57
73 101
24 128
73 155
85 26
78 84
72 152
44 125
13 184
87 10
29 146
75 44
53 37
76 64
52 127
15 48
92 24
37 17
73 182
53 107
75 163
85 77
13 151
82 11
98 37
50 186
46 171
42 195
55 45
45 37
33 167
80 157
44 58
30 168
69 191
81 60
19 98
43 67
84 162
46 195
100 91
77 184
10 200
88 103
81 58
15 28
90 48
28 50
91 183
94 149
37 103
55 149
92 169
75 61
66 96
36 119
97 36
63 104
39 103
68 114
36 170
76 19
57 174
11 148
58 88
22 151
85 116
47 25
55 127
32 14
86 144
92 42
24 47
95 49
58 154
25 157
89 151
25 175
48 47
100 102
92 18
98 128
43 186
70 30
20 62
25 146
12 191
41 188
24 158
33 21
51 55
36 56
94 156
93 142
86 164
91 139
30 129
16 140
33 52
14 47
84 15
92 123
52 14
67 77
58 12
56 94
55 78
55 74
87 13
80 47
19 114
12 161
21 86
56 169
11 103
94 77
59 42
34 148
17 143
30 29
98 125
81 23
75 97
54 48
90 159
50 90
19 84
91 128
77 185
28 154
76 124
80 39
61 63
35 24
75 191
87 163
48 192
40 131
18 86
36 10
33 76
22 107
81 153
27 176
66 143
15 67
74 172
66 66
69 72
56 52
63 159
68 191
25 182
22 59
99 133
48 123
41 140
27 193
80 98
86 72
43 119
41 119
93 25
41 136
14 99
94 163
82 15
30 28
76 117
46 75
60 128
58 70
98 61
66 194
73 52
39 180
96 16
22 72
84 139
12 132
56 199
71 85
74 112
50 21
49 193
76 111
70 95
90 31
63 56
23 118
22 123
95 81
76 39
60 196
76 163
26 26
75 64
75 186
40 48
88 15
100 104
95 195
14 109
15 158
55 105
55 97
35 15
38 169
72 154
40 55
67 112
31 121
43 185
80 153
73 125
69 85
11 96
58 40
100 138
35 172
46 106
74 81
46 101
88 190
53 57
18 183
74 128
14 169
52 32
96 157
31 79
13 188
80 154
37 182
79 58
49 145
59 86
11 109
25 88
65 52
70 154
95 138
66 151
66 16
62 28
85 119
42 48
15 106
13 146
17 105
21 105
22 192
69 87
81 157
65 19
69 144
72 55
84 67
78 200
98 190
64 57
76 181
88 59
70 109
78 16
35 20
87 74
76 113
77 124
93 160
55 89
83 119
40 197
17 152
69 70
63 89
14 72
44 56
74 189
99 137
98 180
56 127
87 194
92 48
95 142
57 94
24 123
83 199
96 200
78 159
22 114
66 52
33 128
34 118
29 74
10 154
18 45
63 140
95 153
57 190
55 199
91 136
43 130
77 62
27 107
72 64
12 101
18 39
90 194
85 178
64 44
89 176
57 32
66 152
59 137
39 90
42 90
37 56
57 172
29 182
75 162
66 132
27 141
65 124
15 129
79 44
87 53
94 87
17 147
85 71
51 23
88 40
61 19
21 134
44 37
44 125
85 151
86 94
73 39
72 47
53 130
26 144
70 135
37 91
48 102
60 176
52 146
34 39
78 113
73 180
39 100
85 172
69 174
41 153
74 94
35 183
69 115
74 39
23 190
69 142
92 93
12 28
46 145
100 37
35 64
52 63
42 155
57 194
23 134
96 175
17 180
30 85
89 127
31 155
20 78
80 51
35 35
100 43
73 162
10 92
88 142
42 170
42 192
48 68
40 153
59 164
44 21
41 48
36 197
89 75
15 111
11 56
13 199
27 149
26 24
91 197
87 198
50 75
20 173
37 135
11 188
15 123
28 181
68 136
61 177
16 72
41 139
22 45
35 73
37 140
74 46
72 44
12 124
42 32
26 85
80 87
72 100
62 70
84 183
60 79
56 50
64 68
55 125
48 160
69 108
85 98
18 57
19 179
30 84
86 111
37 33
26 31
13 41
15 25
79 131
32 195
12 100
38 171
25 199
36 35
67 73
43 72
83 98
48 135
57 117
66 152
15 77
100 85
78 108
60 122
88 37
97 52
30 21
46 142
26 187
47 137
100 111
20 191
49 71
48 192
99 184
96 140
13 160
76 181
27 136
53 139
33 61
94 89
37 25
16 103
27 41
90 60
86 60
25 163
75 188
46 143
84 142
93 53
54 118
84 181
20 169
38 37
39 100
51 113
77 182
72 116
63 66
37 199
78 59
53 82
31 160
78 39
47 97
18 192
55 149
78 80
82 113
63 136
53 45
56 161
77 75
40 61
96 85
94 92
35 64
24 24
89 178
24 136
79 170
80 123
79 143
89 35
63 143
88 101
71 31
89 26
24 149
39 94
11 171
46 11
32 161
45 70
15 113
46 56
100 167
71 23
35 14
91 177
27 31
20 147
38 151
89 15
43 84
25 167
13 96
87 123
76 15
100 15
61 31
82 44
77 73
91 120
27 96
16 68
76 186
12 13
41 190
19 58
71 151
34 184
12 14
27 114
22 154
76 171
25 24
87 186
25 84
20 199
21 22
57 131
97 71
54 179
12 187
28 190
68 94
27 196
80 123
11 151
24 72
28 74
50 171
47 18
81 176
77 46
38 73
43 39
82 144
25 59
30 87
74 111
50 66
20 91
89 80
75 99
14 29
58 51
60 43
89 65
69 87
86 50
89 111
85 149
32 109
71 50
97 91
93 179
52 100
83 147
41 146
59 135
66 30
16 176
27 78
55 116
60 198
100 149
76 57
36 197
47 117
66 163
21 19
97 144
24 55
56 80
89 171
53 199
74 11
69 98
17 79
94 55
71 182
69 197
40 113
61 15
18 61
37 27
38 154
99 193
65 117
23 42
21 98
60 122
79 79
55 21
21 67
16 68
59 104
46 121
87 100
29 57
77 117
40 66
79 79
74 90
45 142
49 117
71 27
20 194
97 91
89 87
30 114
53 63
86 52
68 45
12 100
29 116
96 179
64 98
13 73
33 87
42 143
20 87
87 53
14 99
49 128
53 148
13 165
48 93
11 175
24 172
55 42
63 103
19 102
40 112
71 22
61 191
88 13
68 137
55 191
19 34
82 55
26 193
21 195
75 71
86 13
43 64
86 141
97 100
76 192
18 197
52 44
12 180
57 107
12 138
96 17
22 58
36 178
26 116
55 126
24 162
42 40
87 39
16 48
40 12
72 176
44 64
33 38
52 101
70 25
100 53
82 66
96 106
50 164
19 36
65 20
52 61
97 79
42 21
75 41
64 168
73 66
23 70
98 130
93 51
36 43
86 167
13 39
42 155
19 107
27 103
91 44
88 11
24 66
70 51
17 81
88 148
86 83
93 75
29 21
50 170
40 77
79 167
86 53
66 99
25 146
32 110
15 168
20 115
56 147
71 142
67 187
97 29
22 140
35 117
36 55
12 28
80 66
25 49
55 149
23 102
64 152
94 119
71 136
14 142
46 11
97 143
86 16
55 124
98 78
18 97
71 160
53 88
18 143
15 191
12 65
50 30
80 117
51 147
46 184
47 146
83 184
49 49
52 71
83 157
37 24
35 106
65 12
48 65
63 112
89 59
51 139
84 27
72 39
87 119
42 74
17 73
83 164
45 90
12 74
73 17
18 134
91 106
93 98
99 104
98 16
19 19
79 75
31 21
43 22
76 182
58 15
52 177
92 157
28 47
68 146
87 153
15 180
11 60
68 19
16 120
13 150
66 14
35 200
86 162
57 168
60 141
97 19
99 164
16 26
45 19
70 76
67 86
98 42
37 145
85 111
83 110
76 16
32 118
88 130
87 71
32 65
66 91
65 163
70 63
43 76
62 185
89 55
95 20
49 49
13 150
82 41
37 53
50 164
21 97
68 83
89 55
98 181
72 35
71 34
50 166
100 172
86 87
29 64
37 148
28 73
72 75
97 169
74 186
58 123
37 91
100 39
69 178
32 95
75 197
72 134
76 41
25 156
77 166
96 36
83 156
61 31
94 48
52 183
58 167
14 106
25 144
27 15
26 189
78 168
96 19
69 169
37 28
86 181
45 155
71 140
21 150
71 153
96 196
34 21
23 61
18 40
59 73
39 161
74 136
29 69
72 51
57 39
36 152
66 97
77 69
89 38
75 20
18 197
72 160
94 189
50 146
94 60
36 86
37 115
55 160
86 10
98 10
79 93
37 92
95 102
34 60
71 183
95 177
86 119
37 18
31 170
80 148
39 38
63 61
31 89
76 138
88 43
65 185
60 134
27 150
59 50
53 31
67 92
62 32
84 156
84 130
84 38
83 166
48 144
42 31
70 81
93 157
43 119
40 62
50 39
26 100
25 32
82 145
33 141
88 137
13 29
75 43
14 177
99 158
20 69
76 165
10 159
54 75
79 106
53 143
94 150
44 58
55 198
55 108
39 160
48 55
30 144
28 80
33 131
95 62
74 37
40 151
54 182
35 64
30 165
14 43
10 60
49 108
81 84
87 16
53 72
15 66
10 162
78 148
67 17
84 125
95 70
69 53
23 135
72 172
34 147
36 34
41 118
44 98
86 161
47 100
18 178
82 82
39 137
58 75
31 73
90 10
71 87
64 27
51 194
43 132
28 25
64 159
62 111
50 190
44 172
93 159
93 67
40 133
86 105
43 160
46 19
86 167
44 57
17 130
92 195
24 12
37 62
48 186
55 60
89 77
37 85
58 24
17 88
30 180
39 189
100 195
50 143
46 116
88 166
86 61
20 142
14 191
94 45
35 200
39 172
91 139
58 123
12 65
89 144
59 15
49 196
57 151
60 13
90 171
62 147
79 129
38 85
19 125
34 117
87 37
76 21
45 11
41 162
89 157
33 100
10 58
22 15
78 98
66 88
72 179
95 90
54 156
86 70
71 128
24 47
89 110
50 164
77 13
88 167
63 30
29 145
99 27
91 100
12 159
42 196
38 33
77 66
22 93
98 102
34 125
19 188
28 18
25 157
93 76
23 194
39 55
90 19
36 110
13 30
36 108
65 27
90 144
99 153
56 52
65 69
89 36
72 45
33 28
65 99
53 159
51 57
36 74
19 119
20 18
53 64
39 177
27 112
65 198
83 169
38 152
16 60
75 105
87 87
27 110
39 84
45 90
15 94
74 40
49 172
54 164
47 198
25 128
64 83
96 16
53 18
10 123
67 10
53 154
89 185
20 62
94 144
62 42
42 163
39 105
73 132
35 182
29 53
36 103
83 78
47 20
72 110
10 144
76 173
45 187
77 195
45 69
64 57
85 40
49 186
40 165
23 26
47 90
86 77
43 16
20 114
20 30
80 150
75 168
81 127
73 122
28 46
43 103
31 104
42 146
58 91
98 27
17 56
67 188
33 134
25 89
42 41
79 104
100 117
84 146
26 47
91 155
81 70
80 42
68 13
88 96
10 110
50 44
45 64
64 101
33 46
27 78
31 111
94 80
66 65
64 83
50 105
43 51
96 129
85 173
88 60
42 69
19 195
75 139
68 124
75 90
34 63
36 59
15 152
39 13
23 144
16 153
64 158
84 58
24 98
76 40
40 111
69 131
15 24
20 198
36 164
81 142
95 44
69 13
89 119
70 47
53 137
66 123
41 37
29 170
71 23
74 117
65 143
68 73
40 150
60 116
26 169
42 153
100 69
73 42
61 15
53 62
89 135
75 57
21 168
93 108
52 70
100 148
25 106
40 181
99 102
37 13
83 188
52 95
33 155
69 56
74 50
52 124
84 105
46 158
36 63
40 96
57 124
48 170
60 54
81 120
30 91
89 38
41 122
84 147
72 71
11 57
81 101
61 107
86 17
76 111
34 164
53 15
62 62
71 151
68 148
86 73
76 36
53 128
31 45
34 45
59 68
91 61
42 129
20 30
11 66
93 197
18 150
34 151
36 199
44 129
99 184
99 174
57 137
44 180
58 189
87 122
57 151
63 80
45 176
69 37
22 31
90 105
98 79
54 194
71 146
44 45
71 179
60 161
48 154
75 131
25 198
66 41
92 69
23 50
54 33
90 142
98 145
51 68
55 113
81 156
100 48
11 31
21 53
14 154
18 143
71 14
94 171
59 110
17 169
38 140
72 71
45 90
60 117
80 94
97 31
84 121
92 62
30 109
62 123
78 167
30 181
58 27
38 38
25 33
96 99
78 20
88 65
89 18
61 71
68 44
82 141
16 196
52 97
39 141
78 10
38 119
18 100
75 153
55 107
100 147
23 14
71 199
52 79
64 85
44 130
22 76
90 118
52 107
72 19
63 69
13 189
47 190
39 158
22 38
28 183
51 81
14 154
96 78
89 107
75 16
45 93
11 118
32 187
29 38
13 84
43 14
35 118
28 173
18 179
65 151
68 176
68 170
81 122
44 196
77 190
55 54
22 127
62 128
79 199
92 131
26 96
88 189
31 195
69 101
63 162
29 156
93 95
73 110
67 185
96 57
79 128
71 123
22 107
89 180
68 49
35 31
68 110
52 160
99 171
82 99
61 146
100 113
14 23
80 68
42 140
31 26
78 82
65 134
78 10
97 106
87 88
46 196
60 159
97 92
62 37
37 127
96 57
29 34
61 96
34 112
73 73
31 138
100 88
19 145
93 50
39 149
90 22
49 116
26 99
62 144
78 32
54 142
78 143
36 184
35 123
48 87
68 45
28 152
72 129
98 55
43 160
59 119
65 138
36 164
97 76
76 27
93 20
64 190
19 190
24 14
66 90
60 120
11 149
53 69
15 180
53 68
95 130
89 132
63 32
57 137
28 68
50 19
14 178
97 54
19 194
76 100
90 161
98 29
66 125
27 198
54 24
37 65
35 85
61 32
93 148
64 72
93 178
47 107
33 101
91 143
70 30
70 189
17 74
68 111
33 118
62 92
18 39
42 119
30 200
11 87
26 143
49 197
85 51
32 118
45 75
66 80
42 92
27 97
72 120
76 144
33 150
90 12
42 48
92 136
78 83
37 16
21 184
29 179
78 128
84 190
80 168
27 132
92 150
78 15
83 70
76 119
98 29
100 41
86 42
55 127
11 11
74 175
21 179
35 20
97 93
65 143
76 68
14 133
79 114
47 100
88 131
29 14
40 130
78 39
37 56
96 122
67 132
13 64
24 115
84 38
65 95
13 103
83 66
23 15
52 16
22 144
36 135
78 131
23 37
46 71
40 159
41 152
27 144
55 22
54 102
32 123
39 64
65 185
96 94
35 89
92 138
39 59
96 46
48 171
61 162
76 168
41 45
14 32
31 147
16 82
50 128
46 58
26 41
16 101
42 97
21 46
59 56
14 118
57 120
42 177
15 142
25 45
41 85
21 10
41 124
91 114
72 98
22 55
91 47
62 75
39 171
18 180
40 50
58 131
82 199
20 85
61 95
88 161
17 200
71 44
80 86
82 19
50 132
93 124
38 76
25 147
44 144
18 107
64 46
23 19
20 178
32 27
22 35
80 85
72 14
31 193
64 90
18 86
60 109
61 56
72 64
72 43
26 142
42 57
64 189
25 65
95 172
61 60
74 104
90 53
97 77
66 21
76 46
81 43
55 141
40 143
70 105
85 46
99 116
66 45
88 149
89 92
99 194
52 139
97 122
33 28
68 27
16 189
42 170
86 52
81 155
12 128
43 183
91 117
83 79
57 45
54 73
15 160
12 114
40 199
51 101
55 45
68 121
68 25
65 76
87 22
85 96
87 102
56 126
40 19
49 14
62 65
49 194
61 179
77 134
67 132
16 68
52 165
53 21
37 90
80 91
54 131
28 64
62 76
33 63
66 27
42 151
82 180
84 119
12 51
87 178
57 122
60 162
84 45
34 110
21 83
50 49
85 189
75 79
59 127
92 161
86 44
41 71
84 77
100 193
91 76
71 114
41 36
99 118
88 92
88 39
90 39
80 43
22 26
19 125
14 67
85 109
87 39
57 136
56 172
19 47
58 97
46 79
65 91
30 37
29 57
13 182
99 179
82 147
90 150
98 160
55 21
46 129
60 60
29 169
28 13
14 134
72 200
28 66
10 42
95 108
18 193
38 18
43 126
97 188
27 91
42 125
38 15
31 165
88 151
19 130
41 161
45 75
80 88
19 94
27 45
100 53
65 103
59 31
63 82
47 138
12 156
16 65
21 128
82 69
40 174
31 32
31 95
54 138
83 50
81 137
31 23
90 135
33 84
47 156
74 187
30 141
27 168
71 146
80 46
16 185
97 46
97 188
95 148
83 148
68 146
40 116
60 107
37 118
48 28
86 181
76 10
51 168
21 138
10 106
27 161
63 36
44 141
95 172
64 138
69 119
94 46
19 108
99 98
52 167
37 134
20 143
23 67
21 146
36 67
79 21
28 176
30 68
55 61
91 48
55 192
39 117
74 14
54 192
10 62
71 39
13 127
94 164
97 148
69 32
80 194
76 75
42 81
23 108
73 15
58 166
79 147
28 55
51 118
78 74
85 26
43 200
46 141
31 148
58 115
28 114
91 35
52 122
15 178
73 82
31 18
96 11
71 141
69 150
12 137
26 51
10 162
91 139
12 57
96 12
65 78
14 114
70 161
95 31
75 98
16 144
13 163
22 84
41 45
49 174
43 69
83 169
78 109
98 167
49 16
56 139
70 150
76 200
34 100
68 71
53 189
21 117
55 193
47 98
68 67
46 54
13 130
99 191
55 164
77 15
51 191
24 76
64 18
13 73
39 139
49 141
24 160
54 122
48 91
71 33
39 102
70 118
35 134
77 81
80 109
91 67
94 52
95 62
20 51
98 34
85 80
84 150
23 65
30 56
82 80
30 116
98 169
16 47
21 154
83 21
91 48
21 175
94 54
94 185
30 173
15 118
90 196
30 147
42 151
27 28
59 94
51 46
91 10
96 199
40 24
55 39
13 131
67 187
90 83
63 113
13 10
41 163
36 110
23 78
29 123
99 102
58 51
87 114
96 44
12 27
76 144
73 176
40 125
38 71
16 132
56 96
75 26
30 150
65 10
32 198
53 135
24 175
32 81
48 71
100 190
16 16
24 179
71 198
36 166
37 123
70 63
15 74
86 111
62 26
85 85
34 56
30 135
38 39
67 108
70 143
97 200
21 52
72 175
82 103
99 151
40 60
17 77
29 105
88 159
43 111
28 157
63 75
87 178
91 119
48 25
35 195
16 53
18 46
83 130
76 181
24 29
65 107
30 176
77 118
66 145
43 190
58 175
86 14
67 11
50 81
53 27
12 84
75 156
91 111
26 102
91 179
51 143
24 39
94 130
42 73
81 187
96 20
87 160
35 157
75 182
21 30
13 146
94 91
87 90
89 200
66 126
96 125
51 84
40 29
27 144
56 122
100 189
90 135
87 169
57 153
16 162
41 170
99 122
50 30
34 96
51 15
88 28
59 146
73 128
36 150
24 80
13 45
87 25
81 38
34 104
87 177
21 177
12 16
69 28
58 143
61 78
100 193
61 123
39 20
65 125
39 156
10 52
73 85
52 14
23 94
43 94
69 17
44 16
27 33
40 94
23 14
53 137
92 79
88 179
54 143
49 70
48 120
43 134
35 192
27 107
24 68
11 168
68 127
71 155
65 52
77 117
54 31
17 97
88 168
28 11
64 168
41 52
69 197
38 103
22 114
96 117
69 67
35 113
59 102
75 134
59 106
18 44
72 137
10 72
36 27
16 36
12 157
71 116
75 54
29 185
17 62
76 195
38 29
66 103
60 166
63 109
82 121
21 64
12 95
82 174
21 21
99 141
90 99
48 165
32 108
14 166
99 115
32 123
98 90
39 100
27 96
67 182
80 164
32 85
70 184
91 14
56 101
95 16
59 44
62 177
26 163
36 168
63 125
67 55
99 128
17 103
13 166
42 51
32 142
82 30
85 28
73 142
24 22
38 132
25 162
70 42
19 50
18 23
71 112
86 191
87 35
12 75
47 168
90 141
78 87
23 56
97 39
93 46
15 180
10 142
75 98
25 87
83 195
36 125
79 12
94 159
30 52
73 71
19 184
89 162
33 15
49 19
51 50
56 108
80 45
95 14
80 44
17 114
23 57
32 179
17 188
21 108
37 14
58 70
45 23
33 124
12 61
67 63
30 200
63 187
32 31
16 20
30 126
81 138
20 175
89 54
45 75
19 22
46 165
18 132
30 148
29 198
66 178
39 166
26 65
49 87
12 142
67 186
87 44
82 63
12 60
78 24
33 103
73 47
34 153
68 46
75 46
40 142
36 137
80 67
77 80
17 122
38 41
27 124
20 51
37 128
70 105
40 48
18 190
25 88
46 98
50 85
33 10
13 193
65 168
28 173
66 193
74 82
99 44
34 143
90 194
10 198
83 11
15 140
96 143
50 177
13 185
51 165
86 123
11 166
55 37
82 150
17 75
30 76
99 48
94 15
68 101
10 174
88 70
59 137
36 175
24 42
52 188
82 166
37 198
41 21
29 90
55 77
30 14
59 107
82 195
70 106
100 158
16 41
76 58
34 51
27 103
57 12
30 125
22 21
38 98
92 191
28 16
100 176
74 53
30 63
64 37
58 177
23 104
67 34
46 198
54 174
93 172
48 12
56 166
87 39
67 68
57 85
78 131
33 85
68 177
97 66
96 141
11 21
34 72
62 18
22 133
49 12
33 12
43 190
10 50
80 53
98 93
51 195
47 11
79 19
43 38
90 13
45 130
65 80
21 82
56 126
48 114
54 131
45 155
68 84
16 183
65 124
91 77
41 133
97 187
96 78
48 39
49 60
92 140
16 194
83 39
53 69
20 68
18 59
84 154
54 16
77 82
20 55
42 70
58 27
25 141
85 116
54 41
100 172
90 117
64 35
85 105
19 111
67 128
50 198
57 115
57 39
67 179
16 136
73 105
90 117
33 113
67 59
98 19
38 137
89 39
76 94
25 78
68 141
12 177
49 99
65 187
99 78
26 55
83 34
86 200
93 39
10 186
12 78
80 130
11 143
49 188
95 115
25 53
63 84
86 15
93 133
24 123
89 178
59 58
83 140
24 166
69 13
88 78
38 168
28 107
52 10
34 159
48 195
24 13
67 53
29 72
67 54
13 199
37 175
98 56
76 171
10 126
89 184
32 99
18 66
73 84
33 134
59 193
46 66
90 27
90 37
78 106
15 96
82 125
22 27
68 49
16 35
86 183
19 11
75 14
20 121
41 124
98 164
68 195
80 135
62 172
29 145
42 86
37 48
83 145
19 25
91 74
71 171
74 104
100 172
62 62
48 39
15 158
46 158
41 66
30 17
48 97
49 149
90 14
74 197
41 73
38 156
61 84
23 15
97 164
35 129
85 90
13 45
35 195
27 43
83 107
39 109
13 45
81 189
70 66
82 43
90 50
49 66
35 158
38 124
92 69
42 159
16 32
84 18
12 18
25 76
64 135
31 152
86 76
77 41
55 169
19 84
84 106
11 155
38 55
94 29
18 142
22 107
89 25
74 11
59 178
92 182
96 96
97 103
41 117
90 116
47 52
47 138
74 152
94 34
40 182
48 154
76 52
80 109
73 187
34 134
95 200
61 119
55 92
34 79
47 191
88 128
93 197
32 181
35 170
85 188
65 79
30 97
99 45
21 32
70 128
56 39
78 93
71 44
44 182
34 196
89 120
29 14
100 32
47 107
29 43
90 188
70 56
78 77
36 123
93 135
52 56
22 22
71 133
69 136
96 182
50 86
68 75
28 60
36 119
93 112
12 50
92 85
18 26
39 31
39 52
93 11
32 141
26 80
14 92
25 200
41 158
10 17
50 41
29 165
46 45
84 123
20 18
19 46
61 151
25 185
87 66
33 134
75 31
28 92
88 41
96 29
61 42
44 65
77 137
39 23
92 139
23 122
14 157
83 193
51 47
72 143
14 17
99 122
61 101
38 186
23 161
84 143
46 85
75 66
44 71
52 37
43 60
36 169
68 129
83 157
69 182
99 114
65 187
31 71
24 83
82 63
47 82
65 57
46 46
59 22
61 37
68 129
47 19
58 115
28 101
77 127
10 182
76 115
35 109
98 76
19 75
40 46
61 168
39 148
51 29
93 133
69 199
59 133
70 192
74 169
63 152
91 41
41 169
81 122
79 166
69 81
74 161
44 200
20 10
84 154
78 129
26 97
89 182
69 158
61 110
62 110
99 64
39 184
71 130
59 143
14 115
38 170
43 153
29 24
62 138
31 26
96 77
92 16
92 155
59 53
55 133
28 116
26 137
46 84
83 48
91 27
39 62
83 49
16 178
42 179
68 53
23 194
80 108
65 191
82 16
76 138
88 40
43 169
13 187
55 99
91 91
91 199
43 103
55 147
37 144
34 17
30 142
22 129
32 54
34 145
53 197
41 43
57 170
45 46
70 98
64 11
14 74
96 121
80 90
49 91
55 57
65 20
37 142
38 81
70 102
63 68
26 142
54 146
85 146
87 88
58 140
84 21
57 132
99 23
83 64
60 44
74 192
66 122
72 38
59 141
73 62
17 50
32 143
62 148
29 190
40 144
15 158
92 176
93 131
15 122
91 93
66 119
96 77
27 62
41 77
62 56
68 45
56 167
84 104
23 88
73 162
43 88
30 200
93 52
78 52
51 159
25 187
48 86
54 174
41 180
57 152
15 192
25 144
69 187
86 95
64 196
52 96
35 19
31 159
48 69
79 70
83 180
21 139
32 109
48 24
67 152
19 135
36 175
50 146
86 181
94 35
47 130
100 81
34 60
17 45
45 62
41 158
97 151
10 119
34 198
45 181
59 121
26 159
95 37
97 78
55 200
82 15
15 68
82 112
27 138
65 36
37 51
42 53
12 102
69 116
97 138
81 114
74 33
58 189
79 19
64 89
24 182
43 160
43 25
58 157
66 18
76 165
36 19
43 95
67 44
81 54
32 119
73 74
74 52
81 23
54 141
94 92
98 40
87 183
13 134
54 30
75 165
78 45
92 45
18 129
40 174
75 94
50 152
75 55
47 42
29 77
17 14
22 138
48 31
61 112
61 102
36 119
52 138
52 84
79 105
17 95
48 197
87 183
46 159
28 142
34 118
38 17
23 189
62 200
12 109
29 186
81 86
51 89
59 79
82 39
15 187
62 74
89 147
58 153
64 83
71 140
40 146
82 178
66 137
67 165
18 132
31 68
95 98
38 75
82 132
61 163
26 72
57 123
78 104
92 136
98 12
45 21
41 66
80 81
22 19
65 60
49 61
37 172
74 87
13 137
55 185
96 150
39 169
92 87
20 182
11 71
26 132
99 154
26 114
54 12
42 114
77 87
74 192
78 135
48 138
19 110
61 14
27 192
19 187
23 45
56 135
55 196
79 31
82 97
85 195
13 80
23 195
61 94
100 58
51 109
89 134
95 153
81 111
55 132
84 43
90 109
10 116
27 77
51 74
36 94
51 107
15 189
73 143
14 154
74 167
37 52
31 114
64 81
96 138
18 155
40 23
35 183
42 10
72 88
15 68
34 155
92 157
74 110
21 90
53 134
50 159
100 190
64 193
36 130
35 95
93 145
96 13
59 80
33 200
36 100
82 173
11 53
53 62
17 50
33 82
12 42
57 194
62 147
82 92
33 115
49 196
88 128
97 200
88 34
30 31
38 87
36 44
55 168
30 149
60 83
75 35
44 62
80 137
42 13
46 119
30 49
98 21
28 157
17 41
39 40
82 171
56 78
59 113
13 124
25 75
13 82
78 133
21 140
42 177
72 111
34 82
63 53
64 161
41 126
13 33
62 54
91 139
19 31
34 11
100 103
39 185
38 19
49 153
28 199
18 113
75 67
82 81
81 100
35 153
70 33
46 48
39 193
18 64
93 50
79 11
44 153
57 161
24 146
38 154
93 85
86 75
96 73
58 74
29 200
15 32
37 194
36 143
40 69
32 52
39 84
41 95
17 82
61 42
47 181
81 184
52 74
61 29
50 48
40 121
55 111
20 91
49 57
11 133
43 74
29 68
87 71
98 196
11 30
43 13
10 67
96 109
97 90
52 67
27 22
14 188
44 187
71 48
23 146
80 25
59 189
81 179
21 58
93 45
89 77
79 122
66 101
57 64
83 172
98 153
99 142
89 128
79 39
79 16
84 158
10 59
19 127
95 48
21 55
61 97
76 187
15 55
66 84
56 112
78 73
10 60
17 194
72 177
10 165
94 73
25 58
43 111
74 172
35 194
78 53
10 160
78 144
10 139
31 157
81 116
62 127
92 78
33 187
71 19
29 81
35 94
20 26
86 125
22 187
85 36
60 31
22 112
91 44
34 57
31 114
90 64
12 172
68 195
97 199
40 108
55 108
77 29
49 61
65 134
90 106
67 98
33 22
93 135
17 72
14 91
48 144
74 60
75 99
93 94
32 58
14 19
50 36
58 101
60 48
67 146
24 39
51 71
29 43
78 119
23 200
28 125
77 190
64 80
50 50
39 51
42 178
66 97
24 133
89 135
53 67
76 114
42 136
32 159
76 24
89 117
82 143
12 178
62 37
26 64
40 65
38 188
89 177
71 111
34 95
56 101
68 138
62 69
64 33
24 85
46 160
45 82
36 55
93 56
30 173
16 172
27 14
86 113
55 66
88 112
32 103
73 146
27 40
69 125
88 97
36 145
12 23
69 149
35 120
43 162
87 127
15 142
47 137
35 135
26 113
33 187
72 71
54 68
10 11
86 199
60 36
76 166
100 181
17 151
95 154
79 184
52 67
10 33
91 23
43 17
64 26
18 154
80 191
40 54
93 47
31 89
54 38
30 156
40 13
77 131
94 40
32 58
56 83
88 135
21 61
70 66
51 180
64 30
58 74
63 184
36 138
18 28
81 161
32 196
83 102
63 142
71 84
75 50
17 94
79 97
47 161
58 66
44 15
71 131
86 150
95 33
17 30
92 96
94 47
80 167
93 83
69 92
80 142
96 158
59 151
33 193
40 50
46 50
18 156
82 168
40 129
16 57
41 64
15 151
92 77
81 83
26 69
64 152
82 119
47 58
51 198
90 170
13 142
71 115
96 55
32 45
44 95
90 166
53 56
25 94
80 77
82 95
98 154
18 159
59 168
74 175
41 122
97 33
15 28
73 172
35 64
90 69
87 98
97 142
37 164
90 88
34 25
28 189
34 63
64 85
45 28
99 38
17 25
74 24
41 43
40 129
58 23
88 90
62 45
90 98
75 101
58 82
67 193
84 129
13 60
90 120
92 84
41 39
99 32
37 177
68 60
58 197
88 115
22 27
45 129
92 23
98 135
72 180
25 178
72 26
56 133
84 106
12 129
99 150
46 10
94 81
56 53
46 146
50 175
100 174
77 122
58 168
39 82
92 27
38 55
90 110
40 45
84 16
14 163
60 158
34 104
71 46
57 128
40 149
83 20
99 28
29 130
87 32
76 132
66 84
57 127
14 199
82 42
83 148
87 14
90 12
48 156
17 99
30 73
18 199
39 12
62 60
62 11
69 179
42 144
59 176
98 89
75 31
14 31
28 138
52 96
82 179
30 31
48 147
89 181
16 22
25 183
92 137
32 166
31 183
12 189
52 22
60 175
41 20
37 56
72 75
83 132
32 37
96 165
17 69
79 141
82 149
99 187
34 151
88 22
48 105
89 112
15 100
33 196
28 103
22 80
57 184
98 65
61 176
66 15
57 186
99 160
92 135
66 42
43 165
33 39
59 77
88 199
39 48
80 99
88 67
48 153
13 192
40 82
17 37
49 34
93 99
20 170
97 196
25 108
45 55
74 51
40 121
74 112
88 87
27 121
99 192
36 15
26 104
28 172
78 17
14 166
67 33
17 151
16 158
56 179
89 38
98 170
97 112
88 129
41 103
76 132
32 158
57 99
48 45
52 182
96 110
50 193
88 126
79 195
97 23
99 153
70 45
13 22
30 24
66 136
59 13
53 33
24 48
100 21
37 35
41 171
60 15
11 111
92 128
95 81
30 100
36 15
51 145
18 105
83 12
48 75
32 164
39 19
53 63
99 130
42 67
83 45
74 84
56 47
26 96
69 166
59 163
89 165
87 41
88 87
34 144
27 93
80 94
56 131
47 145
83 58
46 172
88 118
12 83
91 80
63 117
82 199
17 59
74 177
30 54
27 168
87 37
27 138
54 154
14 91
43 163
50 144
53 53
15 12
87 37
37 117
72 161
23 23
43 100
91 143
11 96
34 197
14 184
16 67
40 46
29 78
98 108
68 178
59 72
59 77
86 105
47 87
58 121
53 118
100 133
71 198
13 14
88 165
62 150
46 168
68 191
81 38
33 79
32 70
75 16
80 85
29 166
70 41
39 84
85 141
19 53
93 57
66 154
48 67
91 64
89 132
12 92
94 186
34 188
34 147
59 184
21 149
84 36
35 56
74 151
68 139
82 147
23 73
58 29
82 46
61 154
23 172
93 128
15 51
85 12
78 154
42 62
74 178
87 104
18 20
73 42
97 92
53 178
55 144
87 84
12 124
61 148
64 140
85 73
70 34
98 190
65 83
90 102
35 151
91 107
52 116
36 175
71 184
75 175
97 193
69 129
26 153
40 54
73 185
12 94
100 15
96 40
56 168
55 183
40 172
41 123
62 72
48 107
63 71
28 25
91 175
74 23
16 41
50 18
81 198
37 79
14 28
97 112
71 63
22 125
50 196
46 133
37 179
51 156
23 156
65 125
19 137
20 56
95 28
57 38
65 200
71 27
69 37
46 34
34 67
57 158
65 40
94 186
94 165
98 79
67 157
19 49
53 177
54 83
96 193
38 63
10 39
100 62
82 52
25 191
20 56
43 16
27 39
29 138
34 155
26 135
41 77
83 26
35 112
47 91
90 54
98 139
36 45
21 162
96 98
76 40
61 101
43 52
99 82
52 167
95 40
76 160
75 96
89 194
47 118
47 145
63 49
42 89
58 95
22 15
43 24
21 148
60 126
36 110
86 23
44 55
26 20
31 195
85 55
17 125
98 94
75 169
52 186
11 39
24 120
16 106
11 123
14 115
52 87
36 89
89 135
71 188
98 14
22 73
65 191
67 67
36 79
76 39
12 105
96 179
91 146
90 23
46 150
70 173
51 187
80 171
29 39
24 87
59 161
62 138
72 160
94 57
23 51
56 136
46 166
58 13
16 20
45 23
59 167
57 18
27 68
56 73
94 159
26 176
22 122
29 115
59 107
98 131
45 70
14 138
95 193
71 159
27 180
70 185
37 157
38 121
70 172
17 134
70 179
14 94
27 21
28 194
63 182
65 110
33 34
42 99
12 200
45 73
35 50
58 170
47 72
33 64
50 96
69 17
26 141
18 187
24 99
73 114
15 147
38 144
23 104
19 42
89 111
98 149
75 175
57 22
21 198
28 123
74 109
33 180
77 53
87 45
85 167
85 67
66 16
82 107
99 65
58 80
61 65
81 183
81 136
100 119
71 115
52 48
68 16
87 85
33 15
52 45
48 91
61 86
11 147
47 74
49 143
66 42
67 184
88 103
37 41
93 73
68 97
95 13
37 174
86 175
17 29
85 173
26 156
23 52
40 62
97 147
71 81
95 68
26 25
39 195
85 194
68 67
83 44
94 184
97 148
87 18
33 21
23 122
69 61
47 134
49 123
94 152
60 80
10 79
49 170
82 16
41 174
93 75
65 156
87 69
82 38
28 115
97 80
72 81
84 43
26 65
15 106
59 171
77 69
57 137
69 156
11 45
95 61
22 181
43 159
74 132
34 139
46 102
50 116
85 161
43 200
73 126
36 76
67 104
97 179
81 17
69 27
64 85
39 153
22 107
38 149
13 142
58 119
46 118
37 39
47 196
11 139
71 156
94 61
57 184
68 134
55 164
74 43
90 51
12 169
92 119
68 198
19 27
60 138
76 163
57 35
19 49
32 122
12 22
71 98
33 34
51 18
28 194
13 79
80 59
36 35
63 177
82 50
73 161
98 151
82 189
62 124
66 162
35 53
80 62
81 22
51 15
44 117
99 95
93 87
16 77
66 134
40 158
57 69
97 195
51 85
25 16
32 41
67 88
12 185
70 69
49 92
31 28
96 96
83 38
24 78
70 107
74 193
45 197
66 26
93 70
72 196
36 121
52 66
68 156
38 15
53 69
64 111
22 118
57 43
47 192
47 95
14 135
33 197
59 160
97 167
58 135
58 140
80 42
76 98
70 67
55 34
98 191
50 57
68 154
69 98
68 24
91 86
43 92
92 124
65 138
96 115
19 96
97 162
70 71
16 138
57 153
16 99
69 140
81 94
53 58
20 59
72 188
62 65
78 61
23 165
41 113
19 105
25 146
56 148
95 116
79 158
22 112
22 54
40 23
88 135
96 142
19 178
62 142
51 52
78 87
90 35
36 108
39 41
67 18
90 83
100 130
29 35
15 130
72 83
88 39
82 58
20 46
29 122
80 134
28 23
88 192
46 31
69 23
27 188
22 85
51 21
92 166
49 45
65 160
43 81
33 193
51 181
32 200
31 37
93 87
39 166
74 133
56 22
12 93
69 43
98 135
52 194
96 134
49 16
27 22
28 103
23 38
100 42
38 198
27 161
34 154
27 198
84 134
94 76
64 62
26 37
88 197
66 108
75 103
60 23
13 44
22 120
47 21
79 122
96 43
23 138
14 51
44 94
67 188
36 45
16 112
98 79
73 115
40 60
32 156
18 123
32 32
52 106
42 15
61 97
42 144
37 78
68 12
33 14
61 166
72 82
27 156
24 29
86 171
53 122
61 186
43 159
82 120
15 74
31 105
30 17
94 16
62 77
81 70
11 51
60 165
62 147
96 95
29 56
47 89
52 34
86 56
44 83
86 69
43 114
14 151
86 34
74 28
75 18
85 26
50 136
66 194
37 166
95 70
59 18
44 12
55 46
48 68
87 24
91 109
56 113
100 93
19 37
41 82
82 190
78 138
76 122
86 28
21 62
75 121
37 82
87 124
91 194
88 58
74 153
23 180
37 37
23 46
12 173
84 121
32 59
14 130
58 10
26 80
50 103
55 144
25 158
77 114
82 114
100 180
42 140
91 145
51 52
32 52
74 121
37 30
30 64
19 163
12 165
26 138
96 98
46 85
82 13
42 196
40 172
34 174
16 178
58 121
44 99
65 89
11 147
66 32
13 125
25 86
80 70
21 190
28 138
48 35
87 84
25 79
75 50
14 31
80 161
92 91
58 104
84 134
65 101
44 94
40 163
37 127
17 36
47 35
75 12
52 126
82 125
40 198
33 70
53 36
60 161
80 146
17 87
68 171
29 57
94 193
24 56
86 87
48 57
75 68
88 15
74 179
10 32
41 117
11 195
91 135
83 104
33 84
50 171
79 180
18 131
100 60
18 135
72 80
34 92
31 62
79 166
44 27
62 16
67 102
77 143
41 30
43 150
65 48
71 171
70 160
31 43
29 99
16 168
11 171
53 151
16 147
81 84
64 147
42 164
22 134
94 118
84 165
34 58
37 178
45 30
37 163
82 169
22 52
63 73
82 17
10 66
54 195
55 161
94 52
55 11
22 53
21 152
92 177
98 42
94 71
78 135
26 138
94 106
10 60
69 24
79 58
87 20
67 43
56 16
44 140
28 83
66 149
15 43
92 56
39 123
62 151
85 185
83 172
33 112
51 104
27 89
24 29
68 26
61 137
57 159
41 40
68 102
30 89
70 126
93 32
22 96
32 140
49 105
38 15
50 156
80 155
78 104
88 200
91 57
22 143
97 33
75 70
66 196
91 104
70 105
88 35
54 165
43 116
77 99
44 97
30 73
46 132
71 69
97 87
35 89
62 145
78 68
12 81
85 175
31 50
93 145
54 136
81 62
55 190
37 15
36 48
66 194
18 45
59 102
13 192
76 17
32 137
18 184
49 173
44 14
64 80
42 110
90 79
74 79
87 135
13 189
21 175
11 165
58 66
50 176
61 91
80 58
85 102
34 35
44 42
57 109
75 10
32 163
27 24
80 182
60 138
43 165
52 174
71 144
58 17
24 153
53 146
18 160
45 86
78 134
27 46
57 74
76 95
19 161
91 90
77 79
72 134
93 152
17 186
76 180
91 80
91 135
11 177
89 107
95 100
96 192
54 117
13 27
47 114
39 133
65 141
41 65
25 68
66 193
50 146
14 45
48 148
37 85
57 85
12 198
45 44
63 156
12 77
71 175
96 194
76 28
16 132
12 30
57 111
34 42
62 60
54 117
49 91
12 144
23 174
48 185
65 175
63 180
47 156
69 75
87 84
55 127
32 19
95 195
24 12
39 21
19 125
39 83
26 119
17 25
100 33
13 143
36 184
85 70
53 121
14 132
52 94
49 31
69 26
15 46
24 73
75 125
43 28
98 47
46 90
15 73
77 105
63 133
92 172
75 71
18 172
37 108
54 94
50 182
35 166
21 172
16 118
35 70
54 160
25 94
91 181
51 175
57 16
33 186
32 121
46 92
40 92
53 193
65 141
77 107
10 44
55 157
92 18
19 131
65 145
51 39
72 25
40 31
22 132
30 52
61 106
74 180
55 146
56 185
72 167
25 35
74 182
42 174
12 51
63 11
56 140
93 154
59 88
63 29
86 35
15 85
65 27
17 141
22 57
45 114
49 16
19 23
83 165
95 53
73 112
68 45
24 129
63 50
83 18
43 49
24 153
31 187
44 31
14 177
18 53
93 91
99 52
49 113
71 112
28 66
54 53
79 108
100 135
40 33
19 39
67 198
38 39
65 196
43 112
27 128
17 85
78 57
38 134
12 177
23 137
59 124
32 10
88 175
68 23
68 99
16 113
63 77
76 80
69 192
49 67
76 158
22 171
41 112
86 187
12 183
80 165
82 126
51 171
87 121
12 119
11 79
79 128
16 185
98 41
79 33
24 138
18 61
23 39
40 55
45 72
61 162
19 177
79 45
65 30
85 175
73 19
39 182
29 21
58 179
21 185
25 162
97 13
62 73
35 175
72 81
87 189
47 140
27 185
72 155
44 175
12 165
21 26
21 143
77 155
56 124
22 144
77 104
57 98
82 12
46 106
14 153
38 159
44 102
29 89
54 169
24 51
34 69
14 100
65 138
31 167
86 14
98 159
70 58
16 96
89 162
58 177
37 129
97 50
21 121
76 120
96 14
38 21
78 49
82 119
40 199
69 60
63 18
40 132
36 86
37 160
88 40
33 197
87 92
48 179
61 19
27 113
66 81
93 130
51 78
38 141
94 169
59 100
79 31
96 86
88 70
45 21
33 193
52 58
50 97
17 130
66 168
20 141
43 200
27 34
94 154
27 187
68 178
23 142
27 129
67 151
57 106
79 88
32 22
89 25
36 37
89 15
84 30
22 87
66 60
100 118
10 97
63 169
55 11
30 96
47 171
39 162
14 51
73 186
54 28
61 162
20 167
34 71
11 157
20 37
38 102
43 42
53 92
59 64
34 133
87 66
28 39
64 170
87 88
21 155
13 178
37 195
38 127
18 175
61 57
23 111
55 191
81 161
14 166
23 19
72 17
62 191
25 137
39 160
68 137
23 165
39 51
48 123
65 68
97 94
92 121
69 109
28 160
61 36
42 127
77 22
74 177
75 23
16 185
71 171
17 108
61 100
51 138
13 161
18 110
85 133
35 49
100 175
56 122
92 124
88 112
72 25
59 162
66 44
50 32
18 133
37 184
57 123
69 45
47 139
40 127
77 19
38 147
35 188
52 61
51 129
11 91
53 95
59 195
42 64
63 156
73 169
20 40
31 60
97 186
18 43
52 104
56 100
77 102
80 130
24 42
75 160
98 24
94 19
54 195
72 56
93 81
59 90
26 149
98 199
64 195
13 46
17 128
12 160
56 67
30 195
67 160
13 43
76 29
36 182
85 159
89 186
58 74
43 163
44 81
14 169
10 46
68 185
83 184
18 36
15 54
25 139
87 27
52 199
78 90
45 82
93 39
57 100
34 155
79 159
47 67
30 100
16 153
72 110
20 71
43 199
35 10
51 141
94 154
36 64
89 141
14 104
58 24
85 116
67 100
67 25
99 45
68 103
37 42
56 146
36 183
27 40
28 104
35 31
24 131
100 134
49 64
84 84
27 54
95 69
85 108
52 123
11 43
51 152
29 94
40 22
66 86
69 80
78 66
96 80
71 30
95 102
62 41
69 175
100 19
26 51
79 163
83 81
58 32
35 115
47 165
85 13
38 23
50 51
63 28
62 111
56 146
97 144
51 10
13 84
45 175
50 127
14 110
74 176
19 75
92 92
81 62
21 123
99 22
78 189
59 106
10 122
49 124
39 72
79 197
93 134
25 93
17 151
27 103
44 192
96 60
82 72
27 169
11 31
71 170
39 65
35 153
52 160
53 65
80 190
77 22
24 75
67 28
74 142
65 185
74 154
59 16
90 169
65 200
54 200
33 53
19 87
75 64
48 71
95 134
65 192
52 27
25 73
64 147
18 200
59 160
43 19
91 168
46 15
40 21
81 179
35 114
37 59
50 168
44 86
92 24
69 47
42 177
68 99
36 158
78 75
21 73
56 126
97 107
56 73
99 181
15 173
80 173
51 61
16 186
82 62
10 35
57 62
51 52
92 146
16 93
26 161
80 139
28 61
81 40
82 176
28 19
30 126
28 22
44 143
72 135
11 28
83 138
31 14
89 75
10 33
45 182
76 157
15 115
70 178
85 154
82 199
37 144
64 166
89 122
96 29
40 125
50 37
17 163
45 85
10 12
16 17
42 137
22 148
39 194
50 17
32 122
80 154
50 151
30 88
57 27
15 140
38 167
99 47
43 51
57 179
97 75
41 58
45 193
93 74
88 144
50 178
26 108
85 165
79 72
21 120
46 172
76 75
35 69
72 89
35 57
27 153
44 74
22 123
64 50
15 96
100 89
77 93
92 26
99 66
82 144
60 21
90 78
91 96
100 190
99 46
43 63
18 180
36 64
73 37
52 132
57 110
50 18
48 28
10 72
66 134
73 103
62 164
50 54
39 129
30 56
37 123
52 197
93 80
47 25
30 177
60 73
57 179
80 79
95 127
95 102
78 190
38 50
82 187
44 34
82 171
47 101
80 10
34 185
29 191
54 30
23 190
42 76
29 187
82 186
54 130
37 18
96 125
23 116
98 186
87 69
37 41
13 70
75 122
95 156
62 97
22 101
31 113
25 75
28 156
65 57
35 12
19 47
74 157
60 103
96 136
12 119
86 165
55 52
98 54
70 19
68 48
14 70
89 121
39 95
25 60
58 173
12 28
33 54
15 16
10 160
82 130
49 131
72 100
80 192
22 45
99 150
84 155
32 79
31 188
95 186
72 127
12 121
72 191
66 185
71 133
94 161
86 65
35 168
15 130
43 164
70 34
61 93
97 144
41 99
60 147
43 190
94 64
21 61
87 96
58 73
60 32
25 124
63 159
19 85
34 93
48 76
100 173
63 118
61 142
93 68
45 113
59 195
33 10
56 65
65 134
29 158
17 173
77 64
10 184
91 20
91 199
81 36
17 66
11 130
90 195
42 107
82 110
25 118
25 190
23 27
74 122
20 100
93 77
67 47
35 114
43 170
11 155
31 148
19 184
40 17
79 108
49 129
63 58
64 139
88 40
74 182
89 152
58 68
88 56
90 122
88 175
18 115
62 130
61 184
79 173
86 136
62 149
17 109
14 123
73 66
28 24
69 127
48 163
51 15
57 133
28 44
80 39
87 102
84 55
66 117
37 97
19 120
93 128
30 64
69 88
15 25
94 32
20 90
17 192
83 69
19 44
25 75
55 73
84 76
11 51
90 158
55 56
81 196
97 117
24 46
57 44
68 141
75 46
98 73
57 159
63 152
45 56
17 110
97 14
81 81
95 12
90 14
86 149
12 76
88 80
100 104
64 186
11 193
63 108
36 59
42 40
38 59
85 70
83 48
90 178
79 119
87 191
86 60
92 145
71 26
32 60
40 173
54 176
40 68
39 73
79 139
18 162
65 10
15 190
74 96
64 11
79 169
74 150
39 131
69 167
61 154
32 88
93 84
85 91
46 180
15 81
12 79
48 150
70 63
68 162
48 129
11 198
35 156
43 160
58 85
63 77
56 164
26 155
25 84
88 11
41 42
93 194
16 114
64 12
84 127
72 160
16 149
10 186
65 148
96 34
63 70
48 61
98 99
74 116
81 94
36 58
54 190
18 59
77 16
52 136
20 68
99 200
13 96
58 111
59 130
44 88
66 79
84 90
62 166
38 185
18 112
17 197
100 106
93 70
14 150
90 89
38 113
95 25
49 117
26 64
59 127
73 103
58 102
94 17
67 200
14 160
49 56
17 34
92 55
24 130
62 111
37 35
54 140
11 67
36 19
17 138
94 107
26 154
53 44
23 88
95 153
11 166
56 47
82 195
35 127
60 110
25 154
94 74
71 197
78 185
75 95
45 164
83 196
72 191
35 77
99 116
28 159
26 95
34 93
38 111
56 57
100 69
37 167
19 138
50 107
95 21
89 87
82 15
54 113
60 155
54 117
25 54
37 142
10 116
38 71
20 87
80 58
34 141
66 145
31 30
83 44
30 66
17 38
59 25
72 89
20 143
83 40
52 115
66 147
34 49
43 68
57 148
17 138
46 174
77 10
43 147
45 79
48 177
82 117
84 47
69 15
87 45
29 189
78 60
43 193
59 188
99 90
15 20
50 67
43 123
71 53
94 145
92 115
74 28
37 179
44 71
15 67
64 50
21 77
90 13
96 64
46 164
55 169
63 184
18 10
38 158
34 165
10 165
62 67
70 145
49 70
11 72
50 133
95 173
59 55
68 91
33 19
11 74
72 49
89 57
23 154
22 93
48 129
43 41
13 62
16 74
69 12
59 70
90 91
32 157
55 62
56 66
74 135
72 94
74 10
78 44
40 168
51 116
66 197
59 126
50 189
75 23
89 170
44 148
57 138
80 18
73 16
96 106
45 49
44 136
44 174
59 46
28 119
69 82
46 166
69 185
45 41
58 167
47 103
28 84
74 62
59 74
86 179
99 31
38 12
93 88
71 128
99 162
50 121
89 174
11 62
35 39
54 178
88 139
91 155
47 154
13 126
81 97
67 41
36 144
38 98
29 64
32 191
13 83
11 102
74 187
11 36
13 91
98 65
62 149
59 85
69 48
21 142
68 128
81 75
89 39
75 159
33 200
52 152
85 59
81 151
73 50
20 105
54 55
83 195
59 192
69 96
57 103
83 164
75 32
34 157
89 23
88 188
58 64
11 118
99 35
54 193
27 89
64 51
71 101
41 150
42 137
63 143
42 94
30 103
25 179
33 21
16 166
78 59
12 182
60 177
24 100
89 149
30 132
29 157
90 56
37 158
59 163
73 44
15 50
24 16
10 19
33 64
20 71
33 25
43 145
40 125
12 15
14 45
34 84
40 13
84 119
98 136
36 83
51 194
80 151
61 163
66 71
49 156
11 196
15 28
72 17
54 198
80 38
23 193
45 78
81 64
73 179
25 112
66 13
94 174
84 148
25 136
55 197
79 163
90 106
16 155
45 168
90 169
72 15
82 173
19 10
89 114
95 48
98 61
32 164
95 196
100 14
55 142
91 43
27 193
33 129
95 74
47 120
46 157
13 70
41 74
43 179
74 93
87 46
13 90
26 22
25 155
34 59
86 48
20 44
21 53
53 31
11 125
70 195
24 111
81 55
11 168
38 175
31 71
100 48
34 64
50 79
94 98
35 126
15 42
62 20
42 168
85 46
57 196
97 186
80 138
80 80
17 85
19 200
32 109
64 119
88 119
75 193
40 160
40 187
62 144
24 121
60 38
90 25
16 41
41 129
26 63
84 118
28 97
25 106
28 177
77 180
45 79
12 146
14 156
37 74
89 129
23 32
68 185
18 12
52 69
77 16
60 196
18 82
70 63
45 132
12 46
19 148
25 127
93 144
18 47
50 25
89 23
61 188
83 84
83 45
73 165
19 87
37 187
27 96
51 158
11 102
36 152
16 109
86 176
88 195
46 103
70 31
17 78
43 158
17 52
78 116
55 65
28 20
14 195
96 113
23 124
61 147
70 75
17 166
84 164
66 85
86 191
70 26
74 182
45 41
98 166
23 62
10 184
88 93
94 168
23 130
42 10
73 179
95 188
75 161
37 125
23 38
83 186
31 173
48 27
36 22
43 173
52 34
98 158
64 155
76 114
60 60
51 26
36 55
28 173
77 154
58 73
48 12
36 58
87 69
53 10
73 80
79 145
45 172
54 44
83 70
76 55
53 127
82 150
24 75
43 200
72 63
98 54
31 165
97 85
60 191
100 104
88 102
10 187
70 184
30 43
90 21
48 164
75 172
39 133
45 79
43 108
26 26
44 41
26 99
34 13
42 45
63 193
11 189
14 53
34 53
77 46
84 165
19 25
23 179
64 194
74 123
82 11
54 120
53 141
72 171
10 119
100 94
86 164
42 112
52 97
78 93
43 42
59 178
35 37
17 48
46 57
50 189
87 122
60 134
27 138
69 50
89 153
97 179
49 60
64 145
21 90
72 102
55 151
23 44
55 79
70 53
27 86
72 196
66 139
96 104
17 77
64 144
11 99
70 136
16 56
94 118
28 151
35 101
48 111
17 102
85 38
10 149
49 198
31 134
20 94
88 55
97 193
40 12
29 132
11 84
50 61
15 158
23 33
59 147
95 15
71 157
96 14
60 193
59 70
65 181
60 176
67 159
21 45
71 125
23 120
65 190
29 22
48 25
27 71
57 22
25 10
17 155
14 95
34 60
48 94
12 153
96 88
71 81
29 93
100 113
66 26
22 195
50 114
44 96
74 172
42 74
34 99
80 53
69 187
71 183
93 156
85 184
97 67
20 180
49 103
75 174
90 37
15 171
63 200
23 138
93 187
96 18
20 51
71 114
78 177
66 130
69 53
75 19
95 20
43 82
21 124
10 32
20 45
58 136
18 103
26 58
43 97
44 187
86 118
49 188
64 18
51 70
55 95
50 183
27 90
100 39
17 132
57 177
33 98
54 32
55 197
59 102
99 159
95 53
79 10
65 14
11 191
81 91
47 166
23 11
66 150
20 80
76 114
54 91
88 180
57 24
85 14
84 69
25 48
31 84
74 186
89 100
54 197
86 104
52 97
18 60
74 158
44 161
48 199
65 117
49 176
85 176
81 91
16 188
99 191
90 189
76 193
10 174
10 112
20 194
47 26
23 89
10 27
61 89
99 113
54 46
91 193
34 113
59 101
29 34
31 36
45 89
13 123
80 61
85 175
55 78
34 142
43 18
80 28
90 196
35 136
42 64
34 75
12 34
22 110
56 79
20 93
57 198
90 64
80 85
79 125
97 73
20 131
54 46
49 190
84 103
93 94
16 75
98 145
79 147
20 148
70 33
41 27
98 90
52 101
59 154
66 139
13 103
64 119
82 41
16 192
39 32
98 112
41 66
71 18
68 144
97 50
65 40
54 18
75 183
40 107
97 146
95 174
88 149
56 199
23 21
87 135
23 119
14 153
42 136
26 178
19 161
37 89
67 129
90 133
95 197
28 90
41 96
54 12
88 167
13 46
25 66
70 43
91 83
46 150
12 22
86 132
92 189
49 186
20 109
52 72
21 169
22 91
100 37
51 144
28 139
13 25
61 26
89 192
11 88
91 131
12 89
79 95
15 73
14 61
18 20
47 143
43 97
89 88
78 139
99 163
100 54
56 94
39 36
29 161
31 47
60 57
12 165
44 69
72 45
49 75
21 65
26 56
24 63
13 98
60 177
51 91
68 38
74 114
94 103
16 43
28 177
64 131
21 54
54 191
63 132
80 157
59 95
82 161
27 181
28 162
14 131
54 31
82 92
48 66
36 199
15 168
73 10
92 138
30 110
84 156
55 37
20 28
22 181
41 92
94 59
34 139
45 139
32 160
58 117
55 58
77 158
91 134
83 136
50 56
81 43
49 99
50 180
56 36
14 118
72 120
100 37
59 190
90 85
23 18
68 39
84 129
28 104
64 189
73 146
67 119
54 90
42 115
82 147
36 51
92 125
10 75
57 86
51 119
56 57
10 152
86 37
38 95
75 156
67 14
59 140
54 146
57 153
23 133
91 44
41 176
10 158
35 112
53 128
19 25
93 191
39 83
57 69
44 194
21 73
86 182
15 165
91 76
42 30
16 37
16 195
67 23
78 76
26 38
84 189
46 21
45 42
71 51
95 85
39 182
33 85
93 173
18 111
53 178
13 90
36 16
60 40
79 102
65 167
75 165
83 196
41 157
48 92
89 173
71 85
10 137
97 138
48 53
39 22
17 191
12 79
14 30
53 48
70 80
94 97
18 14
17 42
74 164
69 11
13 157
98 133
49 89
60 45
24 130
40 28
48 193
82 160
75 72
15 158
58 57
41 199
93 158
32 43
19 29
45 100
46 142
79 90
89 92
34 28
99 25
88 197
23 177
15 53
73 177
31 34
74 76
12 106
26 128
48 167
42 195
10 145
42 111
26 200
34 25
87 58
31 85
32 70
22 32
85 144
11 157
68 53
84 43
94 100
59 109
51 130
42 166
69 60
47 142
21 113
53 121
20 19
52 58
18 102
32 36
12 101
62 79
62 59
41 159
99 95
68 36
43 14
54 110
90 112
14 159
78 30
63 197
84 97
83 152
32 147
48 100
56 183
59 58
61 102
80 11
42 96
25 32
100 72
94 178
39 27
54 19
17 36
58 120
37 104
46 156
62 71
48 154
100 45
42 128
12 40
36 168
22 31
35 48
90 166
27 111
26 195
35 95
94 170
79 189
39 76
44 135
25 43
62 11
58 112
38 59
69 101
57 90
86 39
72 36
10 19
57 53
77 79
68 56
81 165
18 133
77 10
65 189
50 190
16 155
74 184
20 65
79 75
39 27
11 139
57 142
16 12
46 151
12 145
71 141
66 63
56 161
84 152
34 162
54 13
47 65
54 165
22 92
40 131
14 155
31 152
60 38
81 125
38 56
25 29
66 168
40 81
77 180
49 120
63 18
20 80
73 131
19 36
13 95
52 143
97 69
85 10
27 92
15 98
48 184
16 169
11 21
42 122
22 116
95 155
36 198
37 18
32 90
46 184
11 45
97 89
77 42
18 192
100 14
49 105
44 28
14 183
55 135
40 52
43 180
59 165
93 30
30 171
49 61
13 128
16 102
66 45
97 118
41 101
50 160
44 131
52 91
84 38
65 39
82 87
11 99
30 38
43 68
35 73
70 175
13 59
91 51
76 53
96 143
47 102
13 183
29 123
45 136
15 110
43 53
61 195
44 60
55 106
84 53
76 81
72 35
46 115
10 46
67 57
45 145
41 124
10 173
56 22
43 18
99 117
65 132
36 48
93 156
93 144
79 178
46 26
10 166
83 80
19 133
97 33
15 98
55 27
67 36
14 22
80 196
38 163
78 61
60 153
63 188
62 38
73 132
44 190
79 29
74 121
29 40
96 52
23 157
57 42
69 142
43 71
80 26
45 108
52 77
80 128
46 190
99 73
39 54
45 62
23 144
23 47
95 160
47 123
76 170
14 143
18 52
45 71
88 81
45 158
75 73
98 56
20 63
47 27
93 193
37 192
17 73
27 153
76 140
36 183
59 52
12 21
94 150
18 175
81 94
74 191
86 39
47 63
31 199
61 42
82 193
45 171
55 62
54 131
80 20
89 124
36 59
22 170
54 60
63 73
37 98
98 145
62 143
71 62
44 121
59 154
37 117
68 190
72 46
29 15
17 55
97 132
61 85
25 125
39 66
56 122
68 73
42 102
13 107
11 169
51 47
26 152
70 89
23 168
58 83
10 26
12 123
61 53
69 70
47 176
70 179
80 102
63 198
57 101
78 192
67 144
89 35
60 36
29 58
17 62
31 188
58 80
67 47
12 129
64 113
49 76
96 45
62 177
94 15
42 158
47 159
53 56
99 40
85 143
92 98
21 40
62 94
62 17
58 76
71 59
29 84
45 92
55 115
91 173
32 136
73 138
47 53
95 144
44 66
26 183
87 102
64 62
22 188
84 138
59 49
45 43
80 134
20 42
40 15
37 11
49 158
47 100
42 122
85 106
37 120
65 177
54 167
79 29
61 119
53 17
69 166
51 104
30 19
37 12
78 163
92 199
80 142
66 165
34 154
51 108
67 192
38 130
13 134
93 112
32 128
37 32
49 13
94 58
56 84
100 80
47 86
67 10
84 19
92 126
35 78
31 103
64 129
28 49
30 193
85 126
36 135
60 80
15 118
61 194
36 10
11 82
69 185
53 127
53 90
22 33
93 119
49 70
56 148
76 121
94 103
45 104
88 38
58 19
48 146
71 160
49 98
10 54
56 179
76 143
13 88
93 69
31 91
14 87
24 82
70 21
94 88
91 57
99 155
91 106
74 91
74 46
50 141
47 106
43 105
21 200
64 13
95 11
62 42
78 166
41 130
85 111
14 158
32 145
77 46
12 12
37 129
42 128
29 173
37 10
55 115
61 103
15 113
56 55
70 36
44 80
34 41
52 185
19 183
95 123
50 192
52 168
53 17
17 33
26 163
88 100
46 77
42 17
74 163
72 168
38 117
99 166
50 51
16 180
24 123
62 74
25 50
94 78
52 170
94 81
99 168
93 31
10 17
49 68
76 134
71 181
97 96
82 41
19 140
22 160
52 136
13 189
42 86
52 76
98 10
14 200
43 140
94 78
85 102
34 139
70 185
80 120
27 110
65 16
11 185
76 102
52 43
37 139
75 190
30 165
78 152
32 10
48 16
34 81
21 37
99 179
15 174
46 91
92 93
58 144
41 106
100 18
11 147
46 80
32 174
12 147
17 30
37 37
12 48
40 11
72 162
57 108
32 99
63 39
20 129
69 103
98 62
14 17
76 80
55 179
70 165
98 190
44 117
85 66
11 169
23 73
32 68
66 109
26 12
30 183
93 155
41 30
74 19
68 60
48 136
47 177
33 176
47 108
48 36
68 90
62 74
92 168
14 167
91 132
39 58
20 143
63 22
37 63
12 22
93 154
71 142
21 71
90 140
25 53
43 198
93 35
80 152
42 24
94 113
15 109
97 104
16 16
84 36
49 181
92 173
36 19
33 108
56 53
60 114
29 56
70 72
14 194
58 96
34 154
33 197
37 181
71 147
42 60
77 56
40 66
75 188
83 155
30 189
90 177
26 137
36 56
83 104
90 66
40 122
98 41
69 115
46 62
68 29
10 79
21 166
28 117
22 31
63 91
56 113
76 177
23 112
22 92
96 115
52 70
41 11
52 166
37 112
55 22
28 175
55 50
48 69
41 136
90 72
57 143
62 128
72 67
88 163
87 110
11 142
17 125
40 70
95 103
63 130
24 146
95 49
73 65
21 187
56 19
77 61
10 54
89 92
29 61
72 105
58 165
60 152
14 10
41 192
20 36
10 40
38 47
74 180
54 31
85 137
50 46
29 36
53 19
75 46
83 16
41 74
72 199
75 82
98 80
91 124
63 16
23 99
12 100
17 189
35 67
72 174
16 178
41 15
98 163
30 100
14 13
90 162
69 54
68 54
33 107
91 29
12 166
93 200
91 19
77 199
55 157
17 169
93 25
19 143
17 69
87 169
71 72
14 96
40 17
22 40
84 130
12 71
16 191
53 195
59 81
38 97
30 39
82 184
10 83
29 76
47 35
99 15
44 18
64 35
38 85
55 174
42 182
60 165
69 128
61 193
11 26
48 57
14 166
61 145
36 11
75 13
48 77
99 145
39 175
73 122
55 102
95 107
55 153
51 76
36 96
58 100
70 191
21 181
41 31
78 48
51 135
94 80
42 81
34 108
34 61
17 127
95 138
82 57
72 162
79 13
50 34
88 160
48 71
47 23
34 86
100 159
47 125
27 44
11 98
66 96
27 16
67 145
37 112
77 77
33 158
59 121
82 195
99 49
98 42
62 192
77 158
60 173
17 33
55 123
44 194
43 113
46 74
36 165
10 92
34 49
21 155
22 96
82 84
77 57
73 40
64 77
53 43
62 93
53 101
31 199
80 67
10 115
80 11
51 151
56 176
29 198
74 194
23 100
68 49
50 14
45 17
42 89
43 144
64 128
63 52
89 150
28 80
20 84
42 177
40 17
52 68
18 103
16 141
87 151
38 161
68 81
20 81
40 62
57 176
56 102
95 128
15 171
88 149
73 123
40 122
71 98
41 179
61 86
63 14
74 121
91 35
26 155
58 174
18 142
12 19
40 19
99 106
35 179
61 77
69 191
80 76
35 192
17 122
20 186
13 125
24 113
42 120
58 78
50 118
20 107
84 97
29 86
86 118
85 69
69 178
53 197
45 182
22 120
44 86
38 73
16 55
41 195
46 87
55 102
72 149
54 144
70 138
16 60
81 105
72 62
97 23
50 148
56 67
100 142
85 185
37 188
43 12
56 26
37 98
81 106
84 162
70 104
24 90
24 166
30 117
97 89
64 98
21 169
99 138
63 120
28 137
91 174
38 111
57 28
10 152
26 89
80 185
53 33
25 158
52 81
16 39
24 48
48 40
97 126
26 161
46 112
66 187
59 36
36 119
76 140
98 22
37 27
95 32
33 71
64 61
71 98
77 146
57 61
37 187
78 144
66 66
51 44
50 153
96 184
69 137
29 176
27 163
59 169
89 64
48 187
74 25
77 49
57 64
82 136
40 121
54 188
73 148
43 73
95 114
15 15
64 192
83 43
43 195
18 183
77 107
38 186
28 97
17 104
54 147
39 23
48 153
42 88
78 54
13 66
68 29
89 52
97 73
65 19
28 131
25 159
83 14
100 171
37 23
55 95
59 147
28 71
68 154
33 65
52 121
34 200
63 13
57 174
63 170
52 199
11 27
39 171
36 146
10 188
62 36
98 162
93 35
70 139
92 193
22 198
46 137
33 76
75 69
21 82
18 75
71 173
47 81
19 158
92 106
90 28
28 49
26 172
28 56
34 74
96 125
70 197
45 112
57 45
91 177
100 54
84 18
35 155
33 13
57 128
54 79
31 108
49 149
45 36
87 10
93 87
68 15
40 199
73 20
38 133
17 172
78 37
61 46
75 69
47 138
62 25
84 156
79 169
85 23
15 142
46 138
16 138
77 146
33 105
86 22
28 165
52 57
46 186
62 50
49 177
58 63
15 38
11 136
26 156
24 44
19 184
46 161
26 181
78 101
25 106
64 156
55 119
56 107
71 140
28 171
33 146
37 152
17 64
39 192
77 58
72 129
66 51
65 175
84 61
85 129
59 33
58 71
16 109
22 46
76 136
13 198
16 61
54 55
32 58
65 147
53 116
85 159
61 199
18 10
100 53
96 59
58 56
25 17
20 88
95 46
68 103
11 118
91 14
14 91
55 31
75 180
22 147
34 116
25 94
70 47
88 88
36 34
71 16
63 133
42 151
84 153
71 57
90 29
57 32
37 114
26 160
26 35
23 53
27 72
45 123
70 139
14 27
31 179
47 48
74 162
94 125
95 63
59 174
79 32
41 15
33 116
33 73
12 93
16 147
92 97
33 108
38 92
57 20
30 192
97 194
89 68
67 111
71 89
30 25
47 125
17 91
72 17
37 193
39 92
75 76
48 30
46 35
52 164
52 194
13 137
45 153
54 127
38 138
44 182
63 162
72 196
15 158
26 28
35 124
92 133
94 110
60 39
32 86
48 46
91 170
75 66
60 190
92 29
43 43
62 123
70 129
46 46
84 164
33 80
35 186
71 99
18 199
74 96
50 142
68 153
26 126
29 77
24 46
26 85
100 119
34 95
27 138
61 189
49 39
73 10
62 114
55 176
82 70
27 186
94 24
78 136
43 23
48 55
71 121
86 150
58 150
56 120
96 187
39 33
53 20
18 84
100 167
92 36
45 120
65 82
73 25
64 95
56 42
81 109
82 92
13 35
38 114
31 163
28 96
68 160
62 63
40 52
57 114
58 121
57 155
47 179
72 32
89 199
66 57
98 60
88 178
57 24
23 95
66 58
91 16
67 109
26 73
84 132
81 72
28 54
17 67
20 188
28 140
97 188
31 137
11 148
58 167
51 50
89 183
67 65
93 127
11 123
83 159
45 20
27 118
71 91
44 108
67 87
96 108
100 57
19 156
52 193
21 10
93 197
25 152
59 46
99 68
80 134
99 34
60 113
95 29
67 161
27 94
55 19
49 156
93 57
72 104
79 33
53 104
100 152
46 124
76 191
34 146
41 52
87 90
65 156
38 171
37 58
17 176
69 99
89 167
14 41
59 39
97 18
71 128
70 33
70 148
14 56
70 159
80 107
90 97
55 148
29 169
74 143
63 107
83 74
56 199
65 156
87 13
16 15
56 125
63 196
37 73
72 200
66 183
70 92
50 159
36 136
59 78
59 92
95 153
80 70
45 105
18 33
95 11
78 83
16 88
82 20
24 141
20 25
58 138
52 24
58 180
30 89
95 72
45 76
74 171
93 20
58 27
94 49
42 93
18 167
83 22
62 165
96 39
94 120
52 131
14 108
39 129
32 11
30 180
76 59
44 79
29 91
86 124
60 137
11 52
84 30
74 123
97 82
71 165
77 141
14 149
38 26
86 57
30 89
81 140
62 30
27 51
70 127
21 63
84 25
51 178
22 12
29 30
47 73
25 99
28 123
75 74
26 136
69 11
65 192
96 197
27 171
24 145
79 35
15 172
64 125
100 108
88 70
11 56
34 157
11 160
99 182
24 63
89 167
25 175
49 26
49 22
87 19
15 128
15 200
97 106
84 70
62 95
77 177
95 85
96 107
15 34
51 68
73 48
29 163
99 57
61 185
87 19
65 70
28 81
65 57
56 37
74 34
18 69
88 85
68 156
79 179
41 92
19 111
22 136
17 143
59 96
22 73
86 164
36 63
63 46
45 43
93 49
81 17
40 112
31 73
68 117
88 90
46 153
28 151
52 130
87 92
74 64
100 164
38 155
79 84
81 170
63 86
50 27
37 160
28 28
94 17
38 118
11 134
96 154
49 171
72 20
11 142
87 62
74 158
54 165
69 28
83 192
60 165
82 18
65 182
62 170
48 184
94 130
81 170
86 44
52 179
72 25
72 163
18 47
90 127
50 173
49 159
96 93
18 25
12 91
39 172
49 39
71 182
43 93
47 64
88 91
92 193
96 176
33 26
61 96
28 24
87 132
34 97
83 140
59 137
69 153
12 103
29 84
66 141
41 56
98 93
55 81
94 87
15 84
17 69
93 90
67 82
19 100
62 57
87 126
76 81
25 114
80 82
69 79
23 177
11 60
82 107
99 168
59 178
55 131
33 65
92 164
81 54
98 151
55 114
69 108
55 166
25 12
28 31
50 103
47 28
14 90
60 107
56 153
33 142
75 165
12 94
100 157
46 12
78 62
97 195
37 144
30 193
56 51
53 49
97 66
100 97
71 36
68 68
84 100
45 61
10 28
40 13
46 128
22 147
29 165
22 139
76 145
26 76
99 189
26 129
22 25
59 43
91 63
26 73
34 123
86 38
78 114
50 182
18 90
90 42
33 91
11 197
99 167
84 20
49 30
54 31
42 199
98 131
83 178
60 36
55 140
94 63
79 140
100 128
58 184
78 118
91 196
97 99
59 29
48 140
96 92
22 129
59 47
77 186
13 74
65 137
89 121
43 101
55 77
17 124
85 54
10 147
27 168
81 34
93 20
91 80
37 146
96 36
39 79
98 30
24 77
53 192
73 191
33 92
82 177
47 162
79 91
95 93
60 189
34 90
56 102
56 123
82 181
49 52
76 13
16 46
61 95
20 112
99 164
14 186
74 53
46 183
14 78
10 36
68 13
32 108
66 98
78 165
46 22
21 171
26 145
29 141
76 88
64 136
72 90
18 35
36 90
13 88
11 105
21 89
55 52
63 13
76 39
21 83
74 196
87 112
12 105
66 191
98 138
69 56
52 69
85 150
48 110
35 151
18 187
88 113
44 48
37 22
98 127
47 186
33 183
60 106
56 183
29 92
100 44
40 138
28 40
45 73
66 159
31 167
34 119
54 27
23 38
40 78
45 168
82 120
27 172
56 59
74 134
44 96
27 100
40 92
14 154
65 92
63 22
62 101
58 149
17 131
50 169
82 175
40 106
16 109
20 110
85 75
54 121
74 32
18 184
70 141
97 90
46 72
36 102
99 76
13 103
18 92
69 50
91 29
32 150
19 67
76 108
44 136
92 93
54 60
75 93
22 58
27 66
83 97
19 126
54 73
12 14
82 90
69 20
33 21
86 81
88 85
16 11
43 50
38 22
98 14
26 113
37 101
84 25
50 171
54 195
31 160
19 20
81 96
92 193
70 34
63 199
54 95
41 143
66 137
37 56
89 82
89 47
50 172
90 183
28 48
46 28
16 29
15 91
51 81
17 22
90 190
84 36
55 63
84 18
100 168
91 176
26 67
68 22
15 141
72 23
16 24
73 199
81 92
27 149
38 184
58 111
21 25
61 78
18 150
94 90
17 184
59 157
27 144
16 122
36 16
18 85
13 20
19 86
60 184
31 108
77 38
69 183
19 190
71 144
81 180
88 56
11 155
39 57
80 46
67 194
40 148
12 117
57 151
43 125
64 48
74 144
96 84
82 164
80 29
48 35
32 174
65 162
90 128
69 47
56 30
38 60
65 109
83 191
68 12
98 59
43 181
25 160
67 163
60 151
28 51
23 181
87 100
37 165
89 194
45 35
86 43
83 13
67 95
78 67
98 131
73 181
45 132
85 189
64 63
11 76
96 158
31 141
19 42
58 97
18 130
95 72
82 72
97 148
22 113
90 75
48 144
66 168
29 16
11 181
48 160
27 186
44 170
78 186
23 53
13 59
98 69
41 157
55 40
81 87
64 154
39 199
48 50
65 15
98 165
66 160
32 108
95 62
48 115
73 101
24 164
100 153
91 115
55 154
31 79
65 87
22 58
67 163
51 73
44 190
87 198
10 174
46 116
76 195
85 96
24 200
78 66
37 104
17 127
30 115
71 133
39 28
42 122
96 123
26 171
49 66
93 83
76 94
61 110
92 40
52 173
61 98
29 35
15 31
33 72
27 147
74 173
39 50
15 168
16 144
81 97
51 127
57 84
27 180
84 121
16 32
23 71
73 144
18 112
31 69
66 146
88 43
21 193
100 55
13 69
64 163
23 20
19 148
48 121
58 121
44 159
75 147
85 85
53 137
41 121
87 14
93 32
53 196
53 143
83 49
74 83
94 180
69 112
37 31
56 53
92 108
12 107
11 52
29 10
97 190
99 196
37 178
20 85
58 86
49 89
37 51
95 149
26 76
50 169
32 128
91 61
50 67
97 124
98 183
75 110
56 66
40 19
28 167
63 82
31 155
70 22
77 122
95 69
26 65
62 107
95 93
80 62
100 181
11 80
72 143
53 156
12 129
10 108
51 102
97 160
81 140
83 74
30 155
67 92
75 183
65 46
35 190
66 68
91 117
47 154
60 162
80 123
90 118
83 198
23 200
11 67
98 151
69 43
24 108
44 158
71 136
21 31
60 113
46 117
61 50
65 122
90 24
72 136
42 65
19 164
49 133
66 25
75 196
81 31
23 197
77 37
40 195
97 101
82 161
93 127
42 123
15 55
55 106
63 90
48 135
59 69
63 118
87 163
12 178
25 60
45 17
25 127
97 180
27 109
17 58
73 184
30 119
70 151
17 41
79 28
21 128
42 78
68 185
10 193
12 68
48 135
33 174
76 77
38 123
23 137
66 55
84 185
63 193
24 200
93 19
79 44
83 106
40 195
56 164
74 73
18 61
59 119
38 102
78 31
82 15
65 39
77 121
87 46
18 171
26 182
93 107
67 139
32 149
78 114
90 142
90 156
26 27
93 71
90 126
37 10
23 93
72 35
95 75
100 162
58 150
67 47
37 180
41 81
47 131
91 61
77 15
88 87
99 126
63 18
66 84
22 26
83 47
86 25
95 134
79 193
63 163
72 152
86 59
13 91
37 62
75 73
91 193
59 134
58 143
39 13
12 172
56 37
88 92
78 188
79 72
50 120
18 40
85 19
77 139
42 112
45 86
17 101
86 192
40 40
42 20
20 194
20 84
99 45
60 95
43 34
85 33
86 35
58 59
12 187
21 179
38 31
68 117
44 155
83 170
49 63
97 71
75 15
78 100
67 154
11 116
82 186
46 165
42 46
92 100
81 55
96 142
22 177
72 21
32 10
47 159
85 13
30 155
12 186
48 103
52 82
32 138
51 148
54 145
78 138
44 37
65 156
30 82
18 94
49 84
62 95
64 170
28 61
58 151
99 190
53 175
98 63
36 174
96 36
48 38
96 174
84 147
74 78
90 83
59 133
38 78
78 21
74 160
39 162
80 131
81 176
40 66
97 61
44 83
64 169
81 50
27 19
36 115
69 59
90 93
71 166
18 53
73 199
99 93
68 135
56 176
64 162
43 161
33 93
32 121
22 166
62 47
67 24
46 106
67 161
33 77
70 150
39 147
77 145
24 173
32 96
83 11
74 181
62 114
19 48
46 169
87 40
23 31
86 180
59 139
11 139
42 111
76 149
29 80
25 131
87 185
68 191
86 96
11 22
54 88
85 57
95 107
50 106
95 175
83 99
94 70
88 141
34 138
78 71
69 195
51 81
94 62
95 39
66 86
80 192
69 145
62 64
52 169
50 22
54 89
89 100
33 161
90 141
93 164
65 127
23 47
33 180
40 114
48 91
77 81
31 198
46 143
25 88
10 64
88 98
15 33
18 114
15 49
12 104
82 123
75 182
89 73
64 103
26 191
94 19
83 87
55 130
77 133
33 153
53 130
85 175
49 59
12 159
17 199
68 123
89 106
46 125
95 87
22 189
64 32
29 183
47 80
82 129
62 164
55 43
78 143
25 67
12 140
88 111
49 101
61 81
15 128
69 40
22 44
36 103
67 91
39 187
46 41
45 186
42 39
65 109
99 58
17 16
24 35
73 147
67 163
17 166
46 44
34 138
74 67
88 156
32 138
98 131
54 79
66 185
48 157
23 124
27 81
47 23
78 70
20 54
97 31
70 135
57 59
54 178
71 125
78 108
75 75
61 75
34 145
31 75
63 143
72 149
81 141
37 142
83 166
57 33
29 70
38 95
74 73
23 79
77 27
91 95
82 15
33 58
47 41
95 95
52 156
97 41
38 27
44 97
72 11
16 22
71 121
83 34
80 23
96 172
12 102
61 145
17 48
16 123
55 160
18 97
67 96
82 10
38 145
32 140
33 38
70 62
35 125
55 155
11 33
25 191
16 36
52 97
77 172
32 187
59 50
81 67
98 34
90 70
95 199
15 159
12 196
38 29
28 141
43 80
13 121
87 110
87 49
87 64
87 38
10 185
48 147
77 57
60 153
89 161
41 139
89 199
32 174
71 76
26 22
33 99
24 38
93 124
48 27
81 132
88 51
86 168
79 180
88 180
44 154
100 104
87 103
72 48
31 164
22 12
100 82
84 154
17 122
95 31
55 77
96 16
74 92
84 127
96 19
44 25
64 90
68 78
47 65
22 103
35 52
87 27
32 29
27 77
46 91
48 124
51 74
49 120
24 147
66 26
20 165
66 119
96 173
78 59
80 125
82 78
40 79
18 134
91 109
92 83
48 121
43 171
35 148
12 162
68 149
76 49
31 63
15 180
82 189
39 85
90 34
83 123
41 92
82 23
27 101
21 12
28 114
16 50
90 107
93 145
39 33
89 12
63 17
57 156
40 64
22 153
97 37
13 182
50 166
22 131
75 134
48 122
96 150
46 98
25 16
96 124
23 91
85 161
77 130
37 139
26 191
91 72
98 157
67 158
41 113
30 10
66 65
62 83
75 105
100 83
53 78
61 186
78 167
59 102
39 83
78 102
52 121
31 112
78 83
13 44
29 23
78 54
18 10
63 127
54 142
90 60
56 50
26 23
11 12
58 125
78 145
85 193
20 34
86 177
56 17
23 94
75 77
24 121
47 87
29 194
93 69
88 105
75 133
89 138
96 32
69 65
88 101
19 75
76 174
12 32
46 62
60 11
70 98
20 49
14 160
61 69
64 131
61 150
69 81
67 189
11 184
17 113
96 123
50 31
75 52
55 77
31 13
49 77
42 22
61 119
52 171
59 44
23 164
61 155
22 137
63 182
16 40
67 26
50 117
72 70
22 135
90 106
85 60
87 104
13 111
80 110
77 22
78 195
66 193
89 65
18 157
18 72
37 197
79 183
82 170
56 93
84 34
90 107
90 184
11 190
40 44
11 188
91 86
23 99
70 174
87 199
69 43
19 161
33 192
73 143
55 17
24 108
43 69
22 137
97 58
79 159
22 47
60 184
38 149
21 24
91 57
92 95
19 126
54 142
52 189
10 100
25 155
51 59
45 56
44 87
94 134
85 18
72 34
71 117
87 117
60 138
60 187
35 98
52 122
65 50
22 136
53 128
61 160
87 147
20 184
91 131
60 113
73 111
89 153
31 132
96 192
51 55
86 137
77 89
17 195
31 181
78 91
75 42
31 128
33 99
98 56
45 50
14 159
79 119
67 190
67 194
97 132
70 158
46 35
20 139
42 19
54 171
32 70
10 184
42 35
48 98
10 101
50 62
16 111
61 15
44 43
89 103
89 90
76 77
59 141
58 156
98 168
26 93
29 173
36 24
12 170
17 123
20 94
34 165
38 190
54 118
28 190
82 62
17 93
58 38
23 178
19 27
71 154
94 194
14 199
68 190
20 164
36 61
85 131
11 74
61 38
10 17
13 24
12 140
56 42
40 153
83 174
43 177
92 81
59 97
73 200
30 69
54 42
13 41
87 179
67 126
39 109
80 55
66 46
71 52
59 175
44 87
67 187
10 119
67 55
72 181
39 136
22 38
64 13
75 153
10 18
51 42
62 55
35 84
29 138
93 159
60 143
36 104
67 143
38 40
50 50
26 85
54 81
25 166
17 26
21 132
49 19
100 186
100 116
45 168
84 39
23 179
80 15
23 123
94 95
34 180
14 185
38 176
42 21
29 15
24 82
73 128
19 144
80 189
60 26
91 125
14 126
40 49
33 198
48 145
21 136
76 92
38 33
36 29
21 199
35 138
13 183
51 14
33 190
85 28
99 193
80 106
95 68
13 93
26 129
98 191
76 196
15 28
78 140
37 85
51 93
40 62
23 99
29 44
10 103
83 138
95 27
65 57
35 179
71 185
73 21
96 14
95 79
52 35
97 113
77 191
96 166
17 92
87 130
18 164
57 10
12 163
52 157
57 147
89 172
46 85
49 151
62 20
96 156
32 60
10 189
55 86
15 114
67 39
15 116
59 110
28 139
29 178
82 126
65 52
57 121
84 123
41 60
93 113
13 191
82 119
76 78
62 177
52 16
53 68
20 74
35 82
63 84
62 98
85 27
31 118
26 110
91 31
68 186
48 42
23 162
91 198
73 189
87 20
87 33
35 162
40 90
35 122
69 115
55 164
67 171
47 91
98 134
94 84
36 67
89 116
41 110
92 57
84 131
82 138
70 180
30 73
31 154
19 55
96 25
59 21
57 135
98 109
87 36
73 31
12 143
25 156
57 94
47 17
47 114
64 191
89 65
69 197
93 91
79 121
96 104
12 135
87 78
60 163
18 71
48 42
46 164
17 122
86 44
87 95
89 95
92 85
51 14
13 12
56 167
85 23
73 98
57 143
51 35
85 115
92 110
86 144
12 178
47 143
63 16
74 183
53 157
46 73
43 183
38 77
48 19
93 40
63 82
70 139
72 121
42 25
41 43
17 116
74 67
85 77
57 108
59 18
41 160
94 46
97 168
79 112
98 25
19 127
74 159
81 25
87 131
62 122
94 64
78 51
39 130
75 38
74 189
48 135
27 139
95 112
26 105
75 126
98 178
91 60
26 131
32 38
100 150
84 91
69 53
41 170
76 71
100 53
38 66
34 51
80 170
48 145
18 188
36 38
60 135
93 124
67 198
79 161
25 167
76 174
39 196
99 13
75 162
34 138
46 55
74 66
41 153
37 133
35 70
18 127
96 70
61 82
96 45
45 37
71 106
59 43
81 165
30 179
72 115
21 188
13 138
49 28
97 75
46 52
56 133
70 152
35 41
30 83
76 110
95 78
39 154
62 150
27 171
81 87
90 66
23 89
40 161
53 106
55 80
21 183
23 139
16 28
27 11
69 67
55 32
55 139
70 69
19 115
51 39
92 136
45 110
50 133
30 167
10 118
100 30
39 71
18 77
61 172
89 11
44 12
45 187
43 30
21 51
71 106
95 193
20 19
30 100
67 15
53 24
79 125
96 44
28 69
70 97
56 12
61 92
17 144
59 167
81 145
18 165
50 132
67 103
59 80
73 127
91 81
100 52
85 51
94 13
80 41
81 164
91 41
96 69
17 167
64 183
42 88
92 173
91 125
95 26
100 90
45 145
100 127
76 179
56 95
87 101
48 147
78 160
25 131
52 175
81 98
19 29
40 169
20 39
77 88
50 131
89 19
82 174
82 84
72 126
96 200
80 95
80 102
34 146
47 116
81 163
44 143
57 11
17 26
75 26
35 107
76 117
62 67
10 74
31 85
88 132
85 60
23 52
41 114
75 50
40 152
59 77
99 60
65 197
72 153
53 24
16 182
19 19
39 64
65 11
100 139
95 67
73 171
64 184
72 141
45 147
47 102
94 177
99 137
13 49
14 17
84 183
38 185
96 81
30 119
44 10
28 36
29 67
100 20
22 102
37 140
90 42
51 84
35 183
58 13
90 122
11 108
35 53
30 118
23 175
43 27
86 106
12 86
16 49
13 80
89 46
75 10
31 73
24 109
45 117
48 99
87 189
61 133
42 133
42 177
47 99
83 104
37 68
90 34
12 97
24 69
87 135
86 32
85 189
26 75
35 110
70 156
68 14
88 130
28 172
72 43
58 122
51 110
55 160
44 109
50 59
64 10
64 103
60 182
13 177
30 40
41 41
67 196
37 117
24 172
37 75
75 171
56 17
87 19
36 35
74 45
96 130
29 68
41 91
23 158
19 117
35 187
49 26
65 15
63 129
86 20
28 57
92 33
38 83
92 54
78 173
95 14
19 169
48 168
56 155
84 160
20 156
68 41
82 150
90 104
65 66
88 93
88 118
73 191
36 170
43 143
46 167
40 109
14 41
59 16
56 45
42 101
68 134
42 185
86 190
47 151
59 47
86 182
29 193
25 189
76 59
21 170
12 101
83 195
46 146
83 162
37 168
20 25
78 185
98 197
91 133
66 96
85 34
49 168
62 92
21 54
39 131
65 200
37 93
10 176
79 27
81 62
61 21
64 129
60 122
54 24
21 94
54 67
23 199
62 178
20 33
29 74
58 68
43 198
85 89
20 10
79 132
32 112
45 174
67 161
26 178
99 161
83 128
49 10
99 95
34 59
36 32
74 117
36 40
69 62
49 131
92 47
87 158
20 26
26 33
43 48
14 27
87 72
84 70
46 115
90 73
53 118
22 109
63 28
86 160
39 80
28 176
68 186
98 109
90 64
18 33
72 134
63 124
62 39
10 90
44 183
67 131
31 113
66 146
98 22
70 54
92 39
20 52
92 153
37 71
84 105
66 131
74 178
67 56
45 82
87 174
73 133
29 199
49 177
41 189
53 93
90 102
51 84
58 182
16 117
77 64
10 158
98 72
42 83
63 186
47 97
19 63
57 84
30 87
41 26
22 71
79 151
45 98
64 151
62 60
95 143
76 101
52 144
68 100
54 124
23 25
88 66
81 84
25 173
19 45
41 79
56 142
49 113
39 98
10 152
89 143
100 106
89 37
17 49
88 88
58 35
68 27
34 24
96 75
65 83
58 28
90 60
15 46
21 43
95 48
52 104
70 101
64 68
56 71
32 78
85 114
98 117
78 59
17 53
87 161
40 78
68 121
65 161
58 113
34 113
51 11
51 154
44 60
33 52
92 142
49 113
51 66
45 199
48 194
17 84
23 21
32 132
30 102
72 133
63 131
46 177
89 74
78 33
55 143
38 88
18 17
76 151
77 63
40 33
25 22
13 200
48 80
36 199
22 68
99 29
20 190
95 120
84 149
47 31
73 62
92 18
51 122
94 178
40 130
60 53
71 173
46 40
51 196
39 46
87 182
17 73
34 83
21 78
38 170
100 156
86 51
45 113
20 145
72 160
26 156
21 81
10 76
59 193
47 161
85 169
79 137
84 157
57 68
20 85
16 167
49 81
27 48
82 193
39 118
95 122
91 198
96 23
81 125
22 11
58 87
13 72
51 55
39 77
45 97
46 163
76 37
96 115
86 49
85 102
47 103
87 95
11 38
45 40
52 157
62 82
16 32
36 101
15 16
56 13
30 164
54 200
94 31
16 132
81 22
19 92
86 90
72 59
40 107
69 115
27 120
45 141
50 175
45 64
52 52
59 127
99 54
48 50
69 40
33 179
61 26
84 11
38 69
88 46
25 162
67 50
94 13
30 67
89 43
52 11
72 200
29 114
83 53
62 163
75 170
17 170
81 55
35 114
63 53
95 123
32 145
74 129
26 188
22 147
38 151
99 151
44 97
33 48
10 61
31 68
86 186
64 38
46 199
93 189
65 114
40 99
64 119
65 50
78 35
11 171
57 179
69 149
43 28
17 60
39 18
72 122
84 145
44 79
77 114
45 37
76 22
81 142
59 166
36 81
22 23
95 167
90 16
23 111
17 101
29 126
39 100
24 148
79 41
59 31
48 127
50 16
86 28
70 114
66 174
33 175
33 58
65 32
44 78
62 110
25 116
51 122
34 96
29 94
77 129
21 94
90 18
54 39
81 69
36 42
74 150
96 51
94 191
36 105
