  2   0   0   0   0   0   0   0   0   0   0   0   0   0   0   0   0   0   0   0   0   0   0   0   0   0   0   0   0   0   0   0   0   0   0   0   0   0   0   0   0   0   0   0   0   0   0   0   0   0   0   0   0   0   0   0   0   0   0   0   0   0   0   0   0   0   0   0   0   0   0   0   0   0   0   0   0   0   0   0   0   0   0   0   0   0   0   0   0   0   0   0   0   0   0   0   0   0   0   0   0   0   0   0   0   0   0   0   0   0   0   0   0   0   0   0   0   0   0   0   0   0   0   0   0   0   0   0   0   0   0   0   0   0   0   0   0   0   0   0   0   0   0   0   0   0   0   0   0   0   0   0   0   0   0   0   0   0   0   0   0   0   0   0   0   0   0   0   0   0   0   0   0   0   0   0   0   0   0   0   0   0   0   0   0   0   0   0   0   0   0   0   0   0   0   0   0   0   0   0   0   0   0   0   0   0   0   0   0   0   0   0   0   0   0   0   0   0   0   0   0   0   0   0   0   0   0   0   0   0   0   0   0   0   0   0   0   0   0   0   0   0   0   0   0   0   0   0   0   0   0   0   0   0   0   0   0   0   0   0   0   0   0   0   0   0   0   0   0   0   0   0   0   0   0   0   0   0   0   0   0   0   0   0   0   0   0   0   0   0   0   0   0   0   0   0   0   0   0   0   0   0   0   0   0   0   0   0   0   0   0   0   0   0   0   0   0   0   0   0   0   0   0   0   0   0   0   0   0   0   0   0   0   0   0   0   0   0   0   0   0   0   0   0   0   0   0   0   0   0   0   0   0   0   0   0   0   0   0   0   0   0   0   0   0   0   0   0   0   0   0   0   0   0   0   0   0   0   0   0   0   0   0   0   0   0   0   0   0   0   0   0   0   0   0   0   0   0   0   0   0   0   0   0   0   0   0   0   0   0   0   0   0   0   0   0   0   0   0   0   0   0   0   0   0   0   0   0   0   0   0   0   0   0   0   0   0   0   0   0   0   0   0   0   0   0   0   0   0   0   0   0   0   0   0   0   0   0   0   0   0   0   0   0   0   0   0   0   0   0   0   0   0   0   0   0   0   0   0   0   0   0   0   0   0   0   0   0   0   0   0   0   0   0   0   0   0   0   0   0   0   0   0   0   0   0   0   0   0   0   0   0   0   0   0   0   0   0   0   0   0   0   0   0   0   0   0   0   0   0   0   0   0   0   0   0   0   0   0   0   0   0   0   0   0   0   0   0   0   0   0   0   0   0   0   0   0   0   0   0   0   0   0   0   0   0   0   0   0   0   0   0   0   0   0   0   0   0   0   0   0   0   0   0   0   0   0   0   0   0   0   0   0   0   0   0   0   0   0   0   0   0   0   0   0   0   0   0   0   0   0   0   0   0   0   0   0   0   0   0   0   0   0   0   0   0   0   0   0   0   0   0   0   0   0   0   0   0   0   0   0   0   0   0   0   0   0   0   0   0   0   0   0   0   0   0   0   0   0   0   0   0   0   0   0   0   0   0   0   0   0   0   0   0   0   0   0   0   0   0   0   0   0   0   0   0   0   0   0   0   0   0   0   0   0   0   0   0   0   0   0   0   0   0   0   0   0   0   0   0   0   0   0   0   0   0   0   0   0   0   0   0   0   0   0   0   0   0   0   0   0   0   0   0   0   0   0   0   0   0   0   0   0   0   0   0   0   0   0   0   0   0   0   0   0   0   0   0   0   0   0   0   0   0   0   0   0   0   0   0   0   0   0   0   0   0   0   0   0   0   0   0   0   0   0   0   0   0   0   0   0   0   0   0   0   0   0   0   0   0   0   0   0   0   0   0   0   0   0   0   0   0   0   0   0   0   0   0   0   0   0   0   0   0   0   0   0   0   0   0   0   0   0   0   0   0   0   0   0   0   0   0   0   0   0   0   0   0   0   0   0   0   0   0   0   0   0   0   0   0   0   0   0   0   0   0   0   0   0   0   0   0   0   0   0   0   0   0   0   0   0   0   0   0   0   0   0   0   0   0   0   0   0   0   0   0   0   0   0   0   0   0   0   0   0   0   0   0   0   0   0   0   0   0   0   0   0   0   0   0   0   0   0   0   0   0   0   0   0   0   0   0   0   0   0   0   0   0   0   0   0   0   0   0   0   0   0   0   0   0   0   0   0   0   0   0   0   0   0   0   0   0   0   0   0   0   0   0   0   0   0   0   0   0   0   0   0   0   0   0   0   0   0   0   0   0   0   0   0   0   0   0   0   0   0   0   0   0   0   0 
REMAINING SPACE:      92
ACCUMULATED PRIORITY: 200
EXECUTION TIME:       0.000165100
QTY PRI VAL
[2] 100 204
[0]  96 205
[0]  96 205
[0]  99 214
[0]  96 212
[0]  93 206
[0]  92 206
[0]  90 205
[0]  99 231
[0]  96 225
[0]  90 214
[0]  92 222
[0] 100 242
[0]  89 216
[0]  93 227
[0]  90 223
[0] 100 248
[0]  83 208
[0]  81 205
[0]  85 216
[0]  82 209
[0]  83 213
[0]  79 203
[0]  82 212
[0]  90 233
[0]  97 253
[0]  97 255
[0]  89 234
[0]  89 238
[0]  93 249
[0]  91 244
[0]  86 231
[0]  89 241
[0]  90 244
[0]  81 220
[0]  75 205
[0]  89 244
[0]  86 237
[0]  88 243
[0] 100 278
[0]  81 226
[0]  90 252
[0]  97 273
[0]  72 205
[0] 100 286
[0]  76 220
[0]  99 287
[0]  82 238
[0]  96 279
[0]  83 243
[0]  98 287
[0]  95 280
[0]  82 243
[0]  89 264
[0]  92 275
[0]  97 291
[0]  98 295
[0]  69 208
[0]  98 296
[0]  98 296
[0]  95 287
[0]  85 258
[0]  99 303
[0]  97 297
[0]  93 285
[0]  77 237
[0]  88 271
[0] 100 308
[0] 100 308
[0]  96 296
[0]  92 284
[0]  84 261
[0]  95 296
[0]  93 290
[0]  91 284
[0]  67 210
[0]  98 308
[0]  95 299
[0]  81 255
[0]  81 258
[0]  86 275
[0]  84 270
[0]  89 287
[0]  83 268
[0]  86 280
[0]  62 202
[0]  98 321
[0]  64 210
[0]  92 302
[0]  95 312
[0]  64 211
[0]  87 287
[0]  95 314
[0]  90 298
[0]  61 202
[0]  99 329
[0]  74 246
[0]  92 306
[0]  74 247
[0]  87 291
[0]  90 304
[0]  79 267
[0]  92 311
[0]  80 271
[0]  74 252
[0]  94 321
[0]  79 271
[0]  74 254
[0]  75 258
[0]  76 262
[0]  96 331
[0]  93 321
[0]  67 233
[0]  98 341
[0]  97 338
[0]  75 262
[0]  89 311
[0]  86 301
[0]  84 294
[0]  74 260
[0]  64 225
[0]  84 296
[0]  93 328
[0]  97 343
[0]  79 280
[0]  93 331
[0]  80 286
[0]  81 290
[0]  90 326
[0]  63 229
[0]  74 269
[0]  94 342
[0]  72 262
[0] 100 366
[0]  91 334
[0]  67 246
[0]  85 314
[0]  84 311
[0]  61 226
[0]  54 201
[0]  81 302
[0]  88 330
[0]  98 368
[0]  70 263
[0]  66 248
[0]  79 297
[0]  81 306
[0]  89 337
[0]  68 258
[0]  93 355
[0]  55 210
[0]  87 335
[0]  78 301
[0]  79 305
[0]  81 314
[0]  69 268
[0]  63 245
[0]  78 304
[0]  62 242
[0]  82 321
[0]  94 368
[0]  83 325
[0]  74 290
[0]  53 208
[0]  98 385
[0]  71 279
[0]  97 384
[0]  73 289
[0]  76 302
[0]  59 235
[0]  62 247
[0]  64 255
[0]  68 271
[0]  83 331
[0]  83 332
[0]  97 389
[0]  55 221
[0]  66 266
[0]  91 367
[0]  93 376
[0]  89 360
[0]  70 284
[0]  83 337
[0]  77 313
[0]  69 281
[0]  63 257
[0]  54 221
[0]  61 250
[0]  96 394
[0]  70 290
[0]  62 257
[0]  62 257
[0]  98 407
[0]  68 284
[0]  85 355
[0]  56 234
[0] 100 419
[0]  72 302
[0]  68 286
[0]  63 265
[0]  67 282
[0]  65 275
[0]  50 212
[0]  85 361
[0]  71 302
[0]  51 217
[0]  98 417
[0]  70 298
[0]  80 342
[0]  86 368
[0]  81 347
[0]  89 382
[0]  95 408
[0]  81 348
[0]  87 374
[0]  85 366
[0]  86 373
[0]  97 421
[0]  94 408
[0]  51 222
[0]  96 418
[0]  89 388
[0]  58 253
[0]  98 429
[0]  72 317
[0]  84 370
[0]  91 401
[0]  59 260
[0]  67 296
[0]  88 389
[0]  97 429
[0]  99 438
[0]  96 425
[0]  55 244
[0]  66 293
[0]  85 378
[0]  90 401
[0]  57 254
[0]  61 272
[0]  63 281
[0]  69 308
[0]  90 402
[0]  45 202
[0]  73 328
[0]  70 315
[0]  68 306
[0]  59 266
[0] 100 451
[0]  93 420
[0]  59 267
[0]  93 421
[0]  88 399
[0]  54 245
[0]  87 395
[0]  59 268
[0]  62 282
[0]  82 373
[0]  99 452
[0]  79 361
[0]  82 375
[0]  93 426
[0]  67 307
[0]  72 331
[0]  72 331
[0]  87 400
[0]  60 276
[0]  68 313
[0]  51 235
[0]  82 378
[0]  97 449
[0]  60 278
[0]  52 241
[0]  44 204
[0]  86 399
[0]  67 311
[0]  88 409
[0]  63 293
[0]  81 378
[0]  99 463
[0]  87 407
[0]  87 408
[0]  91 428
[0]  87 410
[0]  70 330
[0]  85 401
[0]  93 439
[0]  96 454
[0] 100 473
[0]  60 284
[0]  67 318
[0]  69 328
[0]  95 452
[0]  50 238
[0]  84 401
[0]  66 316
[0]  68 326
[0]  74 355
[0]  60 288
[0]  76 366
[0]  52 252
[0]  89 432
[0]  62 301
[0]  73 355
[0]  74 361
[0]  66 323
[0]  84 412
[0]  47 231
[0]  57 281
[0]  57 281
[0]  47 232
[0]  86 425
[0]  86 426
[0]  49 243
[0]  78 387
[0]  80 397
[0]  56 278
[0]  71 353
[0]  72 358
[0]  72 358
[0]  86 428
[0]  97 483
[0]  52 259
[0]  78 389
[0]  81 404
[0]  90 449
[0]  61 306
[0]  58 291
[0]  55 276
[0]  42 211
[0]  96 483
[0]  93 469
[0]  40 202
[0]  76 384
[0]  86 435
[0]  50 253
[0]  96 486
[0]  45 228
[0]  90 456
[0]  57 290
[0]  97 494
[0]  75 382
[0]  84 428
[0]  62 317
[0]  93 476
[0]  72 369
[0]  85 436
[0]  84 431
[0]  94 485
[0]  91 470
[0]  96 496
[0]  70 362
[0]  39 202
[0]  43 223
[0]  45 234
[0]  75 390
[0]  78 407
[0]  73 381
[0]  59 308
[0]  94 491
[0]  65 340
[0]  55 288
[0]  62 325
[0]  69 362
[0]  68 357
[0]  38 200
[0]  83 439
[0]  72 382
[0]  62 329
[0]  64 340
[0]  77 411
[0]  49 262
[0]  86 460
[0]  80 431
[0]  39 211
[0]  81 439
[0]  45 244
[0]  54 294
[0]  40 218
[0]  68 371
[0]  63 344
[0]  76 415
[0]  73 400
[0]  91 500
[0]  87 479
[0]  41 226
[0]  42 232
[0]  61 337
[0]  38 210
[0]  54 300
[0]  73 406
[0]  78 434
[0]  81 451
[0]  70 390
[0]  70 391
[0]  44 246
[0]  65 364
[0]  68 381
[0]  66 370
[0]  56 314
[0]  45 253
[0]  84 473
[0]  42 237
[0]  62 350
[0]  49 277
[0]  67 380
[0]  52 295
[0]  54 307
[0]  68 387
[0]  52 296
[0]  64 366
[0]  54 310
[0]  86 494
[0]  80 460
[0]  46 265
[0]  63 363
[0]  64 369
[0]  86 497
[0]  77 445
[0]  47 272
[0]  72 417
[0]  79 458
[0]  80 465
[0]  58 338
[0]  35 204
[0]  83 485
[0]  55 323
[0]  74 436
[0]  57 336
[0]  50 295
[0]  83 490
[0]  57 337
[0]  35 207
[0]  59 349
[0]  60 355
[0]  61 361
[0]  63 373
[0]  51 302
[0]  40 237
[0]  68 403
[0]  41 243
[0]  43 255
[0]  63 374
[0]  58 345
[0]  81 482
[0]  41 244
[0]  44 264
[0]  61 367
[0]  50 301
[0]  47 283
[0]  78 470
[0]  34 205
[0]  57 346
[0]  66 401
[0]  73 444
[0]  68 414
[0]  73 445
[0]  70 427
[0]  70 427
[0]  57 348
[0]  74 452
[0]  76 467
[0]  53 326
[0]  46 284
[0]  57 352
[0]  33 204
[0]  38 235
[0]  74 458
[0]  39 242
[0]  70 437
[0]  69 431
[0]  44 275
[0]  74 464
[0]  40 251
[0]  79 496
[0]  39 245
[0]  67 421
[0]  44 277
[0]  71 448
[0]  38 240
[0]  66 417
[0]  67 425
[0]  73 464
[0]  75 477
[0]  68 433
[0]  40 255
[0]  70 447
[0]  62 397
[0]  41 263
[0]  76 488
[0]  47 302
[0]  73 470
[0]  61 394
[0]  71 459
[0]  57 371
[0]  44 287
[0]  40 261
[0]  55 359
[0]  51 333
[0]  61 399
[0]  35 229
[0]  43 282
[0]  50 328
[0]  57 374
[0]  48 315
[0]  75 493
[0]  71 468
[0]  54 356
[0]  32 211
[0]  59 390
[0]  54 357
[0]  75 496
[0]  42 278
[0]  58 384
[0]  60 398
[0]  64 425
[0]  32 213
[0]  64 426
[0]  70 466
[0]  40 267
[0]  39 261
[0]  51 344
[0]  59 401
[0]  56 381
[0]  34 232
[0]  40 273
[0]  40 274
[0]  55 377
[0]  56 385
[0]  50 344
[0]  45 311
[0]  47 327
[0]  37 258
[0]  57 398
[0]  60 420
[0]  43 301
[0]  64 448
[0]  61 427
[0]  40 281
[0]  65 457
[0]  57 401
[0]  43 303
[0]  40 282
[0]  33 233
[0]  43 305
[0]  52 369
[0]  47 334
[0]  45 320
[0]  57 406
[0]  67 478
[0]  51 364
[0]  50 357
[0]  35 250
[0]  65 466
[0]  58 417
[0]  68 489
[0]  48 346
[0]  54 390
[0]  31 224
[0]  30 217
[0]  64 463
[0]  49 355
[0]  59 429
[0]  66 480
[0]  35 255
[0]  39 285
[0]  68 497
[0]  48 352
[0]  63 462
[0]  68 499
[0]  58 426
[0]  46 340
[0]  63 467
[0]  52 387
[0]  55 410
[0]  47 351
[0]  65 486
[0]  54 404
[0]  34 255
[0]  66 496
[0]  41 311
[0]  55 423
[0]  34 262
[0]  29 224
[0]  40 309
[0]  55 425
[0]  50 387
[0]  28 217
[0]  44 342
[0]  55 429
[0]  62 484
[0]  52 406
[0]  58 454
[0]  53 418
[0]  62 489
[0]  33 261
[0]  48 380
[0]  27 214
[0]  46 365
[0]  51 405
[0]  30 239
[0]  57 456
[0]  37 296
[0]  48 385
[0]  43 347
[0]  42 340
[0]  56 455
[0]  45 367
[0]  56 457
[0]  60 490
[0]  39 319
[0]  61 499
[0]  54 442
[0]  27 222
[0]  54 444
[0]  48 395
[0]  40 330
[0]  46 380
[0]  25 207
[0]  25 208
[0]  44 369
[0]  33 277
[0]  37 311
[0]  34 286
[0]  36 303
[0]  55 464
[0]  58 491
[0]  40 339
[0]  47 399
[0]  26 221
[0]  27 231
[0]  52 445
[0]  46 394
[0]  28 241
[0]  37 319
[0]  55 476
[0]  54 468
[0]  52 451
[0]  50 434
[0]  47 408
[0]  56 487
[0]  42 366
[0]  38 333
[0]  55 484
[0]  41 361
[0]  25 221
[0]  56 497
[0]  53 471
[0]  37 330
[0]  40 357
[0]  47 421
[0]  53 475
[0]  45 406
[0]  39 353
[0]  52 472
[0]  38 345
[0]  33 300
[0]  52 474
[0]  35 320
[0]  29 266
[0]  23 211
[0]  50 459
[0]  42 386
[0]  39 359
[0]  24 221
[0]  27 249
[0]  50 462
[0]  45 416
[0]  24 222
[0]  22 204
[0]  39 363
[0]  45 420
[0]  52 487
[0]  34 319
[0]  46 432
[0]  47 442
[0]  29 273
[0]  31 292
[0]  27 256
[0]  44 419
[0]  47 450
[0]  22 212
[0]  37 357
[0]  29 280
[0]  32 310
[0]  49 475
[0]  43 417
[0]  28 272
[0]  45 438
[0]  23 224
[0]  47 459
[0]  39 381
[0]  28 274
[0]  23 227
[0]  39 385
[0]  39 385
[0]  22 218
[0]  25 248
[0]  37 368
[0]  45 451
[0]  28 281
[0]  49 492
[0]  33 332
[0]  36 363
[0]  42 425
[0]  35 355
[0]  20 203
[0]  29 295
[0]  38 387
[0]  43 438
[0]  48 490
[0]  35 359
[0]  21 216
[0]  24 247
[0]  44 454
[0]  43 444
[0]  22 229
[0]  29 302
[0]  21 219
[0]  46 480
[0]  36 377
[0]  39 410
[0]  35 368
[0]  45 476
[0]  29 307
[0]  41 435
[0]  21 223
[0]  37 393
[0]  22 234
[0]  40 427
[0]  46 492
[0]  33 353
[0]  46 494
[0]  44 473
[0]  33 356
[0]  37 401
[0]  38 412
[0]  35 381
[0]  33 361
[0]  45 494
[0]  28 308
[0]  43 474
[0]  26 287
[0]  41 453
[0]  38 420
[0]  40 443
[0]  23 255
[0]  36 402
[0]  18 201
[0]  21 235
[0]  44 493
[0]  27 304
[0]  43 486
[0]  35 396
[0]  25 283
[0]  28 317
[0]  34 385
[0]  36 408
[0]  24 273
[0]  23 262
[0]  26 297
[0]  30 343
[0]  23 263
[0]  38 435
[0]  42 483
[0]  28 322
[0]  22 253
[0]  43 496
[0]  28 323
[0]  28 324
[0]  37 429
[0]  39 460
[0]  18 213
[0]  24 285
[0]  29 345
[0]  36 431
[0]  38 456
[0]  20 240
[0]  32 384
[0]  34 409
[0]  41 495
[0]  33 399
[0]  29 351
[0]  28 342
[0]  37 453
[0]  34 417
[0]  35 431
[0]  27 334
[0]  35 435
[0]  20 250
[0]  24 300
[0]  39 490
[0]  34 428
[0]  39 498
[0]  33 423
[0]  31 405
[0]  35 462
[0]  23 304
[0]  22 291
[0]  32 425
[0]  24 319
[0]  23 306
[0]  32 427
[0]  34 455
[0]  36 482
[0]  30 403
[0]  36 484
[0]  21 284
[0]  31 420
[0]  30 407
[0]  21 285
[0]  23 313
[0]  33 456
[0]  30 415
[0]  27 374
[0]  31 431
[0]  27 378
[0]  32 448
[0]  35 494
[0]  26 367
[0]  30 427
[0]  23 330
[0]  15 216
[0]  19 275
[0]  19 278
[0]  26 381
[0]  31 456
[0]  22 327
[0]  16 239
[0]  29 436
[0]  16 242
[0]  22 333
[0]  15 230
[0]  20 309
[0]  19 295
[0]  31 482
[0]  27 422
[0]  15 235
[0]  25 392
[0]  26 409
[0]  20 315
[0]  23 363
[0]  25 395
[0]  24 382
[0]  15 239
[0]  16 255
[0]  19 303
[0]  27 432
[0]  27 434
[0]  30 484
[0]  16 259
[0]  24 389
[0]  24 391
[0]  30 491
[0]  29 475
[0]  23 378
[0]  20 331
[0]  30 497
[0]  15 249
[0]  30 498
[0]  18 304
[0]  13 221
[0]  22 377
[0]  13 223
[0]  24 413
[0]  25 431
[0]  28 486
[0]  14 243
[0]  15 261
[0]  25 435
[0]  28 490
[0]  25 439
[0]  15 265
[0]  20 354
[0]  27 483
[0]  18 322
[0]  15 269
[0]  26 468
[0]  25 456
[0]  26 477
[0]  18 334
[0]  25 465
[0]  14 261
[0]  17 317
[0]  22 411
[0]  24 451
[0]  18 343
[0]  20 382
[0]  16 307
[0]  23 445
[0]  23 448
[0]  14 273
[0]  16 313
[0]  22 432
[0]  15 296
[0]  16 316
[0]  25 494
[0]  23 455
[0]  19 376
[0]  23 456
[0]  16 318
[0]  18 360
[0]  18 361
[0]  14 282
[0]  23 468
[0]  21 428
[0]  14 287
[0]  23 472
[0]  20 412
[0]  24 496
[0]  16 331
[0]  21 439
[0]  13 272
[0]  17 358
[0]  19 404
[0]  19 405
[0]  16 342
[0]  18 389
[0]  18 390
[0]  16 347
[0]  23 499
[0]  22 481
[0]  15 333
[0]  20 450
[0]  18 407
[0]  21 477
[0]  14 318
[0]  10 228
[0]  20 459
[0]  13 301
[0]  16 372
[0]  11 257
[0]  20 470
[0]  15 353
[0]  20 472
[0]  15 357
[0]  12 287
[0]  11 264
[0]  17 418
[0]  15 369
[0]  18 453
[0]  16 403
[0]  15 378
[0]  18 459
[0]  19 485
[0]  11 281
[0]  10 258
[0]  14 364
[0]  11 289
[0]  16 422
[0]  17 451
[0]  14 374
[0]  18 481
[0]  16 432
[0]  13 352
[0]  14 383
[0]  15 414
[0]  15 422
[0]  14 396
[0]  13 371
[0]  15 433
[0]  13 379
[0]  12 352
[0]  13 394
[0]  12 364
[0]  14 427
[0]  16 492
[0]  11 339
[0]  14 434
[0]  16 498
[0]  16 500
[0]  15 473
[0]  14 443
[0]  15 486
[0]  13 434
[0]  11 368
[0]  10 336
[0]  12 409
[0]  12 412
[0]  14 481
[0]  14 488
[0]  10 357
[0]  13 473
[0]  13 478
[0]  11 409
[0]  11 424
[0]  12 475
[0]  10 398
[0]  10 398
[0]  12 479
[0]  11 456
[0]  10 416
[0]  10 420
[0]  11 462
[0]  10 436
[0]  11 480
[0]  11 481
[0]  11 482
[0]  10 467
[0]  10 471
[0]  10 478
