  2   0   0   0   0   0   0   0   0   0   0   0   0   0   0   0   0   0   0   0   0   0   0   0   0   0   0   0   0   0   0   0   0   0   0   0   0   0   0   0   0   0   0   0   0   0   0   0   0   0   0   0   0   0   0   0   0   0   0   0   0   0   0   0   0   0   0   0   0   0   0   0   0   0   0   0   0   0   0   0   0   0   0   0   0   0   0   0   0   0   0   0   0   0   0   0   0   0   0   0   0   0   0   0   0   0   0   0   0   0   0   0   0   0   0   0   0   0   0   0   0   0   0   0   0   0   0   0   0   0   0   0   0   0   0   0   0   0   0   0   0   0   0   0   0   0   0   0   0   0   0   0   0   0   0   0   0   0   0   0   0   0   0   0   0   0   0   0   0   0   0   0   0   0   0   0   0   0   0   0   0   0   0   0   0   0   0   0   0   0   0   0   0   0   0   0   0   0   0   0   0   0   0   0   0   0   0   0   0   0   0   0   0   0   0   0   0   0   0   0   0   0   0   0   0   0   0   0   0   0   0   0   0   0   0   0   0   0   0   0   0   0   0   0   0   0   0   0   0   0   0   0   0   0   0   0   0   0   0   0   0   0   0   0   0   0   0   0   0   0   0   0   0   0   0   0   0   0   0   0   0   0   0   0   0   0   0   0   0   0   0   0   0   0   0   0   0   0   0   0   0   0   0   0   0   0   0   0   0   0   0   0   0   0   0   0   0   0   0   0   0   0   0   0   0   0   0   0   0   0   0   0   0   0   0   0   0   0   0   0   0   0   0   0   0   0   0   0   0   0   0   0   0   0   0   0   0   0   0   0   0   0   0   0   0   0   0   0   0   0   0   0   0   0   0   0   0   0   0   0   0   0   0   0   0   0   0   0   0   0   0   0   0   0   0   0   0   0   0   0   0   0   0   0   0   0   0   0   0   0   0   0   0   0   0   0   0   0   0   0   0   0   0   0   0   0   0   0   0   0   0   0   0   0   0   0   0   0   0   0   0   0   0   0   0   0   0   0   0   0   0   0   0   0   0   0   0   0   0   0   0   0   0   0   0   0   0   0   0   0   0   0   0   0   0   0   0   0   0   0   0   0   0   0   0   0   0   0   0   0   0   0   0   0   0   0   0   0   0   0   0   0   0   0   0   0   0   0   0   0   0   0   0   0   0   0   0   0   0   0   0   0   0   0   0   0   0   0   0   0   0   0   0   0   0   0   0   0   0   0   0   0   0   0   0   0   0   0   0   0   0   0   0   0   0   0   0   0   0   0   0   0   0   0   0   0   0   0   0   0   0   0   0   0   0   0   0   0   0   0   0   0   0   0   0   0   0   0   0   0   0   0   0   0   0   0   0   0   0   0   0   0   0   0   0   0   0   0   0   0   0   0   0   0   0   0   0   0   0   0   0   0   0   0   0   0   0   0   0   0   0   0   0   0   0   0   0   0   0   0   0   0   0   0   0   0   0   0   0   0   0   0   0   0   0   0   0   0   0   0   0   0   0   0   0   0   0   0   0   0   0   0   0   0   0   0   0   0   0   0   0   0   0   0   0   0   0   0   0   0   0   0   0   0   0   0   0   0   0   0   0   0   0   0   0   0   0   0   0   0   0   0   0   0   0   0   0   0   0   0   0   0   0   0   0   0   0   0   0   0   0   0   0   0   0   0   0   0   0   0   0   0   0   0   0   0   0   0   0   0   0   0   0   0   0   0   0   0   0   0   0   0   0   0   0   0   0   0   0   0   0   0   0   0   0   0   0   0   0   0   0   0   0   0   0   0   0   0   0   0   0   0   0   0   0   0   0   0   0   0   0   0   0   0   0   0   0   0   0   0   0   0   0   0   0   0   0   0   0   0   0   0   0   0   0   0   0   0   0   0   0   0   0   0   0   0   0   0   0   0   0   0   0   0   0   0   0   0   0   0   0   0   0   0   0   0   0   0   0   0   0   0   0   0   0   0   0   0   0   0   0   0   0   0   0   0   0   0   0   0   0   0   0   0   0   0   0   0   0   0   0   0   0   0   0   0   0   0   0   0   0   0   0   0   0   0   0   0   0   0   0   0   0   0   0   0   0   0   0   0   0   0   0   0   0   0   0   0   0   0   0   0   0   0   0   0   0   0   0   0   0   0   0   0   0   0   0   0   0   0   0   0   0   0   0   0   0   0   0   0   0   0   0   0   0   0   0   0   0   0   0   0   0   0   0   0   0   0   0   0   0   0   0   0   0   0   0   0   0   0   0   0   0   0   0   0   0   0   0   0 
REMAINING SPACE:      76
ACCUMULATED PRIORITY: 196
EXECUTION TIME:       0.000128300
QTY PRI VAL
[2]  98 212
[0]  91 201
[0]  90 200
[0]  92 209
[0]  97 227
[0]  90 212
[0]  97 235
[0]  87 211
[0]  89 218
[0]  98 244
[0]  80 200
[0]  88 222
[0]  89 225
[0]  83 211
[0]  91 233
[0]  80 206
[0]  78 201
[0]  77 201
[0]  88 230
[0]  92 241
[0]  96 253
[0]  96 253
[0]  87 233
[0]  76 204
[0]  77 207
[0]  97 263
[0]  87 237
[0]  98 267
[0]  95 259
[0]  75 206
[0]  97 269
[0]  92 256
[0]  81 226
[0]  90 252
[0]  87 244
[0]  83 234
[0]  87 246
[0]  99 280
[0]  95 269
[0]  85 242
[0]  93 265
[0]  90 257
[0]  95 274
[0]  95 274
[0]  78 226
[0] 100 290
[0]  89 260
[0]  99 290
[0]  81 238
[0]  87 258
[0]  85 253
[0]  93 278
[0]  73 219
[0]  90 271
[0]  88 265
[0]  87 262
[0]  83 250
[0]  69 208
[0]  90 272
[0]  79 240
[0]  99 301
[0] 100 305
[0]  76 232
[0]  95 292
[0]  71 219
[0]  82 255
[0] 100 311
[0]  81 252
[0]  65 203
[0]  76 240
[0]  82 259
[0]  73 231
[0]  77 244
[0]  71 225
[0]  85 270
[0]  75 240
[0]  94 302
[0]  97 312
[0]  83 267
[0] 100 322
[0]  89 287
[0]  66 213
[0]  95 307
[0]  82 265
[0]  66 214
[0]  82 266
[0]  81 263
[0]  96 312
[0]  70 228
[0]  94 309
[0]  89 294
[0]  84 278
[0]  65 216
[0]  98 328
[0]  69 231
[0]  93 313
[0]  95 321
[0]  84 284
[0]  81 274
[0]  83 281
[0]  66 224
[0]  98 333
[0]  70 238
[0]  61 208
[0]  92 314
[0]  82 280
[0]  64 219
[0]  61 209
[0]  75 257
[0]  67 230
[0]  74 255
[0]  64 222
[0]  81 282
[0]  88 307
[0]  87 304
[0]  97 339
[0]  84 294
[0]  68 239
[0]  93 327
[0]  68 240
[0]  75 265
[0]  60 212
[0]  83 294
[0]  90 319
[0]  64 227
[0]  76 270
[0]  74 264
[0]  86 307
[0]  91 325
[0]  89 318
[0]  91 326
[0]  60 215
[0]  98 352
[0]  92 331
[0] 100 361
[0]  94 340
[0]  89 322
[0]  97 352
[0]  94 342
[0]  94 344
[0]  98 359
[0]  67 246
[0]  58 213
[0]  84 309
[0]  95 350
[0]  87 321
[0]  72 266
[0] 100 372
[0]  62 231
[0]  72 269
[0]  58 217
[0]  96 360
[0]  87 327
[0]  75 282
[0]  56 211
[0]  53 200
[0]  80 302
[0]  60 227
[0]  61 231
[0]  99 375
[0]  88 335
[0]  79 301
[0]  54 206
[0]  61 233
[0]  92 352
[0]  59 226
[0]  95 364
[0]  85 326
[0]  79 303
[0]  99 380
[0]  62 238
[0]  83 319
[0]  90 346
[0]  91 350
[0]  61 236
[0]  70 271
[0]  72 281
[0]  66 258
[0]  88 346
[0]  75 295
[0]  62 244
[0]  91 360
[0]  95 376
[0]  53 210
[0]  88 350
[0]  88 350
[0]  65 259
[0]  68 271
[0]  55 220
[0]  56 224
[0]  75 301
[0]  99 398
[0]  69 278
[0]  98 395
[0]  64 259
[0]  85 344
[0]  78 317
[0]  75 305
[0]  82 334
[0]  87 355
[0]  89 364
[0]  94 385
[0]  93 381
[0]  59 243
[0]  83 342
[0]  99 408
[0]  66 272
[0]  66 272
[0]  90 371
[0]  55 227
[0]  74 306
[0]  96 397
[0] 100 416
[0]  67 279
[0]  54 225
[0]  95 397
[0]  93 389
[0]  57 239
[0]  98 411
[0]  54 227
[0]  57 240
[0]  60 253
[0]  73 308
[0]  83 351
[0]  74 313
[0]  94 398
[0] 100 424
[0] 100 424
[0]  92 391
[0]  84 357
[0]  86 366
[0]  68 290
[0]  78 333
[0]  77 329
[0]  83 355
[0]  72 308
[0]  79 339
[0]  88 378
[0]  92 396
[0]  58 251
[0]  61 264
[0]  97 421
[0]  78 339
[0]  88 383
[0]  99 431
[0]  76 331
[0]  95 414
[0]  99 432
[0]  88 385
[0]  49 215
[0]  75 330
[0]  75 330
[0]  62 274
[0]  68 301
[0]  62 275
[0]  64 284
[0]  67 298
[0]  71 317
[0]  73 326
[0]  77 344
[0]  66 295
[0]  55 246
[0]  78 349
[0]  88 396
[0] 100 450
[0]  92 415
[0]  65 294
[0]  55 249
[0]  51 231
[0]  45 204
[0]  95 431
[0]  85 388
[0]  46 210
[0]  44 201
[0]  94 430
[0]  88 404
[0]  52 240
[0]  88 407
[0]  63 292
[0]  78 362
[0]  62 288
[0]  46 214
[0]  81 379
[0]  94 440
[0]  88 412
[0]  74 347
[0]  91 429
[0]  89 422
[0]  89 422
[0]  71 337
[0]  79 376
[0]  59 281
[0]  89 424
[0]  66 315
[0]  74 354
[0]  98 470
[0]  49 235
[0]  72 346
[0]  45 217
[0]  77 372
[0]  51 247
[0]  71 345
[0]  50 243
[0]  61 297
[0]  88 429
[0]  50 244
[0]  86 420
[0]  79 387
[0]  89 436
[0]  52 255
[0]  46 226
[0]  95 467
[0]  79 389
[0]  71 350
[0]  62 306
[0]  51 252
[0]  69 341
[0]  43 213
[0]  67 333
[0]  80 398
[0]  45 224
[0]  92 458
[0]  49 244
[0]  57 284
[0]  71 354
[0]  92 459
[0]  73 365
[0]  52 261
[0]  46 231
[0]  94 473
[0]  81 409
[0]  69 349
[0]  50 253
[0]  49 248
[0]  84 426
[0]  58 295
[0]  79 402
[0]  45 229
[0]  78 397
[0]  78 398
[0]  46 235
[0]  95 486
[0]  50 256
[0]  64 328
[0]  48 246
[0]  83 426
[0]  65 334
[0]  47 242
[0]  72 371
[0]  95 490
[0]  81 418
[0]  79 408
[0]  94 486
[0]  81 419
[0]  84 436
[0]  60 312
[0]  58 302
[0]  79 413
[0]  80 419
[0]  92 482
[0]  78 409
[0]  52 273
[0]  63 331
[0]  82 431
[0]  46 242
[0]  65 342
[0]  45 237
[0]  39 206
[0]  39 206
[0]  92 487
[0]  64 339
[0]  47 249
[0]  55 293
[0]  90 480
[0]  93 497
[0]  85 455
[0]  93 498
[0]  73 391
[0]  62 333
[0]  59 317
[0]  78 420
[0]  75 404
[0]  88 475
[0]  45 243
[0]  64 346
[0]  63 341
[0]  75 406
[0]  68 370
[0]  80 436
[0]  86 469
[0]  87 475
[0]  67 366
[0]  69 377
[0]  89 487
[0]  88 482
[0]  44 241
[0]  46 252
[0]  79 433
[0]  81 446
[0]  53 292
[0]  57 315
[0]  37 205
[0]  57 316
[0]  77 427
[0]  47 261
[0]  74 414
[0]  73 409
[0]  59 332
[0]  80 452
[0]  60 340
[0]  88 499
[0]  55 312
[0]  74 420
[0]  82 467
[0]  82 468
[0]  85 487
[0]  71 407
[0]  75 431
[0]  40 230
[0]  58 334
[0]  80 461
[0]  83 479
[0]  74 428
[0]  56 324
[0]  61 353
[0]  85 492
[0]  43 249
[0]  44 255
[0]  35 203
[0]  73 425
[0]  59 344
[0]  74 432
[0]  53 310
[0]  61 357
[0]  84 492
[0]  56 328
[0]  38 223
[0]  55 323
[0]  58 341
[0]  60 353
[0]  36 212
[0]  74 436
[0]  77 454
[0]  35 207
[0]  76 450
[0]  52 308
[0]  83 493
[0]  54 321
[0]  76 452
[0]  77 460
[0]  36 216
[0]  75 451
[0]  67 403
[0]  39 235
[0]  47 284
[0]  44 266
[0]  81 490
[0]  40 242
[0]  48 292
[0]  66 402
[0]  79 482
[0]  48 293
[0]  34 208
[0]  51 312
[0]  75 461
[0]  51 314
[0]  55 339
[0]  67 413
[0]  79 487
[0]  59 365
[0]  41 254
[0]  51 316
[0]  70 434
[0]  38 236
[0]  66 410
[0]  74 461
[0]  76 474
[0]  65 406
[0]  56 350
[0]  36 225
[0]  64 400
[0]  43 270
[0]  64 402
[0]  40 252
[0]  70 442
[0]  72 455
[0]  51 323
[0]  68 431
[0]  50 317
[0]  35 222
[0]  68 433
[0]  46 293
[0]  42 268
[0]  57 364
[0]  38 243
[0]  63 403
[0]  75 480
[0]  49 314
[0]  56 359
[0]  73 469
[0]  37 238
[0]  48 309
[0]  70 451
[0]  54 348
[0]  63 407
[0]  39 252
[0]  65 420
[0]  74 480
[0]  65 424
[0]  42 274
[0]  59 385
[0]  35 229
[0]  55 360
[0]  67 439
[0]  47 309
[0]  59 388
[0]  61 402
[0]  49 323
[0]  59 390
[0]  64 424
[0]  59 391
[0]  62 412
[0]  67 447
[0]  66 441
[0]  67 448
[0]  32 214
[0]  45 301
[0]  70 469
[0]  55 369
[0]  32 215
[0]  47 316
[0]  56 377
[0]  74 500
[0]  71 481
[0]  51 346
[0]  41 279
[0]  57 388
[0]  48 327
[0]  70 477
[0]  61 416
[0]  51 348
[0]  69 471
[0]  55 377
[0]  58 398
[0]  55 378
[0]  50 344
[0]  42 290
[0]  63 435
[0]  40 277
[0]  59 409
[0]  71 493
[0]  33 231
[0]  48 337
[0]  34 239
[0]  46 324
[0]  67 473
[0]  51 361
[0]  37 262
[0]  56 397
[0]  64 455
[0]  33 237
[0]  52 374
[0]  45 324
[0]  36 260
[0]  66 479
[0]  38 276
[0]  50 364
[0]  53 386
[0]  56 408
[0]  64 467
[0]  39 286
[0]  50 368
[0]  54 401
[0]  41 305
[0]  51 381
[0]  62 465
[0]  62 465
[0]  28 210
[0]  41 308
[0]  64 481
[0]  37 279
[0]  62 468
[0]  40 302
[0]  32 242
[0]  53 401
[0]  65 493
[0]  29 220
[0]  61 464
[0]  39 297
[0]  59 451
[0]  32 245
[0]  38 291
[0]  41 314
[0]  51 391
[0]  52 399
[0]  31 238
[0]  59 453
[0]  57 438
[0]  61 471
[0]  40 309
[0]  61 473
[0]  64 497
[0]  48 373
[0]  55 429
[0]  35 273
[0]  46 359
[0]  49 383
[0]  44 344
[0]  57 449
[0]  58 457
[0]  45 355
[0]  42 333
[0]  29 230
[0]  31 247
[0]  47 376
[0]  52 416
[0]  50 402
[0]  46 371
[0]  31 251
[0]  42 341
[0]  48 392
[0]  50 409
[0]  58 475
[0]  57 467
[0]  57 467
[0]  50 410
[0]  34 279
[0]  29 238
[0]  53 436
[0]  46 379
[0]  28 232
[0]  59 489
[0]  40 332
[0]  50 416
[0]  43 359
[0]  40 334
[0]  51 426
[0]  42 351
[0]  27 226
[0]  34 285
[0]  49 411
[0]  41 344
[0]  40 338
[0]  57 483
[0]  41 349
[0]  25 214
[0]  32 274
[0]  47 404
[0]  25 215
[0]  40 344
[0]  41 353
[0]  34 295
[0]  52 453
[0]  49 427
[0]  40 349
[0]  44 384
[0]  36 316
[0]  27 237
[0]  56 492
[0]  52 457
[0]  53 469
[0]  54 478
[0]  52 461
[0]  30 267
[0]  38 339
[0]  43 385
[0]  53 477
[0]  48 432
[0]  25 225
[0]  46 415
[0]  26 235
[0]  43 389
[0]  29 263
[0]  52 472
[0]  40 364
[0]  38 346
[0]  45 410
[0]  32 292
[0]  40 365
[0]  22 201
[0]  35 320
[0]  51 467
[0]  30 275
[0]  50 460
[0]  30 277
[0]  27 250
[0]  51 477
[0]  37 347
[0]  29 272
[0]  47 442
[0]  47 442
[0]  34 320
[0]  51 482
[0]  22 208
[0]  37 350
[0]  49 464
[0]  49 464
[0]  49 466
[0]  21 200
[0]  42 402
[0]  41 393
[0]  45 433
[0]  28 270
[0]  34 328
[0]  43 415
[0]  50 483
[0]  47 456
[0]  37 361
[0]  49 480
[0]  41 402
[0]  46 452
[0]  43 423
[0]  46 454
[0]  33 327
[0]  32 318
[0]  49 487
[0]  44 438
[0]  39 389
[0]  40 399
[0]  45 450
[0]  43 431
[0]  45 452
[0]  36 362
[0]  48 484
[0]  31 313
[0]  47 475
[0]  45 457
[0]  44 447
[0]  41 417
[0]  30 306
[0]  45 460
[0]  42 430
[0]  40 410
[0]  40 410
[0]  28 288
[0]  38 392
[0]  47 485
[0]  38 394
[0]  32 333
[0]  44 459
[0]  47 491
[0]  39 408
[0]  36 377
[0]  21 220
[0]  44 464
[0]  39 412
[0]  32 339
[0]  42 446
[0]  27 287
[0]  43 458
[0]  28 299
[0]  44 470
[0]  41 439
[0]  41 439
[0]  21 225
[0]  21 226
[0]  46 500
[0]  26 283
[0]  21 230
[0]  31 340
[0]  25 275
[0]  44 487
[0]  40 443
[0]  41 460
[0]  25 282
[0]  42 474
[0]  38 429
[0]  41 463
[0]  26 295
[0]  41 470
[0]  38 436
[0]  32 368
[0]  27 311
[0]  22 254
[0]  18 208
[0]  23 266
[0]  24 278
[0]  18 209
[0]  26 304
[0]  24 281
[0]  34 400
[0]  34 400
[0]  30 353
[0]  38 449
[0]  34 402
[0]  18 213
[0]  27 320
[0]  30 356
[0]  31 369
[0]  33 393
[0]  36 430
[0]  25 300
[0]  41 492
[0]  32 385
[0]  26 314
[0]  19 230
[0]  41 497
[0]  32 388
[0]  29 356
[0]  17 209
[0]  27 332
[0]  24 298
[0]  26 323
[0]  30 373
[0]  29 362
[0]  34 425
[0]  36 450
[0]  22 278
[0]  24 305
[0]  22 280
[0]  39 498
[0]  38 487
[0]  29 373
[0]  23 296
[0]  29 375
[0]  19 246
[0]  19 247
[0]  16 208
[0]  30 392
[0]  28 367
[0]  18 236
[0]  36 475
[0]  32 425
[0]  21 280
[0]  33 441
[0]  30 401
[0]  16 215
[0]  37 498
[0]  21 284
[0]  29 393
[0]  18 244
[0]  33 448
[0]  36 493
[0]  20 274
[0]  26 357
[0]  23 316
[0]  34 468
[0]  18 248
[0]  23 318
[0]  35 487
[0]  17 238
[0]  15 210
[0]  21 294
[0]  34 476
[0]  30 421
[0]  21 295
[0]  33 465
[0]  29 410
[0]  22 315
[0]  20 290
[0]  30 435
[0]  22 319
[0]  14 206
[0]  28 416
[0]  22 327
[0]  21 315
[0]  16 241
[0]  29 438
[0]  26 393
[0]  19 288
[0]  24 367
[0]  26 404
[0]  22 345
[0]  17 267
[0]  24 378
[0]  25 400
[0]  22 353
[0]  30 484
[0]  24 388
[0]  25 406
[0]  27 439
[0]  19 309
[0]  21 342
[0]  30 492
[0]  13 214
[0]  30 494
[0]  22 364
[0]  25 420
[0]  17 289
[0]  25 430
[0]  24 416
[0]  18 313
[0]  28 488
[0]  21 368
[0]  19 334
[0]  24 422
[0]  26 458
[0]  21 370
[0]  23 406
[0]  25 445
[0]  17 308
[0]  20 363
[0]  27 492
[0]  11 201
[0]  15 275
[0]  24 443
[0]  15 277
[0]  15 278
[0]  26 485
[0]  18 337
[0]  14 263
[0]  20 380
[0]  17 323
[0]  17 324
[0]  11 210
[0]  14 268
[0]  16 307
[0]  22 423
[0]  11 212
[0]  13 251
[0]  21 414
[0]  19 375
[0]  23 457
[0]  13 260
[0]  22 441
[0]  14 282
[0]  21 423
[0]  14 282
[0]  20 404
[0]  10 202
[0]  19 384
[0]  14 284
[0]  21 428
[0]  18 372
[0]  20 415
[0]  19 399
[0]  19 402
[0]  19 407
[0]  23 493
[0]  23 494
[0]  22 473
[0]  12 259
[0]  13 284
[0]  10 220
[0]  19 418
[0]  15 333
[0]  17 378
[0]  19 424
[0]  22 492
[0]  16 359
[0]  14 315
[0]  18 407
[0]  17 389
[0]  10 229
[0]  19 437
[0]  15 347
[0]  11 255
[0]  18 420
[0]  15 351
[0]  16 375
[0]  14 331
[0]  21 498
[0]  21 499
[0]  14 334
[0]  16 384
[0]  12 290
[0]  17 411
[0]  19 460
[0]  16 388
[0]  13 316
[0]  20 491
[0]  18 445
[0]  13 322
[0]  20 496
[0]  19 475
[0]  13 337
[0]  11 292
[0]  11 300
[0]  15 411
[0]  12 339
[0]  16 452
[0]  16 464
[0]  15 444
[0]  15 447
[0]  11 328
[0]  14 422
[0]  10 302
[0]  12 366
[0]  12 375
[0]  15 469
[0]  10 314
[0]  10 319
[0]  13 416
[0]  12 410
[0]  13 449
[0]  11 380
[0]  14 487
[0]  13 453
[0]  12 430
[0]  13 472
[0]  12 436
[0]  12 441
[0]  11 407
[0]  11 411
[0]  13 486
[0]  11 421
[0]  12 474
[0]  11 435
[0]  12 492
[0]  10 426
