  2   0   0   0   0   0   0   0   0   0   0   0   0   0   0   0   0   0   0   0   0   0   0   0   0   0   0   0   0   0   0   0   0   0   0   0   0   0   0   0   0   0   0   0   0   0   0   0   0   0   0   0   0   0   0   0   0   0   0   0   0   0   0   0   0   0   0   0   0   0   0   0   0   0   0   0   0   0   0   0   0   0   0   0   0   0   0   0   0   0   0   0   0   0   0   0   0   0   0   0   0   0   0   0   0   0   0   0   0   0   0   0   0   0   0   0   0   0   0   0   0   0   0   0   0   0   0   0   0   0   0   0   0   0   0   0   0   0   0   0   0   0   0   0   0   0   0   0   0   0   0   0   0   0   0   0   0   0   0   0   0   0   0   0   0   0   0   0   0   0   0   0   0   0   0   0   0   0   0   0   0   0   0   0   0   0   0   0   0   0   0   0   0   0   0   0   0   0   0   0   0   0   0   0   0   0   0   0   0   0   0   0   0   0   0   0   0   0   0   0   0   0   0   0   0   0   0   0   0   0   0   0   0   0   0   0   0   0   0   0   0   0   0   0   0   0   0   0   0   0   0   0   0   0   0   0   0   0   0   0   0   0   0   0   0   0   0   0   0   0   0   0   0   0   0   0   0   0   0   0   0   0   0   0   0   0   0   0   0   0   0   0   0   0   0   0   0   0   0   0   0   0   0   0   0   0   0   0   0   0   0   0   0   0   0   0   0   0   0   0   0   0   0   0   0   0   0   0   0   0   0   0   0   0   0   0   0   0   0   0   0   0   0   0   0   0   0   0   0   0   0   0   0   0   0   0   0   0   0   0   0   0   0   0   0   0   0   0   0   0   0   0   0   0   0   0   0   0   0   0   0   0   0   0   0   0   0   0   0   0   0   0   0   0   0   0   0   0   0   0   0   0   0   0   0   0   0   0   0   0   0   0   0   0   0   0   0   0   0   0   0   0   0   0   0   0   0   0   0   0   0   0   0   0   0   0   0   0   0   0   0   0   0   0   0   0   0   0   0   0   0   0   0   0   0   0   0   0   0   0   0   0   0   0   0   0   0   0   0   0   0   0   0   0   0   0   0   0   0   0   0   0   0   0   0   0   0   0   0   0   0   0   0   0   0   0   0   0   0   0   0   0   0   0   0   0   0   0   0   0   0   0   0   0   0   0   0   0   0   0   0   0   0   0   0   0   0   0   0   0   0   0   0   0   0   0   0   0   0   0   0   0   0   0   0   0   0   0   0   0   0   0   0   0   0   0   0   0   0   0   0   0   0   0   0   0   0   0   0   0   0   0   0   0   0   0   0   0   0   0   0   0   0   0   0   0   0   0   0   0   0   0   0   0   0   0   0   0   0   0   0   0   0   0   0   0   0   0   0   0   0   0   0   0   0   0   0   0   0   0   0   0   0   0   0   0   0   0   0   0   0   0   0   0   0   0   0   0   0   0   0   0   0   0   0   0   0   0   0   0   0   0   0   0   0   0   0   0   0   0   0   0   0   0   0   0   0   0   0   0   0   0   0   0   0   0   0   0   0   0   0   0   0   0   0   0   0   0   0   0   0   0   0   0   0   0   0   0   0   0   0   0   0   0   0   0   0   0   0   0   0   0   0   0   0   0   0   0   0   0   0   0   0   0   0   0   0   0   0   0   0   0   0   0   0   0   0   0   0   0   0   0   0   0   0   0   0   0   0   0   0   0   0   0   0   0   0   0   0   0   0   0   0   0   0   0   0   0   0   0   0   0   0   0   0   0   0   0   0   0   0   0   0   0   0   0   0   0   0   0   0   0   0   0   0   0   0   0   0   0   0   0   0   0   0   0   0   0   0   0   0   0   0   0   0   0   0   0   0   0   0   0   0   0   0   0   0   0   0   0   0   0   0   0   0   0   0   0   0   0   0   0   0   0   0   0   0   0   0   0   0   0   0   0   0   0   0   0   0   0   0   0   0   0   0   0   0   0   0   0   0   0   0   0   0   0   0   0   0   0   0   0   0   0   0   0   0   0   0   0   0   0   0   0   0   0   0   0   0   0   0   0   0   0   0   0   0   0   0   0   0   0   0   0   0   0   0   0   0   0   0   0   0   0   0   0   0   0   0   0   0   0   0   0   0   0   0   0   0   0   0   0   0   0   0   0   0   0   0   0   0   0   0   0   0   0   0   0   0   0   0   0   0   0   0   0   0   0   0   0   0   0   0   0   0   0   0   0   0   0   0   0   0   0   0   0   0   0   0   0   0   0   0   0   0   0   0   0   0   0 
REMAINING SPACE:      74
ACCUMULATED PRIORITY: 196
EXECUTION TIME:       0.000147800
QTY PRI VAL
[2]  98 213
[0]  92 201
[0]  96 213
[0] 100 224
[0]  98 225
[0]  86 200
[0]  91 212
[0]  91 212
[0] 100 236
[0]  87 207
[0]  96 229
[0]  98 235
[0]  99 238
[0]  88 214
[0]  95 234
[0]  96 237
[0] 100 249
[0]  85 212
[0]  99 248
[0]  85 213
[0] 100 251
[0]  86 216
[0]  85 215
[0]  83 212
[0]  99 253
[0]  96 246
[0]  95 247
[0]  79 206
[0]  84 221
[0]  76 200
[0]  76 201
[0]  80 214
[0]  83 224
[0]  76 206
[0]  79 215
[0]  98 267
[0]  84 229
[0]  84 229
[0]  91 249
[0]  76 208
[0]  83 228
[0]  89 245
[0]  98 273
[0]  96 268
[0]  97 271
[0]  76 213
[0]  90 253
[0]  85 239
[0]  99 279
[0]  75 213
[0]  84 239
[0]  71 203
[0]  73 211
[0]  97 281
[0]  79 229
[0]  88 256
[0]  69 202
[0]  97 284
[0]  76 224
[0]  68 202
[0]  69 206
[0]  88 263
[0]  98 293
[0]  67 201
[0]  92 276
[0]  89 269
[0]  99 300
[0]  94 285
[0]  94 285
[0]  83 253
[0]  85 260
[0]  77 237
[0]  89 274
[0]  79 245
[0]  97 302
[0]  96 299
[0]  85 265
[0]  78 244
[0]  86 270
[0]  91 286
[0]  98 308
[0]  83 261
[0]  69 217
[0]  80 252
[0]  86 272
[0]  84 268
[0]  85 272
[0]  79 254
[0]  66 213
[0]  92 297
[0]  85 276
[0]  93 303
[0]  76 249
[0]  94 308
[0]  99 327
[0]  83 275
[0]  74 246
[0]  96 320
[0]  83 278
[0]  99 332
[0]  71 239
[0]  84 283
[0]  86 291
[0]  77 262
[0]  99 337
[0]  59 201
[0]  81 276
[0]  85 290
[0]  88 301
[0]  94 322
[0]  94 323
[0]  97 335
[0]  81 280
[0]  74 256
[0]  95 329
[0]  71 247
[0]  75 262
[0]  91 318
[0]  62 218
[0]  92 324
[0]  80 282
[0]  72 254
[0]  64 226
[0]  76 269
[0]  98 347
[0]  94 334
[0]  95 338
[0]  75 267
[0]  98 350
[0]  89 318
[0]  73 261
[0]  89 321
[0]  57 206
[0]  82 298
[0]  87 317
[0]  75 274
[0]  74 271
[0]  98 359
[0]  96 352
[0]  78 286
[0]  76 279
[0]  69 254
[0]  67 247
[0]  55 203
[0]  65 240
[0]  88 325
[0]  79 292
[0]  63 234
[0]  99 368
[0]  92 342
[0]  85 318
[0]  97 363
[0]  92 345
[0]  84 316
[0]  79 298
[0]  89 336
[0]  72 272
[0] 100 378
[0]  60 227
[0]  86 326
[0]  83 315
[0]  74 281
[0]  89 338
[0]  75 285
[0]  98 373
[0]  80 305
[0]  64 244
[0]  84 321
[0]  62 237
[0]  88 337
[0]  87 335
[0]  75 290
[0]  75 290
[0]  79 306
[0]  74 287
[0]  98 381
[0]  90 350
[0]  58 226
[0]  94 367
[0]  96 375
[0]  87 340
[0]  69 270
[0]  98 384
[0]  59 232
[0]  78 307
[0]  87 343
[0]  71 280
[0]  78 308
[0]  96 380
[0]  60 238
[0]  71 282
[0]  72 286
[0]  76 303
[0]  79 316
[0]  91 364
[0]  67 269
[0]  58 233
[0]  58 234
[0]  62 251
[0]  87 353
[0]  62 252
[0]  98 399
[0]  78 318
[0]  63 257
[0] 100 408
[0]  56 229
[0]  58 238
[0]  79 326
[0]  94 388
[0]  97 401
[0]  51 211
[0]  50 207
[0]  96 398
[0]  92 382
[0]  74 308
[0]  61 254
[0]  57 238
[0]  76 318
[0]  79 331
[0]  55 231
[0]  97 408
[0]  72 303
[0]  52 219
[0]  66 279
[0] 100 423
[0]  72 308
[0]  73 313
[0]  66 284
[0]  81 349
[0]  97 418
[0]  51 220
[0]  92 398
[0]  96 416
[0]  79 344
[0]  59 258
[0]  63 277
[0]  60 264
[0]  97 428
[0]  67 296
[0]  78 346
[0]  52 231
[0]  99 440
[0]  84 374
[0]  65 290
[0]  81 362
[0]  65 291
[0]  70 314
[0]  70 314
[0]  98 441
[0]  70 316
[0]  76 344
[0]  87 394
[0]  81 367
[0]  67 304
[0]  78 354
[0]  64 291
[0] 100 455
[0]  99 452
[0]  73 334
[0]  92 421
[0]  48 220
[0]  56 257
[0]  49 225
[0]  63 290
[0]  51 235
[0]  96 443
[0]  64 296
[0]  91 421
[0]  63 293
[0]  98 457
[0]  52 243
[0]  73 343
[0]  87 409
[0]  47 221
[0]  68 320
[0]  91 430
[0]  46 218
[0]  82 389
[0]  92 437
[0]  45 214
[0]  74 352
[0]  97 462
[0]  88 420
[0]  44 210
[0]  58 277
[0]  80 383
[0]  49 235
[0]  42 202
[0]  75 362
[0] 100 483
[0] 100 483
[0]  63 305
[0]  97 470
[0]  80 388
[0]  83 403
[0]  63 306
[0]  84 408
[0]  65 316
[0]  67 326
[0]  75 365
[0]  77 375
[0]  82 400
[0]  99 483
[0]  85 415
[0]  64 313
[0]  81 397
[0] 100 491
[0]  88 434
[0]  87 430
[0]  78 386
[0]  70 347
[0]  71 352
[0]  82 407
[0] 100 497
[0]  73 365
[0]  65 325
[0]  95 476
[0]  93 467
[0]  81 407
[0]  90 453
[0]  78 395
[0]  51 259
[0]  85 432
[0]  72 366
[0]  95 483
[0]  88 448
[0]  91 465
[0]  61 312
[0]  78 399
[0]  40 205
[0]  74 380
[0]  58 298
[0]  39 201
[0]  71 366
[0]  88 454
[0]  48 248
[0]  76 393
[0]  79 409
[0]  67 348
[0]  71 369
[0]  71 369
[0]  60 312
[0]  40 208
[0]  55 286
[0]  81 422
[0]  47 245
[0]  88 459
[0]  87 455
[0]  66 346
[0]  61 321
[0]  61 321
[0]  49 258
[0]  48 253
[0]  53 280
[0]  53 280
[0]  93 492
[0]  72 381
[0]  54 286
[0]  47 249
[0]  90 477
[0]  93 493
[0]  52 276
[0]  70 372
[0]  64 341
[0]  76 406
[0]  73 390
[0]  93 497
[0]  86 460
[0]  68 364
[0]  46 247
[0]  80 430
[0]  77 414
[0]  69 371
[0]  70 377
[0]  46 248
[0]  40 216
[0]  52 281
[0]  86 465
[0]  51 276
[0]  72 392
[0]  40 218
[0]  79 431
[0]  67 366
[0]  55 301
[0]  80 438
[0]  44 241
[0]  49 270
[0]  50 276
[0]  63 348
[0]  85 471
[0]  83 460
[0]  62 344
[0]  77 429
[0]  49 273
[0]  71 396
[0]  45 251
[0]  78 436
[0]  71 397
[0]  74 414
[0]  37 207
[0]  52 291
[0]  57 319
[0]  67 375
[0]  84 473
[0]  73 412
[0]  76 429
[0]  81 458
[0]  67 381
[0]  65 370
[0]  79 451
[0]  70 400
[0]  72 412
[0]  70 401
[0]  70 401
[0]  41 235
[0]  86 493
[0]  54 310
[0]  87 500
[0]  84 483
[0]  68 391
[0]  64 368
[0]  75 432
[0]  59 340
[0]  54 312
[0]  77 445
[0]  42 243
[0]  83 481
[0]  46 267
[0]  45 262
[0]  80 466
[0]  56 327
[0]  80 469
[0]  68 399
[0]  55 323
[0]  60 353
[0]  46 271
[0]  74 436
[0]  47 277
[0]  77 456
[0]  72 428
[0]  40 238
[0]  35 209
[0]  76 456
[0]  60 361
[0]  53 319
[0]  50 301
[0]  42 253
[0]  40 241
[0]  77 464
[0]  35 211
[0]  56 338
[0]  74 447
[0]  40 242
[0]  68 412
[0]  33 200
[0]  81 491
[0]  64 388
[0]  47 285
[0]  46 279
[0]  52 316
[0]  62 378
[0]  41 250
[0]  64 391
[0]  63 385
[0]  67 410
[0]  36 221
[0]  50 307
[0]  34 209
[0]  63 388
[0]  57 352
[0]  68 420
[0]  67 414
[0]  67 414
[0]  75 465
[0]  79 492
[0]  47 293
[0]  76 474
[0]  40 250
[0]  80 500
[0]  52 325
[0]  43 269
[0]  39 245
[0]  56 352
[0]  48 302
[0]  76 479
[0]  78 493
[0]  44 279
[0]  67 425
[0]  77 490
[0]  37 236
[0]  50 319
[0]  73 467
[0]  41 263
[0]  74 475
[0]  42 270
[0]  64 414
[0]  53 343
[0]  49 318
[0]  63 410
[0]  61 397
[0]  57 371
[0]  38 248
[0]  36 236
[0]  34 223
[0]  57 374
[0]  39 256
[0]  66 435
[0]  59 389
[0]  67 442
[0]  73 482
[0]  53 350
[0]  51 337
[0]  65 430
[0]  69 457
[0]  66 438
[0]  50 332
[0]  63 419
[0]  67 446
[0]  72 480
[0]  39 260
[0]  34 227
[0]  64 428
[0]  65 435
[0]  60 403
[0]  36 242
[0]  66 445
[0]  55 372
[0]  63 427
[0]  46 312
[0]  30 204
[0]  55 374
[0]  35 239
[0]  49 335
[0]  63 431
[0]  48 329
[0]  49 336
[0]  56 384
[0]  37 255
[0]  38 262
[0]  58 400
[0]  49 338
[0]  67 463
[0]  62 429
[0]  63 436
[0]  51 353
[0]  69 478
[0]  64 445
[0]  65 453
[0]  57 399
[0]  61 427
[0]  62 434
[0]  62 437
[0]  55 388
[0]  70 494
[0]  65 459
[0]  34 241
[0]  43 306
[0]  34 242
[0]  31 221
[0]  62 443
[0]  53 379
[0]  34 244
[0]  50 359
[0]  65 467
[0]  64 460
[0]  63 453
[0]  62 446
[0]  69 497
[0]  67 483
[0]  66 476
[0]  53 383
[0]  30 217
[0]  46 334
[0]  56 407
[0]  44 320
[0]  35 255
[0]  59 431
[0]  45 329
[0]  56 410
[0]  54 400
[0]  58 432
[0]  31 231
[0]  61 455
[0]  31 232
[0]  34 255
[0]  59 443
[0]  43 323
[0]  43 325
[0]  41 311
[0]  32 243
[0]  45 342
[0]  51 389
[0]  64 489
[0]  39 299
[0]  56 430
[0]  26 200
[0]  26 200
[0]  43 332
[0]  39 302
[0]  64 498
[0]  32 249
[0]  51 397
[0]  61 475
[0]  63 491
[0]  63 492
[0]  44 344
[0]  56 438
[0]  30 237
[0]  44 348
[0]  57 451
[0]  59 467
[0]  51 405
[0]  54 429
[0]  55 438
[0]  37 295
[0]  39 311
[0]  49 391
[0]  31 248
[0]  55 441
[0]  51 409
[0]  43 345
[0]  42 340
[0]  29 235
[0]  56 455
[0]  48 391
[0]  38 311
[0]  53 434
[0]  51 418
[0]  26 214
[0]  51 420
[0]  60 495
[0]  50 413
[0]  38 314
[0]  53 438
[0]  49 405
[0]  48 397
[0]  36 298
[0]  52 431
[0]  48 398
[0]  29 241
[0]  45 374
[0]  47 391
[0]  54 453
[0]  35 294
[0]  36 303
[0]  43 362
[0]  57 483
[0]  42 357
[0]  51 435
[0]  28 239
[0]  25 214
[0]  25 214
[0]  30 257
[0]  31 266
[0]  56 482
[0]  40 345
[0]  42 363
[0]  38 329
[0]  51 442
[0]  51 442
[0]  31 269
[0]  54 469
[0]  35 304
[0]  56 488
[0]  50 436
[0]  31 271
[0]  50 441
[0]  51 450
[0]  41 363
[0]  50 444
[0]  51 453
[0]  35 312
[0]  28 250
[0]  24 215
[0]  24 215
[0]  35 314
[0]  48 432
[0]  54 486
[0]  46 414
[0]  43 388
[0]  27 244
[0]  22 200
[0]  53 483
[0]  24 219
[0]  44 402
[0]  50 457
[0]  33 302
[0]  44 403
[0]  50 458
[0]  41 377
[0]  30 276
[0]  40 369
[0]  40 369
[0]  52 482
[0]  51 474
[0]  34 316
[0]  53 494
[0]  46 431
[0]  40 375
[0]  26 246
[0]  38 361
[0]  45 428
[0]  31 296
[0]  31 296
[0]  40 382
[0]  43 411
[0]  50 479
[0]  48 460
[0]  42 403
[0]  48 462
[0]  23 222
[0]  45 437
[0]  50 486
[0]  49 479
[0]  43 421
[0]  38 373
[0]  22 216
[0]  43 426
[0]  35 347
[0]  25 248
[0]  26 258
[0]  23 229
[0]  32 319
[0]  42 419
[0]  46 460
[0]  48 481
[0]  24 241
[0]  22 222
[0]  42 424
[0]  30 304
[0]  36 365
[0]  46 467
[0]  38 386
[0]  42 427
[0]  46 468
[0]  45 459
[0]  34 347
[0]  31 317
[0]  48 491
[0]  47 482
[0]  28 289
[0]  41 424
[0]  30 311
[0]  34 353
[0]  43 448
[0]  33 344
[0]  28 292
[0]  29 303
[0]  45 472
[0]  42 442
[0]  40 424
[0]  41 436
[0]  39 415
[0]  21 224
[0]  24 257
[0]  34 365
[0]  42 452
[0]  30 325
[0]  24 261
[0]  26 285
[0]  33 362
[0]  37 406
[0]  23 253
[0]  19 209
[0]  32 352
[0]  36 398
[0]  25 278
[0]  41 459
[0]  43 483
[0]  21 236
[0]  28 316
[0]  37 418
[0]  32 362
[0]  24 272
[0]  33 375
[0]  35 399
[0]  38 434
[0]  26 297
[0]  30 343
[0]  32 366
[0]  40 458
[0]  27 310
[0]  23 265
[0]  28 325
[0]  26 304
[0]  26 305
[0]  40 472
[0]  36 426
[0]  27 320
[0]  22 261
[0]  40 475
[0]  29 346
[0]  33 395
[0]  18 218
[0]  23 280
[0]  37 453
[0]  22 270
[0]  17 209
[0]  37 455
[0]  32 394
[0]  26 321
[0]  34 424
[0]  37 462
[0]  27 338
[0]  26 327
[0]  29 366
[0]  17 215
[0]  19 241
[0]  30 382
[0]  35 446
[0]  22 283
[0]  35 451
[0]  25 323
[0]  37 479
[0]  22 285
[0]  37 481
[0]  23 299
[0]  33 432
[0]  37 486
[0]  17 224
[0]  35 462
[0]  28 372
[0]  15 201
[0]  35 472
[0]  28 378
[0]  18 243
[0]  34 460
[0]  34 462
[0]  21 287
[0]  35 481
[0]  25 344
[0]  26 359
[0]  21 291
[0]  21 291
[0]  28 389
[0]  23 320
[0]  25 350
[0]  30 420
[0]  25 351
[0]  31 437
[0]  18 254
[0]  22 313
[0]  21 301
[0]  30 433
[0]  28 405
[0]  30 435
[0]  33 479
[0]  21 305
[0]  33 482
[0]  22 322
[0]  26 384
[0]  33 488
[0]  29 431
[0]  32 476
[0]  23 344
[0]  26 389
[0]  26 398
[0]  31 476
[0]  20 311
[0]  25 391
[0]  25 393
[0]  30 473
[0]  29 459
[0]  20 318
[0]  18 289
[0]  16 257
[0]  21 338
[0]  19 307
[0]  16 259
[0]  21 340
[0]  18 292
[0]  13 211
[0]  30 487
[0]  28 455
[0]  16 261
[0]  13 213
[0]  19 312
[0]  24 395
[0]  13 214
[0]  15 248
[0]  28 463
[0]  19 317
[0]  23 384
[0]  21 351
[0]  18 301
[0]  24 402
[0]  27 454
[0]  19 324
[0]  27 464
[0]  25 431
[0]  19 330
[0]  28 491
[0]  28 493
[0]  21 370
[0]  14 248
[0]  24 426
[0]  25 444
[0]  21 373
[0]  23 410
[0]  14 250
[0]  17 305
[0]  17 305
[0]  27 488
[0]  20 364
[0]  14 259
[0]  13 244
[0]  22 417
[0]  26 494
[0]  25 476
[0]  17 324
[0]  21 403
[0]  19 366
[0]  18 348
[0]  15 290
[0]  17 332
[0]  25 492
[0]  18 358
[0]  11 219
[0]  25 499
[0]  10 201
[0]  22 445
[0]  18 366
[0]  15 306
[0]  10 207
[0]  10 207
[0]  24 499
[0]  13 271
[0]  20 419
[0]  12 253
[0]  23 485
[0]  22 464
[0]  20 425
[0]  16 340
[0]  17 363
[0]  10 215
[0]  12 258
[0]  13 280
[0]  18 393
[0]  19 415
[0]  19 420
[0]  21 465
[0]  21 470
[0]  14 314
[0]  12 271
[0]  14 317
[0]  15 346
[0]  13 300
[0]  10 233
[0]  14 329
[0]  19 448
[0]  10 239
[0]  18 432
[0]  18 433
[0]  19 467
[0]  20 492
[0]  15 369
[0]  14 346
[0]  15 372
[0]  12 304
[0]  11 279
[0]  12 305
[0]  17 439
[0]  19 496
[0]  16 419
[0]  12 317
[0]  10 265
[0]  16 427
[0]  11 297
[0]  11 302
[0]  12 330
[0]  18 497
[0]  17 472
[0]  16 463
[0]  11 324
[0]  14 418
[0]  10 308
[0]  15 467
[0]  14 437
[0]  11 355
[0]  12 388
[0]  13 421
[0]  11 357
[0]  13 423
[0]  13 428
[0]  14 463
[0]  13 432
[0]  11 369
[0]  14 470
[0]  10 347
[0]  14 486
[0]  12 417
[0]  14 487
[0]  12 430
[0]  13 474
[0]  11 402
[0]  10 390
[0]  11 437
[0]  10 422
[0]  10 449
[0]  10 499
