  5   0   0   0   0   0   0   0   0   0   0   0   0   0   0   0   0   0   0   0   0   0   0   0   0   0   0   0   0   0   0   0   0   0   0   0   0   0   0   0   0   0   0   0   0   0   0   0   0   0   0   0   0   0   0   0   0   0   0   0   0   0   0   0   0   0   0   0   0   0   0   0   0   0   0   0   0   0   0   0   0   0   0   0   0   0   0   0   0   0   0   0   0   0   0   0   0   0   0   0 
REMAINING SPACE:      0
ACCUMULATED PRIORITY: 500
EXECUTION TIME:       0.000010600
QTY PRI VAL
[5] 100 100
[0] 100 171
[0] 100  33
[0]  98  96
[0]  98 154
[0]  97 190
[0]  94  83
[0]  93 150
[0]  92 163
[0]  91 184
[0]  88 155
[0]  88  72
[0]  88 102
[0]  87  63
[0]  87 154
[0]  87 171
[0]  86 136
[0]  86 105
[0]  86 182
[0]  86  70
[0]  85 118
[0]  84 106
[0]  84  29
[0]  82  42
[0]  81  94
[0]  81  87
[0]  81  68
[0]  80 127
[0]  79  52
[0]  79  60
[0]  79 145
[0]  78  11
[0]  76 105
[0]  75 139
[0]  75 122
[0]  71  55
[0]  70 130
[0]  69 119
[0]  68  89
[0]  68 117
[0]  67 111
[0]  67 122
[0]  67  40
[0]  66 188
[0]  66 187
[0]  64 102
[0]  63  11
[0]  60  43
[0]  60 132
[0]  57  42
[0]  56 109
[0]  56 118
[0]  56 133
[0]  56 116
[0]  55 119
[0]  54 140
[0]  54 144
[0]  53  81
[0]  52  26
[0]  50 116
[0]  48 168
[0]  48 102
[0]  47 132
[0]  46  89
[0]  46 171
[0]  45  16
[0]  45 103
[0]  44 100
[0]  44  31
[0]  43  16
[0]  43 160
[0]  43  19
[0]  41 158
[0]  41 123
[0]  38 148
[0]  37 120
[0]  36  39
[0]  36 197
[0]  34  74
[0]  31  17
[0]  30 110
[0]  30  30
[0]  30  54
[0]  30 196
[0]  27  74
[0]  27 188
[0]  26 179
[0]  26 100
[0]  24  26
[0]  24 134
[0]  22 134
[0]  21 177
[0]  19 135
[0]  18 138
[0]  17 119
[0]  16 132
[0]  15 141
[0]  13 175
[0]  12  99
[0]  11  34
