1000 500 10 200 10 100
21 116
60 154
35 32
30 161
62 147
53 21
39 20
49 10
65 181
75 170
34 150
14 144
86 82
87 21
36 58
63 78
93 13
88 50
45 187
61 174
75 190
100 22
46 72
29 56
14 41
71 77
76 30
73 63
93 60
31 123
38 49
28 115
97 65
11 122
24 178
55 197
83 101
73 188
55 52
28 60
48 102
50 85
80 181
38 45
35 55
53 183
43 193
84 181
78 75
87 100
63 18
60 41
49 127
27 138
40 106
70 96
14 158
55 120
86 153
56 45
95 157
37 136
34 137
46 29
58 39
73 76
28 80
73 21
72 191
78 19
53 159
43 116
75 119
41 99
87 33
34 91
13 173
35 174
34 154
55 155
57 177
18 51
12 193
59 75
35 33
39 101
91 32
34 143
76 85
79 34
70 18
42 133
80 153
26 134
92 164
65 110
14 153
40 17
17 34
98 129
41 31
36 84
24 80
13 16
43 79
51 85
10 189
92 89
67 157
100 68
95 124
22 81
91 140
68 43
57 36
57 65
54 35
74 123
97 155
57 59
22 12
58 132
98 164
19 153
19 34
38 62
36 178
65 67
19 66
40 125
88 106
17 140
33 141
26 57
21 35
22 141
34 63
62 72
73 105
11 159
97 57
49 120
97 145
11 17
90 100
88 114
82 134
36 149
93 151
50 181
79 146
53 57
86 37
51 47
93 179
93 83
45 38
74 126
62 23
100 195
87 87
45 153
46 197
89 106
40 140
96 144
54 73
38 106
70 155
50 54
86 161
68 33
91 163
25 184
87 105
19 133
65 130
94 193
42 29
93 72
74 28
44 67
52 51
19 13
68 106
92 172
54 196
91 76
54 166
12 157
46 59
67 52
30 187
28 127
96 176
88 187
24 48
49 108
56 16
42 150
70 181
84 21
45 138
38 156
96 159
84 17
70 192
60 39
64 137
14 14
52 189
82 150
76 66
49 182
96 12
63 27
67 52
97 158
74 160
55 148
82 47
27 169
78 35
94 59
55 176
55 118
53 77
79 43
74 159
14 27
62 168
89 165
29 117
85 64
35 79
79 37
67 157
21 167
73 24
93 188
67 102
94 28
91 15
38 145
16 120
33 146
79 50
51 118
59 76
54 76
27 196
55 61
82 142
44 177
34 66
88 190
91 90
64 170
15 91
45 103
51 98
44 110
43 171
81 160
36 21
93 13
57 172
90 180
30 104
45 90
40 142
62 183
66 109
65 162
70 88
10 44
85 125
57 179
45 185
35 176
25 185
77 34
45 65
64 90
15 13
36 185
48 93
30 21
66 141
56 34
48 58
63 69
16 13
12 113
63 175
75 14
35 111
51 158
70 86
89 168
84 60
74 56
28 163
16 178
79 61
36 165
71 93
11 105
78 92
44 105
20 139
18 68
22 182
70 36
44 128
19 190
90 190
12 165
40 125
72 76
33 166
51 108
12 107
87 166
35 63
19 76
92 23
45 63
94 24
11 105
25 105
55 120
21 152
39 68
83 47
77 75
61 40
26 105
87 50
59 126
87 175
20 116
12 192
99 35
22 80
33 148
74 46
59 91
15 185
90 86
14 150
19 79
100 167
81 117
92 88
24 153
24 101
72 72
97 81
22 98
33 49
63 148
40 147
82 95
26 31
49 198
53 144
49 173
47 93
92 161
76 166
86 56
56 194
16 171
81 15
24 25
81 148
10 152
15 45
73 48
32 39
16 59
88 155
80 104
92 132
43 62
93 190
57 198
39 26
54 79
99 80
77 120
62 101
53 156
38 130
15 24
55 82
88 153
84 94
83 118
92 155
42 157
44 100
87 149
69 166
46 159
25 134
100 85
16 185
60 183
31 78
95 95
94 91
34 199
13 138
15 44
86 129
96 58
16 189
19 156
39 68
96 21
85 37
84 70
10 171
36 147
25 71
78 19
66 101
12 171
72 167
81 143
35 49
94 136
75 41
70 13
75 28
57 113
77 155
50 88
90 47
79 163
60 88
41 105
57 11
65 38
68 124
40 108
37 16
87 43
90 147
68 159
93 84
76 41
71 87
26 176
55 166
83 77
13 154
10 31
19 68
42 168
63 52
86 166
22 130
18 118
100 68
82 63
17 12
77 23
36 35
18 57
50 171
49 65
67 117
67 101
67 180
70 10
51 177
36 102
99 19
44 196
36 129
52 62
35 165
92 41
38 108
43 34
54 34
48 23
48 19
50 161
29 26
51 42
46 193
49 144
37 187
41 100
61 18
77 67
27 71
48 39
30 177
87 68
42 165
48 187
55 39
48 185
24 151
98 115
82 194
94 167
83 18
51 116
33 62
83 43
48 71
59 113
81 148
59 92
86 96
56 130
48 46
68 46
99 175
22 175
27 199
51 170
57 29
60 55
73 58
84 26
80 195
97 10
41 144
36 75
15 183
20 199
93 154
68 37
59 186
34 118
12 187
56 22
31 186
92 109
65 20
31 197
18 99
20 168
90 110
83 94
46 82
10 111
34 148
46 197
11 184
77 161
100 46
62 28
92 105
40 86
28 97
16 120
96 100
93 49
80 164
42 92
31 68
71 114
10 175
93 161
77 69
68 171
91 137
22 148
89 160
91 147
68 150
60 63
77 187
11 49
81 101
89 39
39 168
57 166
28 76
57 143
34 91
88 61
97 146
23 81
16 53
55 174
27 105
90 64
74 173
13 85
88 78
56 33
13 102
18 200
32 180
97 146
79 99
88 132
11 26
76 162
69 29
44 106
53 183
43 80
78 84
71 51
91 92
44 20
45 128
95 195
16 174
77 21
39 158
76 151
28 167
10 86
89 68
36 153
84 141
58 50
68 200
79 168
61 30
31 118
27 18
26 98
70 51
34 121
73 95
55 25
68 27
41 68
15 83
88 170
89 43
13 61
80 166
84 146
21 49
89 177
84 188
79 105
23 49
69 81
66 109
78 17
86 19
43 32
39 86
43 129
82 77
91 196
46 51
54 72
42 25
12 159
10 158
85 63
48 101
63 153
84 51
91 147
66 58
76 166
70 15
75 97
19 95
28 137
56 54
82 25
67 70
83 116
83 81
98 67
37 146
87 194
17 193
96 91
26 132
30 196
43 162
53 62
40 27
77 13
59 20
90 197
60 46
100 141
55 102
62 133
74 39
18 77
42 89
16 115
92 14
61 191
47 46
94 66
92 63
25 169
82 110
29 18
93 98
36 129
42 191
29 58
53 178
49 95
58 106
96 98
98 132
37 120
77 153
38 76
53 68
71 145
75 31
83 158
90 124
15 153
23 159
91 155
79 148
67 24
11 49
39 176
35 44
23 183
86 93
86 46
59 137
81 141
64 133
54 120
35 196
37 182
47 73
31 134
20 198
69 86
68 105
36 61
27 168
58 170
92 136
59 33
16 17
90 51
92 83
39 40
93 33
29 76
84 170
72 150
92 192
31 35
92 130
15 79
98 164
76 193
22 75
55 183
26 11
15 43
41 184
88 175
11 107
80 168
20 71
96 65
45 187
78 171
74 42
62 80
25 109
76 116
78 109
19 77
28 143
65 16
23 196
46 177
22 30
25 44
30 84
13 188
91 33
72 52
80 29
52 105
24 15
86 124
65 153
86 68
36 124
58 44
55 54
26 87
37 199
69 200
15 41
39 187
16 167
40 143
87 173
44 159
25 102
93 136
41 95
79 163
44 90
70 172
48 60
73 52
44 169
85 175
67 82
62 86
40 21
77 78
90 110
27 183
94 131
65 78
13 135
17 56
88 58
90 171
80 97
100 11
93 86
80 86
24 181
50 50
50 12
34 28
36 167
62 136
24 141
33 134
23 44
28 112
71 50
89 44
69 117
81 23
89 43
38 195
55 84
19 36
94 175
52 42
49 76
29 59
83 24
44 126
46 16
23 163
33 154
74 37
53 64
17 107
31 184
97 132
76 158
88 19
13 11
14 94
96 62
31 128
39 148
55 125
82 125
45 53
33 149
60 161
43 187
34 121
28 12
94 81
54 31
79 136
20 153
62 144
16 185
64 102
65 159
74 129
40 147
68 174
98 96
56 120
11 45
95 96
65 105
40 29
32 100
28 193
92 29
64 100
79 29
60 158
90 40
43 83
59 102
46 116
28 12
87 114
72 111
65 107
32 188
98 176
13 125
12 173
58 104
19 170
11 64
34 123
19 56
20 114
68 74
78 159
47 78
31 136
62 94
62 15
44 12
55 12
75 172
95 71
78 69
77 42
37 10
32 60
67 194
14 26
51 184
36 157
99 69
78 83
60 169
99 77
89 114
40 119
64 76
13 172
38 41
36 79
80 180
65 110
17 92
34 63
13 123
64 193
34 167
79 156
33 177
77 149
47 124
39 165
94 69
22 124
75 184
13 154
23 143
53 180
90 11
43 166
54 95
21 127
54 34
24 40
30 148
52 112
60 47
30 82
76 77
92 28
44 41
57 45
63 79
41 52
94 79
99 47
50 188
78 69
100 89
34 65
45 101
49 142
57 108
65 65
