1000 500 10 200 10 100
32 79
30 153
40 56
97 102
96 24
71 162
38 186
94 37
62 150
79 49
39 99
67 113
65 18
45 118
38 147
48 171
69 185
84 199
12 104
49 11
90 171
67 91
49 107
53 183
62 102
56 171
11 68
75 174
22 132
33 103
49 80
26 116
57 41
69 116
97 35
19 75
82 124
30 173
16 95
11 98
58 29
21 31
87 164
79 198
59 108
11 17
91 17
14 41
81 36
59 196
99 87
42 100
60 25
26 53
89 71
88 163
93 75
59 21
12 31
78 168
56 174
22 107
60 97
83 51
16 130
33 27
25 106
47 38
81 180
96 97
99 88
32 152
62 64
69 13
35 24
79 36
42 146
27 192
33 116
85 178
58 101
98 73
89 112
11 162
25 26
56 153
97 107
67 78
22 111
76 89
89 53
81 158
24 93
75 75
24 12
40 65
46 70
61 122
90 72
57 107
22 131
81 35
81 198
30 63
89 198
56 100
29 79
23 82
51 49
80 182
63 44
53 167
28 17
87 97
29 183
75 180
100 97
13 15
18 153
89 68
99 31
54 43
87 58
60 84
18 106
55 161
30 124
87 65
28 58
18 33
69 190
79 187
54 61
64 24
32 103
38 175
12 62
11 68
49 145
80 29
18 30
98 12
49 150
39 97
19 63
14 81
83 145
26 151
82 102
14 31
49 69
52 162
24 35
95 74
14 185
36 63
62 116
13 170
71 167
68 84
79 30
38 94
72 43
50 14
35 31
74 173
87 52
79 32
69 177
80 90
10 11
12 187
55 74
26 195
11 88
22 82
73 55
58 95
95 32
14 89
15 146
20 134
57 18
18 131
79 97
68 167
73 199
94 59
93 152
97 125
21 145
53 139
21 184
45 122
62 167
15 60
80 85
38 166
31 15
68 121
50 130
41 44
22 61
93 43
61 137
24 64
60 176
73 115
31 92
95 188
19 81
66 13
42 52
42 92
56 66
25 172
89 111
71 157
97 121
32 18
15 192
46 173
68 109
17 148
42 157
35 70
64 194
57 15
11 42
21 138
51 122
70 127
45 159
58 16
20 117
53 170
80 109
62 96
78 72
90 51
33 22
78 79
85 196
46 96
39 25
60 192
47 176
73 161
76 23
77 34
27 13
29 59
35 158
61 163
49 33
38 71
44 136
21 95
56 67
68 34
31 35
28 20
100 157
12 179
38 181
24 144
25 29
31 139
23 182
15 50
11 126
50 94
12 94
64 36
35 182
97 56
65 98
77 39
69 80
92 46
39 43
31 88
12 25
95 104
51 162
58 55
97 77
51 183
23 140
75 157
52 112
58 149
12 90
33 98
84 18
84 85
47 157
67 169
73 33
83 192
77 16
29 115
38 198
53 89
37 127
53 79
51 69
11 83
51 49
77 152
65 149
10 142
81 43
15 99
44 173
30 94
27 171
11 106
72 96
60 126
34 73
57 95
66 65
45 124
45 14
96 174
89 146
12 79
26 47
76 88
58 102
34 42
99 170
84 61
96 167
49 122
100 46
21 15
54 50
90 28
47 26
53 28
97 129
21 184
79 131
36 29
100 42
64 117
66 21
86 111
45 20
98 60
84 104
26 171
81 185
81 19
70 11
16 37
95 169
42 163
30 81
62 144
99 43
82 158
26 73
78 53
17 134
59 152
100 181
46 194
61 132
24 40
66 84
87 108
10 77
86 164
13 73
13 104
25 11
28 172
31 186
56 170
88 162
47 169
60 65
84 150
25 19
40 142
81 46
94 158
26 153
28 104
79 71
48 144
33 124
52 159
79 152
100 50
29 71
34 76
82 24
52 134
69 195
40 139
80 159
84 187
11 82
41 150
49 131
91 37
62 30
80 154
57 136
77 107
79 34
72 166
18 42
74 116
77 188
79 111
91 15
68 101
80 31
89 51
95 156
17 29
74 65
49 170
83 20
24 41
80 94
37 126
63 118
81 197
68 129
11 95
38 49
12 20
31 58
54 44
86 131
34 10
11 58
98 29
15 91
98 124
60 79
90 122
89 103
15 114
30 70
67 178
39 15
29 22
40 71
92 132
88 132
92 52
15 125
89 91
63 144
22 11
36 76
90 200
73 107
87 43
28 133
67 119
39 30
88 67
76 32
47 127
58 143
31 200
44 62
91 116
75 117
37 18
68 84
42 26
37 142
49 192
35 92
84 56
19 85
86 46
50 123
65 127
79 154
41 167
22 15
36 33
88 43
51 148
42 93
49 142
66 45
42 143
57 86
18 60
49 145
14 134
43 81
14 168
17 176
88 83
30 82
33 147
77 14
25 76
20 80
95 166
15 15
30 63
68 141
82 97
48 53
60 188
71 81
93 23
25 132
24 81
57 46
15 164
20 135
21 160
11 91
23 164
59 55
86 200
88 174
88 94
69 117
17 184
27 79
33 65
60 114
41 58
84 177
56 44
84 73
96 159
36 141
18 71
15 161
29 194
77 179
82 172
33 180
91 104
69 173
45 81
24 140
88 102
39 163
19 92
26 152
24 32
22 185
55 78
80 176
37 122
97 171
72 71
78 69
32 30
40 191
27 183
60 95
15 89
64 43
27 104
82 42
86 77
28 63
38 36
30 59
71 14
54 62
62 192
59 85
30 27
68 178
59 26
31 107
32 142
96 97
27 124
44 15
35 21
60 179
23 118
99 17
23 79
43 42
36 34
76 147
97 35
73 73
77 18
37 190
41 109
48 16
63 80
78 67
98 123
68 151
35 96
74 176
71 48
40 79
62 168
15 136
66 162
31 87
34 169
41 119
43 174
76 122
41 12
10 157
99 47
65 156
87 86
88 141
45 182
16 187
51 57
73 185
15 142
49 178
14 137
57 200
39 64
97 198
94 144
61 13
82 82
41 157
17 134
25 81
100 151
66 108
60 32
57 15
85 154
95 96
56 122
90 44
92 82
18 86
100 16
93 50
11 70
50 45
14 138
78 130
13 27
54 108
35 120
29 35
77 140
62 175
45 60
71 82
90 71
74 170
66 47
34 177
15 59
93 122
55 172
24 120
66 123
39 59
49 175
64 149
88 50
47 20
66 176
22 32
14 71
98 136
32 54
53 36
58 168
48 112
68 65
79 149
46 93
78 41
82 104
100 25
56 146
18 66
18 139
84 158
34 123
99 130
66 48
84 69
50 148
97 166
100 46
95 33
99 112
84 40
13 87
12 172
84 81
88 144
95 137
30 41
15 37
38 25
32 140
64 103
60 99
43 134
89 195
95 108
100 43
67 134
25 184
26 143
43 176
70 117
38 31
56 14
34 132
30 169
21 169
82 192
98 174
30 47
14 104
37 74
56 105
71 78
26 168
49 186
16 142
49 120
24 94
40 43
95 187
21 130
98 117
77 45
33 90
44 58
75 48
58 164
28 164
18 52
31 119
19 140
83 174
35 66
16 196
25 127
42 145
16 160
45 21
88 164
43 120
21 151
19 156
92 123
14 191
88 117
73 24
81 34
71 106
69 54
88 33
41 128
73 71
59 73
47 125
38 27
85 70
51 192
35 105
84 179
58 101
29 69
84 142
39 124
68 195
85 14
44 161
39 62
42 40
77 147
51 174
77 20
17 155
45 80
23 160
35 188
15 166
18 187
16 161
96 20
62 100
47 26
21 147
66 125
80 47
87 176
10 57
72 97
43 41
13 104
88 69
44 95
46 181
81 154
53 13
43 118
19 10
28 28
72 78
38 167
80 58
35 147
40 172
51 151
13 53
83 47
83 158
84 160
85 36
33 101
58 121
60 199
63 17
14 89
24 13
94 190
19 41
38 200
25 22
76 58
87 26
37 22
54 72
50 155
92 128
83 171
19 107
33 181
73 17
24 21
33 159
45 115
89 181
99 45
14 108
50 125
48 54
76 141
13 130
83 35
15 163
61 140
98 187
50 196
38 33
21 79
88 40
19 193
82 142
44 57
98 186
94 185
77 108
90 146
11 41
92 129
92 21
84 63
53 31
76 45
68 87
95 35
96 142
32 150
38 120
43 144
66 191
88 158
58 74
38 170
13 118
28 121
90 200
46 149
16 75
77 97
62 141
83 91
92 184
14 177
87 81
73 52
36 91
10 181
91 147
97 82
39 91
51 37
98 19
23 155
26 34
94 80
61 185
15 91
44 45
89 115
57 31
36 177
21 10
31 89
46 151
59 54
22 197
93 166
13 100
76 111
96 161
61 133
100 165
24 157
39 102
27 116
27 50
87 57
98 93
57 18
14 140
17 98
31 178
90 163
31 196
17 23
52 98
52 123
51 181
47 106
87 163
46 49
72 147
59 74
56 75
65 96
37 179
78 184
51 90
100 54
86 62
15 41
92 56
41 56
40 77
93 153
97 16
30 86
24 131
90 37
47 76
84 53
79 150
48 31
82 194
54 115
18 199
21 49
70 165
59 147
84 91
80 94
42 112
47 73
95 164
26 81
43 44
31 106
24 172
94 44
16 69
42 64
23 138
41 156
59 64
46 135
94 23
76 65
78 41
