1000 500 10 200 10 100
50 48
82 85
84 70
98 28
47 189
92 174
33 86
90 183
32 121
76 196
56 94
86 182
25 160
53 70
22 154
47 70
39 122
46 113
100 174
42 62
65 188
52 119
28 178
47 83
85 14
74 12
97 98
98 44
94 16
78 118
68 176
48 173
60 166
19 123
26 37
22 123
92 32
32 110
22 155
39 142
44 105
54 78
24 193
14 72
56 38
95 180
23 10
19 144
26 37
86 127
51 41
77 102
78 124
69 107
31 16
13 59
64 58
22 126
62 83
66 49
25 189
84 158
93 193
65 177
39 159
13 129
64 186
38 97
80 53
48 200
58 85
83 184
24 52
69 174
76 119
10 80
48 84
83 140
41 151
11 141
13 62
12 143
86 111
24 190
91 54
82 35
29 114
76 62
23 140
37 124
86 91
42 199
21 75
64 85
61 75
75 169
34 106
84 39
71 162
91 14
23 62
25 156
53 92
40 143
51 86
17 123
94 104
24 176
27 81
74 15
60 120
96 139
42 106
19 76
95 18
43 94
89 153
13 57
65 101
61 131
63 100
60 188
34 187
42 162
68 67
84 56
71 163
65 23
38 175
32 126
91 12
94 97
77 81
74 43
94 178
65 172
72 39
83 92
51 166
48 126
84 63
90 30
26 10
20 106
83 145
77 11
62 84
15 146
30 85
33 172
29 166
49 195
65 145
50 86
100 173
78 154
35 27
91 73
75 39
60 46
60 65
47 142
23 179
13 139
84 89
36 182
41 74
19 114
23 84
28 141
64 192
22 105
79 90
58 58
67 181
27 92
60 176
92 28
15 155
32 40
47 88
71 131
50 19
37 14
57 34
39 163
67 60
26 78
17 56
52 80
98 64
17 116
87 39
84 16
19 135
61 49
81 101
34 18
66 14
47 26
32 179
49 98
81 67
50 169
93 136
79 184
25 32
11 51
10 98
20 66
17 137
66 67
94 97
18 161
67 109
88 152
85 177
94 115
55 59
16 168
89 166
55 50
88 115
86 114
57 183
98 57
30 119
53 147
69 32
89 128
70 105
40 39
29 164
35 158
84 93
38 73
44 120
93 89
55 47
73 82
36 16
30 161
87 87
87 130
87 36
44 62
68 149
80 56
61 79
24 169
64 151
70 42
15 166
45 162
56 158
79 54
42 37
92 88
34 133
91 45
17 109
47 156
26 31
25 13
86 36
75 85
98 56
100 114
76 82
26 67
15 152
29 194
57 137
83 115
53 155
18 72
61 112
51 133
36 50
17 77
58 151
60 120
96 135
21 61
56 142
55 68
86 51
62 137
48 178
39 91
17 44
30 186
57 193
62 123
91 97
94 176
67 17
21 65
28 162
49 170
77 55
52 61
84 112
20 118
11 61
39 42
13 196
57 85
48 179
96 75
40 62
94 134
58 157
75 32
54 148
30 64
33 52
99 133
39 102
55 64
37 115
66 70
61 158
54 120
30 186
90 55
38 56
36 129
14 21
79 164
40 165
95 174
34 132
33 182
81 191
57 30
25 176
49 37
89 78
37 90
42 154
49 123
27 136
74 56
39 23
97 127
14 37
86 38
64 29
54 36
50 99
52 137
78 181
95 28
47 132
92 156
11 65
66 107
70 163
13 159
99 184
31 30
70 177
94 23
79 112
68 58
48 140
47 75
64 170
99 45
25 24
96 199
84 113
62 92
17 101
15 117
81 148
71 117
43 17
74 163
65 192
94 142
68 27
45 95
34 145
48 111
49 143
47 59
21 36
93 164
81 13
51 11
88 39
65 97
93 70
96 200
87 92
77 58
83 170
38 97
17 95
37 94
90 128
96 126
35 128
46 81
49 13
67 104
80 44
20 123
77 93
46 31
21 85
71 85
87 44
28 181
55 22
66 178
82 61
99 116
13 35
22 132
11 112
42 94
26 69
16 73
74 129
20 150
27 186
43 79
60 49
77 170
69 168
12 44
20 71
19 29
62 158
83 147
63 30
44 38
83 47
36 64
18 38
41 22
43 59
55 64
51 185
25 171
26 170
22 23
82 177
67 171
16 38
96 194
26 170
12 160
59 144
18 25
37 48
55 17
77 140
80 16
47 95
91 97
76 35
71 161
51 188
53 157
40 92
81 117
95 25
72 111
74 134
74 176
28 175
87 91
99 76
39 82
78 140
25 70
48 123
63 188
77 196
10 191
71 139
25 182
63 197
34 157
29 39
90 102
43 115
59 183
22 125
39 186
16 77
97 51
57 120
61 166
82 26
93 45
41 63
33 153
21 130
46 11
18 41
42 37
27 130
45 170
79 118
84 131
46 32
56 27
19 53
80 78
30 161
97 68
97 173
71 117
41 142
12 104
58 64
54 162
88 163
86 82
26 108
68 86
65 27
18 116
47 130
29 175
22 141
45 147
99 97
81 37
39 24
79 54
80 106
42 85
74 180
87 182
49 13
15 84
84 14
42 135
64 27
14 67
39 17
49 116
17 111
67 176
28 118
87 25
84 78
64 126
100 101
11 179
20 18
15 190
47 74
41 190
24 77
94 71
84 104
82 31
78 142
91 151
10 47
93 117
22 110
58 185
77 163
76 148
29 47
99 15
45 84
29 23
38 73
67 79
18 83
66 193
12 97
45 140
50 153
13 71
11 89
36 85
74 61
28 44
10 183
21 52
19 43
58 60
16 185
21 116
25 51
65 148
51 95
47 115
91 133
16 122
65 96
33 107
61 74
84 89
31 180
60 178
88 41
40 185
86 10
36 104
82 52
45 32
53 128
77 28
86 157
89 117
78 181
41 21
43 177
53 144
72 76
20 22
37 171
34 122
54 120
93 65
50 111
75 143
20 45
90 133
87 144
100 88
70 107
20 191
18 43
29 38
83 99
19 15
42 92
48 83
93 18
39 185
31 24
89 191
18 109
54 117
73 185
76 190
46 138
99 186
12 180
51 80
20 109
57 160
94 78
56 23
88 193
82 26
14 169
13 111
64 152
34 142
63 44
87 71
86 177
70 164
29 93
35 34
34 163
100 13
39 71
29 160
56 45
52 92
87 13
90 103
29 42
58 114
22 41
99 91
45 31
48 163
42 110
58 149
17 47
100 168
28 21
80 183
46 124
50 82
57 89
53 82
52 85
76 62
61 183
79 145
58 19
78 162
53 160
72 34
99 106
60 126
16 140
53 186
41 174
37 180
86 86
27 27
98 69
18 98
83 22
18 99
68 184
47 162
74 13
34 140
43 30
51 48
40 164
54 44
49 135
22 43
79 119
62 194
49 129
34 73
74 168
79 184
44 65
15 94
89 196
42 21
77 132
88 197
39 149
41 76
76 98
12 116
46 159
30 16
51 67
32 50
67 63
19 198
81 22
72 31
16 158
16 55
13 158
17 197
89 126
74 179
55 194
72 52
57 70
92 84
62 150
76 151
41 192
46 188
25 60
97 66
37 94
68 119
60 197
36 169
77 31
12 180
39 86
38 21
82 102
47 72
96 40
79 120
77 14
11 58
85 159
23 116
65 46
69 116
73 183
26 178
20 54
87 73
18 10
53 97
60 169
86 18
83 46
45 52
41 79
51 149
62 35
17 103
61 154
57 127
87 115
52 184
54 104
26 110
69 152
14 49
76 199
37 141
71 30
16 107
89 83
44 127
74 153
83 23
80 60
38 86
12 87
80 168
72 138
35 129
28 118
22 31
47 70
51 173
38 144
73 179
68 169
30 191
21 169
46 71
42 166
20 37
18 38
72 99
49 115
74 76
90 40
23 183
89 80
61 180
74 78
97 106
57 129
53 12
82 122
77 160
26 64
76 195
94 56
68 79
97 134
25 37
81 86
39 63
55 187
49 23
40 65
40 145
24 37
72 126
34 86
37 57
89 138
92 53
12 158
40 167
17 110
11 76
46 13
20 164
47 14
35 120
21 118
81 97
10 55
86 116
54 120
93 92
41 37
94 62
97 56
58 97
95 23
54 164
17 135
47 82
41 147
48 29
54 99
41 32
87 151
96 96
55 101
89 161
72 134
45 156
68 64
34 180
16 58
55 137
22 113
30 143
44 31
59 136
12 101
95 86
87 96
83 134
78 194
44 159
16 129
33 129
72 32
90 81
15 94
54 85
16 70
34 78
59 33
91 56
89 162
51 19
39 148
33 87
58 58
36 91
99 194
56 182
33 140
65 117
60 115
55 52
10 63
70 88
24 145
74 54
100 88
95 175
65 27
24 189
10 119
94 96
63 111
50 127
11 175
77 117
40 79
27 85
64 100
16 40
48 119
98 163
75 159
92 54
36 43
68 72
19 156
53 86
27 80
20 150
23 90
80 177
17 47
10 113
47 46
12 194
13 48
48 196
55 116
70 194
99 148
35 122
15 46
42 181
50 32
51 13
38 17
33 93
44 62
33 13
94 139
83 120
51 175
91 27
77 30
95 60
51 99
99 92
23 192
96 116
45 23
79 148
30 120
88 119
90 58
62 114
62 162
97 18
81 183
63 48
10 90
48 192
93 115
23 157
