1000 500 10 200 10 100
65 36
36 62
76 41
75 78
42 11
78 61
24 179
97 87
62 86
36 105
33 42
12 145
97 126
67 74
17 22
83 37
58 94
63 150
71 195
68 34
11 132
38 74
54 53
39 175
62 150
71 76
68 27
85 89
89 166
73 158
53 144
68 26
27 118
88 198
74 37
54 152
55 107
17 113
33 188
84 123
64 180
49 163
82 52
48 183
55 47
29 39
83 169
62 63
33 87
14 64
22 103
89 118
93 74
82 194
96 130
80 41
36 171
98 149
15 110
95 96
74 116
20 173
26 23
73 14
39 129
62 37
88 117
34 53
10 187
22 63
87 27
72 69
74 132
47 32
69 162
92 10
17 64
14 173
54 73
89 190
70 88
50 23
55 14
91 175
42 168
30 174
57 144
59 195
25 72
62 128
54 178
96 144
72 167
11 152
94 137
25 31
94 11
74 19
93 166
73 51
83 43
70 162
86 78
23 95
41 25
64 17
45 186
62 77
21 90
48 13
16 182
85 41
82 113
28 21
38 79
61 55
84 76
12 133
66 184
49 106
17 84
98 44
61 87
75 43
39 152
94 183
39 93
25 116
89 109
47 119
87 10
90 133
82 24
56 42
88 127
98 50
61 73
63 70
72 17
11 138
13 183
63 91
36 179
15 116
74 146
58 108
12 19
47 44
56 140
86 53
15 58
92 88
41 189
95 115
45 94
67 176
54 16
43 165
23 108
57 115
53 126
63 43
15 97
94 12
57 19
21 136
24 182
27 54
75 15
21 188
71 54
58 188
23 73
57 67
93 53
39 90
72 60
54 148
93 44
55 26
42 26
10 133
32 19
66 189
56 157
70 157
18 183
95 106
71 140
21 70
19 179
25 196
96 94
75 198
87 114
36 195
11 19
38 149
71 148
47 86
71 135
97 149
87 31
63 16
97 39
37 188
41 69
66 68
38 170
24 125
76 124
96 35
57 90
28 174
81 134
97 153
72 136
46 51
11 146
69 140
90 167
29 14
65 132
20 31
79 150
33 29
91 87
48 28
70 50
27 25
85 116
18 108
34 70
67 199
16 27
32 34
12 65
80 62
89 144
77 154
40 51
92 179
99 49
31 139
22 63
35 107
80 123
15 21
87 153
92 63
24 148
53 175
81 137
47 64
39 153
16 187
93 181
16 167
90 37
76 131
94 81
61 59
97 63
39 29
55 124
94 28
97 182
12 139
85 72
62 43
42 32
100 62
65 59
42 76
97 146
73 189
35 77
25 42
70 152
69 179
37 178
64 180
24 42
63 122
31 110
39 163
83 49
13 180
97 65
73 197
71 96
83 70
86 53
81 137
15 198
87 113
27 156
83 156
69 200
94 136
24 97
69 86
23 156
24 34
72 154
12 64
86 36
54 34
10 48
43 118
37 97
65 42
87 135
49 84
47 109
62 65
27 151
74 154
57 49
13 161
38 51
77 64
17 161
11 168
18 92
40 66
44 128
54 53
59 130
40 17
52 158
73 77
22 57
63 36
15 51
13 134
34 32
74 181
64 120
66 36
35 55
71 12
17 12
91 78
88 26
79 13
75 193
61 104
68 101
73 11
96 160
70 56
19 189
79 19
71 197
62 153
40 149
28 68
64 55
29 104
18 66
43 67
66 200
34 163
34 135
23 85
73 143
66 121
79 180
72 60
79 187
61 49
19 181
72 130
68 110
40 96
15 175
60 67
83 137
20 95
80 37
53 200
69 123
52 101
16 93
49 77
10 177
56 58
43 68
45 13
34 32
77 177
10 96
63 170
73 106
16 138
60 78
22 104
30 101
66 114
94 21
74 85
15 141
66 166
26 132
11 19
92 112
80 151
68 50
92 52
70 28
10 102
73 160
48 130
93 43
46 66
73 67
97 64
56 95
42 72
80 42
22 170
75 89
43 164
52 106
91 120
48 38
40 63
66 38
66 70
100 47
60 160
75 88
29 124
72 88
55 20
57 90
38 108
77 166
82 142
21 120
93 16
25 72
69 157
27 73
92 184
90 164
68 35
61 10
47 67
10 158
90 74
77 123
60 37
15 64
88 193
29 30
39 143
28 111
24 36
86 138
42 105
73 197
93 187
50 101
72 129
49 187
25 117
96 186
85 18
69 136
43 44
68 30
85 92
33 75
48 148
30 150
64 148
44 194
43 165
13 30
88 165
83 107
30 137
94 48
58 153
93 189
66 173
26 163
99 183
11 27
37 106
81 194
41 157
11 199
61 104
58 57
56 79
68 162
34 67
97 195
40 26
73 196
11 23
100 98
54 60
63 148
86 103
35 30
74 150
70 23
40 91
37 156
21 45
78 187
73 161
27 111
25 186
63 188
95 107
43 47
26 21
46 157
56 148
99 17
98 27
17 185
50 113
40 111
19 100
97 50
45 122
11 37
30 101
40 127
43 122
80 200
31 149
78 91
87 155
23 59
99 142
91 124
82 26
62 24
92 167
35 167
36 60
86 186
54 61
34 171
51 76
100 150
83 170
66 177
70 173
32 118
63 90
32 12
43 111
34 44
97 103
23 177
49 47
41 148
41 96
97 115
33 132
72 52
53 138
92 46
70 98
98 46
36 62
83 106
30 87
20 61
82 162
65 177
87 43
41 119
79 63
63 134
50 109
33 129
25 27
68 147
38 186
33 115
65 53
50 31
75 195
28 154
11 175
94 155
42 75
68 136
25 118
38 179
18 68
74 63
76 116
34 43
23 14
48 160
79 13
79 31
65 128
26 154
43 126
16 110
98 25
12 185
22 150
57 150
55 91
71 136
24 34
51 120
69 139
31 152
94 104
17 140
60 170
41 147
59 45
85 130
75 158
48 38
80 98
34 158
24 34
73 177
52 84
83 130
66 188
75 177
68 77
33 136
85 30
74 154
65 172
16 161
98 41
43 80
49 188
28 109
24 143
18 91
68 24
94 61
22 137
99 94
66 165
60 71
12 145
46 94
44 143
22 89
97 64
89 125
75 19
78 85
61 174
72 22
95 53
68 191
86 122
12 14
13 147
91 92
12 134
89 50
42 52
95 94
19 111
53 171
52 86
36 115
70 87
47 69
25 21
87 131
87 177
14 40
68 32
22 35
48 99
69 54
12 27
88 69
99 168
59 113
23 129
70 147
100 167
27 158
38 87
42 133
19 45
32 199
21 107
100 44
99 143
55 159
85 47
39 131
89 79
14 124
53 83
12 56
98 98
85 48
87 114
68 81
80 178
36 37
50 125
67 124
58 172
66 49
71 143
96 67
63 35
25 62
91 95
21 169
63 156
40 10
39 31
100 39
13 195
26 148
78 128
56 30
59 187
85 129
87 82
42 185
43 21
54 36
91 190
37 111
24 55
57 36
82 58
79 140
98 144
93 184
78 171
64 182
76 94
19 130
28 140
10 117
99 196
10 79
37 182
96 173
95 156
21 124
61 108
25 57
84 163
88 134
18 66
51 111
53 68
46 138
11 190
48 171
17 20
14 191
75 50
49 50
69 184
63 32
12 49
96 154
48 131
64 156
87 45
93 137
28 163
26 123
92 163
99 136
65 155
60 18
30 111
26 45
75 43
72 197
73 136
25 127
12 80
83 75
48 14
99 39
30 119
66 141
42 68
36 98
30 46
91 61
10 176
56 84
48 175
68 157
48 73
84 189
26 200
19 79
57 86
100 24
87 82
14 120
83 74
79 175
43 158
70 100
38 144
35 187
59 97
49 50
40 48
27 146
68 135
90 95
98 145
55 58
17 129
29 179
17 52
18 147
30 178
47 155
19 64
88 61
29 84
28 155
76 151
68 182
35 159
21 117
99 51
33 142
43 177
58 186
12 94
53 28
61 22
81 36
80 136
93 50
57 178
20 175
73 161
29 34
34 99
46 44
60 149
92 132
37 139
96 166
32 93
25 138
56 10
17 194
26 72
87 189
73 104
22 20
37 163
59 196
89 28
100 192
81 81
95 92
94 106
65 64
92 85
62 137
39 199
35 42
31 39
99 153
71 15
93 41
69 50
21 51
64 110
22 35
65 199
69 192
59 18
91 136
13 113
51 169
75 47
13 25
14 75
53 31
77 175
36 92
14 110
19 105
22 187
65 192
91 112
52 133
57 103
16 36
10 153
72 139
51 49
71 110
41 143
84 38
76 14
32 176
21 52
10 168
25 75
26 67
53 185
72 119
26 101
40 93
52 162
55 87
40 197
11 159
56 139
58 100
58 107
65 101
38 20
18 31
84 49
76 84
73 143
53 133
79 160
70 110
47 91
77 187
57 196
65 93
79 133
33 121
57 102
59 32
70 123
92 19
73 176
43 61
68 129
88 175
85 53
84 74
89 114
62 66
91 197
47 109
94 153
59 180
75 84
51 10
93 78
50 34
27 146
63 15
48 90
48 175
61 107
17 90
44 121
47 164
49 116
56 67
71 113
62 157
77 71
96 59
63 188
50 57
99 180
81 28
16 86
69 24
12 63
33 26
98 93
33 113
71 74
96 111
48 38
93 17
24 45
