1000 500 10 200 10 100
31 183
11 105
84 107
77 132
18 188
69 116
80 168
49 58
70 73
11 132
99 136
39 16
93 183
89 194
41 74
98 134
62 60
59 53
56 200
74 197
31 106
61 27
65 150
26 164
96 54
61 19
55 42
78 126
80 175
67 114
11 64
36 138
26 119
99 71
74 32
15 150
67 192
58 23
29 41
72 198
56 95
88 86
76 53
10 16
84 122
65 132
85 179
10 112
94 94
52 59
87 83
62 88
77 165
37 59
47 122
90 124
85 84
56 177
95 34
68 189
78 124
79 165
40 10
43 43
41 70
91 54
42 113
88 40
78 77
31 117
77 158
71 27
51 84
20 181
37 199
40 97
27 132
83 68
52 128
44 70
64 36
27 176
93 68
31 38
84 116
11 124
27 28
75 127
16 178
67 54
80 119
64 142
70 194
16 25
79 144
57 175
91 22
54 131
97 177
70 37
45 147
93 156
60 135
29 111
69 32
62 110
84 119
98 34
25 94
27 76
17 148
52 28
65 22
98 61
88 151
94 82
91 60
84 106
16 154
70 119
53 15
76 183
10 91
96 57
40 78
89 33
12 18
61 197
90 22
45 41
41 158
63 82
42 185
36 24
66 15
40 179
44 173
61 157
96 190
77 37
85 172
89 105
59 124
72 53
24 193
42 120
62 19
40 181
20 191
96 197
79 150
11 39
57 158
74 198
72 21
40 14
70 129
98 15
85 75
84 31
38 178
70 18
36 177
84 34
83 36
76 185
84 27
91 142
94 31
46 144
68 16
75 69
58 100
73 30
40 167
94 55
34 14
59 175
27 95
59 169
92 50
24 163
66 20
15 87
31 64
77 96
28 22
80 49
23 72
35 121
98 133
39 195
99 72
44 139
46 189
79 122
45 104
12 163
23 200
76 168
22 113
33 167
94 39
87 59
18 97
41 175
93 158
91 200
20 182
16 199
99 88
84 52
57 25
60 119
19 97
68 121
77 162
42 147
57 115
58 136
39 19
35 74
58 101
23 39
30 32
23 73
31 191
24 114
62 164
11 73
62 131
57 83
22 93
26 104
71 91
52 52
62 162
31 132
18 10
40 134
81 42
74 154
30 135
42 82
25 134
16 171
28 195
70 190
69 139
27 128
22 168
38 163
62 107
100 182
57 76
25 151
62 156
92 153
41 37
27 32
47 44
50 69
13 90
60 137
75 165
10 69
62 55
77 82
14 115
46 102
85 22
52 111
68 22
45 124
85 131
71 32
12 160
50 47
10 141
40 89
39 82
25 80
85 169
67 145
85 37
14 86
82 133
33 82
70 93
10 184
84 163
39 53
62 120
17 37
42 108
92 30
94 86
79 172
25 73
30 172
11 175
87 183
61 109
85 73
40 104
38 36
73 84
79 55
62 13
50 97
86 20
82 134
65 38
74 186
58 43
97 23
99 58
59 158
18 105
42 171
45 99
42 109
53 120
42 20
60 58
62 56
77 46
78 177
19 130
74 188
62 141
98 46
70 29
72 189
16 46
44 166
37 178
59 129
87 72
85 42
36 68
46 10
60 113
60 21
82 183
17 48
57 32
56 155
23 100
22 18
84 102
35 70
85 70
54 188
92 172
35 96
92 153
46 177
10 117
38 119
82 40
41 43
49 85
73 125
30 152
99 110
94 129
41 166
71 11
66 165
77 27
42 55
61 169
90 56
90 63
60 196
62 165
63 168
58 47
43 23
73 69
63 86
65 158
61 29
42 49
50 176
17 89
56 57
39 74
46 177
63 111
89 42
68 32
96 137
94 157
20 102
70 117
49 34
30 52
76 77
80 82
87 169
77 96
71 61
41 184
87 131
84 31
36 181
43 15
29 156
60 89
57 200
29 58
70 113
59 121
64 12
40 77
24 28
100 61
38 166
18 151
34 128
15 80
42 68
45 47
39 69
72 94
40 165
44 135
94 63
24 101
30 114
24 79
23 130
83 34
53 186
82 13
46 169
17 64
35 181
56 94
63 70
12 151
72 141
18 124
39 176
38 80
39 183
57 43
82 122
19 51
47 86
83 63
41 151
77 124
96 40
47 193
67 186
14 125
49 50
19 142
62 107
92 127
16 36
60 44
58 49
77 77
77 175
94 191
11 48
36 77
19 144
18 191
76 34
31 100
51 198
19 90
96 97
20 14
66 188
53 72
55 169
34 173
41 91
92 89
13 121
39 51
17 47
16 37
76 169
78 157
85 159
46 92
14 96
82 191
79 180
100 132
17 45
18 112
67 111
44 121
99 168
100 108
74 24
15 97
60 84
84 25
86 112
24 131
76 47
22 104
83 196
41 164
61 152
92 10
67 87
14 128
62 126
33 103
36 14
93 167
37 44
83 142
95 133
12 166
55 15
78 187
90 117
44 63
21 69
31 165
24 27
42 66
56 162
65 105
57 150
30 75
86 119
61 173
63 101
67 20
41 29
99 129
70 22
89 48
31 89
22 70
62 117
75 93
36 108
52 88
13 125
85 84
74 182
86 106
24 38
98 179
50 157
94 15
55 111
54 93
54 78
38 163
36 123
22 107
96 87
63 99
89 161
13 66
99 73
15 46
96 99
31 149
25 143
72 67
59 51
63 88
98 147
72 126
57 117
49 112
11 39
67 26
65 49
70 176
77 43
39 12
41 57
33 31
38 150
79 87
36 82
90 132
87 58
57 110
100 101
49 181
24 87
17 186
93 101
96 37
15 172
94 89
47 35
55 40
38 42
62 18
82 104
88 155
29 18
28 139
57 119
46 106
89 139
66 144
84 52
13 186
11 55
88 64
78 28
23 120
82 10
33 187
97 90
11 78
72 49
98 73
12 170
15 199
49 60
36 160
49 157
74 159
36 63
53 147
19 128
36 153
21 16
35 76
33 125
32 37
19 26
40 166
25 91
66 116
88 150
13 86
85 63
94 174
55 79
41 187
29 177
73 170
42 123
47 122
87 55
78 32
15 71
34 78
70 174
65 137
99 80
47 73
100 58
19 71
94 178
72 168
33 41
15 158
41 26
48 44
37 50
77 154
49 76
43 129
17 37
83 16
29 79
51 84
77 137
36 97
64 25
45 90
59 23
69 53
55 161
34 122
48 165
95 178
28 119
23 125
88 162
94 74
79 54
89 10
58 94
78 117
39 197
24 199
62 89
94 71
70 150
14 94
83 102
22 189
89 167
90 156
84 88
47 12
27 21
70 134
13 123
12 57
22 92
83 150
26 118
97 63
57 69
21 194
26 39
94 171
21 117
99 191
28 20
74 148
33 27
36 149
98 166
31 102
18 73
10 71
97 128
37 70
24 115
46 147
34 67
26 16
38 108
57 190
76 20
72 141
26 39
89 21
90 85
87 74
94 200
48 152
100 104
96 136
77 97
35 28
50 43
63 171
28 52
51 81
39 140
92 135
19 123
86 186
70 103
22 190
75 39
15 73
36 175
15 16
59 124
30 46
44 81
40 142
93 19
55 30
93 56
58 139
97 122
81 19
69 28
28 161
53 162
34 33
50 53
99 28
86 86
24 146
65 114
44 125
88 144
60 93
52 143
61 11
50 22
67 123
34 41
69 109
88 107
73 129
86 183
53 140
52 55
54 70
20 38
82 104
40 173
94 183
48 85
46 191
49 25
23 149
13 19
12 50
37 32
81 110
99 160
10 95
90 191
75 165
95 161
77 21
50 121
32 69
78 199
92 114
87 39
52 70
86 131
97 198
46 101
89 180
64 22
11 87
96 51
33 52
48 154
41 179
33 78
92 70
85 163
43 112
51 58
78 61
19 104
67 132
69 10
15 98
61 197
93 47
100 48
63 115
43 187
15 88
75 174
84 153
98 165
47 172
28 57
92 23
16 126
99 189
30 99
97 182
20 84
53 177
86 152
75 136
64 27
47 23
40 183
13 171
64 95
93 182
29 19
35 137
96 161
100 82
36 56
59 166
65 104
74 95
71 76
68 14
44 87
79 106
89 59
28 60
33 62
87 108
58 57
40 27
98 14
31 88
14 175
88 55
98 39
19 145
79 14
19 189
46 41
67 26
34 35
40 56
59 129
79 171
55 42
22 36
64 109
93 162
93 179
37 173
57 191
22 135
78 109
65 151
36 60
64 52
70 42
33 185
37 96
89 180
73 166
50 40
24 141
58 170
39 52
61 149
48 81
38 102
20 27
55 120
78 19
60 175
29 104
29 78
48 136
17 184
90 85
64 188
17 58
74 157
23 120
86 176
23 179
94 171
70 142
34 117
74 96
48 45
84 72
66 33
92 183
97 143
48 73
85 104
89 130
54 65
100 157
25 62
17 152
46 197
74 178
41 87
17 195
57 108
99 79
76 108
13 182
34 140
12 192
96 188
84 117
55 182
42 128
95 51
42 131
43 163
64 174
15 195
15 184
79 78
93 76
57 136
97 25
100 146
53 154
89 171
60 29
18 177
66 39
95 48
61 87
29 90
64 71
12 50
68 198
36 152
14 115
18 187
27 197
62 11
28 109
23 63
100 145
