1000 500 10 200 10 100
60 138
21 109
57 77
37 161
37 93
90 180
22 169
70 112
80 22
58 144
88 18
63 44
71 35
79 123
46 118
34 168
24 117
10 35
48 105
38 162
55 30
18 162
100 143
51 40
33 67
60 56
42 26
29 106
48 110
24 131
60 52
43 94
64 18
100 166
33 171
94 122
18 89
62 34
42 191
50 200
81 59
92 145
76 180
42 138
34 135
61 151
75 179
76 159
53 198
57 99
65 72
70 13
51 138
99 195
50 113
64 197
11 71
98 58
45 36
16 195
12 97
70 160
40 33
32 83
73 63
75 42
28 36
82 98
83 94
31 113
44 108
17 11
19 94
38 84
60 88
77 103
28 45
20 72
99 193
95 132
21 139
79 24
68 31
25 172
93 47
36 156
48 37
35 179
64 38
65 41
25 153
57 136
94 17
55 99
99 165
43 99
73 16
66 112
72 68
43 166
43 11
54 94
66 100
55 150
97 147
24 89
13 180
17 130
91 43
69 18
66 92
25 146
22 63
31 127
78 153
65 69
33 34
18 14
14 47
90 97
72 200
38 126
37 21
51 188
25 117
69 96
74 146
72 97
27 133
87 163
56 149
69 61
40 197
49 142
39 63
62 70
41 35
55 63
89 62
48 134
69 89
47 189
54 105
82 76
64 143
29 135
36 82
16 109
27 95
64 133
46 122
73 33
68 200
98 14
76 171
77 73
14 11
40 84
49 181
83 156
97 10
40 59
52 120
15 172
54 51
78 153
47 140
29 131
84 106
25 65
78 116
57 125
69 32
94 90
24 193
75 193
40 170
98 118
13 52
13 93
35 58
63 77
47 65
77 192
24 176
42 58
10 27
90 52
92 25
40 96
75 190
81 75
35 151
12 69
80 115
48 107
12 41
40 194
99 193
32 79
25 62
30 81
33 145
47 141
56 99
48 21
99 159
89 90
59 113
25 146
60 144
60 12
81 70
65 72
22 12
18 74
32 112
69 134
49 111
87 38
10 144
79 131
15 147
49 55
22 12
56 99
45 86
88 122
58 118
21 52
57 168
61 175
59 82
87 126
52 194
18 36
61 24
68 61
72 21
30 64
88 96
18 182
44 75
28 140
66 130
79 125
22 97
54 21
75 50
85 195
13 135
69 193
98 200
85 154
60 149
52 55
44 183
87 37
36 152
50 85
97 170
67 23
20 121
43 78
51 183
65 26
38 115
35 88
77 61
94 168
78 93
91 65
75 94
69 146
98 103
93 161
90 51
29 151
33 51
11 145
98 135
99 185
53 191
23 198
97 148
19 72
68 54
11 128
56 62
97 26
96 115
64 49
12 195
48 162
99 83
26 92
14 110
30 80
10 183
41 163
12 108
87 182
67 26
29 111
75 26
83 77
68 127
17 132
28 149
59 10
57 21
22 62
52 181
36 43
93 30
66 114
87 96
82 102
57 26
83 12
26 153
54 18
10 39
17 65
33 32
45 32
57 170
58 177
17 37
67 134
30 58
21 29
75 177
23 56
57 169
15 79
60 172
74 43
36 48
42 11
63 176
56 126
14 129
88 117
68 133
75 56
77 132
58 147
42 19
89 145
30 95
79 120
32 123
57 67
86 94
34 53
83 113
37 37
100 115
62 40
69 16
55 73
38 175
66 90
37 34
77 14
27 70
92 197
24 120
23 187
91 166
28 117
43 75
22 154
70 88
100 71
80 93
53 54
74 166
96 116
79 181
75 152
97 65
98 76
68 55
74 53
75 159
47 112
100 104
13 34
50 93
23 120
37 51
91 86
91 120
28 71
74 133
81 185
22 14
44 37
15 180
54 92
62 41
50 161
12 103
47 161
20 102
35 184
43 65
11 194
28 83
73 142
75 99
79 47
85 30
83 175
47 167
86 137
80 82
78 177
43 104
88 182
92 60
16 161
18 56
39 156
53 63
98 178
18 45
85 99
16 111
100 87
57 151
32 119
75 155
73 28
41 75
77 97
53 187
20 83
17 56
13 183
51 170
95 104
94 197
15 114
10 109
70 28
54 57
47 126
18 75
89 81
33 189
71 108
10 70
90 17
84 63
31 68
19 194
10 59
21 199
66 163
37 175
86 179
44 161
62 33
96 71
91 18
14 117
20 55
59 119
22 114
18 96
84 26
76 155
84 145
16 38
62 104
55 110
78 35
32 199
94 140
80 28
62 162
25 64
52 133
88 113
70 189
24 39
40 154
54 102
94 181
80 196
57 156
55 10
77 20
63 104
21 134
71 120
43 79
62 146
23 191
66 48
62 101
53 15
87 106
68 143
57 81
88 14
73 65
91 82
36 34
73 47
12 121
36 75
46 175
30 192
91 91
59 166
29 152
43 36
99 144
49 177
11 129
76 73
86 185
77 103
74 143
75 189
46 140
21 75
52 96
58 102
43 140
47 159
72 82
86 182
98 176
79 61
24 139
36 110
75 113
75 177
51 186
23 153
14 50
50 39
28 127
52 134
68 20
78 192
32 122
99 151
50 132
81 23
49 170
28 37
18 169
61 193
59 191
27 100
62 15
73 19
64 82
95 43
66 57
60 27
88 29
70 88
16 23
56 87
20 67
31 108
83 140
59 32
72 67
58 13
96 73
30 70
98 199
98 59
13 172
68 68
32 66
45 17
96 68
46 83
44 29
14 25
28 103
22 132
92 13
40 97
17 191
63 43
92 82
85 89
70 182
11 66
44 93
84 139
54 179
61 142
67 24
69 179
82 48
39 142
30 89
23 139
46 17
96 112
35 65
48 155
49 138
51 105
49 127
38 46
71 77
99 125
72 157
77 73
27 56
80 67
91 86
75 58
32 190
26 196
29 195
16 134
67 14
14 196
98 116
25 58
49 41
23 117
60 97
26 35
58 37
24 122
53 131
75 29
38 173
86 18
18 39
79 120
65 194
97 187
97 169
48 136
52 60
72 18
50 54
42 133
84 147
99 38
24 67
65 19
27 137
26 28
59 183
26 31
58 75
93 128
88 95
15 42
91 106
96 135
65 105
54 96
10 134
92 163
79 194
30 53
22 43
47 119
57 31
11 22
39 170
22 130
34 25
19 53
95 34
72 136
59 67
78 24
31 169
36 36
41 193
22 114
72 162
41 51
76 185
34 80
35 47
85 61
27 162
91 27
62 82
88 160
94 198
86 174
87 173
42 149
48 100
88 21
30 129
38 67
23 160
64 88
25 136
61 103
42 43
17 150
29 96
30 98
23 82
54 58
43 115
44 40
94 103
91 88
66 126
73 135
44 103
44 126
38 175
17 171
62 183
80 167
74 50
56 183
31 191
13 20
86 81
45 132
49 114
19 196
17 199
10 159
72 188
26 152
92 147
87 191
11 85
87 51
83 86
42 91
43 86
32 25
100 163
24 152
56 10
71 129
68 122
67 121
69 15
94 92
32 38
30 124
100 105
79 82
49 20
13 101
19 85
27 96
92 85
74 115
27 38
63 105
32 164
78 80
82 89
67 186
14 110
55 74
57 96
12 16
98 131
95 23
94 46
78 76
15 191
49 28
12 89
70 191
11 139
78 65
35 76
51 179
85 172
60 11
45 42
91 186
85 159
11 23
96 152
80 160
48 113
49 183
85 100
38 65
73 64
32 100
13 183
54 149
85 165
29 43
46 11
25 13
57 94
24 199
23 127
69 31
23 135
64 52
43 198
100 107
61 49
84 35
21 119
15 29
58 168
43 102
61 125
40 150
92 144
77 76
49 105
28 144
70 122
39 130
91 115
89 23
23 77
69 29
63 66
48 113
99 123
31 23
92 154
31 78
70 133
14 10
60 62
50 111
32 152
49 136
70 110
27 64
63 63
35 17
59 144
16 186
53 147
34 148
16 183
44 18
69 159
10 165
35 175
66 37
82 171
32 182
59 177
51 101
88 164
53 170
48 28
58 17
14 175
52 86
53 170
49 94
51 124
57 182
52 167
49 23
81 46
91 39
37 85
13 52
71 60
62 167
32 20
26 64
71 128
100 164
34 55
51 68
50 150
14 89
74 123
41 97
78 141
46 172
27 100
30 85
59 78
60 49
71 47
34 95
61 86
17 106
35 128
23 143
19 79
84 38
70 168
91 173
100 73
16 168
39 10
68 134
34 138
86 179
20 119
89 185
96 144
73 191
70 98
76 183
12 199
26 182
36 158
37 139
97 120
32 36
69 171
77 20
34 176
13 105
88 106
32 154
13 192
30 155
44 98
15 78
17 170
36 127
55 57
50 169
96 162
40 130
25 176
36 62
32 174
46 88
84 46
20 141
81 175
22 138
90 53
41 12
12 131
57 161
83 16
62 166
69 167
21 122
62 58
86 136
76 175
21 122
16 76
99 91
24 191
28 157
93 78
64 78
80 109
69 199
71 33
57 106
38 82
76 154
15 45
92 173
45 125
57 73
87 191
92 63
83 25
68 46
86 190
50 137
58 188
80 36
55 99
74 32
58 193
36 144
63 88
60 112
46 54
67 194
79 172
33 46
85 88
90 125
38 41
