1000 500 10 200 10 100
94 115
34 39
15 66
27 83
16 44
62 200
25 192
56 185
98 78
74 191
94 105
79 106
13 44
96 126
37 18
60 109
92 89
45 48
12 113
35 63
91 174
75 85
75 64
23 132
22 168
38 151
66 166
54 73
28 21
58 17
36 75
38 186
55 75
78 98
89 189
83 169
54 34
48 150
77 156
17 43
10 24
57 38
14 83
89 11
66 133
40 157
17 146
73 173
58 20
72 42
16 65
25 161
10 97
96 191
40 12
82 166
65 82
22 50
56 117
55 93
10 82
30 69
70 57
32 60
60 147
26 66
11 115
43 113
74 171
96 55
94 170
60 43
33 58
81 50
37 146
17 59
90 25
99 67
10 194
93 152
78 53
43 142
13 78
99 183
67 170
44 42
88 91
35 34
30 148
16 149
57 50
47 133
68 159
59 172
83 151
82 92
23 153
56 174
16 122
58 68
11 14
13 73
12 188
26 79
97 14
79 73
99 68
52 132
24 39
89 191
15 48
74 26
65 150
99 21
37 190
24 174
65 24
97 134
18 178
53 181
44 73
20 58
10 93
26 22
26 105
38 145
91 130
12 134
85 26
43 163
74 91
29 32
37 195
76 150
38 11
12 177
12 196
31 70
91 36
45 31
14 85
54 95
92 193
67 106
75 40
13 24
19 47
94 69
10 45
81 36
50 161
27 132
58 80
72 66
12 74
18 58
97 97
28 198
73 185
26 120
48 14
48 157
68 24
94 105
26 33
23 118
74 199
35 185
95 85
88 175
30 172
30 163
75 189
67 192
33 106
47 40
28 89
46 196
97 33
70 196
30 97
96 84
76 197
43 164
81 131
84 51
79 15
80 183
52 17
54 19
82 107
26 67
94 57
11 132
55 196
29 148
17 62
86 178
99 134
70 129
11 123
79 179
20 27
51 143
57 157
17 159
12 44
54 93
49 99
66 183
43 165
31 199
63 197
86 97
52 161
94 16
26 39
51 55
84 145
15 124
66 184
86 200
99 142
81 131
11 151
94 169
48 65
84 176
49 187
25 13
42 109
98 74
45 194
47 59
56 128
76 83
27 77
44 151
18 40
26 70
41 184
54 140
52 50
79 122
23 177
44 196
67 134
66 67
43 200
83 109
18 111
65 60
37 108
69 17
93 103
17 162
21 150
11 147
15 15
16 26
38 15
91 111
83 146
59 110
59 105
31 93
70 22
57 183
10 187
58 101
63 111
26 188
43 176
91 50
62 24
84 16
11 143
10 13
83 84
62 54
70 144
63 16
32 124
90 119
51 32
80 21
30 115
95 14
40 154
28 93
100 154
98 20
92 15
47 27
36 126
69 111
99 52
36 46
20 128
71 97
80 17
82 104
62 128
80 34
78 175
47 72
25 37
40 90
59 117
97 187
93 191
45 146
13 36
38 51
12 181
92 125
28 68
99 154
49 149
36 67
38 139
20 94
71 32
76 52
81 103
32 194
92 149
43 169
54 142
35 173
87 169
55 132
53 138
49 44
85 107
35 52
10 74
83 34
48 154
72 57
48 149
17 183
23 32
13 116
39 13
76 108
19 197
47 52
38 180
71 63
23 30
52 123
94 107
12 34
64 66
23 128
30 165
94 124
88 126
63 172
89 117
96 144
22 174
77 69
82 115
26 62
96 93
35 73
19 165
83 49
64 190
37 35
43 120
80 184
81 10
10 186
51 78
47 53
91 159
30 49
77 100
84 31
30 97
40 173
100 13
66 103
72 32
47 169
40 122
34 200
39 129
97 61
83 159
96 115
36 82
62 181
78 98
54 177
17 118
92 89
96 184
32 135
67 132
34 192
12 99
71 188
46 30
74 90
26 18
73 117
11 192
71 83
87 143
40 95
98 31
63 193
96 178
23 63
17 74
22 197
23 68
67 34
67 75
95 88
79 131
89 16
55 136
22 33
37 184
88 173
74 92
45 84
51 137
84 190
22 35
84 17
97 22
85 193
60 189
100 14
100 141
72 63
65 145
48 167
90 25
80 176
92 149
48 19
36 39
17 107
44 38
74 170
21 167
94 151
16 108
26 118
44 188
76 115
35 100
54 103
65 86
94 66
11 149
15 109
26 119
92 65
29 142
17 19
39 40
28 108
19 159
14 177
86 18
69 122
57 16
52 23
63 115
48 139
77 168
17 63
82 75
33 76
64 165
95 160
57 89
92 155
20 104
73 37
94 44
70 42
17 16
79 177
58 169
87 197
33 174
98 65
56 21
70 100
23 39
28 23
94 160
35 178
87 122
62 188
57 197
83 28
98 96
51 146
42 153
96 22
48 44
87 18
39 31
29 96
37 10
75 190
37 100
13 67
25 24
56 189
50 95
15 45
17 54
18 89
10 166
30 145
23 192
21 99
80 105
58 94
94 116
16 109
87 116
98 70
75 41
53 185
100 109
79 150
68 53
18 194
54 153
86 17
62 135
20 200
90 113
11 178
54 41
30 78
81 73
21 99
89 18
87 73
76 124
94 93
14 96
81 197
56 68
26 57
79 154
50 53
20 183
67 106
39 129
21 14
32 134
28 140
50 198
24 81
32 69
75 131
35 72
49 24
74 152
52 144
17 139
73 14
60 60
62 10
44 128
62 24
23 129
56 194
48 156
96 90
40 60
24 192
79 159
62 95
81 121
21 59
59 68
31 46
40 186
24 141
20 72
56 165
19 108
49 138
34 76
99 144
68 59
45 91
38 186
14 162
11 57
59 200
26 73
32 76
26 82
47 163
75 14
76 157
58 129
59 41
76 156
100 164
32 110
96 66
41 73
68 23
42 59
56 56
59 80
68 194
77 173
65 141
60 126
52 133
73 35
53 92
20 138
82 62
49 143
92 177
94 158
39 147
38 56
84 151
79 159
26 100
18 121
23 129
38 172
39 113
29 24
12 53
50 94
72 44
77 45
50 42
76 32
97 30
81 194
17 194
85 137
68 104
85 168
61 117
62 128
40 180
89 68
20 139
79 128
45 180
98 183
25 199
26 44
57 104
55 43
19 33
14 13
85 72
74 195
81 154
53 51
70 108
15 155
33 62
61 62
93 110
15 96
48 71
100 171
45 12
75 85
46 27
47 175
84 102
83 111
63 113
38 200
30 62
11 123
44 80
38 167
36 41
24 110
82 14
85 112
30 128
34 64
55 140
12 78
45 198
57 131
20 131
29 186
99 106
47 118
62 105
32 10
71 181
79 82
22 34
33 23
94 23
24 140
28 127
40 16
12 187
24 99
89 66
16 144
44 14
83 183
81 180
48 89
68 158
20 166
97 167
39 177
91 77
92 133
71 146
89 162
72 97
48 93
64 158
63 159
23 131
94 137
68 167
62 69
21 198
32 150
69 35
24 166
32 87
84 141
90 80
82 177
39 175
37 141
91 139
90 138
90 62
61 192
78 111
99 19
47 107
77 94
63 129
81 79
59 191
40 38
91 155
63 58
57 117
21 105
43 110
14 136
10 128
96 35
94 200
47 159
42 24
63 82
67 145
79 149
61 35
27 26
46 34
33 154
32 84
57 17
62 113
51 169
42 114
20 113
95 59
82 85
88 179
84 38
41 174
87 79
87 198
97 10
100 181
41 16
81 12
51 70
65 11
20 189
92 53
48 72
96 37
38 166
27 147
91 150
90 193
30 119
98 113
24 66
62 95
29 192
60 108
74 33
24 90
75 68
32 179
72 57
97 120
63 43
75 37
52 199
85 33
57 64
51 79
79 73
81 182
45 82
84 137
18 20
19 161
31 172
23 29
21 188
56 62
12 49
82 57
12 175
42 198
10 37
84 170
49 84
94 176
58 85
18 83
39 151
29 186
76 47
15 184
68 188
25 99
100 169
95 117
62 47
23 25
19 33
58 187
24 180
58 63
83 118
55 172
65 44
88 34
33 14
81 127
71 75
78 71
55 183
88 199
63 135
86 116
25 29
47 65
48 107
28 107
78 119
58 128
63 78
90 33
55 160
94 118
29 188
12 90
97 10
44 21
17 167
85 116
25 72
25 39
42 133
10 38
69 14
69 195
57 129
71 199
28 21
81 136
88 140
37 23
35 170
60 119
16 196
65 144
45 27
12 58
76 131
51 22
24 85
83 60
68 78
90 115
33 188
12 132
15 131
21 110
64 23
37 58
86 75
18 97
35 18
62 41
40 97
62 117
75 104
42 177
50 47
44 105
55 175
100 195
76 25
55 196
100 146
25 68
36 110
32 103
98 166
79 100
49 31
45 57
91 27
19 119
25 158
29 133
90 72
48 36
93 53
20 137
91 118
94 200
23 193
95 11
26 101
11 65
29 152
42 70
93 157
66 77
59 46
96 67
12 148
67 185
52 137
50 11
29 159
21 116
76 146
16 153
41 63
56 182
33 141
86 27
94 73
87 54
35 137
53 38
41 26
87 97
67 177
24 28
33 143
28 108
95 96
90 148
58 112
66 175
50 23
22 184
56 107
11 39
98 183
36 140
44 102
21 151
11 169
87 35
79 147
86 22
