1000 500 10 200 10 100
51 174
93 84
13 189
52 187
35 21
100 91
29 123
78 147
11 62
83 101
34 175
43 11
80 22
62 44
25 31
15 39
29 153
89 106
81 87
32 99
17 38
37 62
92 62
26 128
91 49
14 186
33 52
48 30
16 129
62 38
44 168
13 167
83 46
49 104
32 198
69 65
56 196
82 199
64 138
94 14
22 190
85 44
98 198
10 118
86 163
52 120
47 79
100 72
47 170
45 61
89 181
24 24
63 55
46 54
56 184
87 34
54 69
29 35
57 167
72 58
100 155
42 59
70 75
28 183
96 108
93 32
30 172
83 64
66 126
25 74
37 10
97 125
72 32
49 170
62 137
42 140
88 185
23 158
69 131
81 115
58 196
65 118
42 50
77 58
45 124
73 96
56 64
16 16
10 13
63 97
83 25
77 74
86 47
44 81
85 185
34 198
50 189
90 22
53 152
97 47
74 36
78 44
54 187
10 188
56 47
33 152
75 134
61 84
17 70
67 161
72 15
51 99
97 116
74 76
23 194
55 178
92 68
70 153
69 83
15 89
49 68
15 173
56 78
90 185
78 54
17 57
64 125
41 75
15 79
80 142
74 77
68 135
73 152
26 33
23 49
73 145
24 165
93 121
25 16
86 24
55 93
22 131
68 39
49 92
21 160
54 24
70 165
67 183
66 80
91 163
15 140
58 48
22 67
15 159
50 107
46 167
46 65
30 51
12 137
76 47
13 178
62 144
21 54
69 102
66 177
72 65
39 14
16 20
34 83
41 156
65 163
85 23
36 62
14 134
90 18
14 107
26 54
29 172
12 21
30 44
10 171
92 103
75 24
98 67
72 125
89 121
15 156
90 127
95 19
86 28
91 31
41 35
37 20
60 16
48 113
60 18
34 163
94 101
65 68
24 96
83 192
79 92
40 185
46 198
25 90
72 43
38 186
38 198
26 86
57 48
67 77
28 115
74 10
53 59
29 185
27 73
34 197
15 166
27 16
14 197
90 33
10 29
96 120
46 57
79 74
38 38
63 163
52 45
48 193
28 53
80 84
31 197
58 114
84 104
41 148
33 59
44 197
10 10
78 161
68 156
56 164
17 41
69 194
61 110
71 183
36 16
41 112
16 180
47 188
26 179
58 50
24 127
89 150
85 174
78 196
38 157
12 158
58 84
57 85
41 158
51 159
85 146
78 21
70 108
61 75
18 155
51 158
10 173
63 29
21 39
91 97
80 173
47 195
81 195
46 83
92 160
95 161
31 146
85 96
12 170
93 151
17 75
59 48
89 38
18 15
15 103
65 75
18 147
76 187
21 183
26 137
24 145
97 91
100 68
89 133
79 138
76 195
40 35
56 116
10 143
44 165
27 44
17 132
26 164
41 166
21 200
95 110
85 21
34 55
34 190
13 151
57 104
15 195
30 31
69 58
42 52
53 31
28 95
48 89
97 115
36 27
52 191
98 101
37 140
38 124
98 145
80 77
36 63
96 21
63 194
40 91
84 104
17 144
97 109
10 92
50 121
27 149
73 35
45 156
100 16
23 115
67 188
14 20
58 119
13 168
81 114
68 169
43 14
83 72
46 158
11 148
72 62
41 33
97 157
97 96
12 102
93 135
29 58
79 174
23 21
50 100
42 44
20 198
100 194
84 174
93 45
48 72
67 39
25 29
17 118
59 193
85 182
96 121
65 116
43 28
73 58
34 117
17 200
96 174
54 197
68 187
80 68
65 151
47 188
64 126
55 129
81 158
81 67
97 184
67 186
39 166
39 121
97 169
60 187
15 134
50 111
68 24
42 21
29 109
28 179
88 147
59 143
67 60
98 196
54 47
19 46
56 67
99 85
48 120
60 20
79 98
44 185
82 111
31 120
55 48
47 66
77 48
27 111
51 51
22 155
41 130
77 113
88 191
55 65
50 102
42 175
67 18
82 145
15 29
12 173
69 175
19 74
99 58
95 134
13 147
98 200
56 144
47 85
66 121
31 87
96 37
51 56
56 63
26 178
88 55
38 162
86 10
18 87
36 75
50 148
37 142
90 110
39 80
79 40
81 146
81 56
80 21
54 41
16 115
50 168
15 11
67 33
78 198
92 82
42 142
59 84
42 19
68 180
91 190
46 123
99 170
100 153
10 115
14 76
40 45
26 10
86 185
16 92
76 156
84 77
92 14
93 24
98 179
75 124
59 57
22 147
36 58
89 29
45 104
96 35
10 174
36 29
22 104
11 184
93 96
21 169
81 55
35 135
26 200
82 22
74 138
31 95
86 80
36 171
29 54
58 157
60 53
31 197
43 130
59 28
71 62
36 137
36 23
99 152
78 163
26 91
91 168
13 108
75 134
59 65
78 117
77 26
54 19
100 151
84 25
38 177
45 200
22 197
42 28
77 79
55 156
23 103
57 179
75 183
19 122
25 134
40 81
78 21
52 186
87 52
14 175
44 99
96 176
74 39
67 43
10 29
96 89
20 134
58 167
74 24
17 197
71 139
97 120
47 181
41 156
38 127
65 94
48 147
27 111
51 86
24 106
22 177
83 70
25 96
16 47
60 159
58 80
78 133
85 91
57 117
65 157
78 19
19 81
97 111
90 153
37 170
52 157
39 87
72 55
27 97
61 105
73 148
61 186
26 186
82 15
78 156
20 180
83 34
87 164
19 64
80 165
96 18
86 192
19 182
43 90
16 173
67 189
65 12
82 44
81 72
17 134
27 32
30 58
64 16
96 13
46 172
73 139
96 155
83 119
86 20
95 79
35 36
70 125
96 63
89 48
69 29
51 17
40 128
48 143
40 99
30 26
71 158
34 94
68 129
88 70
49 55
45 144
60 28
27 110
19 71
85 49
28 163
26 177
59 112
15 46
61 86
45 115
82 83
15 169
38 77
56 140
38 21
14 26
21 187
96 155
54 140
62 160
68 51
83 36
97 98
86 198
78 168
96 62
89 176
79 51
57 102
20 188
41 109
89 188
99 195
90 164
81 136
77 36
84 103
82 174
11 146
16 19
87 148
17 198
29 113
17 19
73 73
77 162
95 53
19 110
66 113
99 172
13 19
47 69
52 103
46 147
48 56
48 196
72 48
62 160
41 84
67 178
13 19
71 163
25 110
18 123
95 159
80 82
62 158
11 123
62 26
19 143
17 69
88 109
66 174
69 102
35 82
26 26
86 40
17 166
46 52
44 174
48 26
93 190
19 40
67 55
58 25
71 163
87 147
43 14
23 174
65 190
54 198
95 159
85 185
93 42
43 56
62 80
29 104
44 67
64 25
100 34
78 122
94 137
44 79
70 32
56 91
60 142
69 26
93 181
72 68
75 103
38 49
48 198
97 64
49 121
84 188
52 154
35 153
41 21
90 75
81 140
89 76
98 87
10 25
27 159
92 101
39 18
44 35
39 104
22 113
17 12
81 12
73 53
21 67
92 30
31 141
99 109
82 63
84 143
49 74
16 174
56 153
22 126
39 41
84 133
84 88
10 67
66 112
49 67
94 18
41 123
29 47
88 178
90 61
46 169
35 64
86 134
14 169
33 60
66 101
48 188
23 117
29 92
74 177
74 41
63 36
46 155
98 50
100 185
58 95
42 70
52 140
26 10
41 74
16 151
19 43
100 189
55 14
82 44
51 72
12 187
23 72
65 14
72 95
24 57
10 165
65 152
90 132
78 77
83 33
81 36
54 178
95 60
26 138
44 16
85 181
87 142
85 179
34 176
69 158
92 75
20 183
91 69
53 190
47 154
15 197
44 101
24 26
21 10
30 44
60 198
92 53
65 88
14 108
48 95
54 130
59 30
11 30
81 70
17 68
42 54
25 25
90 60
30 118
33 38
19 89
55 20
46 19
93 176
26 197
76 194
86 73
88 60
37 146
94 125
12 156
74 67
28 136
20 55
27 190
52 50
79 176
53 54
34 171
81 123
92 133
73 115
98 151
43 89
46 129
32 121
24 194
29 99
22 139
44 49
89 72
82 72
100 183
99 53
32 157
90 142
52 103
70 107
77 43
37 183
92 42
23 90
55 124
11 199
51 168
22 35
47 170
23 120
27 35
87 150
16 150
79 93
93 160
25 139
13 197
98 198
11 45
63 85
33 89
93 87
62 165
67 129
98 53
100 131
54 32
80 81
25 183
35 45
22 197
56 156
56 116
36 52
81 85
83 175
70 77
94 63
79 186
47 19
93 29
16 128
86 63
77 44
60 16
89 200
15 96
13 49
51 175
34 196
44 63
51 44
81 53
52 14
58 78
88 67
89 29
13 182
42 16
54 163
98 138
26 69
77 161
26 56
75 22
11 15
19 42
39 48
49 158
11 137
32 110
10 166
99 10
64 34
100 15
85 73
50 170
63 188
46 62
60 109
46 128
46 183
66 176
62 68
72 117
11 181
69 19
31 168
31 115
61 70
56 178
81 107
100 87
39 122
75 172
73 57
13 157
83 82
100 104
38 66
60 156
27 58
58 14
49 197
50 39
63 62
98 21
18 199
39 97
96 59
54 162
