1000 500 10 200 10 100
80 103
38 24
31 24
85 20
75 85
35 102
24 80
99 152
52 110
66 110
79 161
21 103
23 137
10 52
22 65
69 132
81 161
39 36
69 180
35 33
62 185
72 186
41 14
18 116
79 133
77 88
98 184
83 64
54 89
53 122
72 152
75 146
18 21
71 109
44 41
73 77
37 123
89 102
68 42
50 42
33 56
19 79
68 144
94 172
38 62
57 20
21 159
70 160
53 173
22 182
53 43
100 72
83 154
10 84
47 26
49 172
84 101
53 145
13 197
42 110
100 53
59 105
74 121
93 193
75 144
30 140
52 54
24 134
70 188
37 15
82 167
39 141
51 27
32 123
44 45
12 115
53 187
16 133
96 96
60 21
29 99
15 17
62 175
22 162
98 192
37 41
42 166
61 24
64 79
37 50
47 181
95 46
17 165
33 96
80 94
36 113
62 102
87 169
24 104
98 82
66 141
71 52
53 84
44 133
15 46
67 112
26 127
96 37
79 117
90 187
10 75
73 37
20 40
92 65
39 193
25 28
76 71
55 83
18 192
88 142
76 178
65 97
32 23
79 39
41 70
75 175
84 114
19 123
23 52
44 121
15 136
100 20
99 52
62 17
60 98
83 92
20 46
28 23
24 104
59 10
65 68
50 120
33 200
21 160
77 42
15 129
30 63
63 18
23 32
89 161
44 186
99 39
73 53
49 102
77 94
96 154
84 100
59 168
59 150
71 184
78 50
17 171
44 50
80 30
66 47
47 36
94 76
54 98
79 129
15 110
17 115
12 18
10 171
61 125
84 146
84 123
61 41
21 89
79 116
69 188
23 133
43 199
13 122
35 140
97 86
53 106
95 148
57 26
69 133
53 60
56 92
66 86
45 88
28 48
32 117
57 148
55 92
51 69
94 63
94 75
69 71
19 174
55 129
21 148
54 175
29 174
18 24
87 55
25 45
29 118
54 140
82 44
82 76
20 56
24 124
44 113
12 136
10 46
90 98
34 181
93 35
60 196
54 12
16 186
14 134
70 42
27 34
74 139
54 23
91 51
13 150
15 166
95 40
26 183
80 17
81 44
56 139
36 126
77 102
33 32
85 36
57 142
24 175
28 172
68 109
37 146
60 167
40 155
10 135
92 169
60 143
69 28
12 86
33 44
55 77
77 34
28 164
58 197
17 90
11 169
48 13
99 46
70 69
15 42
49 171
66 180
69 56
85 185
84 164
30 131
80 106
84 200
84 165
41 29
17 18
28 42
33 124
53 34
72 112
79 199
18 88
90 185
69 29
28 110
82 18
97 67
62 39
22 196
76 107
52 69
11 33
92 148
12 22
80 153
18 60
11 27
56 173
21 116
28 193
84 27
41 57
77 137
77 186
91 102
96 146
89 197
65 84
85 139
94 137
58 64
39 85
82 147
67 83
63 92
86 78
47 99
42 38
72 55
67 180
78 149
57 151
76 116
62 110
58 165
42 179
57 77
46 121
56 155
48 97
51 92
34 191
12 156
28 59
92 107
52 22
64 176
89 21
90 41
16 180
59 10
70 67
19 65
61 134
72 195
53 79
85 40
26 110
96 153
77 62
46 19
20 126
43 59
19 119
66 101
86 130
27 100
84 22
61 188
54 165
96 189
98 89
36 168
83 58
22 191
35 191
94 196
38 15
61 74
75 180
62 44
41 88
16 118
68 89
22 45
53 130
34 131
51 96
27 50
45 40
100 97
14 40
32 137
83 182
42 183
99 166
72 69
36 173
18 165
98 148
32 148
92 99
54 108
70 189
84 173
27 33
91 48
39 175
80 143
95 29
33 116
68 164
50 81
89 27
14 18
95 110
53 43
45 56
100 16
84 155
35 106
82 70
11 63
38 163
87 43
55 121
43 188
84 168
87 41
57 147
20 172
80 48
54 77
76 21
46 172
52 84
40 166
51 43
99 32
76 45
28 30
74 36
24 83
97 119
28 31
55 197
58 133
18 73
66 151
72 105
60 72
91 21
64 167
86 77
36 115
63 75
99 90
15 164
46 138
77 99
18 181
19 197
72 152
85 136
27 166
20 47
86 41
85 86
58 147
28 17
47 86
92 18
71 196
38 151
63 120
88 114
52 178
91 13
40 192
69 76
84 192
52 37
42 14
72 73
22 109
36 56
35 174
75 195
25 101
29 146
71 37
65 133
30 13
91 178
29 119
72 195
37 178
35 176
12 156
21 177
50 140
90 92
65 130
88 126
31 52
74 85
40 142
68 106
47 166
75 183
16 149
32 37
59 29
65 152
54 72
92 82
77 195
86 114
99 50
38 190
96 122
38 15
57 104
50 52
17 38
24 18
23 33
74 146
94 69
49 71
31 48
57 132
74 108
92 179
68 97
18 84
85 86
53 116
42 44
89 114
33 37
25 70
49 179
34 125
81 126
96 168
66 152
62 196
48 178
65 28
36 186
32 127
73 36
68 94
30 44
70 133
22 119
15 122
37 30
19 156
65 76
35 131
20 65
23 98
57 145
26 151
14 63
19 45
23 154
45 171
87 149
13 59
54 140
23 199
48 82
69 150
91 121
87 188
98 50
21 40
41 46
90 181
40 102
76 31
38 166
67 65
80 139
24 25
80 150
30 81
77 189
47 192
46 145
31 107
50 109
50 23
88 162
80 87
91 62
87 153
29 143
43 154
78 187
48 171
65 35
91 158
20 116
99 145
79 172
52 89
26 200
100 90
47 139
47 69
50 118
19 17
40 73
85 176
80 195
81 17
55 42
38 65
26 157
75 52
74 50
22 74
89 54
19 32
16 165
26 173
42 125
80 200
94 16
97 90
50 165
70 52
66 105
23 189
52 106
76 56
84 161
68 16
80 118
98 187
32 164
96 200
65 160
90 119
56 173
85 189
81 140
54 156
69 137
81 163
71 174
89 31
60 150
80 160
32 110
42 163
16 126
35 174
29 182
82 95
27 136
87 113
37 135
60 154
60 56
33 147
49 146
92 198
68 27
55 198
10 125
61 191
78 165
77 149
63 79
88 121
78 139
95 101
68 159
26 157
48 14
65 78
24 93
13 90
80 55
88 58
99 68
49 42
87 35
89 190
36 46
47 152
12 200
34 69
12 141
14 185
16 163
92 118
41 150
28 199
15 106
16 165
17 139
42 39
33 200
24 111
59 172
80 41
18 127
11 173
71 160
62 56
91 41
24 189
10 183
58 176
12 86
19 73
72 180
84 32
89 164
54 67
21 39
25 151
53 42
95 67
49 80
18 135
62 77
78 113
28 153
67 160
53 93
57 75
44 169
19 95
55 53
86 89
12 94
49 60
45 175
33 161
52 51
77 199
26 61
28 21
44 43
82 64
78 68
65 20
49 48
97 181
17 102
59 17
47 143
83 156
58 49
28 183
63 55
67 30
13 113
40 154
71 55
87 94
30 158
23 162
97 75
25 153
18 54
77 175
90 92
53 125
81 67
10 43
84 87
39 62
53 138
87 180
61 44
78 139
41 43
67 41
27 63
95 75
20 19
98 138
47 191
63 54
38 182
78 13
31 162
61 103
38 92
13 125
74 190
88 139
35 176
59 130
36 30
94 181
77 65
25 153
58 193
58 147
96 106
24 65
95 58
16 10
76 61
75 65
53 11
16 72
70 17
83 37
71 40
59 89
84 170
78 185
15 60
98 136
23 124
43 68
49 192
94 111
21 37
63 137
47 13
96 37
51 45
65 92
72 116
23 183
14 11
13 46
80 120
37 62
21 38
64 37
36 200
75 117
41 148
65 87
23 74
47 37
56 22
40 197
79 89
35 12
97 168
19 186
38 86
86 144
32 179
63 157
22 131
59 37
44 116
85 95
91 72
39 133
87 62
80 11
75 152
65 75
97 117
64 28
36 142
91 130
14 155
70 120
97 149
32 198
59 105
15 110
55 36
12 50
12 15
60 51
50 76
10 98
15 42
89 198
29 100
17 93
86 34
66 129
59 172
39 81
21 41
73 42
78 67
61 168
74 145
73 51
89 169
77 47
54 77
53 196
44 184
23 20
90 114
27 12
31 109
72 174
17 107
62 29
36 132
82 81
86 49
77 131
45 105
86 62
72 33
79 160
14 159
51 46
89 152
59 169
95 165
14 44
82 192
51 79
41 72
34 20
94 116
55 141
71 108
44 13
85 73
64 182
31 154
45 93
89 109
82 31
41 47
86 179
69 141
10 173
75 51
81 158
52 124
60 189
82 113
71 28
33 198
17 28
92 49
81 99
26 16
27 43
65 199
86 103
55 91
88 186
38 79
14 132
56 62
19 68
75 155
56 185
31 108
69 124
85 136
19 140
27 177
20 185
92 185
70 158
46 174
83 50
24 129
16 67
14 113
60 21
22 77
94 40
85 200
72 166
64 19
70 99
71 78
27 183
76 14
25 171
43 126
48 52
11 13
80 79
87 100
11 195
98 86
95 164
57 31
50 64
11 56
19 48
53 79
88 29
22 183
57 61
27 31
28 175
66 56
88 162
90 134
14 135
47 33
