1000 500 10 200 10 100
47 196
53 57
65 97
29 126
84 168
99 174
32 78
27 16
72 26
49 185
95 181
69 135
22 25
87 79
74 164
64 133
72 145
62 71
86 188
91 102
86 59
61 75
53 175
65 98
95 57
14 41
55 159
45 92
68 75
85 11
46 194
52 19
18 158
98 23
48 111
27 144
41 12
21 130
73 111
24 191
42 121
72 16
72 41
54 97
55 81
34 157
95 76
63 34
43 89
60 21
11 176
84 193
18 185
96 199
33 184
11 96
18 64
16 27
43 44
19 44
15 34
97 11
73 178
66 145
35 117
66 100
56 133
86 114
44 81
98 56
17 145
87 12
35 66
96 137
69 156
36 37
65 184
91 123
98 130
60 71
35 45
77 173
29 120
61 106
60 19
47 76
74 94
83 174
96 121
46 72
100 103
56 100
21 150
55 90
56 102
96 138
48 157
78 126
50 17
100 88
12 174
31 24
50 54
91 38
99 142
64 107
26 22
24 164
55 62
46 63
92 26
44 112
29 122
22 92
12 81
87 189
21 168
44 155
74 22
61 30
79 127
69 41
33 167
31 145
16 69
42 195
25 19
90 102
51 156
85 103
22 176
21 124
41 116
12 199
44 104
40 125
77 189
16 13
99 172
94 173
21 145
65 116
28 95
89 128
18 24
75 142
97 134
72 177
42 155
95 20
36 46
51 123
87 112
28 10
10 74
53 113
10 184
12 16
25 81
50 184
80 199
17 128
64 11
29 24
15 122
88 57
11 181
60 182
11 119
35 187
90 199
24 45
49 163
34 81
70 52
50 172
51 179
78 26
90 47
64 157
73 87
90 117
43 27
24 194
81 124
10 163
81 123
76 125
40 93
100 140
73 81
65 198
24 32
83 60
92 75
62 49
51 85
92 85
18 120
46 82
18 101
22 199
60 64
72 99
51 140
69 148
75 184
54 113
28 11
55 118
36 44
90 72
39 179
78 43
13 68
35 153
59 150
64 195
52 95
24 26
24 167
32 66
69 130
94 200
12 175
59 28
35 118
32 128
83 80
10 185
77 98
61 119
90 110
61 95
30 28
87 51
21 96
49 179
49 142
30 168
98 138
97 125
81 120
87 165
81 35
66 150
39 108
46 183
58 194
77 57
34 32
76 72
90 71
42 200
20 71
42 120
94 198
56 54
19 131
92 129
46 180
64 122
37 181
20 161
59 48
25 39
68 150
45 32
32 163
85 45
55 21
66 53
72 43
77 169
17 128
88 185
41 20
44 60
68 54
15 187
59 28
27 175
92 138
90 200
56 50
72 167
16 43
12 113
66 129
22 105
63 192
42 29
68 17
25 23
47 90
16 188
69 46
92 119
48 11
91 117
17 28
58 147
53 115
55 172
56 154
98 134
84 178
29 168
31 32
77 90
29 12
44 63
32 60
64 66
16 134
27 125
70 78
55 35
15 144
47 47
84 118
86 63
36 125
71 102
13 32
42 81
47 80
36 95
12 150
94 34
61 145
12 78
12 65
96 26
74 145
85 139
76 79
77 147
38 43
75 162
48 73
26 90
47 42
18 138
59 147
74 86
75 156
93 148
87 79
10 40
83 71
70 75
18 182
76 155
10 126
41 101
20 24
50 176
80 199
59 37
22 120
64 80
63 111
81 85
97 34
63 25
83 127
90 79
49 146
91 166
68 185
50 83
58 113
89 55
11 15
28 100
88 39
65 190
91 40
52 141
43 32
28 194
54 68
70 122
89 141
95 119
61 188
89 167
51 94
100 32
95 138
30 68
26 135
31 128
46 166
57 51
41 68
22 12
100 151
40 173
59 33
99 81
86 127
82 154
43 81
79 176
26 142
19 197
46 112
12 41
68 36
25 131
52 160
47 41
72 78
93 45
65 139
94 155
94 177
39 142
73 106
28 88
70 150
85 135
31 52
15 195
63 91
88 15
74 79
73 174
64 93
29 70
73 147
31 154
13 145
19 193
86 12
28 131
65 176
78 79
16 75
38 139
29 20
91 29
12 11
92 59
44 32
48 183
49 156
90 136
46 52
82 163
90 29
94 50
29 194
56 44
71 183
21 24
62 139
46 105
81 57
47 79
64 94
85 115
70 18
71 163
89 191
54 105
70 62
85 36
89 85
78 136
78 88
65 105
53 15
20 179
54 197
10 176
58 108
73 174
75 131
51 189
50 105
95 174
22 59
61 34
37 115
22 67
80 131
24 18
41 14
18 42
99 66
19 113
20 98
38 124
42 44
12 14
90 26
17 117
56 200
11 53
60 144
14 128
54 94
79 54
70 146
49 121
23 94
79 19
94 153
72 53
48 45
71 169
88 56
56 149
100 70
43 13
88 124
16 101
82 90
96 149
89 31
20 80
93 136
89 140
58 45
74 119
51 61
49 154
39 186
88 175
15 138
51 81
84 132
50 134
59 117
71 68
42 164
66 96
86 49
73 10
30 39
55 177
61 28
25 18
52 76
82 81
50 184
66 131
97 124
53 148
67 138
55 21
20 187
33 22
81 154
55 132
22 154
89 94
56 104
80 176
71 107
34 27
10 198
98 26
21 35
14 195
26 22
77 107
87 178
48 57
21 154
85 157
92 131
24 79
41 165
62 47
72 122
75 174
39 57
31 106
39 198
82 88
47 150
99 40
20 126
17 102
39 88
36 199
28 121
86 86
60 165
77 168
50 200
93 49
78 175
84 150
11 66
25 34
23 66
89 177
24 164
72 83
14 170
91 81
10 171
99 187
40 80
45 43
80 117
59 170
14 70
27 106
61 191
72 176
73 17
23 37
73 73
57 44
100 14
25 145
77 94
24 132
52 86
49 108
13 91
42 128
57 18
41 100
17 176
98 54
25 71
84 176
77 57
81 20
78 168
39 80
19 109
77 90
29 189
83 30
77 65
57 53
90 172
58 93
53 39
94 174
47 84
73 56
71 11
89 14
50 43
18 74
88 107
37 170
10 142
93 188
50 160
27 114
91 195
89 122
85 178
28 124
23 65
98 14
99 79
86 56
67 136
23 120
42 74
24 172
22 102
35 56
19 42
54 36
82 11
96 60
79 64
13 84
69 18
92 28
49 140
31 65
88 16
24 151
11 87
78 151
62 103
93 61
72 11
33 162
42 56
35 34
42 60
82 50
38 17
30 190
67 155
47 65
49 51
36 106
69 129
26 128
33 97
54 157
18 88
65 144
96 174
78 44
82 76
92 136
86 187
50 74
63 23
97 145
27 136
51 14
53 141
16 107
39 133
88 148
37 195
50 146
95 81
23 45
77 108
49 53
79 118
14 57
56 68
42 17
51 86
59 79
67 165
87 54
80 62
59 109
79 126
56 67
26 77
12 167
90 96
71 92
56 170
100 157
94 175
75 53
95 28
54 77
52 143
73 80
67 178
55 72
29 76
18 123
86 53
54 163
24 120
42 165
54 36
35 139
90 150
98 62
86 149
61 150
45 116
76 85
17 52
47 18
47 97
35 84
82 41
60 101
20 112
82 62
13 29
64 161
32 195
93 136
66 186
63 55
76 150
11 37
39 98
73 132
19 189
25 170
93 73
66 193
84 148
30 157
71 89
43 180
62 152
65 70
79 44
27 103
72 67
54 198
84 188
40 184
40 157
64 50
83 67
53 48
31 153
17 24
74 133
48 158
39 153
53 64
46 155
80 193
16 109
35 19
67 118
46 138
36 190
83 116
84 86
93 82
62 192
22 69
12 134
61 30
80 66
67 95
92 63
14 53
86 76
50 123
21 77
12 102
13 82
73 135
74 14
54 186
27 170
77 119
43 115
79 33
59 67
19 12
61 195
10 125
69 129
52 97
90 120
44 107
92 27
42 172
35 114
16 48
15 55
35 199
75 140
78 152
28 161
90 160
100 52
79 68
93 144
11 43
91 188
38 121
15 24
64 80
73 72
45 55
16 119
80 121
54 96
84 99
44 70
14 54
62 155
28 149
29 111
54 27
82 165
18 124
69 52
43 152
95 134
19 75
66 72
62 145
63 101
45 58
18 137
56 139
49 36
42 33
21 91
95 56
84 200
97 56
74 164
85 178
71 26
87 161
63 81
100 67
47 184
75 177
10 39
43 32
21 24
72 45
77 117
42 172
32 60
12 159
30 47
81 132
98 32
81 141
69 20
38 119
78 157
24 157
49 54
81 116
48 56
100 16
35 63
38 79
32 197
15 149
44 17
98 119
16 186
17 176
58 79
44 42
10 12
66 65
69 189
26 159
52 144
48 198
20 143
87 133
86 148
49 26
96 196
77 37
23 184
40 29
82 119
59 155
85 71
48 190
62 12
40 116
43 134
44 188
70 33
13 59
39 22
92 169
51 200
90 20
15 29
89 112
19 113
49 81
79 97
27 56
67 61
61 112
51 119
71 84
41 40
82 134
79 30
21 104
41 141
46 56
46 167
12 142
89 67
29 97
91 127
24 120
19 149
21 164
86 120
33 199
18 192
50 23
78 77
69 63
25 54
71 42
56 133
33 133
78 19
27 188
