1000 500 10 200 10 100
42 90
32 155
99 60
98 79
72 109
15 193
12 113
13 51
69 152
14 157
18 137
72 127
80 114
17 95
33 161
73 181
39 121
40 47
52 22
10 160
21 33
34 92
11 124
75 26
99 137
74 158
42 180
37 10
61 155
31 132
59 168
66 178
53 90
79 59
87 174
71 67
11 14
37 177
87 104
90 25
98 187
17 126
62 79
31 125
97 65
24 183
100 11
96 132
93 49
100 37
16 43
40 63
29 66
36 166
33 53
16 22
97 175
77 48
75 85
51 122
12 40
79 15
62 86
71 167
11 140
87 160
58 132
41 42
48 73
99 170
10 31
17 189
44 141
34 71
98 190
43 200
94 109
29 127
50 142
63 153
23 130
76 98
29 168
10 49
91 171
91 190
66 21
13 19
62 14
73 21
13 107
77 88
44 46
69 43
48 119
52 104
33 142
86 123
87 166
19 184
48 24
31 150
79 173
31 31
26 82
16 23
25 74
96 37
95 150
23 132
48 78
75 151
99 71
24 162
63 57
80 162
50 140
32 118
52 113
22 110
100 193
67 39
28 89
91 20
26 149
72 119
32 190
36 57
23 155
33 108
90 176
40 72
29 24
21 48
68 141
56 178
69 114
62 43
76 74
62 53
19 16
19 61
87 75
80 77
65 161
39 52
68 88
48 73
85 137
21 72
100 81
90 32
44 79
17 32
56 130
64 199
73 81
61 154
89 11
22 187
59 49
62 142
74 164
29 72
58 139
26 190
25 196
78 70
73 120
68 82
71 11
85 197
75 152
56 49
55 46
71 159
73 85
83 33
31 149
57 160
59 50
53 163
96 182
32 176
32 137
88 162
92 151
52 41
87 152
83 99
30 149
98 94
92 191
93 115
98 33
18 70
76 45
84 176
61 77
94 140
22 30
38 163
32 81
33 95
42 139
66 42
22 106
71 154
59 65
80 79
66 154
29 28
28 184
66 37
36 188
62 85
19 111
69 10
87 106
66 59
60 144
97 143
47 61
93 158
84 29
69 71
76 19
44 15
54 104
35 97
76 52
45 121
94 63
43 180
58 82
25 25
47 163
43 87
96 120
97 175
23 115
28 135
52 124
45 139
25 195
39 152
20 30
55 43
77 60
100 64
13 94
96 170
53 82
87 93
80 135
81 131
47 102
44 186
78 27
12 86
11 172
100 101
69 144
78 119
96 191
87 148
18 96
48 154
36 186
26 182
71 125
61 182
22 190
78 85
90 113
46 71
74 41
66 142
54 140
41 191
37 54
11 37
25 77
23 130
91 26
73 26
53 45
87 10
44 165
18 84
97 67
23 27
17 150
66 95
76 18
63 64
40 67
11 46
67 71
59 62
71 121
72 71
17 98
96 55
38 146
37 174
21 117
58 122
83 149
42 191
73 159
77 85
76 135
20 25
20 131
53 126
90 167
21 73
90 79
10 162
73 69
15 70
94 148
29 87
39 42
50 119
74 143
67 60
22 136
45 116
45 186
29 175
28 49
47 38
63 156
89 154
91 147
91 45
19 26
60 55
88 42
12 93
80 179
64 95
99 39
77 25
12 63
30 189
16 36
92 41
30 60
76 73
90 198
94 134
92 73
100 94
70 165
57 123
33 142
58 79
35 61
64 39
10 105
21 37
30 88
94 180
99 74
60 178
88 194
49 106
77 133
21 183
12 190
11 84
42 156
56 146
10 91
58 142
73 46
71 161
88 80
96 105
32 35
90 36
24 14
89 106
39 166
90 56
68 36
29 130
13 105
31 19
10 94
68 24
11 163
28 98
93 159
38 198
31 97
88 34
73 31
90 61
92 40
60 186
34 81
77 48
17 33
58 14
39 30
98 92
16 47
83 47
93 26
40 12
54 112
76 37
19 179
82 120
62 16
77 76
73 41
39 106
50 184
14 47
65 151
73 19
80 153
87 37
28 113
12 82
97 110
89 170
60 18
33 97
64 37
60 146
53 121
70 167
39 174
89 152
38 155
83 156
70 61
60 97
49 66
24 32
57 100
68 75
36 103
82 146
90 169
26 42
30 155
52 15
23 34
34 74
55 184
77 129
92 56
67 29
52 185
93 121
83 66
31 15
13 192
62 133
44 85
52 71
27 186
94 181
50 77
100 41
87 118
74 116
65 176
72 119
20 199
85 88
77 46
28 67
18 87
36 189
20 177
33 24
88 148
49 194
98 70
86 96
77 38
25 16
52 158
28 17
68 176
72 64
72 32
78 50
32 155
49 93
98 131
50 115
15 123
76 136
90 178
49 36
37 76
24 41
32 180
58 34
61 177
88 190
35 53
67 152
32 111
15 150
95 186
68 154
44 186
11 157
21 133
53 190
85 26
43 54
79 112
60 173
36 10
63 131
66 44
17 72
51 183
35 199
69 76
44 141
53 62
53 45
66 81
65 37
43 99
57 158
15 194
52 134
70 136
93 68
13 181
41 115
76 163
53 196
75 108
64 134
12 55
98 189
29 48
17 88
77 119
75 160
87 189
22 127
10 170
46 94
68 158
57 178
59 156
41 193
13 130
31 46
27 140
36 145
44 72
26 136
78 69
55 136
33 32
74 193
72 68
90 185
66 130
35 157
63 178
65 161
40 120
88 127
67 75
21 58
73 116
37 139
81 101
68 75
49 148
90 137
31 167
66 52
78 127
65 193
37 23
22 34
31 194
78 182
39 43
15 26
79 45
15 146
24 28
79 103
85 101
53 193
100 196
55 197
79 109
34 70
18 186
36 77
63 66
44 69
56 132
95 93
44 62
10 146
90 71
91 90
47 101
42 72
68 161
94 83
23 101
52 35
82 59
24 87
45 172
36 59
60 76
41 91
10 192
32 30
20 98
26 68
19 15
73 150
61 64
77 79
48 166
96 63
23 196
26 175
84 130
65 114
53 187
53 146
37 75
96 106
14 98
20 195
86 139
16 113
13 189
74 170
29 85
33 22
95 15
54 112
18 41
74 175
68 42
14 71
18 130
59 114
75 153
89 143
70 96
61 128
42 36
77 59
57 163
56 56
65 58
83 147
72 174
89 151
36 85
88 156
19 10
20 54
33 190
62 66
58 63
82 159
100 124
13 43
74 123
24 97
59 68
65 105
15 200
22 90
100 111
94 111
27 105
19 63
66 185
59 191
46 168
29 148
51 10
18 20
82 113
15 138
82 164
77 56
23 132
83 68
69 172
85 165
96 167
89 14
28 12
92 188
40 188
63 83
43 159
58 155
57 22
71 86
34 169
26 160
53 89
23 154
54 18
61 172
17 179
64 148
50 24
90 173
30 114
24 43
77 160
95 200
89 102
26 170
29 38
77 13
20 170
100 191
13 118
12 197
63 159
100 99
39 124
45 198
94 116
38 166
48 50
21 91
14 72
66 55
32 12
21 40
48 36
96 171
34 13
24 61
81 156
52 157
65 20
31 172
63 38
46 45
45 125
53 63
47 199
89 87
13 178
27 194
74 159
18 191
36 176
10 146
63 23
43 53
55 100
94 194
78 174
71 27
12 198
42 107
49 200
34 28
47 123
20 33
26 199
34 65
15 86
76 148
39 124
49 167
37 58
55 185
34 41
97 164
56 125
38 78
22 76
11 144
12 153
32 113
40 11
88 168
43 190
67 199
89 171
72 149
11 146
100 94
59 179
25 59
88 162
63 71
15 67
21 69
93 194
53 13
52 162
85 83
19 151
73 87
19 90
40 162
24 34
100 34
90 147
41 151
30 53
40 158
38 26
97 164
48 43
52 15
42 182
38 190
40 34
66 75
99 146
77 162
53 104
49 195
16 112
72 193
91 179
25 131
16 190
48 36
77 84
97 48
43 185
77 41
52 126
93 145
55 133
26 85
25 113
93 143
62 46
76 45
83 107
87 40
29 82
59 162
95 142
68 65
97 82
80 158
93 24
52 113
59 30
62 49
50 110
59 192
36 139
71 13
79 45
24 176
99 145
93 95
82 159
46 34
20 112
80 82
89 84
68 117
16 25
74 80
37 138
75 115
20 141
35 134
57 174
86 116
38 67
65 26
55 26
15 100
26 54
32 53
70 178
68 75
72 139
85 140
82 38
62 165
59 184
44 167
52 50
40 97
78 105
17 167
96 176
52 70
97 38
43 169
43 95
58 30
59 200
13 122
19 35
86 197
69 49
90 189
28 67
55 39
78 42
83 126
37 63
47 80
78 120
16 141
44 125
24 82
23 165
87 174
10 123
16 53
71 176
43 72
42 160
48 69
12 98
45 74
71 192
26 107
25 35
75 183
12 53
68 118
34 80
28 51
42 82
93 177
47 169
92 112
77 184
14 164
77 178
35 75
85 194
12 146
53 42
38 191
29 36
89 136
50 20
40 142
95 93
48 162
22 10
37 12
31 65
48 87
44 194
99 55
41 168
98 38
94 163
57 128
31 171
83 116
68 63
69 73
100 188
21 51
99 119
80 193
43 63
44 60
55 97
76 87
59 161
33 108
99 156
83 155
78 111
70 128
41 162
62 176
