1000 500 10 200 10 100
13 29
62 18
90 163
67 120
73 145
95 149
87 200
84 11
40 95
45 121
55 90
85 138
97 131
41 112
39 20
43 122
100 42
18 138
19 179
67 37
43 157
65 30
54 177
41 198
65 63
14 145
84 128
40 26
12 179
97 164
34 175
91 49
50 37
76 11
75 55
57 151
20 35
90 180
24 193
64 94
59 138
14 20
20 176
39 157
68 177
71 142
81 48
42 158
60 10
42 81
14 18
58 79
65 192
42 88
30 78
57 105
27 75
38 114
58 164
67 195
56 11
70 91
89 161
20 137
74 29
90 38
58 60
18 93
48 199
91 101
63 187
10 103
24 111
71 125
58 98
13 14
28 99
94 183
93 156
72 43
72 148
23 35
61 22
96 92
89 155
30 109
13 11
84 25
75 62
70 30
100 80
53 93
64 163
88 51
66 15
38 138
73 167
74 194
35 146
49 21
36 112
27 64
15 165
74 69
73 40
82 20
17 157
89 101
33 21
43 81
51 47
43 22
75 24
10 183
93 134
77 83
34 157
21 24
58 37
89 182
28 15
55 20
58 116
22 103
36 75
87 165
25 14
54 139
89 35
16 32
19 159
100 49
93 63
52 58
59 181
88 191
10 53
66 148
40 157
55 108
87 45
97 178
60 71
18 90
21 59
30 78
60 39
81 144
57 23
56 26
63 76
45 180
40 39
37 122
96 189
89 39
77 93
46 95
53 145
39 72
31 130
48 32
95 100
50 95
52 33
73 151
56 139
48 62
72 100
18 176
20 194
48 156
100 65
78 62
55 68
32 46
28 86
37 191
53 77
81 133
36 39
25 43
61 35
68 158
92 91
53 57
90 13
15 183
56 74
57 111
89 11
57 142
13 36
83 107
61 60
13 70
69 135
32 78
99 20
70 108
82 35
17 197
84 180
77 119
59 88
57 176
67 189
17 189
88 114
79 184
32 147
52 74
80 169
38 63
43 43
84 123
90 138
13 97
68 142
66 182
67 78
27 131
43 139
19 147
95 36
86 15
86 27
72 98
28 87
60 39
23 134
40 179
89 92
39 31
76 146
35 97
88 13
29 124
58 181
14 185
80 65
86 33
81 135
48 111
73 94
78 153
95 113
52 154
67 49
55 94
56 30
38 30
13 52
64 19
13 57
66 61
21 58
65 16
62 49
17 25
27 123
74 194
72 121
21 74
77 165
34 145
63 183
29 62
36 152
26 79
14 108
76 133
51 58
71 161
60 121
54 52
43 167
14 91
23 36
43 69
99 157
76 30
45 22
81 17
41 188
10 185
96 82
78 73
33 121
66 71
43 10
76 75
54 172
43 97
22 155
57 42
59 14
88 94
81 157
66 34
28 31
74 60
59 170
77 55
53 148
27 145
14 51
78 158
35 19
80 64
50 32
37 118
76 149
57 97
46 126
84 70
41 174
41 72
26 43
71 78
12 54
72 150
43 97
28 152
23 174
32 113
51 124
26 76
38 33
89 20
48 149
55 139
46 21
32 110
56 139
85 79
98 65
81 123
58 170
62 80
23 124
89 183
98 35
97 175
40 86
25 50
20 108
73 169
18 180
72 17
51 121
38 146
11 128
78 150
89 176
84 84
78 33
83 158
93 158
26 151
64 160
26 89
65 193
83 199
84 148
54 134
63 114
35 66
17 159
40 151
60 78
61 55
12 112
28 195
21 179
81 124
92 158
65 196
86 60
83 144
18 31
20 111
71 147
52 189
66 26
37 83
22 185
69 39
84 154
18 177
47 191
87 70
86 124
11 120
16 81
20 26
73 152
49 59
84 159
75 47
90 198
81 113
53 70
25 121
52 188
86 146
76 18
43 169
77 115
49 150
44 185
61 110
43 136
13 78
54 49
28 91
97 79
99 71
64 158
94 175
11 122
20 166
13 191
55 84
14 88
26 114
69 21
18 52
94 26
82 85
16 79
44 146
62 182
32 131
20 42
85 127
57 90
14 106
29 92
58 198
69 56
89 63
68 147
94 58
72 48
61 71
75 121
61 109
92 67
70 107
62 200
39 96
66 160
86 181
19 24
35 20
71 111
32 150
74 192
52 63
91 153
40 168
61 153
18 41
91 171
70 152
49 185
77 80
22 61
16 186
59 83
25 137
17 91
20 63
26 128
81 133
82 62
89 18
28 42
11 68
92 10
77 195
50 80
61 150
32 170
46 28
24 175
10 57
25 85
67 160
53 70
11 126
20 36
84 171
13 196
63 94
72 71
88 11
100 197
36 93
86 108
66 39
50 110
85 160
95 62
60 40
88 54
35 88
68 90
53 184
56 131
28 103
62 30
93 154
71 77
46 14
54 193
18 101
31 187
75 131
44 44
80 183
13 139
47 13
76 162
96 147
59 129
65 106
83 188
35 188
39 163
25 105
90 80
93 100
80 100
53 104
55 35
63 67
90 168
46 13
52 122
12 44
71 43
76 20
41 43
22 128
35 22
69 194
24 51
88 148
81 158
71 119
25 172
10 168
49 89
32 90
94 165
56 50
18 108
34 71
85 81
72 181
37 43
87 175
54 111
45 91
31 16
23 73
56 29
51 139
40 33
49 131
24 165
15 38
79 75
71 56
76 132
36 38
35 54
17 93
14 168
67 45
38 26
72 174
20 162
41 166
13 175
38 48
92 88
50 54
72 19
88 99
16 149
68 149
90 174
20 169
44 58
29 138
19 135
18 132
30 89
34 146
46 14
14 45
58 82
62 46
27 10
47 75
62 106
28 163
97 99
99 65
31 180
65 43
35 147
77 53
38 84
96 110
25 195
66 194
70 55
19 179
66 17
74 26
24 88
86 59
46 155
13 146
28 128
60 69
20 166
79 144
37 144
39 151
36 20
42 35
75 195
45 133
24 78
38 181
26 173
11 155
24 143
28 104
52 101
12 157
69 140
26 150
17 165
65 21
67 65
92 84
65 72
89 127
62 200
70 140
94 159
94 142
55 38
13 184
17 51
21 39
50 83
34 86
10 123
54 88
13 177
62 81
90 190
64 32
30 148
46 183
75 122
48 29
69 13
80 145
74 186
14 79
45 197
72 149
44 95
66 118
24 188
32 132
31 39
18 189
35 182
45 105
10 139
29 119
51 126
61 41
15 81
92 22
20 87
12 186
42 188
55 65
12 136
23 28
79 16
55 187
92 30
13 135
90 15
24 124
47 151
72 86
94 86
19 99
80 81
75 157
97 32
67 110
22 30
86 167
27 156
94 68
84 44
11 157
45 90
30 23
17 56
51 62
55 19
31 117
89 58
99 193
78 107
10 81
62 29
43 198
43 191
51 173
50 80
16 117
85 31
84 191
28 51
56 53
11 25
23 185
73 55
55 187
40 79
94 123
58 128
87 117
27 198
34 187
43 61
15 59
67 33
73 194
77 114
38 191
59 28
85 46
26 174
90 69
48 112
64 184
73 146
13 192
79 54
20 64
68 102
56 31
31 175
90 44
63 105
93 61
70 31
61 18
33 141
96 90
86 81
84 148
63 39
65 182
24 138
70 10
17 171
87 200
97 90
53 77
57 89
34 108
76 46
66 148
88 15
87 96
36 145
86 125
20 173
47 56
42 164
87 184
48 101
40 145
12 47
57 166
83 162
39 80
83 32
74 29
72 99
43 137
46 170
50 38
86 180
62 96
57 176
29 120
75 62
93 78
96 99
52 47
10 172
53 102
38 180
52 54
93 79
61 134
30 41
48 34
88 68
86 175
11 21
57 153
27 172
69 15
69 130
17 164
55 14
14 118
93 52
46 105
58 142
22 183
60 22
10 15
77 149
46 158
54 118
16 76
58 175
47 193
49 146
85 197
30 66
39 155
99 97
97 51
88 110
14 32
86 84
49 46
55 39
94 35
94 147
70 80
75 172
68 48
77 50
70 89
58 192
18 36
37 116
28 138
39 145
26 182
92 19
95 72
12 86
98 38
88 188
100 166
53 193
93 98
36 91
79 183
25 65
93 13
17 129
84 39
97 123
79 91
27 103
50 192
23 93
41 33
85 172
81 83
61 46
20 49
89 192
33 53
39 83
73 70
90 19
10 75
19 176
91 63
14 153
73 79
95 139
45 160
44 135
71 95
15 57
99 141
87 178
24 139
10 62
26 63
96 142
93 24
21 128
95 40
39 187
59 161
33 33
30 35
36 175
80 150
88 76
89 113
100 96
54 127
52 72
53 62
12 151
69 165
44 165
92 194
83 126
61 97
61 117
36 128
88 86
28 156
84 179
66 27
35 132
100 65
96 145
41 73
14 36
74 18
25 76
22 163
32 199
66 162
33 25
33 28
61 178
11 75
75 86
98 74
40 58
94 55
66 112
50 110
50 190
73 151
96 141
79 100
74 185
27 76
54 162
70 123
18 111
66 138
92 80
10 49
22 197
75 164
99 56
12 45
92 35
30 144
76 121
85 127
60 116
99 149
69 108
72 81
55 59
23 50
90 86
86 100
34 195
43 180
37 172
33 151
73 54
33 185
69 149
50 91
