1000 500 10 200 10 100
89 71
12 165
99 143
70 122
19 149
30 94
87 162
85 27
73 106
57 73
66 38
45 194
42 25
28 121
74 86
67 27
45 134
17 116
58 46
76 44
33 68
17 12
39 171
67 14
38 36
94 114
20 25
90 179
17 71
69 12
58 73
97 95
94 54
35 94
97 38
18 118
23 56
94 138
70 185
70 114
37 63
19 97
18 126
15 152
16 18
97 156
99 27
20 100
77 73
61 174
63 134
56 40
11 34
44 49
100 132
86 50
30 194
90 106
57 56
54 149
69 34
43 158
23 167
76 113
52 86
25 174
22 191
97 43
74 173
47 76
97 79
25 111
44 119
73 12
100 86
70 50
84 78
51 174
73 100
49 96
70 16
45 38
89 73
95 64
34 188
89 162
82 90
65 151
72 100
33 185
16 126
55 108
22 76
49 38
40 180
63 185
15 14
45 14
56 128
19 157
88 20
28 194
66 11
11 98
73 118
25 100
43 150
32 37
29 79
95 57
76 32
22 87
72 99
37 171
12 172
25 176
45 67
76 81
79 134
54 182
27 94
83 85
93 79
70 103
39 21
34 71
37 36
48 115
19 61
44 163
75 33
65 13
55 128
36 171
34 118
91 147
12 55
66 88
41 178
70 115
15 176
91 77
56 123
95 148
29 110
76 27
50 92
13 45
52 148
98 115
37 179
81 110
24 104
51 169
51 23
78 93
30 80
52 21
22 185
94 20
92 90
35 48
80 80
16 13
49 132
98 127
92 191
31 156
95 47
23 19
99 51
55 92
75 83
20 181
59 83
44 173
90 50
62 179
79 138
54 183
71 165
56 193
99 158
84 92
66 116
92 120
13 194
100 123
59 126
44 178
40 137
75 37
65 184
14 120
57 40
77 12
25 54
60 171
25 165
70 50
57 154
99 81
60 184
55 68
33 140
80 152
84 17
99 76
97 37
98 156
78 131
87 83
22 175
71 30
43 128
72 62
55 75
12 72
84 149
77 33
63 19
33 200
80 198
48 83
52 104
82 92
36 17
93 52
68 40
39 142
57 200
16 61
51 150
32 166
29 97
42 52
71 187
81 166
13 138
79 40
27 76
92 131
45 132
91 109
10 90
29 142
11 89
75 197
43 159
77 170
22 173
60 173
91 85
50 187
22 177
12 98
42 183
82 171
40 46
42 98
73 186
13 58
49 97
79 124
92 15
61 123
44 128
12 12
14 55
82 47
34 37
19 119
40 199
59 146
81 33
27 182
68 116
80 105
25 83
51 79
30 135
90 132
39 109
52 86
98 145
77 51
70 125
67 35
41 92
50 179
32 57
64 147
50 42
22 187
17 92
88 46
82 79
56 100
32 147
70 175
48 166
67 107
50 198
88 34
11 146
92 49
57 37
39 177
14 58
25 196
67 27
12 179
97 53
75 95
36 121
64 103
99 130
98 188
16 175
28 60
75 67
57 134
81 106
82 175
90 94
22 139
25 54
21 51
53 39
56 131
30 49
69 35
93 54
66 118
14 55
32 160
19 89
64 27
81 24
91 183
58 183
43 41
82 38
11 147
39 61
67 39
67 123
41 91
55 99
75 17
98 20
56 78
56 82
23 105
72 109
60 195
71 199
56 118
46 151
93 138
69 154
52 124
11 74
11 64
97 57
32 129
54 60
82 178
14 135
36 49
99 14
58 147
96 112
37 83
79 163
34 64
42 30
35 182
21 14
53 79
84 129
83 163
16 47
90 154
58 89
12 37
29 58
42 95
81 81
19 22
53 31
59 171
72 75
82 180
38 19
72 176
62 77
11 182
71 122
41 129
70 149
55 115
57 173
67 10
74 21
13 131
36 132
64 128
100 75
61 120
69 177
65 87
93 77
52 10
20 24
62 21
43 129
32 13
57 148
98 190
27 47
100 46
62 43
68 19
99 93
15 14
14 46
15 135
36 150
77 123
20 108
80 172
44 82
60 173
53 10
38 32
57 103
40 60
92 54
88 45
79 19
74 196
26 153
43 180
53 87
15 111
10 58
70 43
49 100
52 25
40 189
79 182
72 128
23 50
69 122
32 108
56 168
47 30
92 77
79 67
52 124
24 182
32 115
12 146
67 74
80 105
52 30
11 167
83 139
93 141
41 113
14 34
74 185
22 22
84 76
26 58
38 112
94 184
78 121
47 31
14 134
58 47
37 77
32 123
90 41
40 109
55 123
71 68
12 200
48 34
91 194
38 86
58 157
41 166
45 43
86 61
58 178
21 143
73 146
75 81
74 163
100 165
12 134
10 36
16 125
55 51
29 156
78 66
68 19
28 32
12 39
68 40
27 25
62 82
75 104
70 183
40 132
30 163
93 192
11 42
32 94
21 77
92 33
44 26
23 177
79 106
45 143
39 66
25 175
70 186
80 91
92 156
61 136
69 144
96 151
68 64
42 82
48 127
84 86
10 181
60 12
76 111
79 65
74 148
21 127
11 129
89 122
26 95
31 24
19 197
72 37
23 31
73 13
55 57
96 113
70 163
50 135
29 82
66 62
94 73
53 174
84 61
13 98
99 143
12 197
67 98
65 20
95 176
94 111
11 124
20 81
23 128
70 172
97 49
53 51
29 77
10 125
91 132
29 73
92 146
77 56
59 115
55 197
32 124
56 135
17 120
58 168
80 65
26 92
69 15
28 59
28 170
71 31
86 40
78 19
75 177
14 64
85 167
39 194
24 158
94 172
51 179
51 181
85 100
60 182
53 27
21 31
23 58
43 132
72 160
55 87
27 29
32 70
72 22
72 119
46 36
16 113
33 52
33 69
41 156
25 91
78 103
55 181
72 178
15 61
24 76
42 116
72 122
97 146
78 83
28 148
50 167
26 113
45 166
45 173
86 44
23 137
49 19
16 110
36 73
70 167
34 143
45 77
28 102
39 42
63 99
36 84
45 84
76 74
56 12
73 182
33 143
95 174
71 57
100 183
76 88
11 103
34 75
59 150
41 14
29 164
63 185
96 180
61 77
41 130
99 155
11 117
52 73
21 72
22 39
74 61
97 25
14 181
37 146
54 79
68 134
78 118
81 101
28 30
62 185
28 70
25 104
99 58
41 110
97 108
10 18
21 77
24 157
98 158
96 31
36 95
77 91
47 95
95 122
70 173
94 86
32 88
71 62
92 169
57 122
72 101
75 79
17 198
25 69
95 150
19 182
91 66
51 91
23 99
18 109
54 174
34 147
36 18
61 42
22 160
69 96
65 106
85 94
87 23
93 57
74 64
27 51
14 168
17 93
13 10
27 127
80 30
88 58
62 93
86 36
55 65
38 147
15 109
98 85
76 14
89 129
55 37
29 200
37 146
94 60
14 106
15 143
78 93
15 176
94 102
83 49
62 145
38 162
33 47
38 19
42 22
64 131
86 130
63 43
72 44
33 43
83 113
22 87
84 188
69 171
72 85
96 90
63 27
71 118
21 109
11 150
79 87
58 183
11 33
93 81
84 153
12 51
54 134
43 61
96 12
85 32
16 86
70 151
66 175
72 11
39 39
48 27
54 76
34 122
69 69
45 178
96 173
35 78
24 191
95 50
32 195
39 123
22 28
24 196
93 176
72 120
21 192
55 142
31 181
74 178
59 100
96 83
18 27
20 191
14 102
96 200
47 125
83 20
88 18
16 157
46 55
28 42
14 57
76 104
15 59
80 121
75 59
34 64
22 145
70 84
12 85
16 198
16 49
78 164
49 44
91 85
26 41
95 127
44 112
19 160
37 124
29 153
81 95
11 71
52 62
72 119
90 93
20 181
84 146
16 11
35 86
33 70
14 46
89 27
15 38
51 109
50 78
60 169
77 91
76 24
86 49
90 123
42 93
88 87
13 47
65 19
90 18
43 62
33 87
58 193
83 77
87 111
32 198
32 151
61 175
44 74
61 142
38 147
86 90
73 63
72 133
81 93
79 185
71 39
99 67
93 30
81 167
83 122
42 54
28 95
65 59
93 43
48 168
73 47
63 56
75 27
89 16
49 164
87 99
32 84
56 45
83 134
57 56
56 19
87 162
45 142
52 85
84 55
75 198
76 143
17 14
26 53
22 92
27 54
55 199
47 180
27 53
54 68
64 12
63 22
90 25
55 28
52 172
84 187
48 156
17 65
25 111
68 45
15 137
53 26
88 39
24 191
35 153
42 26
30 170
39 141
56 35
13 129
76 54
78 18
99 67
85 13
35 193
68 183
91 129
53 86
64 70
46 84
88 191
96 190
36 172
80 188
35 133
97 46
32 32
77 199
76 161
61 78
30 73
57 104
56 125
15 193
30 122
26 29
46 20
25 93
99 14
71 10
41 187
87 136
21 135
47 141
41 180
13 71
42 113
89 65
60 167
25 22
99 169
50 21
15 94
33 183
77 196
91 57
78 74
33 66
57 161
93 116
84 38
65 183
56 164
68 169
11 117
65 61
77 65
61 108
50 19
48 48
40 117
87 40
32 100
78 33
43 116
83 21
29 160
97 106
54 85
98 96
100 98
18 121
