1000 500 10 200 10 100
84 92
100 180
81 13
31 66
27 140
42 66
36 82
22 26
35 73
82 70
97 96
52 172
62 190
19 50
18 167
84 167
69 112
65 148
93 90
60 80
37 26
76 154
86 39
39 157
70 169
54 45
21 90
91 133
67 39
18 134
92 94
29 75
92 45
99 155
33 26
94 166
67 14
95 152
37 89
80 179
43 147
26 134
83 51
80 128
70 105
41 97
96 174
75 38
98 28
34 156
48 61
99 99
67 41
19 142
25 194
53 21
76 133
65 189
39 78
23 97
85 22
76 184
68 20
84 195
40 48
86 96
14 94
82 176
76 79
27 88
43 58
65 56
93 89
83 198
26 195
46 151
13 121
44 24
25 169
35 183
51 12
86 128
21 84
80 64
75 64
95 69
30 64
42 115
42 194
98 121
36 50
22 70
19 27
63 136
90 136
97 24
80 186
49 78
12 110
95 89
78 97
64 98
66 107
38 115
36 158
19 131
32 118
18 12
95 96
46 165
76 78
78 14
77 164
63 167
98 58
35 59
63 25
54 139
84 171
80 65
70 122
89 192
37 199
50 19
30 176
16 160
81 175
68 128
64 112
53 33
95 184
16 127
67 51
93 164
95 131
40 16
77 58
20 126
24 23
36 184
46 109
95 63
42 151
91 42
100 141
74 44
39 161
30 167
57 69
63 67
10 193
69 64
75 93
82 140
39 137
34 116
29 89
17 140
97 193
20 114
59 37
15 80
43 130
46 43
11 20
95 10
19 17
80 97
96 87
36 27
48 173
62 80
41 145
27 112
84 13
87 92
91 185
46 72
82 52
77 125
99 48
48 131
88 54
54 167
58 77
70 167
94 182
25 144
16 100
80 85
50 93
12 155
75 173
28 35
85 143
56 120
29 118
53 58
92 91
15 114
94 74
62 50
59 161
39 194
36 60
35 175
91 89
71 64
77 168
38 97
46 60
97 135
58 79
34 151
99 52
51 161
67 157
43 184
97 15
61 20
43 77
25 52
23 157
52 38
91 16
13 78
81 176
55 55
11 39
40 58
35 104
19 19
10 19
34 20
77 192
83 124
71 58
96 46
10 94
91 173
28 21
27 179
20 96
91 85
69 73
38 28
65 141
49 70
52 74
62 40
21 166
91 146
59 142
83 50
88 79
12 127
29 106
30 99
19 173
68 117
95 128
34 56
97 16
78 62
64 40
30 180
91 45
20 41
23 129
24 35
28 137
69 110
64 78
57 34
63 194
67 131
19 120
70 10
81 115
17 50
94 144
73 186
64 167
50 179
38 142
41 115
99 177
73 133
53 44
51 139
43 141
80 170
61 68
21 31
49 54
39 162
72 135
81 189
47 186
30 39
48 23
10 195
78 11
61 88
56 105
53 138
72 130
59 141
34 99
45 160
52 76
69 174
39 90
66 167
87 173
31 192
10 15
88 29
58 157
62 96
67 168
57 142
90 175
41 84
38 87
49 59
13 199
20 198
74 17
34 154
25 13
48 188
77 176
93 48
36 136
92 37
75 11
85 21
16 94
77 71
55 173
78 168
51 166
53 81
27 172
75 174
86 24
20 185
10 191
12 143
74 200
83 73
96 161
66 31
45 23
10 47
75 34
10 200
83 22
40 184
84 128
58 160
80 141
10 153
87 41
69 100
60 87
25 85
34 113
75 137
76 20
76 155
69 32
66 78
83 56
67 28
63 40
51 159
99 187
38 145
17 197
62 80
65 73
93 165
57 83
76 145
95 119
37 171
81 119
31 197
15 122
83 183
66 46
64 189
92 74
67 72
15 43
46 187
96 119
77 126
59 74
92 106
19 35
33 145
38 137
17 131
97 179
64 53
40 97
43 91
36 187
84 52
28 117
82 148
21 12
45 70
26 179
39 103
72 64
43 170
71 10
59 70
19 56
82 69
57 167
35 104
78 125
95 25
55 197
35 111
88 81
89 141
24 159
19 106
80 102
66 56
18 187
16 125
54 73
31 198
67 178
64 35
81 90
94 178
88 35
91 129
15 104
95 177
60 102
32 97
19 170
43 141
65 81
63 42
54 93
74 195
19 152
72 184
49 91
79 141
100 94
64 66
65 151
51 71
79 160
53 90
23 145
33 129
52 130
51 181
49 191
33 104
14 47
10 197
76 92
42 88
11 27
97 185
71 200
80 64
74 57
91 109
89 18
29 38
79 21
89 194
47 36
38 188
69 27
58 45
71 164
73 151
12 89
91 193
70 35
21 90
73 44
85 96
42 71
54 55
36 155
92 127
17 179
40 120
22 142
74 149
41 121
72 131
68 79
69 132
49 23
35 176
45 55
35 165
39 17
15 41
20 79
54 186
80 116
57 74
35 81
92 176
29 157
25 24
78 72
24 129
26 11
91 176
75 19
56 37
57 149
31 200
20 48
11 96
22 112
99 33
95 196
29 28
69 148
10 199
27 32
26 117
81 74
21 146
49 32
22 121
44 63
44 42
35 149
99 98
20 111
47 86
13 142
82 101
63 181
72 122
22 47
39 80
22 143
11 16
34 19
74 181
73 91
77 16
16 163
98 133
34 26
84 191
26 157
63 113
63 11
75 162
76 107
68 172
72 100
49 58
99 126
44 194
30 95
32 67
48 127
15 165
44 30
26 144
71 90
56 136
30 103
62 152
52 173
84 71
15 122
89 195
98 192
39 98
97 19
33 177
98 189
88 100
44 140
56 16
100 135
54 132
49 84
24 81
90 27
84 141
46 104
99 52
59 145
41 193
52 138
16 134
56 154
81 156
61 111
20 134
55 171
42 117
71 161
65 122
71 151
54 161
74 188
13 162
97 164
58 108
63 167
88 49
21 108
99 35
75 11
85 76
36 69
39 47
89 192
56 51
96 43
29 18
70 36
72 175
84 145
68 136
46 157
55 76
39 23
82 96
78 82
49 39
99 189
64 183
89 57
63 166
37 57
70 111
31 165
25 140
23 11
14 64
54 71
70 67
82 31
50 143
71 180
80 88
31 70
73 192
17 137
57 198
71 152
57 134
74 59
23 46
72 160
99 63
93 30
62 149
73 116
86 20
18 86
28 85
63 33
65 63
81 76
30 19
54 33
60 133
11 15
30 178
16 91
52 17
50 194
35 197
32 69
72 25
39 148
86 113
99 41
78 175
79 69
46 124
37 127
13 18
85 69
28 141
16 47
52 83
91 147
86 183
51 108
70 173
64 142
89 48
22 72
94 102
64 197
78 89
52 94
83 98
68 105
44 125
88 29
84 26
63 77
17 195
96 28
47 75
48 96
38 178
91 148
69 155
79 117
62 110
80 152
74 198
62 80
21 42
58 120
81 87
43 56
78 37
81 92
52 79
12 37
97 179
28 169
27 162
64 166
44 131
76 90
44 17
42 72
95 103
67 97
64 43
80 105
56 84
72 163
42 17
94 52
83 186
19 119
72 140
78 17
70 45
40 20
62 123
76 114
25 107
84 27
60 189
73 10
77 130
66 68
71 175
64 144
34 142
53 129
100 181
65 164
91 78
89 90
30 77
61 38
61 49
77 136
61 167
79 143
100 165
100 54
56 132
76 122
89 72
94 167
66 30
19 89
70 126
25 133
63 17
88 20
74 15
87 127
66 148
79 111
62 91
51 73
57 186
14 107
62 79
33 121
73 26
90 41
95 23
85 179
44 124
33 98
89 179
22 166
37 127
35 60
86 74
22 29
55 152
79 129
41 21
50 141
61 71
25 192
61 157
65 126
34 181
83 52
23 103
83 129
49 105
55 36
46 146
31 50
11 25
24 161
27 39
26 64
58 95
50 28
95 46
30 144
73 33
58 199
97 47
53 146
11 150
34 133
83 71
55 35
71 141
42 135
88 108
83 114
53 87
70 66
18 121
28 162
55 38
30 70
70 109
14 39
89 32
71 165
63 134
17 23
49 197
74 87
61 180
88 119
60 190
13 32
64 27
48 75
24 144
77 143
59 186
54 144
89 133
71 144
57 141
74 174
80 148
85 63
75 117
60 36
83 21
55 37
65 65
17 105
41 82
62 95
45 40
90 96
46 181
75 72
91 40
52 80
67 162
81 149
62 170
82 28
20 55
97 18
45 170
16 131
69 195
66 130
90 97
37 41
32 99
46 20
31 183
10 128
41 66
82 65
75 73
54 15
52 151
77 50
35 170
63 15
14 39
97 20
92 195
84 25
53 188
90 21
70 137
24 157
34 15
58 49
21 117
10 17
32 111
12 31
24 71
50 66
11 183
22 48
88 161
32 91
78 110
30 140
28 63
12 82
93 130
68 158
41 40
29 126
62 66
20 42
50 195
21 49
24 17
60 176
46 162
58 138
21 181
24 151
38 185
99 123
56 187
50 196
50 111
14 179
53 90
58 115
92 175
61 105
56 40
70 194
57 182
68 84
21 51
60 27
25 78
32 184
77 86
76 124
94 122
100 175
20 157
57 151
80 43
71 156
28 149
80 109
75 101
42 135
83 17
89 190
13 136
33 184
83 196
78 29
95 31
