1000 500 10 200 10 100
53 85
46 147
99 17
99 94
73 73
92 64
90 164
70 67
49 32
10 78
18 58
90 195
93 148
66 52
96 65
79 113
99 63
82 159
60 11
90 154
58 196
71 149
14 15
17 119
37 31
89 99
26 140
31 62
20 39
21 123
10 88
71 100
31 106
59 12
85 123
84 173
82 186
98 121
85 170
92 49
39 48
57 114
22 75
64 88
81 113
91 43
81 80
43 132
66 182
100 105
93 134
64 88
91 63
76 153
82 60
50 67
11 174
29 98
91 180
45 166
74 30
16 104
13 153
19 97
95 13
36 83
17 113
78 99
13 182
91 42
20 65
22 151
54 91
34 99
40 46
32 174
21 84
75 178
41 126
46 184
72 111
38 132
25 70
94 33
59 94
85 82
78 177
98 199
92 94
82 172
17 174
15 18
22 45
59 107
80 82
41 133
30 190
83 50
38 107
45 123
23 129
73 183
79 49
38 17
54 122
18 85
95 146
96 166
56 122
23 185
12 27
39 30
40 194
48 87
14 134
18 134
65 26
89 33
13 141
67 42
17 41
89 170
14 53
71 11
55 72
11 12
55 125
97 95
69 115
16 40
81 25
71 167
22 146
42 141
40 52
54 161
54 111
11 125
43 109
72 162
19 112
99 60
67 41
11 167
56 161
25 60
50 37
88 61
45 37
58 81
46 186
38 196
98 183
11 115
28 68
82 84
10 85
54 28
55 122
56 105
80 35
53 103
56 193
45 57
24 168
83 143
58 181
66 93
67 81
11 98
41 96
75 131
44 149
61 130
37 177
53 165
77 33
90 130
90 43
41 90
43 126
80 153
51 183
62 91
13 65
93 24
27 172
92 144
49 137
12 11
76 164
100 181
68 55
92 57
76 109
78 110
100 159
26 131
56 142
58 26
58 43
73 170
35 50
89 168
33 29
67 134
26 158
13 24
54 68
58 135
27 198
91 193
45 119
67 141
48 179
67 79
82 63
88 70
57 173
44 102
84 197
41 29
66 184
10 32
94 126
55 18
46 22
54 144
15 168
36 36
51 86
65 10
32 166
56 42
45 98
22 174
53 182
45 92
52 79
44 38
94 92
35 161
51 69
75 79
15 180
25 25
93 54
97 25
86 86
58 169
96 36
11 111
77 10
74 48
46 150
80 96
23 134
86 180
10 152
73 72
23 198
26 39
30 125
85 82
81 168
52 49
65 36
41 77
17 165
77 129
38 181
99 190
79 115
68 151
98 48
85 40
44 144
81 108
39 180
87 112
60 52
49 163
100 122
73 171
47 166
22 44
60 158
43 103
58 23
70 151
58 110
30 119
35 94
74 155
28 28
38 19
52 60
18 13
74 54
20 102
48 95
66 199
97 12
52 137
64 189
63 98
46 89
84 185
83 77
90 67
71 48
95 199
20 114
27 92
11 29
21 21
77 141
63 179
39 156
80 180
42 45
85 86
25 128
50 141
79 31
25 133
19 119
24 180
40 176
84 12
49 76
97 154
88 78
88 193
26 91
36 189
63 92
90 94
42 179
57 57
85 77
22 90
99 132
40 39
85 152
32 125
34 100
48 55
40 53
38 22
55 62
68 82
38 119
13 198
13 44
43 118
85 56
45 140
82 111
75 108
14 55
52 124
42 144
49 134
41 60
82 143
59 168
20 100
60 33
20 195
36 18
13 22
99 154
58 64
93 144
62 160
46 37
88 155
73 74
14 11
31 77
15 79
89 11
29 143
56 133
27 114
83 71
20 26
86 101
77 100
70 64
38 54
21 155
48 128
32 130
50 186
91 94
49 62
88 77
43 142
61 154
43 162
44 25
40 60
91 81
60 172
61 52
66 70
84 67
18 68
72 161
22 14
84 152
95 184
29 105
31 72
88 24
40 94
87 33
67 146
94 137
37 61
31 155
43 198
23 131
20 52
26 131
10 159
83 135
88 145
33 89
100 110
90 61
59 154
26 182
53 179
96 60
28 120
52 173
85 69
66 26
67 16
43 180
99 73
62 151
45 188
58 45
22 154
90 136
22 172
49 50
80 57
24 11
79 126
21 128
48 98
75 140
77 135
72 113
87 76
24 37
35 92
82 174
72 182
34 187
95 69
29 146
71 148
88 127
63 164
66 101
39 42
69 10
47 171
98 187
81 167
18 123
100 109
69 160
79 48
17 86
28 194
63 67
33 22
92 57
11 82
13 81
50 10
26 125
66 38
75 61
51 169
14 96
53 91
74 10
28 44
20 58
34 152
90 190
39 121
60 183
92 16
52 151
89 10
45 30
45 30
54 54
19 77
90 110
85 17
10 109
98 40
50 101
10 116
42 189
73 171
87 95
72 78
22 14
60 155
68 129
84 129
43 17
34 114
17 176
12 70
21 38
82 107
85 103
16 64
37 93
35 84
23 11
15 45
20 74
100 84
22 40
53 167
38 52
58 198
49 66
70 146
23 158
38 24
49 87
95 164
77 124
53 170
80 21
79 175
77 70
85 78
23 127
25 160
31 158
50 39
87 25
83 109
23 50
23 77
55 44
91 141
92 100
38 127
56 158
78 40
11 193
38 141
52 187
66 131
80 57
96 158
78 180
65 89
89 32
15 190
49 18
45 68
40 83
65 63
43 107
71 81
57 23
23 84
15 133
35 165
48 187
13 96
62 32
70 38
63 175
64 155
34 170
59 135
72 28
12 106
72 103
66 90
90 41
80 159
21 190
97 19
52 90
37 186
31 124
17 32
35 64
11 103
33 21
77 76
36 69
26 30
69 170
25 122
78 95
33 18
26 48
10 105
82 145
72 105
51 148
12 179
67 127
51 35
64 153
11 21
23 73
88 196
26 164
57 65
25 42
45 178
62 112
63 73
52 15
100 138
83 117
85 155
15 63
57 25
16 103
23 70
39 112
65 29
84 27
11 169
54 191
57 195
98 71
11 172
60 56
96 73
29 68
99 50
15 51
20 148
13 114
95 131
14 96
50 135
33 78
13 15
50 92
45 184
86 88
12 73
64 85
94 141
78 198
71 86
47 68
21 183
31 63
45 41
28 108
76 105
89 113
28 88
92 131
92 192
27 69
75 165
55 43
64 131
24 130
32 102
31 83
28 13
66 41
77 107
65 54
36 159
85 134
99 173
34 152
70 73
47 49
32 199
67 177
78 136
36 179
95 116
60 133
63 19
93 198
63 125
45 141
26 198
97 142
77 129
68 156
35 147
81 73
60 100
59 117
81 168
54 84
95 169
68 46
46 193
50 116
33 85
51 44
85 143
64 97
84 112
98 107
90 47
28 25
42 41
40 184
78 49
68 126
51 74
83 39
49 196
49 49
88 45
22 198
90 103
33 70
24 136
45 86
24 160
15 132
94 55
86 21
84 173
97 124
42 120
75 169
82 142
54 40
66 135
41 176
58 143
81 65
10 34
92 95
42 63
88 175
97 177
22 194
79 188
30 61
15 114
93 66
71 58
56 53
28 189
44 43
67 63
65 53
94 38
44 93
16 177
77 21
57 118
99 146
62 166
10 34
77 25
16 146
18 52
91 100
65 38
65 184
67 30
51 22
39 164
49 184
33 16
11 137
68 31
33 51
45 100
49 87
96 31
77 54
34 64
93 125
18 77
74 26
40 134
89 190
27 179
13 104
69 20
47 131
31 157
19 49
19 91
95 15
68 192
34 175
92 193
44 181
74 29
92 10
87 58
35 95
33 15
16 42
60 72
28 79
40 180
63 119
50 66
71 173
82 195
25 125
21 90
90 100
31 124
14 107
23 133
74 51
31 11
91 175
87 91
78 114
10 184
84 152
51 168
37 118
12 137
22 192
11 160
79 148
99 12
93 99
76 67
74 116
100 67
40 176
37 178
29 61
11 155
94 200
20 193
92 105
35 172
16 168
32 200
22 58
32 182
22 12
34 130
58 151
51 30
36 10
22 36
68 181
21 109
28 124
98 142
60 52
41 158
22 88
15 146
10 34
57 104
88 188
63 144
68 86
50 85
44 16
11 161
38 113
79 20
97 13
46 98
98 87
40 86
94 56
62 122
35 171
33 106
52 92
75 139
52 79
29 77
93 168
50 116
97 140
93 150
57 100
67 42
69 137
82 185
58 184
73 84
14 143
21 156
99 72
83 24
26 174
90 48
86 140
92 65
75 124
39 88
77 118
93 65
18 81
24 58
33 145
11 41
99 111
10 133
25 125
64 137
47 60
13 62
62 173
69 113
96 166
21 175
19 132
34 150
95 100
46 68
88 130
18 143
76 107
63 58
54 22
86 143
86 12
77 85
100 155
74 136
59 10
84 26
14 161
11 157
72 186
80 94
47 157
62 191
59 124
67 108
94 76
56 30
57 88
25 97
85 115
69 175
53 133
28 68
40 179
19 166
30 83
24 101
56 130
98 116
53 173
33 10
33 107
78 117
29 148
53 48
62 57
10 189
44 57
25 117
12 116
38 43
40 175
16 72
44 47
54 169
31 22
49 80
74 22
50 125
36 43
96 44
85 199
55 114
