1000 500 10 200 10 100
41 12
39 157
43 51
57 67
62 92
81 165
52 30
44 179
70 111
16 106
96 46
45 165
64 15
69 176
95 187
43 13
86 78
48 138
26 42
70 47
81 60
19 108
78 193
76 119
53 116
50 87
49 132
16 40
59 148
78 44
50 187
41 166
45 28
71 195
53 119
92 197
81 87
19 92
71 12
77 195
30 47
25 113
11 167
34 149
59 171
30 113
75 51
14 43
57 193
87 142
69 91
88 145
96 86
79 90
45 60
96 49
71 31
51 88
59 117
50 168
94 41
33 65
48 171
95 186
66 126
59 118
76 109
54 49
96 89
90 138
40 57
23 58
23 151
91 87
93 162
43 166
26 147
72 97
20 119
23 101
64 31
81 94
34 71
64 181
74 105
77 133
56 117
31 51
71 116
94 146
68 26
66 92
20 154
12 79
57 104
77 128
50 10
67 122
98 188
56 65
38 20
92 66
39 190
15 16
51 79
80 194
89 85
56 58
36 129
46 122
90 142
19 171
86 104
66 35
98 15
17 196
62 99
35 188
74 11
17 14
92 190
87 167
85 127
96 147
17 186
56 100
70 130
90 91
96 196
38 159
30 27
98 71
97 58
36 25
79 73
48 131
83 70
67 172
83 155
41 64
20 199
50 111
69 68
89 197
47 129
73 86
78 153
12 83
55 195
98 104
88 161
20 187
86 165
91 39
56 119
21 104
34 91
64 90
53 28
20 11
32 84
20 115
70 56
91 103
68 130
11 153
49 53
79 155
52 140
55 193
53 121
27 19
80 145
88 172
87 28
76 153
98 83
34 195
25 77
46 192
65 116
93 152
22 126
91 19
57 135
78 158
11 120
94 101
93 88
67 48
42 45
13 52
45 80
23 69
15 156
97 187
60 48
37 51
77 67
15 95
27 85
49 90
41 40
26 81
40 53
66 90
79 154
28 50
61 191
37 24
17 12
90 61
39 184
55 80
62 176
55 63
96 38
77 76
53 146
24 52
94 110
72 142
12 85
12 109
48 134
83 66
25 147
75 30
69 41
39 192
96 86
25 110
95 40
81 48
12 145
47 39
92 43
84 130
25 153
20 15
78 152
71 45
44 32
64 49
27 200
87 114
94 106
67 43
21 190
52 156
59 14
35 32
24 179
97 155
58 181
56 39
25 75
82 74
62 174
63 173
56 166
18 101
14 99
91 73
76 58
55 67
84 58
37 99
52 41
92 179
94 58
34 187
64 126
31 42
69 186
76 115
50 90
26 87
76 162
87 111
11 192
92 94
38 79
47 75
51 81
42 165
38 83
16 95
89 55
89 142
38 153
88 34
64 85
85 65
74 83
43 78
29 178
61 113
52 190
53 200
52 53
54 42
67 158
89 169
51 76
29 86
94 11
19 105
21 65
87 166
82 147
23 34
17 28
74 192
88 137
70 121
27 198
73 127
37 123
93 11
92 50
19 61
29 41
96 171
75 137
41 78
29 192
73 51
82 60
12 48
79 77
62 188
12 133
43 73
49 54
70 88
47 28
78 179
97 116
76 190
73 106
44 170
25 181
44 129
70 96
29 49
35 148
61 103
32 163
29 171
82 106
27 144
30 19
11 196
86 114
14 21
48 73
66 108
71 44
22 105
63 25
96 159
40 171
79 110
66 70
50 184
50 172
29 90
25 93
50 150
62 91
75 16
55 185
25 28
20 185
19 192
32 89
24 38
77 32
41 36
55 61
43 81
10 180
65 35
46 68
43 69
22 179
60 125
65 55
47 34
12 88
11 82
41 188
13 70
72 92
67 125
41 149
21 167
24 178
74 22
98 20
21 185
79 191
41 196
46 73
35 96
13 45
90 185
14 122
15 87
53 185
56 148
34 28
41 83
60 149
62 41
76 189
30 192
45 168
67 67
55 37
83 35
81 165
56 140
81 86
42 112
49 27
33 24
72 38
75 62
32 37
41 180
63 152
14 48
39 179
96 172
26 80
60 101
66 60
63 142
84 56
32 49
45 147
22 152
18 195
91 175
39 141
92 69
10 147
16 33
31 33
40 153
96 44
61 137
59 105
60 51
71 145
81 67
53 188
22 88
96 66
19 35
52 16
81 88
60 22
98 99
15 127
45 139
81 117
79 77
36 166
34 185
91 52
12 23
24 104
58 21
82 154
99 156
31 152
92 156
45 167
79 199
80 118
68 99
35 56
53 69
91 106
58 166
100 139
24 200
92 101
50 24
93 100
22 57
43 36
57 36
19 101
82 130
65 15
12 109
11 16
14 117
87 65
36 104
39 60
25 58
39 158
20 49
67 65
98 121
53 165
42 127
43 195
13 117
80 119
51 105
62 37
36 103
34 93
87 108
66 122
10 137
67 72
79 128
96 116
51 61
84 17
63 157
22 101
40 55
36 111
90 179
91 161
35 52
95 99
95 39
76 172
72 91
68 164
84 14
80 100
28 149
70 109
96 131
27 190
54 41
71 147
40 83
38 112
92 172
56 119
10 43
43 189
82 167
76 198
81 52
52 102
35 27
59 139
73 32
20 168
83 94
76 94
95 65
95 136
54 49
35 81
36 178
79 72
86 64
35 159
27 158
81 140
14 104
90 188
69 49
20 179
43 91
28 100
16 133
40 194
43 123
67 121
49 155
39 88
54 52
53 136
57 140
76 27
26 165
55 160
28 182
53 138
13 76
69 61
64 129
33 24
26 163
29 164
36 118
53 148
39 131
13 13
29 193
27 125
61 57
47 184
90 88
21 145
78 23
29 196
79 73
37 15
97 167
77 165
68 41
82 88
26 62
62 75
80 111
98 55
13 118
91 41
50 24
12 193
81 172
21 192
91 29
71 114
21 187
89 92
67 34
92 32
17 60
82 175
32 109
45 186
39 102
45 43
90 192
60 166
86 44
83 51
73 176
80 72
53 77
26 11
92 146
19 31
79 143
49 32
86 68
53 89
35 33
57 76
89 191
85 32
40 20
67 111
36 72
14 149
67 126
15 61
18 27
20 111
69 121
51 33
60 163
32 139
45 78
100 54
11 68
61 116
67 15
62 64
26 20
88 37
66 28
58 51
72 14
61 49
81 106
48 104
59 29
78 76
29 91
81 200
77 40
26 49
22 153
52 134
60 172
39 121
87 70
53 56
18 157
51 21
69 12
82 165
40 192
21 162
90 194
43 75
50 76
26 112
53 61
18 35
24 27
45 65
50 151
58 196
92 50
100 182
52 144
41 117
40 198
94 61
61 40
48 68
49 62
26 191
49 37
21 179
88 184
27 154
44 189
86 63
37 178
49 103
29 33
77 100
49 110
41 87
61 77
10 112
60 136
18 64
14 140
79 39
39 120
29 102
33 154
25 159
17 43
56 74
61 114
49 153
20 115
100 198
76 174
87 133
80 55
51 94
79 52
38 130
78 127
98 92
80 30
25 12
93 145
22 163
57 62
17 116
95 144
91 192
33 66
22 70
36 134
12 96
46 120
38 181
51 91
79 117
10 156
16 17
27 39
47 171
97 107
95 101
77 21
78 11
26 16
65 179
16 68
19 137
61 134
30 45
90 33
32 191
55 115
46 79
74 189
100 56
53 148
24 180
43 61
29 36
45 117
27 29
68 123
57 196
90 117
30 114
38 14
69 142
97 123
72 85
51 104
95 50
28 122
77 53
64 75
36 62
44 129
12 200
96 80
84 120
90 35
64 150
72 172
27 171
54 145
92 27
23 53
14 111
58 131
19 182
41 56
36 31
15 158
93 47
51 25
86 24
96 34
76 102
52 98
52 111
45 162
16 81
83 40
15 23
56 181
31 10
23 81
24 54
65 75
82 65
46 92
64 153
34 87
62 111
85 138
35 40
63 162
94 170
15 137
92 175
77 30
10 18
49 50
34 129
85 188
74 196
37 108
24 185
29 23
53 13
96 150
13 116
36 167
57 125
59 90
19 64
78 118
42 33
51 169
85 95
73 181
18 56
48 59
77 116
62 191
87 66
24 153
15 73
50 58
98 44
65 153
51 70
80 35
76 72
50 68
18 193
71 68
38 170
48 122
92 10
50 26
20 74
31 38
67 110
95 191
87 68
34 85
18 35
74 65
50 148
44 75
89 14
37 10
77 71
47 103
92 78
100 150
68 110
44 123
55 108
53 176
51 78
32 137
98 15
96 22
73 159
59 115
98 64
95 181
24 82
95 18
45 24
34 136
79 180
55 156
23 14
82 96
37 36
76 199
62 68
35 59
64 142
12 34
32 124
51 144
54 110
16 189
93 132
19 69
25 25
58 19
24 169
55 125
59 193
93 101
17 155
62 122
64 136
48 93
23 194
86 76
88 200
73 70
49 32
14 63
62 167
55 112
17 20
81 173
100 149
93 86
53 44
95 21
71 187
92 51
85 174
68 105
32 48
14 126
39 116
51 152
87 73
30 38
21 111
76 131
36 95
81 197
76 57
48 144
70 156
84 44
33 146
79 124
99 126
43 76
72 29
81 136
43 125
69 19
64 165
28 129
30 168
85 32
