1000 500 10 200 10 100
15 140
31 26
35 53
54 174
97 27
29 20
49 151
77 41
23 16
23 128
16 65
92 119
95 65
47 23
69 12
85 191
94 29
98 152
37 198
96 80
35 159
100 102
94 113
79 158
14 149
73 22
81 135
23 49
26 184
21 79
92 25
75 172
66 98
30 150
77 69
96 154
94 155
38 171
35 32
75 52
26 78
67 27
11 38
88 69
56 162
28 29
59 29
86 42
28 135
87 78
48 56
59 64
40 121
46 133
74 196
58 157
20 82
49 121
20 84
56 166
90 139
67 22
67 28
79 120
74 80
42 190
100 41
17 170
58 100
58 160
26 121
75 12
46 133
65 147
13 102
76 52
86 140
94 21
64 130
54 132
16 140
12 148
57 18
100 188
79 64
89 46
43 84
48 21
40 184
89 23
77 114
90 161
76 141
31 55
35 146
29 93
77 142
10 122
21 192
91 79
74 100
11 96
96 177
48 12
69 109
32 111
16 147
61 111
20 86
74 193
73 155
77 129
42 159
36 46
40 193
97 71
22 53
36 88
27 86
60 32
27 150
48 29
19 26
69 197
97 86
28 146
52 117
17 149
35 158
37 69
77 145
48 42
48 109
23 60
10 54
14 170
72 59
14 134
13 141
65 22
31 162
68 100
41 54
57 166
89 78
47 174
34 177
17 53
58 170
91 92
57 28
39 61
47 94
27 166
69 159
13 94
27 157
26 20
27 76
77 34
74 53
71 200
98 57
87 128
24 167
30 84
72 93
17 85
55 142
77 32
69 49
83 41
31 165
61 28
90 70
54 28
14 93
78 156
18 114
74 180
40 114
20 88
69 20
92 195
68 34
53 95
27 198
39 112
51 21
87 25
80 25
57 16
71 127
12 71
14 66
28 134
86 147
26 167
73 196
84 152
38 53
84 114
78 185
95 35
28 168
59 98
38 149
99 113
19 88
95 129
56 67
75 115
13 95
48 14
62 86
70 131
74 24
99 193
82 59
70 47
54 89
60 31
14 84
97 125
75 152
91 106
12 127
24 88
73 114
45 145
100 93
77 163
37 131
78 150
85 194
71 28
46 166
73 132
96 27
28 11
23 122
54 52
91 140
86 126
47 45
87 108
15 158
36 78
92 69
14 68
68 58
68 179
59 170
17 85
27 10
79 199
61 36
19 13
54 194
67 62
42 21
55 200
32 75
42 56
48 117
17 40
21 67
35 200
86 141
78 67
31 13
97 106
42 150
86 49
64 60
94 46
21 106
96 61
83 135
75 148
74 88
15 15
73 19
71 24
73 133
24 135
95 181
93 19
80 184
76 117
84 195
92 127
71 20
56 114
77 152
90 17
65 83
51 27
88 70
49 64
24 135
72 173
37 72
62 66
96 62
12 112
22 170
92 190
43 60
52 146
84 30
77 84
52 187
92 17
57 133
54 71
75 125
96 194
42 46
72 64
10 76
34 20
85 48
59 46
42 169
54 144
59 156
80 114
29 119
95 41
82 57
63 130
80 179
58 180
32 25
66 158
19 200
99 148
31 21
38 158
39 187
41 169
29 140
52 149
99 46
40 143
47 104
36 86
14 38
92 120
83 100
21 157
64 88
12 181
48 110
65 80
75 82
27 82
33 187
96 114
15 33
64 138
82 163
86 31
90 101
75 88
51 61
81 134
23 162
15 61
76 95
91 180
29 22
98 31
77 127
36 53
46 13
15 120
80 69
67 200
31 126
58 173
81 145
93 161
74 85
17 167
31 186
52 180
69 52
55 50
60 158
98 162
70 117
39 170
57 44
35 158
54 79
12 182
37 102
45 141
55 197
12 169
67 75
79 32
57 172
87 129
13 177
28 134
13 184
39 91
70 116
91 200
63 191
11 51
13 144
90 70
14 89
88 165
100 199
59 115
53 59
80 121
47 146
47 141
18 169
10 168
94 92
18 113
10 148
100 187
18 136
25 75
98 129
47 22
33 27
15 119
96 13
86 146
46 105
45 121
99 152
49 170
53 78
64 138
30 37
19 151
15 46
15 31
92 78
62 135
11 13
90 14
69 104
55 178
61 81
21 94
52 199
13 88
35 158
64 136
84 14
10 192
62 124
17 36
75 99
67 108
16 36
90 130
48 107
42 151
14 49
21 53
30 142
68 158
100 190
27 128
59 169
89 66
50 153
26 128
45 76
16 187
55 183
25 54
57 45
56 110
26 61
34 165
45 84
18 114
78 14
81 89
16 172
63 110
81 60
87 18
24 107
66 27
52 132
79 190
54 89
76 94
92 52
71 177
56 193
34 42
68 143
76 24
36 111
46 81
70 195
86 108
78 127
69 181
49 18
98 47
72 91
26 81
37 11
16 102
29 181
69 23
61 100
77 80
35 173
19 14
61 83
41 68
100 58
75 57
10 63
94 198
62 69
52 121
97 169
34 86
14 191
28 115
90 126
68 134
70 179
18 87
35 71
76 82
12 37
72 199
38 67
92 56
39 118
42 18
18 32
68 57
22 15
95 125
44 191
26 73
40 40
14 52
91 116
53 43
46 75
76 77
43 80
81 80
27 111
61 74
43 195
66 169
30 126
20 174
22 186
85 129
79 17
34 162
31 116
79 111
54 79
94 136
74 123
76 137
51 138
81 10
71 165
92 175
59 106
72 72
56 16
40 151
98 183
19 181
94 150
48 101
58 91
52 190
70 86
77 102
71 170
57 20
56 93
49 89
67 176
39 124
30 141
100 27
87 30
63 43
23 133
82 42
43 183
57 92
67 191
76 125
43 86
86 137
87 141
19 11
62 167
29 120
35 21
27 74
55 178
55 32
81 62
93 167
22 107
42 124
35 42
70 78
56 195
73 153
97 30
50 73
48 79
94 159
14 163
84 121
54 151
44 72
28 51
65 69
39 131
37 67
31 53
86 124
69 162
36 26
94 53
22 21
62 115
13 34
43 46
42 39
43 132
75 22
28 195
18 144
52 86
38 109
96 158
67 21
34 166
82 145
86 183
76 152
26 171
66 18
84 165
100 25
90 182
94 91
83 109
28 123
64 79
24 158
32 120
39 168
91 50
55 115
31 91
76 163
63 64
23 89
56 39
42 137
13 154
16 40
18 74
75 69
44 27
48 191
50 17
94 44
51 115
32 145
31 38
35 100
92 100
10 111
25 127
83 184
86 86
68 155
77 19
65 114
11 84
58 17
43 107
44 13
15 23
72 38
26 76
37 133
99 150
55 139
34 102
96 170
79 157
66 150
76 182
47 23
87 12
81 190
99 95
83 142
43 162
56 193
13 141
66 25
38 12
79 179
64 97
34 104
17 94
69 40
73 152
22 174
100 118
58 106
70 177
81 176
10 60
24 187
36 93
33 124
17 177
79 20
93 50
30 138
18 12
45 52
94 87
20 173
12 200
70 51
62 159
91 157
40 185
30 52
47 189
84 15
17 90
42 60
82 196
62 108
14 200
88 195
70 188
17 125
30 66
60 38
44 35
61 54
17 173
93 152
87 106
25 192
55 26
20 138
19 84
79 41
49 18
74 13
28 24
44 58
75 137
83 117
61 94
45 25
41 101
77 70
67 146
39 182
49 148
10 195
38 178
88 126
99 105
50 56
59 100
64 20
58 182
41 20
98 132
78 175
66 23
73 50
62 118
60 120
68 185
75 108
56 184
90 191
40 197
71 197
40 142
75 145
51 178
97 19
98 33
94 153
98 49
12 196
31 68
23 66
93 74
47 36
67 42
92 136
29 63
48 147
67 183
47 161
81 112
73 91
88 197
95 195
85 80
44 47
75 149
57 12
63 111
14 92
85 54
80 194
38 171
26 146
94 97
29 158
22 120
52 157
74 104
48 175
96 162
81 134
56 180
91 145
48 186
92 55
71 53
90 13
51 32
57 21
31 77
72 140
84 38
60 126
22 68
32 151
42 155
40 153
56 64
60 46
96 124
80 123
75 174
28 56
37 97
77 159
68 57
72 195
24 16
25 62
82 63
97 116
66 130
65 164
74 156
70 77
66 135
89 111
35 138
37 148
45 46
37 41
15 195
72 23
83 190
19 96
88 121
94 104
96 92
28 78
74 111
92 160
17 156
50 188
87 50
20 161
81 63
51 23
62 72
68 101
100 101
24 126
46 21
56 106
67 131
64 163
42 140
49 121
35 36
44 32
29 65
60 197
55 197
11 19
77 46
14 164
100 120
79 193
91 153
40 55
25 93
13 137
12 174
60 161
95 200
66 98
12 19
77 195
43 125
27 118
11 137
11 164
14 182
63 199
30 75
14 40
49 83
74 55
22 68
97 77
81 42
85 143
58 124
94 100
93 164
26 53
59 110
75 168
23 184
74 48
46 62
96 81
11 66
53 34
56 132
85 12
65 110
36 36
46 105
66 95
19 156
12 11
62 167
85 191
67 178
34 52
53 150
51 18
15 49
32 174
43 134
14 178
92 144
36 112
76 151
46 150
36 156
16 15
25 185
79 116
67 56
85 44
86 80
27 33
29 85
15 133
18 196
76 118
