1000 500 10 200 10 100
36 156
71 32
29 199
30 108
42 92
68 106
26 23
49 86
62 102
47 181
90 24
68 140
53 21
81 197
45 113
78 40
39 189
46 81
74 171
39 195
40 47
55 105
51 127
29 147
40 86
43 136
68 53
27 150
43 73
80 118
65 149
29 66
23 32
69 145
84 159
56 77
20 61
87 122
21 152
80 28
90 17
89 193
39 72
85 158
12 109
67 133
38 44
78 16
14 169
92 81
61 134
28 189
65 120
86 185
38 191
82 143
95 178
37 123
38 99
59 28
39 167
23 77
28 184
72 89
55 79
36 146
80 129
40 19
77 66
75 154
99 27
31 119
42 74
26 65
33 133
26 183
17 79
82 121
47 155
20 80
32 181
78 80
55 172
10 192
50 126
35 149
10 62
41 159
30 142
28 111
49 141
68 185
90 165
45 116
19 127
99 165
93 33
98 60
47 145
31 97
52 187
89 34
28 168
10 19
56 49
55 195
79 35
15 43
25 83
21 130
59 179
30 151
49 150
14 71
95 74
36 198
44 68
14 166
23 57
10 134
49 138
64 121
30 128
48 174
36 147
88 54
33 19
16 192
51 70
75 119
100 63
98 61
41 182
59 168
32 22
22 148
30 72
88 135
25 43
12 43
11 55
53 148
23 147
23 68
86 22
25 164
51 115
45 17
40 62
89 126
69 97
86 45
94 153
55 170
25 100
23 19
64 134
14 31
95 96
58 88
68 88
28 27
66 87
53 89
19 31
21 34
58 121
66 121
33 61
78 103
86 159
28 117
74 68
80 186
12 71
11 106
28 136
41 186
100 191
43 173
78 123
87 174
15 87
94 129
81 49
94 110
25 133
68 113
60 31
73 189
39 183
48 85
21 60
94 174
25 178
29 106
82 164
44 134
76 16
95 10
62 127
75 75
62 171
28 93
43 97
90 106
29 18
45 18
15 94
50 153
66 149
76 184
93 149
13 28
11 22
77 53
86 172
94 19
100 118
76 156
29 196
85 106
56 107
41 116
59 118
99 84
68 138
78 44
10 196
81 84
41 102
82 190
24 67
81 16
12 122
36 12
37 67
87 165
41 44
61 199
26 160
30 63
49 161
60 195
95 150
14 38
13 26
69 137
23 47
20 81
21 149
65 120
58 12
48 22
32 176
95 21
37 114
48 53
92 183
79 73
54 159
37 27
86 140
54 58
98 119
42 180
65 33
74 94
10 195
27 95
90 139
34 126
52 23
55 139
50 59
82 172
71 147
68 13
68 164
72 85
40 12
91 161
26 197
70 84
55 195
13 13
61 140
77 197
26 141
99 23
18 12
78 50
14 195
52 56
20 127
17 62
44 38
98 200
41 89
40 46
16 95
46 59
34 21
32 52
60 56
33 185
26 72
64 197
100 122
19 46
100 196
77 190
77 156
19 80
58 93
56 162
46 200
31 77
84 110
74 185
37 197
66 36
24 69
91 146
15 98
49 51
43 125
10 161
16 73
44 136
59 170
81 200
62 130
28 11
18 39
80 39
15 31
68 115
81 111
96 93
76 64
90 157
77 17
45 80
63 171
63 80
33 125
33 152
99 167
84 150
60 184
68 52
61 66
10 138
47 39
81 40
57 198
85 94
77 105
32 129
62 192
68 58
81 121
87 14
59 197
48 127
33 155
91 37
95 148
42 31
13 39
17 70
10 48
46 86
74 161
33 61
15 57
74 91
98 175
28 77
30 71
83 195
89 186
53 57
81 40
24 132
25 130
98 141
39 189
55 155
65 74
38 101
85 181
74 111
79 121
56 147
75 25
68 28
81 185
46 156
23 166
100 106
98 100
16 106
94 84
93 58
93 110
83 113
49 175
22 66
64 45
43 98
76 144
93 61
39 35
18 164
69 115
43 129
30 150
56 136
63 129
73 26
85 177
86 140
27 165
69 90
83 198
73 59
66 116
14 112
20 160
100 153
100 158
98 144
44 150
44 153
17 107
15 128
78 120
43 56
15 84
38 83
66 137
99 66
83 86
80 37
42 43
34 154
38 105
25 120
92 189
33 122
82 85
18 190
46 128
16 100
15 26
92 104
62 148
56 48
56 128
91 91
69 77
47 196
10 175
32 47
37 52
17 101
64 51
67 143
83 171
13 192
87 36
76 183
47 77
47 198
20 140
99 30
15 188
93 200
23 174
24 169
87 26
21 165
64 195
12 79
67 162
51 26
63 199
55 163
10 72
19 113
46 114
70 39
32 171
74 107
40 118
11 183
89 180
29 44
53 98
15 182
53 195
80 48
35 49
31 90
97 35
63 135
28 149
100 62
85 46
12 107
77 78
57 132
26 80
34 74
60 101
96 27
48 96
71 110
26 109
62 68
50 15
17 73
10 178
72 116
97 128
26 21
79 124
55 75
12 130
44 184
18 60
28 160
31 88
83 103
99 81
76 143
22 175
32 105
16 197
24 19
32 78
38 142
31 16
21 39
63 189
49 10
12 22
81 16
37 28
88 131
61 91
90 29
100 123
49 60
15 180
71 65
20 133
54 70
82 56
28 75
75 111
69 105
14 56
63 89
66 63
29 17
30 127
16 52
30 174
88 12
35 184
80 31
19 86
94 77
15 181
35 190
58 38
73 58
60 49
57 171
93 169
59 90
48 58
95 157
74 78
20 27
56 26
61 191
39 130
20 57
28 53
78 44
56 174
92 200
94 30
84 137
79 191
99 106
62 23
11 92
38 42
88 166
81 170
12 196
55 66
71 52
75 110
65 12
16 170
89 118
22 193
85 31
31 136
33 31
39 10
35 40
99 67
67 114
77 173
15 148
99 173
74 160
78 76
56 199
11 163
83 78
33 13
30 138
13 48
91 88
41 138
25 104
54 136
72 53
32 138
68 181
16 33
20 13
32 124
68 179
64 140
64 63
34 191
40 104
92 194
87 99
25 143
79 148
11 31
52 30
81 56
70 90
13 185
34 191
46 117
77 17
58 70
49 20
41 105
74 110
80 117
72 72
62 45
27 150
54 53
12 69
96 46
38 169
15 42
51 173
16 172
67 48
38 94
47 91
11 185
18 108
70 44
75 196
83 11
65 180
78 159
79 166
94 189
34 46
32 136
13 45
19 42
56 139
39 154
70 136
66 65
20 84
20 57
38 190
57 45
46 146
23 40
60 19
48 88
69 92
22 109
61 144
95 32
32 111
63 168
26 136
32 124
72 143
92 132
52 72
92 146
35 183
83 141
75 47
68 114
53 86
68 78
29 197
74 146
49 75
97 188
73 158
72 86
78 125
43 76
10 198
87 25
56 40
73 47
15 28
27 197
38 185
79 168
11 186
61 110
96 69
86 127
93 29
65 161
20 21
15 152
49 70
63 41
78 189
42 168
30 51
95 155
99 81
68 39
41 100
66 160
93 58
21 29
63 112
17 65
37 37
64 175
67 27
88 19
16 128
81 66
79 15
10 27
64 176
93 17
12 16
48 56
27 97
79 176
90 54
15 165
24 90
56 22
13 20
42 158
62 51
62 151
50 56
88 198
46 67
62 119
93 193
43 172
22 39
52 110
24 52
82 198
43 35
73 84
87 62
18 196
27 98
96 24
48 136
34 188
27 25
86 110
49 92
82 120
93 94
80 69
97 94
99 91
14 98
93 177
76 27
92 97
34 140
78 81
88 145
73 111
51 17
77 21
76 159
67 85
98 173
92 10
23 31
13 29
24 77
34 113
61 21
100 53
84 132
74 69
42 35
38 80
95 35
89 197
79 44
19 35
18 46
86 138
54 139
66 30
49 198
74 144
69 154
47 182
67 132
76 196
21 42
98 42
71 200
93 72
95 131
41 93
29 168
87 56
33 10
57 134
96 199
34 37
20 86
70 80
45 81
93 18
12 184
25 193
93 123
39 26
36 174
15 20
50 153
81 69
61 154
98 172
74 114
20 125
93 39
79 52
41 114
47 44
41 145
33 81
32 113
37 134
31 50
66 49
52 32
61 167
36 144
59 150
97 159
11 70
65 113
43 119
67 15
56 115
41 11
86 62
40 126
75 43
18 151
49 181
40 33
26 171
39 129
83 47
60 37
78 96
80 40
36 158
90 180
99 39
60 79
100 116
59 76
14 183
68 97
44 21
33 155
80 131
88 145
88 183
63 118
24 113
38 105
97 37
32 154
64 64
41 148
72 48
91 184
74 62
100 16
72 44
31 99
48 65
30 155
56 38
53 138
43 42
75 76
24 116
87 147
79 95
40 14
33 130
97 176
95 90
32 99
28 164
34 110
79 76
17 66
91 149
59 88
57 57
25 115
83 26
48 176
45 168
29 43
25 190
83 100
75 22
39 24
74 31
75 27
70 32
95 22
95 99
10 195
93 97
21 131
44 182
90 23
90 86
65 67
51 109
78 188
68 191
71 142
86 147
10 108
26 41
32 161
10 63
24 120
66 107
31 62
47 168
96 81
46 165
95 162
60 118
65 39
41 172
39 141
70 151
88 109
88 180
22 156
60 90
98 13
24 137
41 120
