1000 500 10 200 10 100
83 197
61 123
77 124
36 14
37 113
13 96
71 136
15 102
91 192
57 39
89 76
10 90
37 142
57 177
88 45
68 129
44 146
17 42
24 151
43 97
25 95
36 150
95 81
40 193
15 198
24 46
11 110
14 140
61 138
33 104
37 88
73 35
72 95
98 114
39 148
18 120
93 14
56 106
93 155
34 169
35 142
18 47
80 174
27 93
92 93
80 127
94 40
15 25
48 62
68 182
59 129
84 85
74 182
92 39
78 102
80 110
81 55
55 107
28 124
92 173
75 29
91 199
39 94
86 27
61 142
16 21
83 143
23 46
45 99
38 104
47 94
95 56
23 173
41 10
20 164
13 124
73 115
69 85
52 157
41 188
24 144
21 33
53 117
70 31
93 156
26 50
33 152
73 200
22 70
40 42
16 25
33 59
90 122
81 150
100 57
97 20
76 180
74 98
95 103
70 146
96 88
42 120
23 103
81 176
36 163
21 17
70 185
21 108
36 190
53 197
31 38
12 80
19 49
79 148
73 152
17 22
52 100
12 91
71 94
91 155
56 95
56 34
47 49
37 198
76 10
79 118
45 31
57 69
73 199
75 56
37 122
30 12
84 43
44 36
69 172
68 196
90 187
57 158
44 173
80 86
44 24
33 56
92 35
87 173
68 165
63 27
42 131
91 142
70 135
88 135
76 23
33 184
86 150
18 79
82 163
55 140
99 170
58 66
74 144
16 72
96 57
54 38
16 131
71 185
32 181
30 183
29 50
25 47
88 129
50 156
74 92
10 90
36 124
24 100
94 175
96 19
91 72
43 74
100 60
89 57
24 190
82 77
25 27
65 95
84 73
51 81
64 158
83 60
64 150
16 183
28 133
99 20
67 60
31 188
99 155
51 162
81 118
74 27
84 18
25 102
43 174
41 58
72 155
50 56
21 101
45 50
21 29
64 71
38 157
98 10
57 137
67 77
35 65
50 179
68 49
55 145
86 75
61 188
10 144
45 146
74 71
13 111
76 91
79 12
14 52
58 171
42 39
14 54
17 197
92 158
74 124
93 79
86 138
69 40
34 121
60 159
46 37
99 137
46 62
42 178
34 185
64 104
30 38
49 130
77 23
29 113
93 10
62 148
45 92
27 84
50 29
84 38
57 145
60 187
77 148
97 145
45 155
29 168
46 40
56 60
24 196
25 12
13 166
85 199
77 172
34 82
43 158
11 47
54 118
83 120
53 18
47 19
94 125
17 167
50 139
68 29
55 10
33 173
76 26
22 45
37 96
68 10
18 70
22 167
83 92
62 65
38 163
41 106
44 116
77 85
64 132
64 200
80 192
83 97
21 17
60 196
59 92
71 168
66 86
45 174
42 41
91 111
21 146
17 146
86 100
92 149
81 169
75 175
58 163
31 190
16 47
17 94
78 33
85 103
25 38
44 98
42 148
80 107
19 36
61 188
33 117
99 169
23 105
80 66
84 35
94 36
98 83
54 45
97 24
17 36
74 57
68 133
39 122
75 109
87 126
61 117
94 53
39 139
48 49
95 36
72 94
21 12
15 25
43 95
74 197
22 103
54 67
16 69
80 109
49 171
70 107
92 66
21 185
50 141
38 20
81 164
49 72
31 93
38 13
56 138
84 142
12 75
65 88
75 31
54 124
27 42
76 100
94 193
93 92
99 152
41 122
84 28
89 81
88 93
86 154
81 129
27 105
60 138
56 150
97 191
64 172
76 139
48 142
79 190
67 108
61 148
20 99
95 36
65 142
41 99
78 162
36 11
21 42
94 71
91 97
29 100
29 128
10 196
28 181
98 93
19 169
62 109
18 71
44 81
91 75
40 119
13 18
80 116
68 81
99 77
79 82
66 80
76 195
27 70
98 81
58 85
35 59
53 151
66 162
70 145
79 23
78 108
28 196
23 138
46 43
98 67
92 193
38 160
45 56
78 15
33 47
66 20
100 118
92 38
77 13
38 150
23 79
54 92
80 114
44 164
41 78
57 107
57 179
53 101
95 107
50 174
74 17
39 62
42 166
54 48
99 106
80 17
52 67
70 71
53 162
10 140
44 76
33 122
60 124
99 101
23 140
88 18
18 101
76 116
11 25
21 57
66 163
38 139
78 175
92 191
11 56
31 19
67 189
53 190
83 165
50 177
54 30
100 94
17 98
28 200
22 197
35 55
46 132
48 179
24 15
61 85
48 121
79 197
52 46
10 64
90 119
47 148
41 46
21 82
39 85
20 46
85 149
82 41
61 97
98 198
38 32
55 154
56 20
61 95
17 179
86 101
65 11
57 80
32 124
44 194
24 76
65 103
52 165
30 138
45 165
41 153
39 61
13 173
72 122
46 161
42 38
94 20
16 144
93 98
72 86
53 88
97 165
49 42
71 136
68 180
49 127
43 131
48 104
80 92
26 14
52 117
100 126
56 115
86 60
98 148
55 116
60 132
22 38
16 199
30 155
52 109
35 154
64 80
84 177
83 95
58 14
22 45
70 172
26 20
32 176
82 180
27 37
82 15
57 118
39 74
24 35
10 144
29 55
76 79
61 29
29 35
45 19
83 197
62 64
39 35
75 18
24 165
16 160
48 145
83 195
94 140
21 34
100 51
21 142
96 124
86 129
43 16
19 84
15 119
77 63
56 21
55 171
24 150
29 167
78 28
93 125
25 34
28 86
97 51
15 40
64 200
70 157
37 118
76 62
14 22
77 193
74 29
46 31
100 136
13 63
84 172
64 157
99 150
39 93
37 103
12 199
88 103
14 152
15 38
20 48
48 162
86 119
34 69
63 171
50 150
80 193
24 56
31 161
42 12
33 17
57 189
77 29
62 13
21 102
23 49
93 126
71 46
91 34
99 197
99 121
36 50
34 111
39 84
80 113
68 158
57 13
55 191
21 59
68 68
90 57
54 135
60 129
59 39
37 97
19 170
22 193
67 143
12 150
55 17
84 126
64 48
54 133
81 27
42 32
89 155
47 183
67 73
37 103
26 108
91 149
53 50
88 108
12 110
32 32
51 154
34 127
99 142
40 29
97 85
82 44
58 164
98 162
41 171
94 173
52 97
45 167
13 107
30 120
38 166
63 168
20 155
10 132
82 188
89 55
66 46
26 123
88 171
55 59
47 160
38 63
49 165
46 14
59 117
20 144
72 132
83 45
77 27
92 174
76 140
36 98
12 174
72 199
28 116
71 107
28 100
71 165
34 12
72 170
90 137
87 44
72 46
98 146
14 46
60 111
85 181
75 174
54 40
93 98
26 50
54 42
78 199
27 49
84 187
11 141
88 166
89 14
73 54
98 130
54 112
19 110
97 82
41 68
85 77
76 57
12 25
62 123
97 107
44 24
31 24
17 38
12 131
30 34
98 35
51 109
93 37
96 73
99 113
56 42
22 130
63 141
14 21
57 181
57 47
99 32
16 173
49 62
27 137
84 143
13 39
82 121
11 59
48 187
66 136
62 164
79 129
18 54
39 11
11 79
35 73
26 121
31 196
50 182
51 58
25 117
74 188
67 187
36 43
55 53
24 44
49 78
32 155
94 124
38 168
64 47
20 137
95 98
25 152
42 87
84 48
36 130
16 52
12 116
23 132
50 98
65 188
31 150
99 109
27 141
35 109
52 151
41 157
93 21
97 163
38 129
98 113
17 79
74 186
62 84
30 144
24 82
53 159
88 94
76 160
94 200
12 33
62 147
45 20
52 109
95 78
38 26
98 85
58 159
17 81
20 199
37 58
76 168
33 145
84 140
86 108
80 184
76 88
85 133
12 133
68 115
16 91
52 13
57 49
91 58
36 70
56 178
35 171
43 168
11 28
75 41
20 45
38 100
49 20
22 66
11 108
12 166
56 146
37 198
71 175
31 126
28 146
61 174
24 70
28 52
91 70
66 35
64 164
13 72
69 170
71 139
77 143
95 87
44 116
89 73
12 174
65 146
12 114
91 56
36 104
60 84
28 25
44 68
36 79
10 153
81 102
82 138
24 38
79 123
62 143
80 78
40 27
48 57
77 177
77 150
46 193
82 43
14 177
62 18
27 75
89 116
14 95
71 11
46 111
94 110
33 131
25 183
33 192
23 124
91 155
11 69
25 118
17 177
26 24
60 140
48 167
20 79
71 142
34 27
83 26
31 141
53 105
33 139
99 196
76 107
89 147
42 119
40 89
86 150
71 101
15 36
100 179
24 162
59 198
58 16
65 128
11 13
79 113
47 162
33 48
83 81
15 77
78 50
26 107
55 124
25 122
59 131
93 77
65 64
75 115
84 131
55 39
10 86
72 121
26 72
76 149
69 166
76 155
44 46
25 48
42 124
66 132
35 104
27 159
10 117
66 72
86 127
31 26
97 86
50 93
13 139
21 113
23 100
34 154
42 140
63 117
97 175
27 130
40 114
74 80
91 173
77 112
12 86
78 123
16 108
75 132
97 68
44 164
89 124
84 137
71 131
20 162
64 159
14 27
36 192
88 114
34 104
55 107
79 166
52 163
13 57
58 111
