1000 500 10 200 10 100
87 200
38 164
24 178
28 163
77 168
48 65
56 43
65 117
19 148
27 91
90 29
30 172
77 23
86 31
42 94
19 168
41 10
72 15
100 200
27 160
46 151
83 15
72 200
82 108
72 168
65 192
32 183
48 149
82 183
80 68
35 183
95 181
52 178
20 160
19 176
44 166
19 200
28 154
27 137
25 189
62 50
50 135
28 186
45 51
37 74
76 87
66 135
82 60
53 97
23 111
84 195
88 41
74 68
37 45
69 68
43 166
85 57
68 153
50 196
83 54
81 147
94 138
45 42
17 36
30 73
67 44
41 34
23 83
23 104
22 154
18 18
28 92
18 40
76 142
52 82
90 139
71 184
31 121
74 107
57 189
76 106
78 60
84 142
38 88
57 117
95 29
22 172
75 12
62 21
43 59
62 196
52 133
85 107
92 195
29 43
32 197
78 58
65 135
17 32
75 80
96 76
46 86
45 54
93 71
78 98
27 170
37 152
62 72
97 20
49 85
54 92
73 36
89 171
45 174
29 195
77 198
42 165
87 152
50 15
91 117
30 155
57 18
41 31
85 178
78 158
15 128
58 177
15 32
69 158
96 14
77 71
66 66
11 108
65 109
47 52
32 38
81 123
94 125
67 138
11 28
28 198
65 178
47 122
39 164
37 49
57 54
22 171
38 11
82 140
83 34
11 148
66 178
10 142
93 58
91 48
11 17
63 23
47 41
53 16
69 14
26 164
46 200
55 181
16 77
29 156
71 101
56 176
66 186
86 46
77 18
69 133
47 143
23 32
86 102
77 191
99 149
33 199
85 153
34 194
30 120
42 121
38 51
81 155
61 56
15 115
58 97
85 124
97 14
58 57
64 27
52 56
27 45
23 136
69 55
56 17
92 99
43 51
93 45
76 21
96 187
98 190
56 185
27 157
81 80
13 138
63 72
23 84
47 83
98 95
38 183
21 137
95 51
11 44
84 196
57 42
21 193
11 109
91 156
35 18
93 112
31 166
47 174
51 103
89 104
15 197
55 133
99 180
87 133
53 125
93 90
65 154
17 179
34 80
47 161
31 182
14 78
11 68
68 18
14 98
92 192
35 42
53 48
49 141
86 35
26 144
54 21
45 19
10 194
59 146
46 21
41 48
13 117
72 130
48 110
80 81
49 133
39 68
91 125
86 187
32 85
16 108
46 70
37 130
75 50
48 39
47 67
77 162
74 26
74 121
78 153
14 92
20 127
72 100
74 192
93 66
76 81
35 15
13 125
21 26
65 75
14 91
54 144
14 128
46 178
94 129
84 84
94 58
95 182
74 96
39 100
81 92
28 161
79 113
84 98
26 116
66 28
67 95
28 71
92 166
12 105
78 21
45 149
97 33
53 83
24 147
90 116
49 145
63 170
56 195
71 51
11 31
55 129
10 53
94 173
92 59
39 146
99 77
57 173
67 68
83 64
81 51
38 64
97 89
100 86
53 92
77 15
24 187
77 72
58 145
32 91
28 155
72 107
34 165
39 167
81 147
88 58
46 43
97 195
32 158
47 195
83 198
84 196
62 177
37 66
83 168
22 136
73 48
44 189
28 156
14 78
84 28
76 112
34 60
79 195
30 199
49 79
19 42
63 32
45 176
44 152
66 78
81 88
19 164
53 141
51 96
52 42
66 157
72 18
89 94
64 67
46 22
75 109
88 54
80 85
45 62
49 16
86 179
56 67
98 13
48 104
19 38
37 34
16 124
82 66
28 44
67 121
10 103
74 145
32 194
19 19
30 121
85 197
95 132
81 63
93 83
94 56
72 138
39 139
99 135
36 113
19 162
82 70
87 97
61 54
61 78
39 158
82 101
67 88
17 17
31 12
65 143
64 23
25 151
68 175
13 191
94 99
49 133
87 37
83 38
98 153
17 157
41 117
67 86
82 102
98 180
36 27
44 175
52 45
83 37
89 76
66 119
25 23
20 167
57 114
12 144
54 123
98 20
25 191
100 56
92 33
26 40
22 192
17 103
35 174
37 68
56 170
60 36
78 72
36 76
26 41
96 87
10 153
18 15
74 15
40 58
67 131
84 78
70 137
98 170
61 123
35 171
44 59
40 118
55 65
63 141
94 25
95 72
31 137
37 134
73 173
60 170
22 135
72 46
14 40
57 193
57 88
34 89
30 35
29 101
30 13
99 199
57 81
34 40
58 182
36 149
81 20
77 79
100 200
92 38
71 166
31 36
84 38
34 33
72 157
41 144
90 178
32 31
49 33
95 88
71 69
44 182
32 189
61 47
75 19
34 49
54 140
79 49
63 12
57 31
20 40
80 140
98 150
25 110
21 67
42 31
93 91
49 27
49 107
46 111
16 196
76 91
79 68
68 103
21 46
30 51
29 132
47 127
65 187
62 97
35 91
74 191
87 165
42 94
76 138
66 178
49 188
59 68
50 41
76 139
94 128
45 187
59 14
92 174
97 185
15 87
64 32
49 68
17 108
92 58
59 169
28 191
53 115
96 33
56 62
53 67
67 164
25 60
32 180
92 12
77 137
50 82
38 179
43 147
69 135
82 166
83 52
96 103
94 57
81 147
62 110
16 88
74 80
97 84
92 14
23 66
10 41
62 100
14 121
36 118
84 63
18 24
35 60
17 105
95 64
48 37
74 78
91 80
39 96
96 28
91 106
15 84
89 43
82 169
80 64
29 52
42 12
82 65
95 26
12 12
76 56
61 88
21 166
49 71
54 157
87 26
69 185
88 43
77 96
13 24
39 109
72 111
60 189
55 16
41 171
59 107
24 47
18 140
23 166
38 129
71 133
64 49
33 88
50 178
73 105
72 169
38 123
90 158
49 67
58 138
18 194
49 53
25 29
20 108
84 36
21 172
80 24
47 119
79 115
83 99
56 131
70 89
14 136
89 199
20 54
33 52
53 193
68 122
100 100
23 50
43 100
37 107
63 54
42 39
77 156
46 23
31 16
69 175
81 161
79 179
57 153
37 75
53 117
84 178
36 60
35 177
48 105
45 87
52 144
41 152
54 43
67 198
45 89
27 34
100 20
34 98
77 34
55 129
72 194
35 191
52 190
85 25
75 73
90 64
23 39
61 127
24 193
22 155
16 140
92 165
89 183
61 134
39 69
49 169
60 181
63 127
88 126
54 85
83 88
96 26
27 145
26 11
37 112
53 62
31 158
48 23
23 101
93 168
30 53
71 43
31 116
99 46
87 168
88 74
86 59
65 186
55 56
60 154
35 187
24 30
64 54
84 105
77 34
47 126
87 198
94 144
94 162
43 190
43 100
48 198
66 144
47 165
100 191
56 191
26 146
99 143
86 98
74 156
37 132
76 42
27 83
84 87
60 155
53 17
100 129
75 25
57 40
93 128
35 120
62 52
71 152
47 98
21 76
35 184
31 168
24 150
69 23
22 150
41 102
74 66
20 15
59 137
23 82
94 89
52 196
15 122
31 159
32 186
26 106
43 33
57 16
50 157
72 30
60 18
44 86
96 186
35 167
38 149
58 31
66 84
94 11
22 185
76 37
74 17
54 183
94 28
81 34
96 39
21 104
71 19
41 134
26 114
74 183
84 183
93 134
85 73
73 85
26 140
57 71
41 45
23 199
27 63
30 83
62 98
30 173
50 200
51 167
44 50
74 19
63 197
30 111
68 123
60 139
95 120
91 30
70 96
76 62
60 72
25 84
91 111
97 110
59 28
23 45
79 47
37 135
70 19
41 104
12 53
39 37
60 108
49 139
33 97
32 165
74 126
58 162
82 139
21 181
72 160
50 69
38 114
99 40
87 61
90 99
84 42
13 88
10 27
26 133
30 17
70 117
49 180
21 36
51 162
25 119
20 76
27 139
96 25
100 124
18 147
88 192
70 14
53 140
97 118
20 179
71 182
74 102
23 17
95 123
71 179
41 133
91 63
83 55
36 62
85 189
34 57
54 200
80 103
81 126
28 34
55 158
34 43
26 20
68 31
66 62
83 17
36 97
17 77
76 184
90 154
95 129
85 196
34 105
61 89
56 131
59 147
86 141
47 182
48 73
75 105
59 55
100 131
46 195
93 105
12 127
34 172
76 103
62 27
90 87
31 50
56 19
10 118
80 188
59 122
68 145
30 197
60 128
65 131
89 168
34 144
19 128
52 184
84 126
48 71
80 129
73 64
12 141
83 131
36 115
100 200
44 68
73 49
12 166
16 174
11 49
45 72
88 76
59 62
54 100
99 26
29 78
76 200
60 96
13 159
16 172
42 61
85 198
61 90
59 136
95 141
97 194
87 17
43 79
72 83
60 15
36 18
57 22
10 92
23 137
55 132
32 31
49 12
18 126
20 35
66 169
97 81
60 190
63 52
45 170
42 37
21 67
74 58
33 75
38 179
40 34
45 154
33 114
31 118
84 71
24 157
62 131
28 22
56 160
14 10
32 55
49 126
32 118
10 182
49 157
18 16
75 113
57 80
37 139
55 122
36 153
78 82
42 128
10 24
94 192
96 37
68 75
58 171
20 148
