1000 500 10 200 10 100
45 30
85 27
59 45
39 83
11 79
58 45
26 50
89 158
30 146
83 149
61 147
17 190
98 143
49 34
100 148
83 120
92 120
39 178
17 19
96 159
26 37
23 197
23 40
78 149
29 182
31 49
93 140
89 12
58 128
85 59
90 176
17 108
50 128
48 71
31 180
66 48
12 46
42 128
98 41
22 96
88 17
60 185
35 185
87 51
57 66
56 52
54 112
44 126
63 57
14 190
41 39
47 87
66 115
21 185
52 103
43 12
30 36
36 101
22 27
55 167
10 85
31 115
27 181
65 48
63 72
80 108
93 108
53 19
21 21
75 181
14 96
19 46
64 192
97 177
75 100
98 115
14 175
45 15
47 104
27 36
33 147
20 88
39 140
54 89
45 113
68 88
89 51
91 186
39 105
45 74
91 106
95 23
25 29
43 56
56 137
79 111
37 37
21 128
16 130
33 163
46 97
53 84
31 39
94 24
83 54
26 173
89 88
48 73
66 57
28 75
20 45
54 67
50 18
67 83
83 44
23 193
44 151
70 90
26 181
41 136
18 14
89 196
84 115
63 44
33 199
61 168
42 106
81 128
33 84
54 75
90 112
51 70
49 178
14 64
91 54
81 182
55 120
22 186
21 44
78 40
19 128
40 98
97 75
49 182
74 70
53 88
22 136
13 55
85 120
43 71
53 144
90 66
45 51
90 110
40 70
53 140
22 182
54 87
20 75
18 49
49 137
65 150
72 119
39 197
39 149
47 46
49 132
98 145
92 166
57 79
71 61
33 67
10 69
71 133
87 33
58 113
94 166
12 53
98 79
37 135
31 129
35 131
27 94
71 54
36 187
56 107
82 155
96 101
73 151
55 191
99 50
10 178
42 178
37 89
61 92
83 118
18 37
69 93
57 158
97 193
74 83
59 181
48 128
90 72
36 150
86 96
65 200
98 26
14 93
90 98
15 163
10 18
96 98
12 133
25 60
14 190
14 46
98 13
70 117
79 64
48 172
85 77
66 22
63 169
32 20
36 125
40 94
69 184
22 55
95 58
33 64
79 82
25 83
97 86
43 173
81 56
56 112
47 136
63 38
46 74
68 14
77 64
24 143
86 123
69 154
80 115
96 62
84 130
51 95
58 124
18 21
28 33
74 137
40 92
81 107
76 56
10 188
99 74
13 147
14 161
81 10
64 152
96 85
66 187
81 153
47 58
69 124
16 109
100 84
33 90
75 190
81 157
67 67
16 150
26 38
95 149
57 199
52 113
59 47
70 96
84 75
82 175
89 69
86 93
51 118
31 167
33 131
17 128
44 165
76 24
87 10
73 74
82 128
66 125
85 142
87 198
96 198
20 27
73 100
34 30
84 106
55 159
57 153
22 24
38 177
13 153
21 44
21 28
53 47
50 149
66 197
58 186
58 163
44 82
81 135
60 91
23 133
34 89
84 149
77 24
51 176
36 145
18 15
72 194
41 149
51 31
11 133
57 182
30 63
97 169
21 200
29 50
79 121
74 60
16 53
74 37
29 63
36 60
27 178
51 133
36 39
54 114
54 14
50 78
17 193
92 55
20 118
70 189
81 45
13 120
47 135
61 151
58 163
20 78
11 97
87 88
70 177
28 110
58 109
68 70
68 46
47 137
33 53
29 14
68 187
16 42
27 136
88 131
35 14
12 38
23 52
27 71
83 129
77 32
66 194
58 174
56 51
65 37
83 57
99 48
34 30
71 199
53 84
79 54
57 171
67 32
33 19
32 63
45 109
99 41
96 21
89 175
68 137
84 21
54 64
53 93
14 151
45 40
36 41
34 134
21 200
32 45
92 72
66 190
16 196
91 72
73 57
70 112
49 70
98 43
53 195
88 52
82 16
13 192
100 200
53 70
44 104
71 38
82 25
25 136
53 92
70 71
48 87
73 167
100 141
42 115
38 147
62 102
15 60
26 21
18 41
41 79
97 30
95 122
37 168
46 78
42 98
21 43
98 135
83 144
72 53
49 31
61 14
18 165
29 61
33 135
19 123
98 70
28 132
100 178
28 82
51 171
13 17
56 144
100 57
99 38
69 135
33 111
65 26
48 24
28 117
39 12
88 152
59 172
81 97
23 195
57 70
21 160
80 22
62 62
21 12
13 181
23 184
100 98
31 10
80 121
35 105
94 146
98 39
82 174
64 131
94 139
76 177
35 90
89 23
51 101
26 54
43 176
97 15
34 81
98 29
30 122
75 136
99 194
28 49
30 135
93 179
57 184
44 183
77 18
85 59
49 22
88 33
56 175
78 104
65 44
47 68
61 70
61 67
10 12
93 95
24 120
97 53
16 71
69 20
26 54
26 200
70 185
10 97
50 61
60 58
70 158
52 94
72 111
96 124
99 101
56 72
90 104
10 158
84 163
95 66
39 58
82 116
77 132
41 46
22 47
85 121
51 32
28 66
39 200
48 90
12 42
67 155
47 110
51 146
89 101
100 123
73 111
80 35
25 107
29 47
65 200
36 161
95 17
27 177
69 27
78 151
23 39
79 40
10 38
60 33
82 199
70 121
94 29
19 187
76 61
100 92
60 35
99 104
44 112
40 93
99 136
36 32
51 160
88 125
51 37
94 160
59 117
93 180
28 70
24 61
94 42
88 194
66 16
60 144
65 167
65 91
98 91
91 110
22 188
53 59
41 174
11 94
25 111
59 47
95 82
91 114
13 63
58 26
26 26
86 31
62 18
61 129
58 46
24 162
46 86
86 92
30 51
85 183
43 71
42 144
70 161
42 123
63 178
58 127
25 121
24 30
10 103
89 71
80 32
81 16
34 87
94 32
69 95
16 123
74 77
92 143
34 136
32 73
95 26
84 129
94 181
49 131
35 142
14 65
94 68
85 115
67 181
89 94
72 185
36 75
97 94
96 111
32 117
35 155
78 16
35 113
32 76
28 113
64 34
79 25
71 83
92 58
57 133
26 173
75 170
27 191
88 77
18 106
56 118
89 160
68 156
59 132
13 105
10 82
63 33
41 65
42 93
79 182
12 77
71 132
64 23
65 145
26 66
77 118
70 122
59 97
95 140
81 142
11 84
82 18
59 155
51 35
99 199
97 62
78 183
95 179
71 150
46 130
86 163
21 11
95 138
45 174
58 161
50 156
96 173
23 187
97 59
25 187
10 72
97 167
41 99
72 93
13 89
51 76
10 83
97 148
13 20
83 131
20 79
20 37
16 94
40 192
13 79
99 44
30 48
98 16
11 190
80 198
94 112
56 142
64 185
88 48
47 53
81 188
56 122
42 17
40 60
66 193
28 199
64 91
75 80
26 27
85 186
81 160
98 131
35 126
96 33
81 154
100 200
15 63
69 178
35 148
73 69
96 200
71 19
56 126
21 177
20 171
85 179
36 81
44 74
96 90
54 15
88 16
54 197
25 147
56 131
74 54
94 78
73 101
46 133
62 189
17 12
15 93
26 111
91 133
73 183
69 94
42 101
69 23
65 183
61 115
88 98
94 168
20 34
62 96
11 106
66 110
50 66
80 110
83 200
43 164
73 100
71 23
21 193
53 109
40 18
50 131
54 195
80 115
63 179
74 50
18 108
89 36
81 164
41 152
92 22
71 190
92 39
31 124
88 39
42 27
40 90
25 188
79 89
11 146
90 148
21 186
32 158
73 40
30 191
66 129
40 141
92 137
31 120
88 191
49 128
52 41
64 30
26 136
62 187
90 20
19 89
66 179
63 60
44 12
95 22
21 54
89 48
55 145
42 85
81 129
24 187
77 64
91 32
74 160
37 92
74 165
81 188
78 62
84 174
44 89
74 185
65 182
75 157
35 11
15 83
52 88
92 134
61 119
75 175
14 18
15 71
10 82
70 137
83 96
52 19
84 161
52 173
41 47
20 112
50 15
88 44
62 97
74 79
24 168
64 129
66 132
59 192
72 69
61 181
88 104
88 174
82 183
72 51
72 98
95 134
24 160
67 17
24 158
52 106
95 174
74 145
92 45
80 153
14 109
70 104
96 145
26 89
66 45
69 191
88 105
50 79
62 91
41 132
10 16
31 18
51 106
18 129
82 133
58 90
44 57
95 88
92 82
33 141
26 119
49 72
72 54
68 99
58 72
99 49
44 124
16 80
79 32
81 15
28 123
99 40
20 78
54 162
68 106
76 89
86 54
13 81
66 137
80 98
87 66
89 98
24 185
69 31
35 19
15 37
42 121
14 124
61 197
70 161
52 30
82 139
23 22
84 15
18 33
20 169
58 62
42 90
57 56
28 97
13 138
89 41
91 12
13 91
68 105
49 123
36 113
10 42
68 114
82 96
27 185
88 69
54 143
10 105
84 83
45 99
14 160
49 113
80 129
100 183
42 67
74 193
32 178
71 117
76 94
84 94
98 110
31 136
54 125
14 86
12 77
40 83
90 126
65 42
48 12
32 122
30 142
65 61
34 160
96 55
40 192
18 165
13 114
95 166
77 154
47 101
65 47
12 100
19 183
76 61
85 170
53 97
57 108
74 74
