1000 500 10 200 10 100
91 194
40 23
90 184
74 153
67 181
95 75
60 176
22 84
27 31
23 64
81 83
10 39
68 150
94 92
18 105
79 10
13 30
55 28
34 72
74 34
12 69
81 68
20 102
29 33
12 55
29 134
82 193
14 13
72 29
95 14
32 168
41 65
44 94
45 44
30 75
75 74
94 11
49 191
10 96
59 69
64 145
49 90
61 200
11 123
68 31
65 164
85 198
42 29
44 123
12 91
13 166
51 144
49 86
27 113
20 170
70 156
71 40
36 72
42 173
17 80
50 157
52 36
31 62
70 67
79 175
46 185
66 124
95 150
76 84
72 25
51 78
77 10
66 38
97 138
94 79
60 49
75 74
84 11
13 165
78 145
79 37
26 101
10 101
12 172
86 125
79 71
68 11
11 101
21 156
48 62
64 90
64 104
64 189
51 102
91 16
11 114
42 188
67 37
54 56
34 107
97 39
30 186
22 83
14 91
46 158
92 85
14 88
92 23
56 127
88 73
61 174
32 19
69 13
51 93
21 66
15 74
79 12
34 147
74 179
77 136
99 25
72 196
40 42
33 23
60 146
12 135
99 106
30 124
77 11
96 181
46 72
58 197
90 125
31 172
38 24
35 61
83 139
92 199
24 87
25 173
34 141
10 164
15 72
69 168
55 160
87 174
65 24
32 118
98 157
34 64
68 17
24 54
20 184
80 160
83 85
78 115
39 82
55 83
62 31
43 60
40 21
23 34
45 25
30 187
69 74
30 186
13 200
94 70
12 103
27 75
85 195
54 46
36 80
21 41
92 183
20 104
54 136
43 72
86 135
84 188
71 122
97 123
10 34
14 126
27 55
50 149
80 192
79 137
72 127
56 186
23 102
48 146
52 83
73 54
61 88
98 38
77 15
58 165
48 156
97 179
10 102
29 72
20 135
48 177
67 20
45 182
22 95
65 162
27 178
18 197
10 48
62 109
63 198
72 126
52 197
28 197
85 54
48 13
25 111
78 61
42 186
26 54
22 34
34 91
71 44
70 89
65 156
12 191
57 83
45 171
58 42
13 190
81 57
38 108
36 48
96 100
44 44
38 169
55 194
48 70
21 180
13 153
55 181
20 153
96 59
64 156
88 90
50 21
18 13
82 116
100 100
29 96
51 193
16 24
37 135
91 45
79 76
78 93
63 153
89 133
22 181
66 115
74 76
31 28
46 66
43 120
42 14
95 134
37 91
95 14
72 53
65 174
80 60
90 19
46 123
17 36
85 51
21 185
95 88
93 18
99 11
92 144
52 178
77 34
13 46
96 128
56 100
41 51
19 179
48 153
63 193
67 48
45 141
21 196
73 57
33 15
93 176
65 86
27 69
39 66
11 139
59 184
11 107
100 10
75 108
28 30
19 153
54 178
25 92
46 155
31 52
22 41
10 153
75 24
71 27
11 139
92 86
47 38
68 191
12 89
10 12
49 42
32 169
26 91
20 36
90 64
48 48
18 117
96 35
82 56
88 33
55 52
61 150
35 113
18 130
77 60
75 146
44 130
71 124
99 17
75 99
75 71
15 179
77 194
30 131
47 100
96 55
12 107
10 65
37 157
82 56
43 160
45 99
16 127
90 143
49 15
55 26
94 43
23 76
41 52
45 75
67 195
87 83
12 159
23 134
21 166
59 144
68 193
30 35
62 99
42 96
36 74
41 193
64 151
16 134
51 131
36 135
45 185
94 48
62 190
40 80
82 26
80 80
46 100
77 149
35 139
25 138
58 169
98 111
100 42
34 134
18 87
75 109
36 99
53 14
92 185
78 65
35 142
22 41
37 107
85 52
60 46
40 70
18 154
84 146
95 37
75 192
30 160
72 176
71 113
24 181
61 108
89 121
65 46
73 103
53 176
17 10
74 191
75 70
38 63
17 151
65 129
52 194
85 85
58 159
93 194
70 108
26 49
56 185
23 23
36 50
56 97
86 55
80 133
66 30
71 143
95 97
17 134
74 171
77 81
100 29
56 111
39 19
28 167
15 58
29 124
23 22
74 183
96 98
59 173
25 122
50 111
18 29
72 120
66 97
29 141
71 109
88 64
100 45
47 155
63 32
46 35
42 89
76 124
81 144
68 116
71 54
68 117
81 105
78 84
95 49
65 152
89 110
65 132
75 36
57 82
32 155
13 136
29 136
71 41
30 189
58 178
99 186
33 127
35 142
42 148
25 69
85 174
65 104
55 136
32 13
67 31
21 136
34 23
29 60
57 15
49 46
56 103
10 98
42 156
44 75
54 64
33 23
25 125
59 177
27 69
35 111
88 160
34 91
94 151
69 94
18 12
71 160
17 173
97 169
59 152
77 74
15 21
59 87
14 26
55 39
51 87
32 18
43 198
12 63
25 85
39 147
95 98
51 57
34 28
67 42
58 103
12 198
60 15
10 71
85 160
49 128
52 61
80 105
98 80
74 49
15 149
63 85
28 135
27 129
31 170
52 123
81 112
95 30
32 26
21 183
13 13
22 66
48 90
93 157
74 163
39 158
31 13
96 169
22 18
55 91
60 125
75 116
68 146
88 165
27 28
22 182
22 101
39 130
80 30
22 185
51 105
48 115
97 28
76 68
19 47
68 79
44 197
63 188
64 122
54 148
49 165
66 14
54 189
38 67
80 65
39 23
18 37
57 111
74 78
39 125
69 163
14 98
55 10
13 145
72 102
16 83
77 64
89 121
30 88
70 84
46 73
84 146
38 69
75 189
25 91
47 73
26 151
50 56
36 89
43 95
64 126
71 47
75 121
40 54
55 181
57 185
61 69
99 188
34 52
17 109
40 155
88 199
23 177
27 77
44 66
100 68
63 196
55 183
46 108
85 137
48 199
45 175
89 117
69 39
71 182
26 113
84 153
57 62
57 177
99 16
51 157
16 45
31 192
57 67
100 121
74 199
53 181
27 30
16 179
17 99
61 40
77 139
53 135
58 134
79 164
18 166
71 35
50 71
38 94
38 160
18 188
56 168
21 176
55 108
58 68
94 158
49 29
70 102
20 109
19 87
55 187
72 182
95 118
88 105
88 45
77 60
27 88
19 21
95 36
18 61
81 137
78 13
52 104
75 132
45 153
14 96
27 126
32 27
67 163
98 90
88 29
13 52
23 158
97 183
94 26
77 100
87 51
57 132
71 52
54 192
32 116
22 10
50 177
24 119
70 161
23 182
65 139
26 109
56 131
49 123
44 147
77 101
86 138
22 178
71 129
25 28
77 78
96 120
89 67
49 60
10 59
70 51
42 108
43 127
61 85
91 177
97 84
80 64
53 143
91 44
21 53
70 150
61 103
85 42
91 141
98 31
86 145
18 199
15 66
32 103
32 187
79 16
42 168
26 103
12 145
62 194
40 21
82 176
12 33
39 119
89 121
100 176
20 34
73 151
59 143
46 74
71 145
80 42
35 185
51 66
29 115
31 184
50 23
12 85
31 166
61 32
49 155
10 185
67 24
38 112
31 10
23 151
51 101
57 102
14 161
84 58
26 17
46 46
70 21
71 89
61 158
63 106
44 152
58 135
90 47
43 167
77 88
65 36
65 122
74 86
73 86
94 192
24 41
72 135
95 192
37 73
27 146
54 105
17 125
26 85
69 141
34 52
32 180
26 29
27 197
56 196
10 83
97 165
96 68
62 200
64 135
99 52
80 107
60 21
34 29
100 14
51 181
38 10
39 125
60 83
61 147
100 194
18 109
40 177
64 102
56 69
81 92
25 151
23 79
63 19
13 102
40 80
12 70
27 65
38 100
88 128
100 60
68 110
46 124
74 169
89 85
43 95
37 161
46 178
87 52
50 128
79 32
62 48
10 99
76 120
73 63
45 80
66 182
42 93
100 66
27 164
88 110
74 152
36 138
27 100
73 137
29 168
10 68
85 72
23 131
57 190
76 52
20 118
57 71
97 150
20 83
60 112
92 14
76 75
98 182
93 188
77 35
74 99
19 14
42 115
72 187
34 162
43 186
96 61
49 123
99 196
33 179
20 31
82 160
95 170
58 82
11 80
25 156
12 43
87 174
20 138
49 75
75 189
42 21
71 151
80 116
57 173
80 52
80 99
69 90
94 186
23 47
15 113
33 100
27 196
68 138
84 54
89 53
51 107
46 148
29 41
97 193
81 169
60 197
91 111
50 148
62 92
43 26
18 30
91 184
39 179
80 170
27 146
51 109
15 120
42 121
65 131
27 154
68 22
21 180
21 80
42 62
41 156
94 200
95 185
38 45
96 127
25 40
38 71
44 159
53 39
31 176
31 36
70 103
78 123
47 184
59 53
26 177
34 114
93 27
57 182
14 106
91 111
29 23
49 140
79 196
93 51
27 195
65 122
66 137
85 23
86 81
62 178
87 108
74 78
13 33
62 31
37 179
53 130
88 147
72 164
48 60
29 135
42 147
14 164
81 134
27 25
87 86
67 107
64 149
69 152
24 55
91 145
36 148
60 46
52 157
96 58
50 79
71 105
26 82
42 121
82 88
25 64
37 194
