1000 500 10 200 10 100
16 137
88 18
43 106
29 79
36 30
49 181
55 114
94 96
82 158
45 178
28 12
54 138
88 194
34 50
38 136
81 137
35 27
35 28
42 121
25 185
28 165
54 146
53 82
86 193
16 180
85 17
47 153
88 120
20 90
69 128
30 102
84 132
34 52
39 63
80 69
14 147
71 34
34 167
22 190
66 180
57 130
15 172
96 176
29 27
67 73
18 102
91 53
59 105
63 197
60 80
42 27
57 133
76 153
44 170
17 80
69 132
66 158
59 103
83 16
31 19
82 109
91 65
84 179
66 46
37 161
96 84
81 155
90 30
86 127
61 70
12 161
21 197
20 116
83 72
27 63
42 22
59 35
88 113
72 80
96 32
69 87
85 41
96 134
22 160
23 94
91 58
55 42
47 184
51 19
21 114
50 170
30 34
39 47
95 53
23 131
25 193
97 194
85 49
37 128
89 200
86 50
83 88
98 146
22 96
66 161
16 49
40 149
30 169
97 55
32 125
30 109
56 183
47 162
71 72
54 52
42 145
39 141
33 17
61 137
38 85
32 104
85 49
88 41
30 59
46 51
21 61
53 91
46 95
23 87
81 176
66 50
60 64
54 164
48 133
45 188
84 19
91 176
29 155
52 110
80 93
55 200
17 144
74 31
51 178
22 38
17 103
61 95
90 104
66 51
35 193
30 88
69 141
93 104
15 91
54 142
86 154
92 162
60 76
62 169
52 157
49 49
15 98
79 17
67 36
49 71
45 108
26 52
43 33
18 133
69 150
87 110
24 37
63 66
97 98
92 190
52 54
60 126
93 16
15 177
35 12
13 105
77 18
91 170
54 137
75 168
24 20
30 56
55 183
66 185
98 137
52 169
51 56
60 144
19 49
56 139
36 180
32 196
96 34
76 72
38 89
63 69
64 130
97 158
29 27
23 14
37 160
83 179
84 88
75 90
24 64
92 22
61 84
16 96
52 25
59 113
86 188
48 24
21 109
76 51
24 180
74 145
71 49
45 145
52 67
65 76
58 75
33 29
86 139
27 101
75 72
71 80
68 198
81 42
16 132
36 75
61 172
88 50
19 155
94 182
97 41
44 176
67 179
25 99
97 131
42 114
89 25
48 96
38 122
52 140
37 33
82 177
41 68
74 37
92 55
65 77
24 109
95 36
66 68
49 47
69 137
50 12
64 179
67 165
70 49
52 188
50 153
48 89
56 34
85 76
78 169
52 178
11 16
89 177
73 151
46 84
89 188
14 61
37 29
97 88
98 165
56 174
35 60
45 194
69 23
44 155
31 34
55 81
49 180
54 127
51 94
69 60
39 131
81 68
61 172
25 39
25 42
59 118
82 88
84 190
39 193
14 148
67 119
46 78
73 99
80 93
97 49
53 107
74 121
54 120
64 155
46 71
56 174
82 123
14 90
42 27
100 99
57 120
21 16
88 150
63 36
62 153
68 30
47 44
92 67
83 54
76 147
88 74
40 115
76 25
51 121
95 120
70 51
32 49
24 49
83 196
93 76
89 140
11 28
18 80
42 172
12 141
36 60
18 81
22 192
28 13
55 173
67 143
81 175
23 93
25 25
71 110
56 36
85 30
10 88
67 152
47 45
66 20
59 97
93 81
58 200
88 43
87 29
45 17
61 12
24 38
70 200
47 152
60 30
89 124
78 71
55 180
24 11
51 22
47 103
98 30
17 190
79 96
93 84
77 33
34 46
83 147
38 20
89 137
14 91
10 160
86 170
23 79
82 173
90 91
24 196
94 190
35 188
41 46
48 32
34 169
61 142
82 149
52 56
93 57
10 158
56 110
64 190
12 97
50 69
26 59
96 112
48 71
45 124
11 182
12 20
18 37
21 108
68 148
23 82
73 112
15 33
80 178
14 190
67 197
37 97
17 134
56 94
16 119
50 146
75 198
22 71
68 129
36 53
50 166
48 115
43 177
58 132
38 195
58 73
69 22
40 90
34 180
47 185
41 35
65 41
92 129
51 101
64 114
10 168
98 113
80 190
17 63
16 88
52 85
39 93
65 154
49 64
18 191
30 74
35 21
17 91
79 28
92 19
16 170
46 32
93 102
97 15
15 198
98 78
83 65
30 191
21 178
37 185
17 137
32 14
58 175
21 132
69 99
33 146
20 161
41 184
11 54
28 82
57 82
27 145
68 155
40 21
70 11
63 121
40 76
73 151
95 42
42 87
13 66
91 42
87 44
97 144
76 14
58 152
94 189
78 90
38 53
94 97
92 119
92 35
21 133
37 80
10 102
69 139
33 11
98 28
98 186
61 169
17 10
75 121
100 38
79 153
77 145
52 148
45 79
54 71
60 172
61 19
49 119
81 53
96 140
44 10
71 56
82 159
29 110
96 66
61 123
73 20
99 102
60 144
20 153
15 25
84 189
83 41
12 194
20 71
40 168
70 57
66 39
42 113
60 129
67 100
64 31
66 154
53 89
76 137
28 145
86 200
64 176
87 83
85 159
44 123
13 37
42 184
18 29
17 28
27 87
60 44
66 71
22 74
40 106
88 35
32 174
76 195
57 109
69 161
75 43
73 37
17 74
64 150
41 106
10 64
61 129
92 134
75 85
88 161
55 29
79 52
27 87
25 163
32 157
32 75
51 27
38 61
99 134
36 176
79 190
50 66
50 149
55 129
98 41
46 35
87 141
45 75
86 179
94 35
62 195
68 125
19 45
60 125
50 198
63 51
39 173
20 148
97 141
21 188
23 31
63 75
89 133
29 11
76 21
100 68
92 170
93 70
26 181
89 195
17 129
48 18
17 187
80 66
77 98
79 142
10 88
70 124
56 169
81 166
28 173
75 16
100 16
38 168
35 105
82 17
31 29
43 170
94 25
60 176
12 101
77 75
32 123
55 44
51 136
26 92
31 55
43 72
75 18
46 91
87 23
97 137
63 158
10 69
14 176
80 129
51 173
72 99
55 13
68 30
32 177
66 47
39 54
75 126
32 160
30 165
92 126
43 14
18 51
64 77
19 173
82 137
90 20
50 84
51 12
58 175
55 59
26 53
38 142
14 177
65 175
85 74
14 65
63 196
78 17
52 167
24 112
64 147
57 172
65 158
38 168
34 196
52 166
47 142
58 16
93 31
38 82
31 125
59 39
35 108
27 35
77 49
26 20
99 81
24 60
34 178
93 183
52 88
62 43
78 100
93 183
85 52
10 81
80 44
52 130
49 170
44 60
64 136
73 47
87 74
96 89
56 159
32 69
48 63
49 110
56 142
49 117
79 190
45 195
62 121
25 188
74 124
79 164
72 129
70 88
56 142
33 89
69 81
63 158
93 71
86 131
60 194
42 63
36 80
49 60
44 25
51 146
39 106
62 20
89 131
76 72
49 86
62 184
71 142
77 113
97 53
64 59
49 126
47 95
90 182
80 39
66 14
95 158
68 105
58 180
40 87
16 120
49 45
49 141
63 66
35 32
78 154
68 21
11 15
72 118
53 73
78 15
36 143
66 10
81 152
66 116
64 74
52 22
56 151
39 129
15 50
84 160
71 54
80 94
72 120
80 90
56 170
49 61
82 101
92 24
45 106
89 102
45 178
28 122
84 89
80 157
76 44
89 167
31 152
34 183
35 84
88 54
23 33
80 200
95 31
73 189
45 166
55 140
54 26
89 93
84 123
80 55
85 199
21 68
15 94
80 21
12 156
75 64
57 14
37 125
97 99
98 197
78 46
38 29
79 188
22 157
48 174
92 111
39 45
55 144
11 62
38 140
92 64
84 18
74 79
53 137
74 89
65 76
56 91
91 200
73 51
67 31
21 181
96 41
60 145
48 189
38 152
29 59
41 144
31 117
76 44
38 34
78 199
55 92
12 61
38 179
10 70
11 161
15 198
25 109
10 189
81 184
92 69
21 20
65 121
91 69
70 192
43 144
38 59
88 122
49 139
31 34
74 166
78 70
83 30
99 127
72 110
75 23
95 142
49 47
45 172
15 83
75 43
69 28
16 74
60 24
35 84
22 11
13 99
42 33
100 62
32 171
35 82
88 197
63 38
58 121
82 184
66 15
28 42
23 153
81 17
81 108
17 59
31 174
99 193
60 88
19 191
69 82
59 63
43 109
45 156
19 134
17 88
36 178
63 16
60 47
39 119
66 126
12 98
20 160
67 140
99 179
69 118
91 193
76 173
39 106
78 186
54 89
77 45
36 15
100 40
36 87
43 42
37 161
96 146
10 64
18 181
54 36
29 136
58 113
31 164
32 37
88 93
100 67
72 195
21 191
75 159
62 195
19 146
71 143
37 120
83 19
69 60
38 19
88 86
46 94
35 154
33 65
60 81
58 186
20 15
19 143
86 97
20 155
23 136
62 145
14 137
65 167
88 20
24 195
42 99
46 12
44 75
61 110
17 179
78 64
94 70
66 170
75 199
91 20
73 65
55 11
13 152
13 32
66 167
28 103
40 149
83 151
49 184
30 12
14 145
36 167
11 128
93 15
48 83
26 82
89 24
88 174
81 96
