1000 500 10 200 10 100
99 17
50 152
68 156
17 15
34 191
91 51
29 11
46 102
36 189
42 146
77 43
33 176
61 143
69 54
80 125
93 189
55 174
49 112
52 18
74 145
29 145
92 77
40 133
87 135
35 56
15 109
99 83
47 176
22 40
21 160
94 163
88 130
99 110
78 64
45 192
42 161
33 16
29 104
25 49
46 126
14 152
52 28
80 153
25 73
94 45
11 181
93 193
52 133
78 185
94 42
88 38
57 156
60 73
91 50
98 109
78 51
78 44
68 107
71 63
67 23
36 46
31 117
19 148
19 153
19 101
79 130
92 31
34 17
27 178
79 29
50 45
43 181
93 152
93 88
10 101
45 146
80 140
54 18
93 145
92 41
83 22
24 17
59 90
79 128
25 116
54 166
30 61
10 74
51 55
40 38
51 97
77 148
57 57
72 136
64 161
13 80
32 172
74 38
83 124
20 164
79 147
27 34
51 119
39 31
73 72
97 153
60 32
97 39
21 99
56 114
30 175
38 54
94 92
87 52
70 82
38 90
23 178
10 47
89 12
20 81
61 117
37 76
43 167
81 61
54 91
46 160
11 170
79 34
38 108
89 89
78 125
99 29
51 83
19 20
92 168
16 193
89 159
26 66
29 186
93 34
86 125
100 154
65 19
63 167
60 97
90 140
47 46
82 158
51 90
43 69
73 102
11 153
45 164
10 29
78 191
53 68
31 81
31 52
83 43
42 50
51 108
33 164
36 182
38 129
22 110
36 140
73 71
63 84
18 144
51 195
56 191
67 92
99 97
79 195
34 186
77 60
59 67
25 82
30 157
79 131
77 20
81 91
95 174
36 106
97 112
53 94
70 176
45 16
60 131
11 192
88 110
75 53
40 132
47 58
96 170
93 189
83 92
91 83
70 88
81 25
93 102
88 113
96 106
46 161
99 185
55 186
79 69
11 82
72 29
32 123
64 152
92 191
14 34
78 120
61 74
19 101
44 65
31 108
82 188
64 40
67 64
46 87
91 120
71 158
50 132
28 128
34 34
67 138
17 35
83 160
55 35
74 131
15 129
98 94
24 119
48 131
32 14
43 139
85 19
37 64
59 19
55 67
81 144
39 114
19 95
18 111
67 168
70 31
39 70
23 56
82 82
51 173
98 38
26 33
50 73
33 10
25 112
45 160
90 84
10 67
86 160
25 111
54 200
78 89
69 91
90 91
68 157
53 94
77 18
65 54
76 47
24 197
66 157
49 26
33 52
70 53
21 73
78 194
87 109
10 176
63 40
58 28
46 164
49 193
33 72
38 96
55 114
15 80
66 93
82 122
20 191
24 158
52 142
12 171
63 55
46 83
19 56
46 115
58 57
68 35
15 167
96 28
11 58
33 162
71 15
36 97
18 70
28 82
58 48
52 95
33 41
36 22
99 92
87 120
73 79
90 80
67 110
91 159
48 40
52 120
44 68
16 64
81 82
29 174
55 31
48 36
38 59
73 162
62 19
45 101
84 48
29 189
72 114
71 128
50 110
45 11
16 76
53 119
38 44
78 68
59 173
23 162
16 177
77 184
25 26
20 118
100 100
48 33
66 75
61 169
48 20
17 187
63 57
95 33
86 41
74 191
14 51
85 35
36 119
97 35
37 115
49 20
62 70
24 39
22 16
51 154
34 169
67 124
71 67
79 151
87 82
17 123
93 137
65 163
70 179
87 11
47 174
33 142
39 99
44 22
76 191
27 143
59 106
51 28
99 34
93 104
51 154
76 52
71 18
80 158
72 46
37 123
18 24
71 75
24 57
69 17
15 53
53 50
34 37
47 177
93 80
17 181
55 141
41 137
93 58
56 157
93 97
73 126
60 134
66 46
11 100
81 71
74 47
34 158
44 22
30 127
63 58
33 139
36 151
86 159
91 181
83 115
42 185
48 11
14 52
46 164
91 113
39 130
12 158
25 25
87 43
53 84
35 70
73 102
94 109
43 40
16 166
30 180
50 28
20 133
88 49
23 57
35 143
97 125
68 107
91 91
20 125
19 54
72 31
23 48
93 50
66 42
51 67
64 200
17 45
98 190
29 50
90 80
79 44
99 104
24 156
16 126
48 195
86 86
97 159
38 190
34 24
52 37
42 86
28 200
80 12
61 49
90 57
70 57
53 114
68 77
19 159
54 162
53 184
66 21
55 162
93 163
13 76
17 100
49 70
11 117
14 110
44 137
66 97
26 71
34 158
38 113
75 152
90 112
37 112
31 98
29 168
24 114
20 94
31 40
56 124
58 92
48 125
18 13
58 34
38 87
34 55
24 119
27 64
81 153
38 188
90 104
41 145
43 42
34 42
80 58
13 41
58 33
82 181
35 20
53 144
74 40
100 108
93 38
17 23
72 193
91 75
56 177
65 125
52 92
33 103
86 179
22 102
95 111
62 82
50 131
47 61
99 58
65 131
26 165
81 89
35 166
12 75
19 185
87 196
72 191
100 61
99 54
17 193
33 79
77 120
91 111
50 182
76 174
97 67
41 100
43 96
10 99
100 51
65 173
51 172
21 157
11 154
79 198
30 177
41 63
92 97
90 111
74 167
46 33
20 44
100 191
96 32
52 113
90 185
61 154
61 92
44 10
46 132
33 35
41 95
42 48
13 97
63 103
49 76
64 109
93 93
67 62
43 10
64 31
79 94
26 184
87 106
17 65
36 12
68 158
76 23
89 122
84 188
18 185
67 185
46 186
52 14
65 35
74 34
71 42
96 53
99 160
10 200
31 30
27 149
56 143
52 26
71 93
66 123
59 88
68 14
99 196
60 112
57 44
98 120
39 120
32 92
39 156
61 115
76 158
66 197
70 47
46 30
98 25
35 52
50 71
67 189
65 109
28 130
12 102
57 41
36 56
33 112
27 79
95 30
61 102
95 171
32 60
77 114
95 155
92 21
95 55
46 125
91 122
88 119
61 137
34 78
39 116
68 37
57 28
29 64
22 117
54 103
53 46
80 63
86 184
45 37
45 97
92 36
25 27
28 76
40 138
25 159
80 146
43 81
99 87
98 127
76 13
72 161
35 36
29 62
39 133
53 115
61 63
26 103
77 130
15 79
12 157
40 133
67 67
72 109
88 183
39 139
73 55
45 58
68 179
71 158
98 21
51 174
75 34
51 190
64 67
75 43
78 117
65 137
94 22
63 141
58 71
98 13
72 21
99 63
22 14
53 145
100 104
31 135
23 186
41 126
28 13
22 88
74 146
20 138
29 82
66 198
81 169
24 102
59 83
44 193
98 188
44 125
97 77
33 64
90 195
66 149
34 161
84 162
18 94
82 108
29 168
31 130
64 127
68 160
74 200
46 131
69 133
68 100
61 127
92 84
19 156
76 185
90 102
94 65
70 66
52 152
76 90
15 13
72 147
14 82
92 137
17 177
47 80
80 90
83 52
66 183
45 39
34 135
16 112
49 139
20 197
28 45
64 14
79 138
22 33
35 141
87 22
28 50
33 15
12 132
31 116
61 76
25 103
54 98
67 43
24 26
47 138
25 139
82 122
53 137
40 107
61 126
36 16
67 54
39 118
83 112
90 112
98 21
82 53
53 62
61 179
78 139
25 131
24 102
50 165
16 19
62 128
60 12
63 145
65 21
12 54
33 129
43 145
60 13
34 71
80 97
86 156
99 200
68 124
23 173
44 151
14 171
13 160
47 79
97 29
76 178
65 35
54 94
82 68
40 12
86 174
17 21
30 146
88 37
82 133
22 169
46 34
21 175
43 134
70 110
77 155
55 69
97 15
19 26
28 71
63 45
22 139
37 17
93 111
47 18
41 88
90 118
38 159
26 97
21 179
26 66
84 106
100 157
86 121
37 28
21 191
70 70
77 155
82 78
37 156
43 121
40 106
99 147
86 164
55 147
64 83
11 97
96 194
98 113
18 48
11 162
41 38
15 33
85 143
77 70
69 200
97 132
95 63
30 160
73 155
40 12
10 176
90 17
95 186
94 127
38 94
49 84
30 132
40 127
58 29
97 185
26 21
80 168
14 38
54 134
38 77
29 20
78 78
51 65
22 181
92 109
93 92
36 19
10 133
98 132
73 167
39 24
50 54
27 95
71 131
85 64
18 199
91 94
77 136
21 174
39 152
56 35
42 131
61 80
47 192
54 60
14 118
26 179
91 78
26 65
67 136
78 71
68 37
61 53
63 125
50 124
37 166
39 133
40 14
27 172
64 35
13 198
54 118
40 148
25 71
23 37
73 188
20 152
21 75
55 200
59 87
82 88
16 71
71 161
81 66
40 115
60 176
30 56
26 109
65 122
32 72
40 188
85 68
52 74
38 178
33 145
55 18
36 129
97 87
61 189
86 64
75 56
51 36
28 188
71 163
24 127
78 57
14 84
59 97
59 70
16 86
91 150
67 81
77 17
78 32
57 144
45 142
78 160
43 137
69 146
42 78
60 145
91 30
73 85
73 19
16 12
83 194
95 33
77 96
29 75
24 79
33 26
61 30
61 31
60 190
60 77
66 83
