1000 500 10 200 10 100
31 47
61 117
85 112
83 59
84 172
65 38
73 35
55 178
75 15
44 106
56 78
98 57
48 90
39 39
49 23
64 131
14 101
90 112
89 192
65 138
63 187
32 21
43 74
63 191
56 83
33 37
31 123
42 188
54 123
20 149
71 116
27 18
70 140
80 62
42 124
84 159
80 199
83 123
82 181
47 185
96 199
92 37
53 119
48 167
94 106
16 21
50 16
18 71
94 161
30 120
85 157
84 16
18 70
94 71
11 63
43 126
63 90
39 25
20 20
29 83
89 119
85 150
22 135
64 115
44 179
94 23
88 147
10 134
43 149
12 78
51 73
57 107
70 147
36 173
25 126
48 96
43 184
59 34
42 100
60 35
98 17
59 57
84 67
44 182
69 198
77 61
46 53
77 44
35 101
49 23
20 106
18 126
36 166
62 197
43 111
98 156
28 91
79 115
31 15
45 29
76 168
26 73
62 81
81 76
21 158
38 64
33 188
38 164
29 153
43 63
64 35
56 25
50 65
65 130
64 48
79 94
75 73
14 47
51 108
24 161
30 193
47 140
68 26
82 200
27 106
12 76
19 114
43 113
63 64
10 82
98 35
73 129
37 167
62 65
78 124
56 151
98 61
68 140
84 36
15 90
27 44
99 129
46 90
12 161
93 118
79 68
45 31
78 63
44 198
66 84
86 155
90 80
68 159
11 106
59 193
15 183
41 164
29 198
61 187
93 19
51 191
96 69
39 109
20 31
30 84
65 70
50 151
52 88
10 194
59 138
23 192
16 45
84 53
11 51
74 190
51 178
28 173
63 23
36 12
85 30
65 161
25 136
94 73
76 64
74 29
33 97
14 156
21 40
82 164
85 82
16 155
86 177
35 118
45 29
91 78
71 27
32 173
22 185
15 21
89 146
75 106
47 117
68 164
29 103
34 28
20 124
39 57
27 121
60 134
79 129
45 32
95 85
88 165
99 84
58 151
52 60
26 62
65 151
10 113
87 187
52 73
27 148
56 53
62 128
97 74
19 11
96 46
25 113
37 167
55 199
28 16
72 17
49 24
81 127
74 55
36 124
81 66
23 81
88 175
58 109
31 77
42 157
34 17
62 136
89 78
100 112
67 182
13 186
24 121
18 188
68 69
67 128
88 27
91 79
17 29
76 83
15 131
54 31
82 122
16 133
38 90
39 96
94 198
11 132
43 15
59 127
17 53
65 66
58 75
87 105
56 156
19 12
87 17
16 45
85 181
92 141
46 55
17 198
80 129
10 182
45 71
93 75
91 175
64 27
28 87
29 156
29 99
89 140
54 182
37 79
71 186
13 99
65 89
100 105
46 47
73 18
75 38
50 43
75 13
66 74
71 194
30 144
76 200
59 21
66 101
74 187
84 166
60 160
88 25
100 106
75 185
31 183
54 18
13 25
38 120
38 123
70 131
15 27
83 161
44 133
30 163
39 181
85 70
70 194
11 26
22 159
58 57
79 23
68 10
11 121
68 162
75 76
14 122
53 44
61 144
35 178
95 130
49 55
70 121
67 96
94 14
63 160
40 17
34 161
77 54
20 171
27 138
88 143
64 130
18 176
81 188
60 192
78 134
70 128
33 152
34 12
32 67
85 38
28 156
23 125
43 93
55 60
17 132
45 101
90 191
12 169
67 52
61 116
77 51
44 29
73 78
43 170
17 15
20 53
36 18
46 14
19 85
46 143
50 100
14 112
51 111
62 90
86 84
51 150
59 61
79 139
69 43
26 109
92 128
82 53
77 142
67 81
35 156
29 77
47 57
67 180
57 103
96 154
57 88
74 124
11 93
91 112
80 183
64 18
60 163
15 89
26 153
40 165
75 174
80 197
46 64
63 54
82 68
51 156
76 123
61 128
84 175
10 176
21 50
88 110
100 67
24 151
28 171
30 139
13 169
31 18
64 134
58 33
59 81
54 159
39 101
28 53
19 116
76 76
83 56
18 12
19 188
23 123
40 90
84 124
24 41
99 147
15 37
39 178
71 171
15 146
15 43
39 160
51 60
99 150
84 33
85 42
55 127
48 191
59 60
44 108
90 89
67 77
14 47
75 67
96 33
92 79
66 22
79 38
51 108
57 192
100 151
81 186
57 31
93 105
13 133
41 16
69 102
13 171
56 172
65 168
21 62
15 84
39 119
10 159
23 133
67 170
16 26
67 173
29 152
31 142
85 124
95 161
76 53
43 198
93 11
90 42
70 34
97 150
42 49
95 182
72 102
85 54
62 127
94 178
63 116
84 196
93 111
71 99
39 108
52 22
27 61
88 185
54 160
48 50
99 63
58 170
57 194
64 95
47 84
16 19
88 57
28 51
32 182
64 155
56 57
46 19
64 43
23 15
34 149
57 23
20 98
18 179
64 51
38 32
82 11
28 115
89 67
28 59
88 139
34 171
51 193
33 138
57 27
76 51
23 42
67 191
53 69
53 65
47 86
35 57
80 141
68 179
15 183
41 90
31 40
53 128
35 85
39 103
38 31
25 112
90 29
92 37
57 115
13 42
79 193
92 121
44 94
42 175
99 126
95 18
92 160
54 32
76 46
24 180
51 90
72 164
75 37
73 42
23 106
41 176
67 198
13 74
45 16
66 11
18 170
79 132
61 190
42 16
68 123
20 114
49 121
49 156
61 113
98 112
14 84
67 172
77 196
52 15
69 128
17 178
31 48
94 69
71 129
36 85
99 105
64 97
45 110
23 17
41 40
33 96
65 29
32 38
77 125
16 70
45 50
76 184
26 191
65 138
22 140
43 182
54 32
21 103
26 144
47 20
62 30
18 132
77 186
75 85
31 194
89 197
22 15
85 122
87 53
42 137
20 93
73 70
89 18
15 92
34 74
24 148
40 199
29 177
25 38
60 138
38 50
65 88
28 179
96 95
16 103
30 58
66 161
44 123
93 104
21 165
72 107
66 83
20 12
72 133
42 154
72 107
86 70
37 71
93 15
72 93
59 199
79 116
11 81
85 173
78 43
75 164
84 93
14 88
79 139
83 170
60 126
97 109
97 82
66 56
55 170
51 39
46 80
45 171
95 174
96 148
79 124
76 190
100 170
73 145
56 132
14 22
79 12
31 87
34 157
82 16
77 94
47 137
15 12
78 158
65 94
35 35
42 38
77 67
81 113
90 127
21 139
58 136
58 126
82 47
28 168
25 29
86 111
35 46
60 86
53 132
75 121
39 31
79 193
27 190
17 112
11 184
64 99
72 13
92 176
57 97
70 116
69 47
50 95
99 195
59 99
96 15
83 104
56 11
39 137
37 44
97 128
28 111
15 182
34 86
96 176
33 144
16 133
36 151
48 86
37 41
39 92
46 37
19 95
53 103
82 72
10 92
36 200
91 60
71 128
91 181
59 131
48 16
69 127
93 125
62 146
84 30
14 24
83 45
75 151
78 175
69 97
50 55
23 102
89 98
72 63
67 145
57 24
66 91
97 173
12 187
40 183
29 190
16 129
74 151
90 184
54 113
46 35
16 189
51 86
96 191
38 178
22 167
85 129
26 177
90 106
55 63
15 23
27 129
92 98
18 43
59 48
94 174
36 104
16 43
58 93
69 163
28 11
33 105
59 29
100 97
32 88
32 56
45 23
65 64
57 76
71 13
15 43
64 52
81 15
34 161
73 153
78 11
36 95
19 128
13 200
51 82
25 186
79 200
38 125
50 131
87 173
55 149
92 178
49 164
42 99
63 102
82 68
21 49
95 30
19 110
38 13
50 128
49 132
30 41
79 12
80 69
98 141
36 180
96 31
77 122
64 111
96 14
70 160
69 166
37 43
24 31
55 79
36 101
100 98
89 56
80 117
59 74
55 146
82 18
22 39
41 108
50 187
37 175
61 178
36 147
91 58
70 123
31 139
57 149
15 146
24 126
66 133
41 153
74 86
23 66
33 90
78 99
99 119
46 65
81 78
63 151
39 192
33 75
45 109
44 178
78 40
14 151
85 136
53 84
20 64
98 171
38 147
70 64
97 176
48 197
40 165
11 191
50 64
84 130
68 101
15 60
76 76
96 138
18 126
73 67
31 196
25 145
99 118
85 73
16 184
35 158
13 60
70 148
78 35
55 120
33 51
97 101
34 193
23 141
94 93
24 119
72 35
37 74
41 128
83 80
61 50
85 80
61 199
70 57
23 118
36 194
39 180
45 97
78 166
95 111
23 58
11 181
12 127
19 70
13 34
44 155
62 191
44 186
89 74
67 65
82 30
11 184
42 17
36 25
21 131
97 53
57 168
73 105
90 99
18 160
73 128
73 188
34 161
27 128
73 37
41 60
40 107
82 101
42 136
98 109
56 65
94 66
18 175
78 161
48 149
16 17
92 56
26 15
11 190
56 84
27 181
45 117
29 190
46 23
52 147
30 182
54 73
63 55
43 30
76 154
79 148
19 66
77 200
50 53
68 47
15 58
82 83
60 127
84 195
78 187
93 83
49 164
38 59
62 36
95 68
15 114
73 185
98 52
49 85
81 25
