  1   0   0   0   0   0   0   0   0   0   0   0   0   0   0   0   0   0   0   0   0   0   0   0   0   0   0   0   0   0   0   0   0   0   0   0   0   0   0   0   0   0   0   0   0   0   0   0   0   0   0   0   0   0   0   0   0   0   0   0   0   0   0   0   0   0   0   0   0   0   0   0   0   0   0   0   0   0   0   0   0   0   0   0   0   0   0   0   0   0   0   0   0   0   0   0   0   0   0   0   0   0   0   0   0   0   0   0   0   0   0   0   0   0   0   0   0   0   0   0   0   0   0   0   0   0   0   0   0   0   0   0   0   0   0   0   0   0   0   0   0   0   0   0   0   0   0   0   0   0   0   0   0   0   0   0   0   0   0   0   0   0   0   0   0   0   0   0   0   0   0   0   0   0   0   0   0   0   0   0   0   0   0   0   0   0   0   0   0   0   0   0   0   0   0   0   0   0   0   0   0   0   0   0   0   0   0   0   0   0   0   0   0   0   0   0   0   0   0   0   0   0   0   0   0   0   0   0   0   0   0   0   0   0   0   0   0   0   0   0   0   0   0   0   0   0   0   0   0   0   0   0   0   0   0   0   0   0   0   0   0   0   0   0   0   0   0   0   0   0   0   0   0   0   0   0   0   0   0   0   0   0   0   0   0   0   0   0   0   0   0   0   0   0   0   0   0   0   0   0   0   0   0   0   0   0   0   0   0   0   0   0   0   0   0   0   0   0   0   0   0   0   0   0   0   0   0   0   0   0   0   0   0   0   0   0   0   0   0   0   0   0   0   0   0   0   0   0   0   0   0   0   0   0   0   0   0   0   0   0   0   0   0   0   0   0   0   0   0   0   0   0   0   0   0   0   0   0   0   0   0   0   0   0   0   0   0   0   0   0   0   0   0   0   0   0   0   0   0   0   0   0   0   0   0   0   0   0   0   0   0   0   0   0   0   0   0   0   0   0   0   0   0   0   0   0   0   0   0   0   0   0   0   0   0   0   0   0   0   0   0   0   0   0   0   0   0   0   0   0   0   0   0   0   0   0   0   0   0   0   0   0   0   0   0   0   0   0   0   0   0   0   0   0   0   0   0   0   0   0   0   0   0   0   0   0   0   0   0   0   0   0   0   0   0   0   0   0   0   0   0   0   0   0   0   0   0   0   0   0   0   0   0   0   0   0   0   0   0   0   0   0   0   0   0   0   0   0   0   0   0   0   0   0   0   0   0   0   0   0   0   0   0   0   0   0   0   0   0   0   0   0   0   0   0   0   0   0   0   0   0   0   0   0   0   0   0   0   0   0   0   0   0   0   0   0   0   0   0   0   0   0   0   0   0   0   0   0   0   0   0   0   0   0   0   0   0   0   0   0   0   0   0   0   0   0   0   0   0   0   0   0   0   0   0   0   0   0   0   0   0   0   0   0   0   0   0   0   0   0   0   0   0   0   0   0   0   0   0   0   0   0   0   0   0   0   0   0   0   0   0   0   0   0   0   0   0   0   0   0   0   0   0   0   0   0   0   0   0   0   0   0   0   0   0   0   0   0   0   0   0   0   0   0   0   0   0   0   0   0   0   0   0   0   0   0   0   0   0   0   0   0   0   0   0   0   0   0   0   0   0   0   0   0   0   0   0   0   0   0   0   0   0   0   0   0   0   0   0   0   0   0   0   0   0   0   0   0   0   0   0   0   0   0   0   0   0   0   0   0   0   0   0   0   0   0   0   0   0   0   0   0   0   0   0   0   0   0   0   0   0   0   0   0   0   0   0   0   0   0   0   0   0   0   0   0   0   0   0   0   0   0   0   0   0   0   0   0   0   0   0   0   0   0   0   0   0   0   0   0   0   0   0   0   0   0   0   0   0   0   0   0   0   0   0   0   0   0   0   0   0   0   0   0   0   0   0   0   0   0   0   0   0   0   0   0   0   0   0   0   0   0   0   0   0   0   0   0   0   0   0   0   0   0   0   0   0   0   0   0   0   0   0   0   0   0   0   0   0   0   0   0   0   0   0   0   0   0   0   0   0   0   0   0   0   0   0   0   0   0   0   0   0   0   0   0   0   0   0   0   0   0   0   0   0   0   0   0   0   0   0   0   0   0   0   0   0   0   0   0   0   0   0   0   0   0   0   0   0   0   0   0   0   0   0   0   0   0   0   0   0   0   0   0   0   0   0   0   0   0   0   0   0   0   0   0   0   0   0   0   0   0   0   0   0   0   0   0   0   0   0   0   0   0   0   0   0   0   0   0   0   0   0   0   0   0   0   0   0   0 
REMAINING SPACE:      156
ACCUMULATED PRIORITY: 100
EXECUTION TIME:       0.000160200
QTY PRI VAL
[1] 100 344
[0] 100 352
[0] 100 340
[0] 100 317
[0] 100 338
[0] 100 406
[0] 100 485
[0] 100 395
[0] 100 359
[0] 100 374
[0] 100 315
[0] 100 499
[0] 100 284
[0] 100 208
[0] 100 295
[0]  99 454
[0]  99 457
[0]  99 215
[0]  99 460
[0]  99 438
[0]  99 486
[0]  98 420
[0]  98 207
[0]  98 422
[0]  98 482
[0]  98 466
[0]  98 261
[0]  98 276
[0]  98 399
[0]  98 309
[0]  97 346
[0]  97 325
[0]  97 340
[0]  97 489
[0]  97 376
[0]  97 248
[0]  97 415
[0]  97 261
[0]  97 349
[0]  97 416
[0]  97 431
[0]  96 388
[0]  96 223
[0]  96 391
[0]  96 358
[0]  96 306
[0]  96 237
[0]  96 491
[0]  96 427
[0]  96 202
[0]  96 469
[0]  96 242
[0]  96 438
[0]  96 425
[0]  96 327
[0]  96 342
[0]  95 200
[0]  95 471
[0]  95 299
[0]  95 251
[0]  95 362
[0]  95 328
[0]  95 266
[0]  95 254
[0]  95 468
[0]  95 254
[0]  95 396
[0]  95 359
[0]  95 248
[0]  95 312
[0]  95 245
[0]  94 327
[0]  94 383
[0]  94 357
[0]  94 371
[0]  94 284
[0]  94 346
[0]  94 208
[0]  94 360
[0]  94 461
[0]  93 270
[0]  93 262
[0]  93 317
[0]  93 204
[0]  93 481
[0]  93 410
[0]  93 395
[0]  93 459
[0]  93 434
[0]  93 229
[0]  93 489
[0]  93 479
[0]  93 226
[0]  92 405
[0]  92 209
[0]  92 371
[0]  92 403
[0]  92 246
[0]  92 378
[0]  92 220
[0]  92 375
[0]  92 241
[0]  91 203
[0]  91 348
[0]  91 483
[0]  91 410
[0]  91 272
[0]  91 407
[0]  91 321
[0]  91 447
[0]  91 325
[0]  91 337
[0]  91 472
[0]  91 204
[0]  91 399
[0]  91 256
[0]  91 236
[0]  91 381
[0]  90 200
[0]  90 226
[0]  90 394
[0]  90 287
[0]  90 406
[0]  90 490
[0]  90 291
[0]  90 406
[0]  89 451
[0]  89 429
[0]  89 372
[0]  89 301
[0]  89 386
[0]  89 364
[0]  89 362
[0]  89 297
[0]  89 308
[0]  89 400
[0]  89 411
[0]  89 243
[0]  89 306
[0]  89 404
[0]  89 398
[0]  89 480
[0]  88 275
[0]  88 399
[0]  88 477
[0]  88 257
[0]  88 421
[0]  88 236
[0]  88 243
[0]  88 416
[0]  88 357
[0]  88 346
[0]  88 379
[0]  88 381
[0]  88 253
[0]  88 247
[0]  87 479
[0]  87 247
[0]  87 391
[0]  87 346
[0]  87 408
[0]  87 433
[0]  87 264
[0]  86 314
[0]  86 489
[0]  86 489
[0]  86 360
[0]  86 396
[0]  86 468
[0]  86 202
[0]  86 451
[0]  86 285
[0]  85 201
[0]  85 285
[0]  85 352
[0]  85 320
[0]  85 203
[0]  85 251
[0]  85 329
[0]  85 444
[0]  85 208
[0]  85 256
[0]  84 471
[0]  84 372
[0]  84 368
[0]  84 294
[0]  84 270
[0]  84 363
[0]  84 291
[0]  84 318
[0]  84 457
[0]  84 209
[0]  84 282
[0]  84 439
[0]  84 225
[0]  83 328
[0]  83 313
[0]  83 432
[0]  83 477
[0]  83 323
[0]  83 400
[0]  83 209
[0]  83 397
[0]  83 436
[0]  83 458
[0]  82 336
[0]  82 474
[0]  82 496
[0]  82 493
[0]  82 330
[0]  82 499
[0]  82 442
[0]  82 267
[0]  82 349
[0]  82 355
[0]  82 269
[0]  82 476
[0]  82 271
[0]  82 322
[0]  82 251
[0]  82 201
[0]  81 229
[0]  81 389
[0]  81 276
[0]  81 456
[0]  81 248
[0]  81 312
[0]  81 200
[0]  81 434
[0]  81 283
[0]  81 494
[0]  81 368
[0]  81 299
[0]  81 301
[0]  81 332
[0]  81 432
[0]  80 389
[0]  80 352
[0]  80 452
[0]  80 457
[0]  80 208
[0]  80 497
[0]  80 328
[0]  79 233
[0]  79 445
[0]  79 269
[0]  79 258
[0]  79 351
[0]  79 379
[0]  78 244
[0]  78 284
[0]  78 283
[0]  78 386
[0]  78 322
[0]  78 385
[0]  78 492
[0]  78 490
[0]  78 296
[0]  77 420
[0]  77 303
[0]  77 255
[0]  77 275
[0]  77 412
[0]  77 345
[0]  77 475
[0]  77 325
[0]  77 214
[0]  77 248
[0]  77 430
[0]  76 394
[0]  76 238
[0]  76 288
[0]  76 374
[0]  76 402
[0]  76 426
[0]  76 420
[0]  76 271
[0]  76 427
[0]  75 273
[0]  75 498
[0]  75 369
[0]  75 386
[0]  75 429
[0]  75 272
[0]  75 324
[0]  75 381
[0]  75 369
[0]  75 273
[0]  75 293
[0]  75 472
[0]  75 305
[0]  75 293
[0]  75 459
[0]  74 468
[0]  74 381
[0]  74 390
[0]  74 472
[0]  74 401
[0]  74 390
[0]  74 335
[0]  74 358
[0]  74 437
[0]  74 297
[0]  73 274
[0]  73 258
[0]  73 472
[0]  73 496
[0]  73 388
[0]  73 326
[0]  73 274
[0]  73 255
[0]  73 245
[0]  73 432
[0]  73 416
[0]  73 211
[0]  72 472
[0]  72 270
[0]  72 272
[0]  72 245
[0]  72 346
[0]  72 478
[0]  72 398
[0]  72 414
[0]  72 429
[0]  71 219
[0]  71 214
[0]  71 410
[0]  71 383
[0]  71 461
[0]  71 464
[0]  71 304
[0]  71 446
[0]  71 491
[0]  71 417
[0]  71 247
[0]  71 321
[0]  71 317
[0]  71 321
[0]  71 407
[0]  70 386
[0]  70 201
[0]  70 337
[0]  70 409
[0]  70 339
[0]  70 288
[0]  70 421
[0]  70 438
[0]  70 464
[0]  70 248
[0]  70 242
[0]  69 444
[0]  69 259
[0]  69 323
[0]  69 361
[0]  69 317
[0]  69 429
[0]  69 325
[0]  69 209
[0]  69 282
[0]  69 457
[0]  68 246
[0]  68 475
[0]  68 265
[0]  68 489
[0]  68 334
[0]  68 456
[0]  68 253
[0]  68 391
[0]  68 225
[0]  68 324
[0]  68 204
[0]  68 427
[0]  68 267
[0]  67 333
[0]  67 495
[0]  67 343
[0]  67 270
[0]  67 264
[0]  67 359
[0]  67 220
[0]  67 434
[0]  67 479
[0]  67 458
[0]  67 460
[0]  66 245
[0]  66 455
[0]  66 290
[0]  66 486
[0]  66 356
[0]  66 424
[0]  66 419
[0]  66 415
[0]  66 295
[0]  66 291
[0]  65 449
[0]  65 393
[0]  65 437
[0]  65 355
[0]  65 303
[0]  65 333
[0]  65 316
[0]  65 268
[0]  65 391
[0]  65 339
[0]  65 434
[0]  64 491
[0]  64 461
[0]  64 419
[0]  64 384
[0]  64 259
[0]  64 307
[0]  64 266
[0]  63 227
[0]  63 330
[0]  63 474
[0]  63 453
[0]  63 496
[0]  63 334
[0]  63 226
[0]  63 296
[0]  63 228
[0]  63 481
[0]  63 312
[0]  63 374
[0]  63 308
[0]  62 388
[0]  62 327
[0]  62 262
[0]  62 227
[0]  62 376
[0]  62 495
[0]  62 345
[0]  62 260
[0]  62 245
[0]  62 383
[0]  62 216
[0]  62 490
[0]  61 298
[0]  61 298
[0]  61 275
[0]  61 257
[0]  61 475
[0]  61 472
[0]  61 397
[0]  61 242
[0]  61 489
[0]  60 381
[0]  60 224
[0]  60 381
[0]  60 355
[0]  60 322
[0]  60 405
[0]  60 298
[0]  59 352
[0]  59 488
[0]  59 333
[0]  59 424
[0]  59 320
[0]  59 494
[0]  59 278
[0]  59 260
[0]  58 316
[0]  58 302
[0]  58 242
[0]  58 232
[0]  58 330
[0]  58 253
[0]  58 274
[0]  58 371
[0]  58 265
[0]  57 484
[0]  57 373
[0]  57 401
[0]  57 333
[0]  57 272
[0]  57 242
[0]  57 380
[0]  57 442
[0]  57 214
[0]  57 431
[0]  57 270
[0]  56 488
[0]  56 442
[0]  56 432
[0]  56 261
[0]  56 455
[0]  56 268
[0]  56 200
[0]  56 300
[0]  56 456
[0]  56 299
[0]  56 370
[0]  55 264
[0]  55 394
[0]  55 264
[0]  55 325
[0]  55 481
[0]  55 468
[0]  55 308
[0]  54 409
[0]  54 295
[0]  54 259
[0]  54 276
[0]  54 330
[0]  54 303
[0]  54 486
[0]  54 255
[0]  54 256
[0]  54 311
[0]  54 376
[0]  54 351
[0]  54 308
[0]  54 242
[0]  54 369
[0]  53 204
[0]  53 210
[0]  53 410
[0]  53 447
[0]  53 498
[0]  53 467
[0]  53 342
[0]  53 306
[0]  53 203
[0]  53 329
[0]  52 417
[0]  52 216
[0]  52 243
[0]  52 367
[0]  52 318
[0]  52 426
[0]  52 206
[0]  52 444
[0]  52 252
[0]  51 204
[0]  51 381
[0]  51 380
[0]  51 500
[0]  51 377
[0]  51 259
[0]  51 440
[0]  51 257
[0]  50 249
[0]  50 222
[0]  50 227
[0]  50 489
[0]  50 285
[0]  50 286
[0]  50 346
[0]  50 246
[0]  49 483
[0]  49 394
[0]  49 470
[0]  49 380
[0]  49 478
[0]  49 375
[0]  49 352
[0]  49 200
[0]  49 403
[0]  49 464
[0]  49 411
[0]  49 411
[0]  49 334
[0]  49 218
[0]  49 485
[0]  49 276
[0]  49 467
[0]  48 332
[0]  48 385
[0]  48 423
[0]  48 433
[0]  48 236
[0]  47 296
[0]  47 296
[0]  47 272
[0]  47 351
[0]  47 320
[0]  47 446
[0]  47 333
[0]  47 334
[0]  47 325
[0]  47 426
[0]  47 453
[0]  47 250
[0]  47 326
[0]  46 212
[0]  46 255
[0]  46 213
[0]  46 264
[0]  46 310
[0]  46 267
[0]  46 286
[0]  46 242
[0]  46 397
[0]  46 368
[0]  46 438
[0]  46 416
[0]  46 261
[0]  46 495
[0]  46 400
[0]  45 298
[0]  45 335
[0]  45 383
[0]  45 220
[0]  45 359
[0]  45 422
[0]  45 432
[0]  45 288
[0]  45 410
[0]  45 404
[0]  45 253
[0]  45 480
[0]  45 491
[0]  45 297
[0]  44 275
[0]  44 441
[0]  44 452
[0]  44 443
[0]  44 368
[0]  44 421
[0]  44 290
[0]  44 287
[0]  44 445
[0]  44 391
[0]  44 499
[0]  44 257
[0]  44 323
[0]  44 339
[0]  43 402
[0]  43 220
[0]  43 492
[0]  43 459
[0]  43 247
[0]  43 431
[0]  43 265
[0]  43 347
[0]  43 331
[0]  43 311
[0]  43 331
[0]  43 355
[0]  42 411
[0]  42 492
[0]  42 421
[0]  42 298
[0]  42 288
[0]  42 274
[0]  42 259
[0]  42 392
[0]  42 240
[0]  42 239
[0]  42 306
[0]  42 200
[0]  42 446
[0]  41 282
[0]  41 332
[0]  41 421
[0]  41 224
[0]  41 449
[0]  41 353
[0]  41 308
[0]  41 201
[0]  41 234
[0]  41 316
[0]  41 438
[0]  41 482
[0]  41 458
[0]  41 443
[0]  40 382
[0]  40 390
[0]  40 228
[0]  40 478
[0]  40 201
[0]  40 489
[0]  40 321
[0]  40 250
[0]  40 412
[0]  39 279
[0]  39 432
[0]  39 464
[0]  39 411
[0]  39 228
[0]  39 251
[0]  39 215
[0]  39 224
[0]  38 283
[0]  38 275
[0]  38 293
[0]  38 485
[0]  38 205
[0]  38 286
[0]  38 500
[0]  38 317
[0]  38 465
[0]  38 264
[0]  38 340
[0]  38 443
[0]  37 396
[0]  37 284
[0]  37 207
[0]  37 499
[0]  37 377
[0]  37 354
[0]  37 311
[0]  37 336
[0]  37 355
[0]  37 418
[0]  37 218
[0]  37 318
[0]  37 317
[0]  37 377
[0]  36 498
[0]  36 406
[0]  36 387
[0]  36 344
[0]  36 284
[0]  36 209
[0]  36 298
[0]  36 273
[0]  36 262
[0]  35 436
[0]  35 280
[0]  35 456
[0]  35 469
[0]  35 445
[0]  35 346
[0]  35 244
[0]  35 397
[0]  35 215
[0]  35 359
[0]  34 362
[0]  34 367
[0]  34 263
[0]  34 204
[0]  34 385
[0]  34 417
[0]  34 342
[0]  34 269
[0]  34 338
[0]  34 483
[0]  34 403
[0]  34 258
[0]  34 319
[0]  34 234
[0]  33 496
[0]  33 251
[0]  33 318
[0]  33 207
[0]  33 444
[0]  33 286
[0]  33 279
[0]  33 366
[0]  33 394
[0]  33 359
[0]  33 276
[0]  32 471
[0]  32 375
[0]  32 362
[0]  32 360
[0]  32 299
[0]  32 434
[0]  32 489
[0]  32 210
[0]  32 318
[0]  32 383
[0]  31 432
[0]  31 430
[0]  31 317
[0]  31 286
[0]  31 352
[0]  31 224
[0]  31 272
[0]  31 251
[0]  31 387
[0]  31 416
[0]  31 244
[0]  30 334
[0]  30 331
[0]  30 437
[0]  30 279
[0]  30 392
[0]  30 382
[0]  30 407
[0]  30 219
[0]  30 389
[0]  30 405
[0]  30 227
[0]  30 371
[0]  29 371
[0]  29 327
[0]  29 284
[0]  29 482
[0]  29 241
[0]  29 307
[0]  29 356
[0]  29 446
[0]  29 272
[0]  29 281
[0]  28 400
[0]  28 459
[0]  28 373
[0]  28 390
[0]  28 438
[0]  28 480
[0]  27 320
[0]  27 223
[0]  27 211
[0]  27 282
[0]  27 289
[0]  27 276
[0]  27 250
[0]  27 292
[0]  27 397
[0]  27 279
[0]  27 316
[0]  27 316
[0]  26 292
[0]  26 302
[0]  26 232
[0]  26 313
[0]  26 336
[0]  26 286
[0]  26 255
[0]  26 455
[0]  26 479
[0]  26 281
[0]  26 230
[0]  26 341
[0]  25 228
[0]  25 427
[0]  25 348
[0]  25 278
[0]  25 326
[0]  25 288
[0]  25 407
[0]  25 470
[0]  25 257
[0]  25 349
[0]  24 373
[0]  24 313
[0]  24 303
[0]  24 249
[0]  24 345
[0]  24 346
[0]  24 360
[0]  24 352
[0]  24 404
[0]  24 304
[0]  24 282
[0]  24 259
[0]  24 261
[0]  24 404
[0]  24 277
[0]  23 495
[0]  23 294
[0]  23 464
[0]  23 290
[0]  23 252
[0]  23 497
[0]  23 470
[0]  23 375
[0]  22 274
[0]  22 345
[0]  22 398
[0]  22 425
[0]  22 487
[0]  22 273
[0]  22 383
[0]  22 228
[0]  22 305
[0]  22 218
[0]  22 404
[0]  22 299
[0]  22 295
[0]  22 319
[0]  22 248
[0]  22 254
[0]  22 315
[0]  22 260
[0]  21 494
[0]  21 377
[0]  21 430
[0]  21 380
[0]  21 482
[0]  21 309
[0]  21 279
[0]  21 252
[0]  21 279
[0]  21 396
[0]  21 219
[0]  21 403
[0]  20 402
[0]  20 389
[0]  20 472
[0]  20 357
[0]  20 326
[0]  20 211
[0]  20 482
[0]  20 205
[0]  20 297
[0]  20 262
[0]  19 322
[0]  19 322
[0]  19 261
[0]  19 467
[0]  19 386
[0]  19 456
[0]  19 414
[0]  19 478
[0]  19 282
[0]  19 411
[0]  19 428
[0]  19 409
[0]  18 472
[0]  18 489
[0]  18 430
[0]  18 443
[0]  18 328
[0]  18 348
[0]  18 335
[0]  18 372
[0]  18 365
[0]  18 357
[0]  18 378
[0]  18 406
[0]  17 350
[0]  17 218
[0]  17 266
[0]  17 328
[0]  17 250
[0]  17 329
[0]  17 394
[0]  17 385
[0]  17 415
[0]  17 400
[0]  17 458
[0]  17 461
[0]  17 218
[0]  17 441
[0]  17 408
[0]  16 338
[0]  16 496
[0]  16 304
[0]  16 374
[0]  16 401
[0]  16 313
[0]  16 356
[0]  16 241
[0]  15 360
[0]  15 361
[0]  15 248
[0]  15 448
[0]  15 453
[0]  15 375
[0]  15 233
[0]  15 355
[0]  15 215
[0]  14 379
[0]  14 469
[0]  14 407
[0]  14 353
[0]  14 486
[0]  14 391
[0]  14 444
[0]  14 321
[0]  14 497
[0]  14 422
[0]  14 350
[0]  14 270
[0]  14 424
[0]  13 457
[0]  13 463
[0]  13 289
[0]  13 343
[0]  13 481
[0]  13 240
[0]  12 426
[0]  12 267
[0]  12 275
[0]  12 359
[0]  12 325
[0]  12 441
[0]  12 315
[0]  11 452
[0]  11 375
[0]  11 460
[0]  11 277
[0]  11 469
[0]  11 397
[0]  11 238
[0]  11 382
[0]  10 487
[0]  10 480
[0]  10 242
[0]  10 341
[0]  10 288
[0]  10 296
[0]  10 376
[0]  10 202
[0]  10 349
[0]  10 237
[0]  10 271
