  1   0   0   0   0   0   0   0   0   0   0   0   0   0   0   0   0   0   0   0   0   0   0   0   0   0   0   0   0   0   0   0   0   0   0   0   0   0   0   0   0   0   0   0   0   0   0   0   0   0   0   0   0   0   0   0   0   0   0   0   0   0   0   0   0   0   0   0   0   0   0   0   0   0   0   0   0   0   0   0   0   0   0   0   0   0   0   0   0   0   0   0   0   0   0   0   0   0   0   0 
REMAINING SPACE:      1
ACCUMULATED PRIORITY: 54
EXECUTION TIME:       0.000010100
QTY PRI VAL
[1]  54 499
[0]  68 498
[0]  21 496
[0]  67 493
[0]  30 487
[0]  12 483
[0]  97 483
[0]  50 480
[0]  83 464
[0]  82 464
[0]  58 458
[0]  60 456
[0]  39 452
[0]  56 451
[0]  31 447
[0]  19 444
[0]  38 442
[0]  97 441
[0]  30 439
[0]  18 439
[0]  42 436
[0]  14 436
[0]  61 434
[0]  82 433
[0]  51 428
[0]  54 428
[0]  25 425
[0]  44 425
[0]  72 423
[0]  45 416
[0]  54 415
[0]  77 411
[0]  42 409
[0]  95 407
[0]  55 405
[0]  72 399
[0]  75 393
[0]  77 392
[0]  24 389
[0]  19 387
[0]  86 386
[0]  17 384
[0]  28 383
[0]  16 382
[0]  45 382
[0]  95 380
[0]  60 379
[0]  86 378
[0]  40 377
[0]  59 373
[0]  89 371
[0]  45 368
[0]  79 365
[0]  21 364
[0]  77 357
[0]  24 354
[0]  18 349
[0]  44 343
[0]  57 342
[0]  33 339
[0]  95 328
[0]  69 325
[0]  78 320
[0]  65 317
[0]  28 310
[0]  46 309
[0]  93 302
[0]  99 301
[0]  20 299
[0]  32 295
[0]  10 294
[0]  72 292
[0]  15 292
[0]  30 290
[0]  99 288
[0]  68 284
[0]  53 282
[0]  16 276
[0]  55 275
[0]  17 270
[0]  92 267
[0]  77 266
[0]  99 265
[0]  15 261
[0]  16 254
[0]  96 249
[0]  51 248
[0]  58 243
[0]  37 241
[0]  12 240
[0]  74 236
[0]  95 235
[0]  19 232
[0]  92 231
[0]  58 227
[0]  99 224
[0]  34 214
[0]  16 212
[0]  31 208
[0]  62 204
