  2   0   0   0   0   0   0   0   0   0   0   0   0   0   0   0   0   0   0   0   0   0   0   0   0   0   0   0   0   0   0   0   0   0   0   0   0   0   0   0   0   0   0   0   0   0   0   0   0   0   0   0   0   0   0   0   0   0   0   0   0   0   0   0   0   0   0   0   0   0   0   0   0   0   0   0   0   0   0   0   0   0   0   0   0   0   0   0   0   0   0   0   0   0   0   0   0   0   0   0   0   0   0   0   0   0   0   0   0   0   0   0   0   0   0   0   0   0   0   0   0   0   0   0   0   0   0   0   0   0   0   0   0   0   0   0   0   0   0   0   0   0   0   0   0   0   0   0   0   0   0   0   0   0   0   0   0   0   0   0   0   0   0   0   0   0   0   0   0   0   0   0   0   0   0   0   0   0   0   0   0   0   0   0   0   0   0   0   0   0   0   0   0   0   0   0   0   0   0   0   0   0   0   0   0   0   0   0   0   0   0   0   0   0   0   0   0   0   0   0   0   0   0   0   0   0   0   0   0   0   0   0   0   0   0   0   0   0   0   0   0   0   0   0   0   0   0   0   0   0   0   0   0   0   0   0   0   0   0   0   0   0   0   0   0   0   0   0   0   0   0   0   0   0   0   0   0   0   0   0   0   0   0   0   0   0   0   0   0   0   0   0   0   0   0   0   0   0   0   0   0   0   0   0   0   0   0   0   0   0   0   0   0   0   0   0   0   0   0   0   0   0   0   0   0   0   0   0   0   0   0   0   0   0   0   0   0   0   0   0   0   0   0   0   0   0   0   0   0   0   0   0   0   0   0   0   0   0   0   0   0   0   0   0   0   0   0   0   0   0   0   0   0   0   0   0   0   0   0   0   0   0   0   0   0   0   0   0   0   0   0   0   0   0   0   0   0   0   0   0   0   0   0   0   0   0   0   0   0   0   0   0   0   0   0   0   0   0   0   0   0   0   0   0   0   0   0   0   0   0   0   0   0   0   0   0   0   0   0   0   0   0   0   0   0   0   0   0   0   0   0   0   0   0   0   0   0   0   0   0   0   0   0   0   0   0   0   0   0   0   0   0   0   0   0   0   0   0   0   0   0   0   0   0   0   0   0   0   0   0   0   0   0   0   0   0   0   0   0   0   0   0   0   0   0   0   0   0   0   0   0   0   0   0   0   0   0   0   0   0   0   0   0   0   0   0   0   0   0   0   0   0   0   0   0   0   0   0   0   0   0   0   0   0   0   0   0   0   0   0   0   0   0   0   0   0   0   0   0   0   0   0   0   0   0   0   0   0   0   0   0   0   0   0   0   0   0   0   0   0   0   0   0   0   0   0   0   0   0   0   0   0   0   0   0   0   0   0   0   0   0   0   0   0   0   0   0   0   0   0   0   0   0   0   0   0   0   0   0   0   0   0   0   0   0   0   0   0   0   0   0   0   0   0   0   0   0   0   0   0   0   0   0   0   0   0   0   0   0   0   0   0   0   0   0   0   0   0   0   0   0   0   0   0   0   0   0   0   0   0   0   0   0   0   0   0   0   0   0   0   0   0   0   0   0   0   0   0   0   0   0   0   0   0   0   0   0   0   0   0   0   0   0   0   0   0   0   0   0   0   0   0   0   0   0   0   0   0   0   0   0   0   0   0   0   0   0   0   0   0   0   0   0   0   0   0   0   0   0   0   0   0   0   0   0   0   0   0   0   0   0   0   0   0   0   0   0   0   0   0   0   0   0   0   0   0   0   0   0   0   0   0   0   0   0   0   0   0   0   0   0   0   0   0   0   0   0   0   0   0   0   0   0   0   0   0   0   0   0   0   0   0   0   0   0   0   0   0   0   0   0   0   0   0   0   0   0   0   0   0   0   0   0   0   0   0   0   0   0   0   0   0   0   0   0   0   0   0   0   0   0   0   0   0   0   0   0   0   0   0   0   0   0   0   0   0   0   0   0   0   0   0   0   0   0   0   0   0   0   0   0   0   0   0   0   0   0   0   0   0   0   0   0   0   0   0   0   0   0   0   0   0   0   0   0   0   0   0   0   0   0   0   0   0   0   0   0   0   0   0   0   0   0   0   0   0   0   0   0   0   0   0   0   0   0   0   0   0   0   0   0   0   0   0   0   0   0   0   0   0   0   0   0   0   0   0   0   0   0   0   0   0   0   0   0   0   0   0   0   0   0   0   0   0   0   0   0   0   0   0   0   0   0   0   0   0   0   0   0   0   0   0   0   0   0   0   0   0   0   0   0   0   0   0   0   0   0   0   0   0 
REMAINING SPACE:      82
ACCUMULATED PRIORITY: 200
EXECUTION TIME:       0.579210400
QTY PRI VAL
[2] 100 209
[0]  99 208
[0]  97 205
[0]  95 203
[0]  94 204
[0]  95 210
[0]  97 219
[0]  93 210
[0]  98 230
[0]  98 231
[0]  94 224
[0]  93 222
[0]  90 220
[0]  96 237
[0]  85 210
[0]  97 240
[0]  96 243
[0]  94 238
[0]  88 223
[0]  85 217
[0]  94 241
[0]  92 236
[0]  82 211
[0]  99 255
[0]  89 230
[0]  90 233
[0]  89 232
[0]  93 245
[0]  82 218
[0]  91 242
[0]  83 224
[0]  81 219
[0]  99 268
[0]  96 260
[0]  92 251
[0]  89 243
[0]  99 271
[0]  98 269
[0]  95 262
[0]  87 242
[0]  86 241
[0]  84 238
[0]  79 225
[0] 100 286
[0]  87 249
[0]  73 209
[0]  86 248
[0]  96 277
[0]  81 234
[0]  84 243
[0]  96 278
[0]  93 270
[0]  92 268
[0]  72 211
[0]  70 207
[0]  87 258
[0]  71 211
[0]  79 236
[0] 100 299
[0]  85 255
[0]  81 244
[0]  72 217
[0]  90 272
[0]  82 248
[0]  70 212
[0]  69 209
[0]  88 267
[0]  88 269
[0]  75 230
[0]  74 227
[0]  85 261
[0]  82 252
[0]  82 252
[0]  65 200
[0]  81 250
[0]  88 272
[0]  84 260
[0]  85 264
[0] 100 315
[0]  90 285
[0]  91 289
[0]  77 245
[0]  85 271
[0]  87 279
[0]  82 263
[0]  90 289
[0]  98 315
[0]  83 267
[0]  82 264
[0]  91 293
[0]  90 290
[0]  85 274
[0]  78 252
[0]  66 214
[0]  82 266
[0]  80 260
[0]  63 205
[0]  94 306
[0]  83 271
[0]  75 248
[0]  68 225
[0]  61 202
[0]  91 302
[0]  93 310
[0]  80 267
[0]  70 234
[0]  98 329
[0]  70 236
[0]  60 204
[0]  59 202
[0]  80 274
[0]  87 298
[0]  99 340
[0]  76 265
[0]  88 307
[0]  61 213
[0]  98 343
[0]  88 310
[0]  97 342
[0]  85 300
[0] 100 353
[0]  78 277
[0]  97 345
[0]  57 203
[0]  60 214
[0]  72 257
[0]  70 250
[0]  56 201
[0]  85 306
[0]  92 332
[0]  87 316
[0]  76 277
[0]  62 226
[0]  93 340
[0]  79 289
[0]  78 287
[0]  91 335
[0]  83 306
[0]  86 318
[0]  71 263
[0]  95 352
[0]  84 313
[0]  76 284
[0]  84 314
[0]  69 258
[0]  85 318
[0]  79 296
[0]  56 210
[0]  86 324
[0]  69 260
[0]  98 370
[0]  72 273
[0]  63 239
[0]  68 258
[0]  82 312
[0]  72 274
[0]  69 263
[0]  70 267
[0]  70 268
[0]  97 372
[0]  85 326
[0]  97 373
[0]  94 363
[0]  64 250
[0] 100 391
[0]  67 262
[0]  79 309
[0]  96 376
[0]  90 354
[0]  93 366
[0]  94 370
[0]  81 320
[0]  76 301
[0]  57 226
[0]  71 283
[0]  78 311
[0]  96 383
[0] 100 400
[0]  83 332
[0]  89 357
[0]  78 314
[0]  84 339
[0]  55 222
[0]  77 311
[0]  51 206
[0]  60 243
[0]  77 312
[0]  90 365
[0]  89 361
[0]  67 272
[0]  81 329
[0]  75 305
[0]  80 326
[0]  93 381
[0]  66 271
[0]  91 374
[0]  94 387
[0]  76 313
[0]  72 297
[0]  72 297
[0]  84 347
[0]  66 273
[0]  73 302
[0]  79 327
[0]  74 307
[0]  97 403
[0]  56 233
[0]  83 346
[0]  88 367
[0]  81 338
[0]  58 243
[0]  51 214
[0]  66 277
[0]  53 223
[0]  48 203
[0]  95 403
[0]  94 399
[0]  56 238
[0]  59 251
[0]  62 264
[0]  56 239
[0]  65 279
[0]  60 259
[0]  81 350
[0]  83 359
[0]  66 286
[0]  69 299
[0]  74 321
[0]  64 278
[0]  84 365
[0]  86 374
[0]  88 383
[0]  88 383
[0]  76 331
[0]  70 305
[0]  67 292
[0]  46 201
[0]  62 271
[0]  51 223
[0]  60 263
[0]  92 404
[0]  99 435
[0]  58 255
[0]  79 348
[0]  83 367
[0]  77 341
[0]  94 417
[0]  73 324
[0]  89 398
[0]  98 439
[0]  86 386
[0]  96 431
[0] 100 449
[0]  67 301
[0]  60 270
[0]  75 338
[0]  55 248
[0]  74 336
[0]  57 259
[0]  69 314
[0]  74 337
[0]  94 429
[0]  49 224
[0]  90 412
[0]  84 385
[0]  53 243
[0]  58 266
[0]  52 239
[0]  75 345
[0]  83 382
[0]  95 438
[0]  67 309
[0]  73 337
[0]  62 287
[0]  87 404
[0]  51 237
[0]  80 373
[0]  98 457
[0]  48 224
[0]  87 407
[0]  47 220
[0]  57 267
[0]  68 319
[0]  52 244
[0]  73 343
[0]  93 437
[0]  77 362
[0]  51 240
[0]  58 273
[0]  55 259
[0]  45 212
[0]  57 269
[0]  68 321
[0]  69 327
[0]  59 280
[0]  87 414
[0]  77 367
[0]  77 369
[0]  78 374
[0]  90 432
[0]  63 303
[0]  82 395
[0]  77 372
[0]  62 300
[0]  51 247
[0]  78 378
[0]  61 296
[0]  79 384
[0]  73 355
[0]  47 229
[0]  75 366
[0]  85 415
[0]  82 401
[0]  70 343
[0]  72 353
[0]  83 407
[0]  98 482
[0] 100 492
[0]  53 261
[0]  83 409
[0]  91 450
[0]  73 361
[0]  94 465
[0]  94 465
[0]  95 470
[0]  56 278
[0]  89 442
[0]  91 452
[0]  98 487
[0]  92 458
[0]  94 468
[0]  99 494
[0]  94 470
[0]  52 260
[0]  60 300
[0]  52 260
[0]  66 330
[0]  59 296
[0]  97 487
[0]  45 226
[0]  43 216
[0]  77 387
[0]  67 337
[0]  86 433
[0]  58 293
[0]  52 263
[0]  97 492
[0]  62 315
[0]  86 437
[0]  66 337
[0]  70 358
[0]  43 220
[0]  83 425
[0]  94 482
[0]  77 396
[0]  75 386
[0]  74 382
[0]  85 439
[0]  72 372
[0]  88 457
[0]  56 291
[0]  90 468
[0]  93 484
[0]  93 484
[0]  58 302
[0]  81 422
[0]  89 465
[0]  89 466
[0]  74 388
[0]  68 357
[0]  60 315
[0]  47 247
[0]  75 395
[0]  63 332
[0]  88 464
[0]  77 407
[0]  41 217
[0]  40 212
[0]  80 424
[0]  73 387
[0]  39 207
[0]  64 340
[0]  91 484
[0]  68 365
[0]  80 430
[0]  78 420
[0]  88 474
[0]  37 200
[0]  68 368
[0]  72 390
[0]  67 364
[0]  73 397
[0]  45 245
[0]  60 327
[0]  45 246
[0]  64 350
[0]  72 394
[0]  90 493
[0]  54 296
[0]  76 417
[0]  78 428
[0]  71 390
[0]  75 412
[0]  75 412
[0]  39 215
[0]  56 310
[0]  77 427
[0]  57 317
[0]  54 301
[0]  69 386
[0]  79 442
[0]  82 459
[0]  48 269
[0]  44 247
[0]  86 483
[0]  76 427
[0]  66 373
[0]  79 447
[0]  80 453
[0]  60 341
[0]  83 472
[0]  77 438
[0]  83 473
[0]  56 322
[0]  54 311
[0]  85 490
[0]  51 294
[0]  82 473
[0]  48 277
[0]  71 410
[0]  82 474
[0]  83 480
[0]  40 232
[0]  81 470
[0]  47 273
[0]  74 430
[0]  85 494
[0]  83 483
[0]  72 419
[0]  50 291
[0]  59 344
[0]  73 426
[0]  44 257
[0]  38 222
[0]  61 357
[0]  84 492
[0]  53 311
[0]  46 270
[0]  34 200
[0]  53 312
[0]  46 271
[0]  37 218
[0]  70 413
[0]  73 432
[0]  70 415
[0]  57 338
[0]  66 392
[0]  68 404
[0]  66 393
[0]  81 483
[0]  50 299
[0]  61 365
[0]  43 258
[0]  69 414
[0]  81 489
[0]  81 490
[0]  74 448
[0]  82 497
[0]  60 365
[0]  76 463
[0]  70 427
[0]  59 360
[0]  59 360
[0]  46 281
[0]  81 496
[0]  50 307
[0]  69 425
[0]  57 352
[0]  67 414
[0]  50 309
[0]  33 204
[0]  63 390
[0]  71 441
[0]  42 261
[0]  42 261
[0]  47 293
[0]  34 214
[0]  50 315
[0]  63 397
[0]  55 348
[0]  69 437
[0]  68 431
[0]  76 482
[0]  67 425
[0]  59 375
[0]  42 267
[0]  35 223
[0]  74 473
[0]  35 224
[0]  72 461
[0]  57 365
[0]  57 365
[0]  75 481
[0]  65 420
[0]  69 446
[0]  50 324
[0]  68 441
[0]  60 393
[0]  64 420
[0]  71 467
[0]  62 409
[0]  51 338
[0]  43 285
[0]  39 259
[0]  68 454
[0]  56 374
[0]  61 408
[0]  62 415
[0]  56 377
[0]  73 492
[0]  52 352
[0]  57 386
[0]  33 224
[0]  68 462
[0]  72 492
[0]  72 495
[0]  58 399
[0]  35 242
[0]  57 395
[0]  71 493
[0]  49 341
[0]  49 341
[0]  64 447
[0]  62 435
[0]  56 393
[0]  53 372
[0]  52 365
[0]  70 492
[0]  30 212
[0]  66 467
[0]  46 326
[0]  45 319
[0]  57 405
[0]  34 242
[0]  64 456
[0]  48 344
[0]  34 244
[0]  61 438
[0]  68 489
[0]  33 238
[0]  28 202
[0]  68 492
[0]  33 239
[0]  61 442
[0]  50 363
[0]  41 298
[0]  55 400
[0]  32 233
[0]  32 233
[0]  67 490
[0]  28 205
[0]  31 227
[0]  43 315
[0]  55 403
[0]  67 493
[0]  41 302
[0]  62 457
[0]  59 435
[0]  46 340
[0]  58 429
[0]  46 341
[0]  57 424
[0]  35 261
[0]  64 478
[0]  45 337
[0]  52 390
[0]  54 406
[0]  34 256
[0]  37 279
[0]  66 499
[0]  58 440
[0]  59 448
[0]  64 486
[0]  60 457
[0]  37 282
[0]  61 467
[0]  44 337
[0]  45 345
[0]  30 230
[0]  47 361
[0]  59 455
[0]  60 463
[0]  32 247
[0]  41 317
[0]  64 495
[0]  38 294
[0]  38 294
[0]  26 202
[0]  62 483
[0]  38 297
[0]  62 486
[0]  32 253
[0]  50 396
[0]  52 412
[0]  35 278
[0]  31 247
[0]  42 335
[0]  41 328
[0]  56 449
[0]  38 305
[0]  61 490
[0]  58 467
[0]  44 355
[0]  54 436
[0]  54 437
[0]  39 318
[0]  53 434
[0]  60 492
[0]  29 238
[0]  56 461
[0]  48 397
[0]  55 455
[0]  39 324
[0]  43 358
[0]  49 408
[0]  56 470
[0]  32 269
[0]  32 269
[0]  42 354
[0]  44 371
[0]  46 388
[0]  39 329
[0]  38 321
[0]  58 490
[0]  31 262
[0]  59 500
[0]  48 407
[0]  43 368
[0]  37 318
[0]  49 422
[0]  51 440
[0]  39 337
[0]  31 268
[0]  28 244
[0]  54 472
[0]  40 350
[0]  52 455
[0]  42 368
[0]  50 440
[0]  40 353
[0]  23 203
[0]  49 433
[0]  56 496
[0]  28 248
[0]  42 372
[0]  56 496
[0]  37 328
[0]  30 266
[0]  53 471
[0]  48 427
[0]  50 445
[0]  32 286
[0]  42 378
[0]  42 379
[0]  37 335
[0]  49 445
[0]  51 464
[0]  51 465
[0]  30 274
[0]  45 412
[0]  25 229
[0]  54 495
[0]  38 349
[0]  51 469
[0]  35 323
[0]  43 398
[0]  49 454
[0]  30 278
[0]  32 297
[0]  49 455
[0]  25 233
[0]  23 215
[0]  51 477
[0]  42 393
[0]  22 206
[0]  51 480
[0]  53 499
[0]  28 264
[0]  52 491
[0]  29 276
[0]  50 476
[0]  23 219
[0]  34 326
[0]  49 470
[0]  51 490
[0]  43 415
[0]  45 435
[0]  26 252
[0]  24 233
[0]  23 224
[0]  40 390
[0]  49 480
[0]  27 267
[0]  35 348
[0]  39 388
[0]  35 350
[0]  30 300
[0]  40 400
[0]  29 290
[0]  44 441
[0]  36 362
[0]  43 433
[0]  38 383
[0]  49 495
[0]  46 468
[0]  41 419
[0]  47 482
[0]  46 473
[0]  24 247
[0]  20 206
[0]  38 392
[0]  23 238
[0]  45 467
[0]  39 405
[0]  25 260
[0]  42 438
[0]  32 334
[0]  34 355
[0]  45 470
[0]  31 324
[0]  41 430
[0]  22 231
[0]  23 242
[0]  21 222
[0]  28 297
[0]  26 276
[0]  21 223
[0]  46 489
[0]  26 277
[0]  27 289
[0]  35 375
[0]  36 387
[0]  46 495
[0]  27 291
[0]  23 250
[0]  43 469
[0]  40 437
[0]  31 339
[0]  42 460
[0]  43 473
[0]  21 231
[0]  24 264
[0]  34 375
[0]  41 453
[0]  37 409
[0]  21 233
[0]  39 433
[0]  43 478
[0]  44 490
[0]  24 274
[0]  28 320
[0]  43 492
[0]  43 492
[0]  28 321
[0]  36 413
[0]  38 436
[0]  22 253
[0]  28 323
[0]  29 337
[0]  41 477
[0]  42 490
[0]  18 210
[0]  42 490
[0]  28 328
[0]  34 402
[0]  39 464
[0]  34 406
[0]  23 275
[0]  26 311
[0]  39 469
[0]  39 473
[0]  22 267
[0]  40 486
[0]  37 450
[0]  30 366
[0]  17 209
[0]  36 443
[0]  32 394
[0]  38 468
[0]  31 384
[0]  37 460
[0]  21 263
[0]  37 465
[0]  32 405
[0]  17 217
[0]  28 358
[0]  29 371
[0]  31 397
[0]  38 487
[0]  39 500
[0]  21 271
[0]  35 452
[0]  28 362
[0]  25 324
[0]  23 299
[0]  27 351
[0]  17 222
[0]  22 289
[0]  32 421
[0]  32 422
[0]  37 488
[0]  32 423
[0]  17 225
[0]  37 491
[0]  36 479
[0]  24 321
[0]  32 429
[0]  34 459
[0]  26 353
[0]  17 231
[0]  32 438
[0]  16 220
[0]  32 441
[0]  33 455
[0]  35 489
[0]  30 421
[0]  32 450
[0]  31 436
[0]  32 455
[0]  22 313
[0]  21 300
[0]  31 446
[0]  22 318
[0]  26 376
[0]  32 465
[0]  28 408
[0]  33 484
[0]  33 484
[0]  24 353
[0]  21 310
[0]  19 281
[0]  29 429
[0]  20 296
[0]  28 416
[0]  29 432
[0]  26 391
[0]  23 346
[0]  16 241
[0]  27 407
[0]  20 302
[0]  22 333
[0]  31 470
[0]  27 410
[0]  24 366
[0]  18 275
[0]  23 352
[0]  30 462
[0]  25 385
[0]  20 309
[0]  32 495
[0]  17 265
[0]  24 377
[0]  31 491
[0]  26 413
[0]  28 445
[0]  21 335
[0]  26 419
[0]  20 324
[0]  30 487
[0]  30 493
[0]  28 464
[0]  28 465
[0]  23 383
[0]  29 485
[0]  15 254
[0]  18 305
[0]  25 424
[0]  13 221
[0]  23 391
[0]  12 204
[0]  18 306
[0]  26 443
[0]  24 409
[0]  28 478
[0]  20 344
[0]  28 488
[0]  20 354
[0]  17 302
[0]  19 338
[0]  26 463
[0]  12 214
[0]  27 483
[0]  15 272
[0]  15 277
[0]  26 483
[0]  15 280
[0]  17 319
[0]  18 342
[0]  26 494
[0]  17 328
[0]  22 425
[0]  23 450
[0]  25 490
[0]  18 358
[0]  12 239
[0]  17 339
[0]  20 399
[0]  15 301
[0]  11 221
[0]  23 464
[0]  18 364
[0]  14 284
[0]  22 452
[0]  11 226
[0]  11 226
[0]  12 248
[0]  16 333
[0]  17 355
[0]  19 397
[0]  10 210
[0]  16 337
[0]  22 464
[0]  19 401
[0]  22 466
[0]  21 446
[0]  17 364
[0]  22 472
[0]  18 398
[0]  10 222
[0]  10 224
[0]  14 314
[0]  18 404
[0]  20 449
[0]  17 388
[0]  16 367
[0]  12 279
[0]  18 419
[0]  21 489
[0]  18 423
[0]  16 377
[0]  13 313
[0]  15 362
[0]  15 367
[0]  12 295
[0]  20 492
[0]  20 497
[0]  15 375
[0]  17 429
[0]  19 480
[0]  15 383
[0]  16 415
[0]  19 493
[0]  13 347
[0]  14 374
[0]  16 428
[0]  13 349
[0]  13 350
[0]  14 377
[0]  12 330
[0]  16 442
[0]  11 307
[0]  17 476
[0]  16 449
[0]  17 479
[0]  15 429
[0]  14 406
[0]  12 350
[0]  15 439
[0]  12 355
[0]  11 327
[0]  13 388
[0]  14 420
[0]  10 302
[0]  15 457
[0]  16 488
[0]  14 430
[0]  10 309
[0]  15 470
[0]  13 411
[0]  13 413
[0]  13 428
[0]  11 371
[0]  12 411
[0]  11 404
[0]  12 446
[0]  13 488
[0]  11 416
[0]  12 459
[0]  10 385
[0]  11 427
[0]  10 390
[0]  10 429
[0]  11 473
[0]  10 440
[0]  10 454
[0]  10 460
[0]  10 464
[0]  10 465
[0]  10 471
[0]  10 497
