  1   0   0   0   0   0   0   0   0   0   0   0   0   0   0   0   0   0   0   0   0   0   0   0   0   0   0   0   0   0   0   0   0   0   0   0   0   0   0   0   0   0   0   0   0   0   0   0   0   0   0   0   0   0   0   0   0   0   0   0   0   0   0   0   0   0   0   0   0   0   0   0   0   0   0   0   0   0   0   0   0   0   0   0   0   0   0   0   0   0   0   0   0   0   0   0   0   0   0   0   0   0   0   0   0   0   0   0   0   0   0   0   0   0   0   0   0   0   0   0   0   0   0   0   0   0   0   0   0   0   0   0   0   0   0   0   0   0   0   0   0   0   0   0   0   0   0   0   0   0   0   0   0   0   0   0   0   0   0   0   0   0   0   0   0   0   0   0   0   0   0   0   0   0   0   0   0   0   0   0   0   0   0   0   0   0   0   0   0   0   0   0   0   0   0   0   0   0   0   0   0   0   0   0   0   0   0   0   0   0   0   0   0   0   0   0   0   0   0   0   0   0   0   0   0   0   0   0   0   0   0   0   0   0   0   0   0   0   0   0   0   0   0   0   0   0   0   0   0   0   0   0   0   0   0   0   0   0   0   0   0   0   0   0   0   0   0   0   0   0   0   0   0   0   0   0   0   0   0   0   0   0   0   0   0   0   0   0   0   0   0   0   0   0   0   0   0   0   0   0   0   0   0   0   0   0   0   0   0   0   0   0   0   0   0   0   0   0   0   0   0   0   0   0   0   0   0   0   0   0   0   0   0   0   0   0   0   0   0   0   0   0   0   0   0   0   0   0   0   0   0   0   0   0   0   0   0   0   0   0   0   0   0   0   0   0   0   0   0   0   0   0   0   0   0   0   0   0   0   0   0   0   0   0   0   0   0   0   0   0   0   0   0   0   0   0   0   0   0   0   0   0   0   0   0   0   0   0   0   0   0   0   0   0   0   0   0   0   0   0   0   0   0   0   0   0   0   0   0   0   0   0   0   0   0   0   0   0   0   0   0   0   0   0   0   0   0   0   0   0   0   0   0   0   0   0   0   0   0   0   0   0   0   0   0   0   0   0   0   0   0   0   0   0   0   0   0   0   0   0   0   0   0   0   0   0   0   0   0   0   0   0   0   0   0   0   0   0   0   0   0   0   0   0   0   0   0   0   0   0   0   0   0   0   0   0   0   0   0   0   0   0   0   0   0   0   0   0   0   0   0   0   0   0   0   0   0   0   0   0   0   0   0   0   0   0   0   0   0   0   0   0   0   0   0   0   0   0   0   0   0   0   0   0   0   0   0   0   0   0   0   0   0   0   0   0   0   0   0   0   0   0   0   0   0   0   0   0   0   0   0   0   0   0   0   0   0   0   0   0   0   0   0   0   0   0   0   0   0   0   0   0   0   0   0   0   0   0   0   0   0   0   0   0   0   0   0   0   0   0   0   0   0   0   0   0   0   0   0   0   0   0   0   0   0   0   0   0   0   0   0   0   0   0   0   0   0   0   0   0   0   0   0   0   0   0   0   0   0   0   0   0   0   0   0   0   0   0   0   0   0   0   0   0   0   0   0   0   0   0   0   0   0   0   0   0   0   0   0   0   0   0   0   0   0   0   0   0   0   0   0   0   0   0   0   0   0   0   0   0   0   0   0   0   0   0   0   0   0   0   0   0   0   0   0   0   0   0   0   0   0   0   0   0   0   0   0   0   0   0   0   0   0   0   0   0   0   0   0   0   0   0   0   0   0   0   0   0   0   0   0   0   0   0   0   0   0   0   0   0   0   0   0   0   0   0   0   0   0   0   0   0   0   0   0   0   0   0   0   0   0   0   0   0   0   0   0   0   0   0   0   0   0   0   0   0   0   0   0   0   0   0   0   0   0   0   0   0   0   0   0   0   0   0   0   0   0   0   0   0   0   0   0   0   0   0   0   0   0   0   0   0   0   0   0   0   0   0   0   0   0   0   0   0   0   0   0   0   0   0   0   0   0   0   0   0   0   0   0   0   0   0   0   0   0   0   0   0   0   0   0   0   0   0   0   0   0   0   0   0   0   0   0   0   0   0   0   0   0   0   0   0   0   0   0   0   0   0   0   0   0   0   0   0   0   0   0   0   0   0   0   0   0   0   0   0   0   0   0   0   0   0   0   0   0   0   0   0   0   0   0   0   0   0   0   0   0   0   0   0   0   0   0   0   0   0   0   0   0   0   0   0   0   0   0   0   0   0   0   0   0   0   0   0   0   0   0   0   0   0   0   0   0   0   0   0   0   0   0   0 
REMAINING SPACE:      99
ACCUMULATED PRIORITY: 100
EXECUTION TIME:       0.000128400
QTY PRI VAL
[1] 100 401
[0] 100 437
[0] 100 309
[0] 100 221
[0] 100 289
[0] 100 460
[0] 100 354
[0] 100 246
[0] 100 300
[0] 100 292
[0]  99 304
[0]  99 408
[0]  99 391
[0]  99 406
[0]  99 347
[0]  99 460
[0]  99 214
[0]  99 432
[0]  99 428
[0]  99 224
[0]  98 364
[0]  98 370
[0]  98 211
[0]  98 490
[0]  98 239
[0]  98 230
[0]  98 430
[0]  98 416
[0]  98 400
[0]  98 443
[0]  98 229
[0]  98 387
[0]  98 241
[0]  98 317
[0]  98 323
[0]  97 386
[0]  97 269
[0]  97 305
[0]  97 264
[0]  97 429
[0]  97 248
[0]  97 291
[0]  97 357
[0]  97 352
[0]  97 428
[0]  97 244
[0]  97 478
[0]  96 425
[0]  96 255
[0]  96 314
[0]  96 224
[0]  96 417
[0]  96 415
[0]  96 422
[0]  96 421
[0]  96 356
[0]  96 320
[0]  96 478
[0]  96 272
[0]  96 244
[0]  96 267
[0]  96 401
[0]  96 396
[0]  96 399
[0]  96 235
[0]  95 467
[0]  95 284
[0]  95 287
[0]  95 262
[0]  95 379
[0]  95 315
[0]  95 345
[0]  95 334
[0]  95 226
[0]  95 299
[0]  95 426
[0]  95 415
[0]  95 410
[0]  94 263
[0]  94 244
[0]  94 388
[0]  94 332
[0]  94 275
[0]  94 479
[0]  93 310
[0]  93 309
[0]  93 326
[0]  93 271
[0]  93 296
[0]  93 286
[0]  93 239
[0]  93 219
[0]  93 439
[0]  93 363
[0]  93 364
[0]  93 369
[0]  93 442
[0]  93 478
[0]  92 486
[0]  92 437
[0]  92 296
[0]  92 369
[0]  92 369
[0]  92 305
[0]  92 306
[0]  92 398
[0]  92 325
[0]  91 278
[0]  91 409
[0]  91 377
[0]  91 202
[0]  91 463
[0]  91 260
[0]  91 336
[0]  91 277
[0]  91 479
[0]  91 238
[0]  91 417
[0]  91 495
[0]  91 271
[0]  91 353
[0]  91 453
[0]  90 494
[0]  90 327
[0]  90 296
[0]  90 225
[0]  90 290
[0]  90 454
[0]  90 230
[0]  90 468
[0]  90 235
[0]  90 380
[0]  90 492
[0]  89 437
[0]  89 437
[0]  89 348
[0]  89 433
[0]  89 214
[0]  89 237
[0]  89 222
[0]  89 300
[0]  89 200
[0]  88 210
[0]  88 345
[0]  88 259
[0]  88 429
[0]  88 242
[0]  88 422
[0]  88 232
[0]  88 447
[0]  88 358
[0]  88 450
[0]  88 222
[0]  87 286
[0]  87 425
[0]  87 483
[0]  87 229
[0]  87 295
[0]  87 274
[0]  87 404
[0]  87 288
[0]  87 357
[0]  87 386
[0]  87 235
[0]  87 261
[0]  87 435
[0]  86 216
[0]  86 428
[0]  86 489
[0]  86 335
[0]  86 405
[0]  86 224
[0]  86 456
[0]  86 493
[0]  86 206
[0]  86 225
[0]  86 397
[0]  86 422
[0]  86 381
[0]  86 404
[0]  86 481
[0]  86 271
[0]  85 341
[0]  85 340
[0]  85 498
[0]  85 201
[0]  85 383
[0]  85 429
[0]  85 425
[0]  85 434
[0]  85 377
[0]  85 357
[0]  85 498
[0]  85 477
[0]  85 450
[0]  84 259
[0]  84 381
[0]  84 472
[0]  84 231
[0]  84 344
[0]  84 247
[0]  84 402
[0]  84 210
[0]  84 312
[0]  84 415
[0]  84 317
[0]  84 327
[0]  84 329
[0]  83 202
[0]  83 301
[0]  83 499
[0]  83 380
[0]  83 416
[0]  83 481
[0]  83 446
[0]  83 336
[0]  82 219
[0]  82 467
[0]  82 450
[0]  82 477
[0]  82 336
[0]  82 450
[0]  82 201
[0]  82 429
[0]  82 500
[0]  82 368
[0]  82 285
[0]  82 363
[0]  82 492
[0]  81 290
[0]  81 210
[0]  81 293
[0]  81 237
[0]  81 266
[0]  81 284
[0]  81 482
[0]  81 295
[0]  81 469
[0]  81 261
[0]  81 393
[0]  81 356
[0]  81 285
[0]  81 319
[0]  81 315
[0]  80 319
[0]  80 331
[0]  80 318
[0]  80 202
[0]  80 403
[0]  80 303
[0]  80 424
[0]  80 303
[0]  80 439
[0]  80 370
[0]  80 357
[0]  80 497
[0]  80 305
[0]  80 294
[0]  79 304
[0]  79 287
[0]  79 269
[0]  79 499
[0]  79 270
[0]  79 260
[0]  79 444
[0]  79 247
[0]  79 274
[0]  78 471
[0]  78 247
[0]  78 347
[0]  78 427
[0]  78 421
[0]  78 252
[0]  78 255
[0]  78 497
[0]  78 335
[0]  78 471
[0]  77 346
[0]  77 500
[0]  77 316
[0]  77 274
[0]  77 495
[0]  77 468
[0]  77 488
[0]  77 465
[0]  77 252
[0]  76 435
[0]  76 379
[0]  76 305
[0]  76 483
[0]  76 484
[0]  76 490
[0]  76 409
[0]  76 446
[0]  76 448
[0]  76 409
[0]  76 389
[0]  76 317
[0]  76 448
[0]  75 370
[0]  75 479
[0]  75 261
[0]  75 229
[0]  75 223
[0]  75 299
[0]  75 265
[0]  75 217
[0]  75 440
[0]  75 259
[0]  75 334
[0]  75 243
[0]  75 479
[0]  75 429
[0]  75 347
[0]  75 374
[0]  74 497
[0]  74 294
[0]  74 432
[0]  74 424
[0]  74 382
[0]  74 342
[0]  74 356
[0]  74 498
[0]  74 332
[0]  74 212
[0]  74 427
[0]  74 389
[0]  74 283
[0]  73 402
[0]  73 445
[0]  73 465
[0]  73 418
[0]  73 474
[0]  73 335
[0]  73 464
[0]  73 425
[0]  73 234
[0]  73 494
[0]  72 285
[0]  72 314
[0]  72 395
[0]  72 393
[0]  72 208
[0]  72 472
[0]  72 365
[0]  72 449
[0]  72 258
[0]  72 414
[0]  72 258
[0]  72 462
[0]  72 208
[0]  71 363
[0]  71 444
[0]  71 379
[0]  71 388
[0]  71 472
[0]  71 208
[0]  71 322
[0]  70 279
[0]  70 207
[0]  70 416
[0]  70 203
[0]  70 346
[0]  70 305
[0]  70 341
[0]  70 391
[0]  69 300
[0]  69 265
[0]  69 374
[0]  69 385
[0]  69 252
[0]  69 445
[0]  69 244
[0]  69 465
[0]  69 352
[0]  69 405
[0]  69 450
[0]  69 436
[0]  68 330
[0]  68 434
[0]  68 420
[0]  68 386
[0]  68 301
[0]  68 249
[0]  68 427
[0]  68 240
[0]  68 496
[0]  68 367
[0]  68 313
[0]  68 292
[0]  68 438
[0]  67 448
[0]  67 403
[0]  67 306
[0]  67 429
[0]  67 379
[0]  67 479
[0]  67 217
[0]  67 399
[0]  67 344
[0]  66 373
[0]  66 454
[0]  66 482
[0]  66 434
[0]  66 258
[0]  66 415
[0]  66 433
[0]  66 407
[0]  66 437
[0]  66 318
[0]  65 215
[0]  65 407
[0]  65 455
[0]  65 308
[0]  65 441
[0]  65 466
[0]  65 226
[0]  65 439
[0]  65 238
[0]  64 256
[0]  64 476
[0]  64 372
[0]  64 324
[0]  64 410
[0]  64 485
[0]  64 323
[0]  64 428
[0]  64 223
[0]  64 478
[0]  64 429
[0]  64 439
[0]  64 317
[0]  64 255
[0]  64 298
[0]  64 282
[0]  63 235
[0]  63 243
[0]  63 367
[0]  63 307
[0]  63 336
[0]  63 316
[0]  63 300
[0]  63 447
[0]  63 391
[0]  63 216
[0]  63 282
[0]  63 389
[0]  63 386
[0]  63 430
[0]  63 482
[0]  63 205
[0]  63 440
[0]  63 404
[0]  63 274
[0]  63 371
[0]  62 281
[0]  62 210
[0]  62 391
[0]  62 376
[0]  62 427
[0]  62 455
[0]  62 406
[0]  62 207
[0]  62 252
[0]  62 249
[0]  62 275
[0]  62 211
[0]  61 290
[0]  61 309
[0]  61 351
[0]  61 490
[0]  61 206
[0]  61 333
[0]  61 217
[0]  61 301
[0]  61 319
[0]  61 205
[0]  61 364
[0]  61 436
[0]  60 389
[0]  60 429
[0]  60 214
[0]  60 219
[0]  60 264
[0]  60 279
[0]  60 478
[0]  60 377
[0]  60 464
[0]  59 325
[0]  59 248
[0]  59 245
[0]  59 471
[0]  59 354
[0]  59 406
[0]  58 298
[0]  58 441
[0]  58 374
[0]  58 265
[0]  58 492
[0]  58 394
[0]  58 324
[0]  58 466
[0]  58 325
[0]  58 330
[0]  57 435
[0]  57 466
[0]  57 234
[0]  57 388
[0]  57 386
[0]  57 330
[0]  57 205
[0]  57 494
[0]  57 279
[0]  57 333
[0]  57 488
[0]  57 435
[0]  56 439
[0]  56 434
[0]  56 452
[0]  56 233
[0]  56 230
[0]  56 383
[0]  56 257
[0]  56 400
[0]  56 439
[0]  56 405
[0]  55 390
[0]  55 451
[0]  55 388
[0]  55 425
[0]  55 308
[0]  55 440
[0]  55 365
[0]  55 230
[0]  55 280
[0]  54 459
[0]  54 216
[0]  54 413
[0]  54 366
[0]  54 350
[0]  54 348
[0]  54 308
[0]  54 440
[0]  54 263
[0]  54 401
[0]  53 332
[0]  53 206
[0]  53 320
[0]  53 358
[0]  53 230
[0]  53 234
[0]  53 414
[0]  53 347
[0]  53 323
[0]  52 268
[0]  52 458
[0]  52 312
[0]  52 246
[0]  52 453
[0]  52 214
[0]  52 258
[0]  52 402
[0]  52 493
[0]  52 359
[0]  52 244
[0]  52 231
[0]  51 461
[0]  51 487
[0]  51 399
[0]  51 210
[0]  51 229
[0]  51 211
[0]  51 465
[0]  51 441
[0]  51 273
[0]  51 476
[0]  51 279
[0]  51 220
[0]  51 208
[0]  50 422
[0]  50 484
[0]  50 308
[0]  50 444
[0]  50 221
[0]  50 347
[0]  50 287
[0]  50 381
[0]  49 445
[0]  49 380
[0]  49 485
[0]  49 424
[0]  49 261
[0]  49 455
[0]  49 270
[0]  49 230
[0]  49 341
[0]  48 309
[0]  48 379
[0]  48 283
[0]  48 260
[0]  48 497
[0]  48 499
[0]  48 267
[0]  48 485
[0]  48 360
[0]  48 470
[0]  47 320
[0]  47 225
[0]  47 471
[0]  47 373
[0]  47 240
[0]  47 253
[0]  47 300
[0]  47 329
[0]  47 241
[0]  47 210
[0]  47 447
[0]  46 495
[0]  46 329
[0]  46 239
[0]  46 498
[0]  46 243
[0]  46 399
[0]  46 344
[0]  46 262
[0]  46 493
[0]  46 282
[0]  46 485
[0]  46 375
[0]  45 232
[0]  45 294
[0]  45 215
[0]  45 349
[0]  45 241
[0]  45 281
[0]  45 404
[0]  45 340
[0]  45 436
[0]  45 280
[0]  44 433
[0]  44 399
[0]  44 249
[0]  44 413
[0]  44 352
[0]  44 214
[0]  44 353
[0]  44 212
[0]  44 349
[0]  43 374
[0]  43 290
[0]  43 258
[0]  43 352
[0]  43 404
[0]  43 344
[0]  43 265
[0]  42 329
[0]  42 331
[0]  42 215
[0]  42 445
[0]  42 208
[0]  42 339
[0]  41 389
[0]  41 212
[0]  41 373
[0]  41 354
[0]  41 413
[0]  41 343
[0]  41 391
[0]  41 229
[0]  41 473
[0]  41 470
[0]  40 288
[0]  40 333
[0]  40 240
[0]  40 382
[0]  40 396
[0]  40 279
[0]  40 359
[0]  40 281
[0]  40 342
[0]  40 438
[0]  40 253
[0]  40 453
[0]  40 443
[0]  40 301
[0]  40 444
[0]  40 470
[0]  39 349
[0]  39 213
[0]  39 232
[0]  39 235
[0]  39 309
[0]  39 452
[0]  39 336
[0]  38 228
[0]  38 200
[0]  38 202
[0]  38 389
[0]  38 475
[0]  38 202
[0]  38 400
[0]  38 352
[0]  38 287
[0]  37 206
[0]  37 271
[0]  37 281
[0]  37 479
[0]  37 389
[0]  37 243
[0]  37 282
[0]  37 369
[0]  37 428
[0]  37 336
[0]  37 480
[0]  37 307
[0]  37 405
[0]  37 357
[0]  36 458
[0]  36 476
[0]  36 460
[0]  36 418
[0]  36 367
[0]  36 304
[0]  36 284
[0]  36 304
[0]  36 324
[0]  36 323
[0]  36 331
[0]  36 328
[0]  36 302
[0]  36 388
[0]  36 439
[0]  36 230
[0]  35 253
[0]  35 390
[0]  35 429
[0]  35 469
[0]  35 401
[0]  35 280
[0]  34 447
[0]  34 454
[0]  34 303
[0]  34 465
[0]  34 312
[0]  34 497
[0]  34 201
[0]  34 335
[0]  34 327
[0]  34 405
[0]  34 443
[0]  34 368
[0]  34 264
[0]  33 238
[0]  33 229
[0]  33 209
[0]  33 261
[0]  33 495
[0]  33 494
[0]  33 344
[0]  33 201
[0]  33 465
[0]  32 247
[0]  32 254
[0]  32 225
[0]  32 296
[0]  32 413
[0]  32 342
[0]  32 383
[0]  32 476
[0]  32 348
[0]  31 460
[0]  31 250
[0]  31 297
[0]  31 210
[0]  31 360
[0]  31 450
[0]  31 371
[0]  31 319
[0]  31 480
[0]  31 405
[0]  31 215
[0]  31 486
[0]  31 486
[0]  31 200
[0]  31 280
[0]  30 245
[0]  30 467
[0]  30 453
[0]  30 300
[0]  30 269
[0]  30 353
[0]  30 383
[0]  30 435
[0]  30 217
[0]  30 230
[0]  30 422
[0]  30 205
[0]  30 479
[0]  30 474
[0]  29 395
[0]  29 466
[0]  29 340
[0]  29 371
[0]  29 280
[0]  29 453
[0]  29 474
[0]  29 262
[0]  29 210
[0]  29 354
[0]  29 312
[0]  29 290
[0]  29 473
[0]  29 357
[0]  28 346
[0]  28 343
[0]  28 324
[0]  28 412
[0]  28 239
[0]  28 251
[0]  28 203
[0]  28 308
[0]  28 231
[0]  28 279
[0]  28 461
[0]  27 254
[0]  27 200
[0]  27 302
[0]  27 349
[0]  27 364
[0]  27 310
[0]  27 320
[0]  27 357
[0]  27 264
[0]  26 483
[0]  26 239
[0]  26 360
[0]  26 269
[0]  26 285
[0]  26 256
[0]  26 243
[0]  26 481
[0]  26 258
[0]  26 325
[0]  26 493
[0]  26 458
[0]  26 367
[0]  25 464
[0]  25 417
[0]  25 238
[0]  25 452
[0]  25 341
[0]  25 327
[0]  25 344
[0]  25 424
[0]  25 419
[0]  25 238
[0]  25 469
[0]  24 381
[0]  24 366
[0]  24 232
[0]  24 237
[0]  24 305
[0]  24 206
[0]  24 310
[0]  24 243
[0]  24 238
[0]  24 357
[0]  24 418
[0]  23 498
[0]  23 448
[0]  23 322
[0]  23 439
[0]  23 235
[0]  23 304
[0]  23 496
[0]  23 389
[0]  23 404
[0]  22 395
[0]  22 472
[0]  22 226
[0]  22 226
[0]  22 203
[0]  22 456
[0]  22 473
[0]  22 222
[0]  22 493
[0]  22 291
[0]  22 280
[0]  22 315
[0]  22 249
[0]  22 377
[0]  21 322
[0]  21 398
[0]  21 494
[0]  21 408
[0]  21 282
[0]  21 285
[0]  21 317
[0]  20 459
[0]  20 362
[0]  20 259
[0]  20 270
[0]  20 478
[0]  20 200
[0]  20 251
[0]  19 441
[0]  19 375
[0]  19 310
[0]  19 352
[0]  19 275
[0]  19 220
[0]  19 309
[0]  18 300
[0]  18 425
[0]  18 244
[0]  18 475
[0]  18 384
[0]  18 282
[0]  18 232
[0]  18 236
[0]  18 353
[0]  18 445
[0]  18 267
[0]  17 303
[0]  17 201
[0]  17 234
[0]  17 389
[0]  17 200
[0]  17 473
[0]  17 472
[0]  17 206
[0]  16 267
[0]  16 500
[0]  16 280
[0]  16 470
[0]  16 251
[0]  16 422
[0]  16 320
[0]  16 442
[0]  15 224
[0]  15 444
[0]  15 361
[0]  15 407
[0]  14 466
[0]  14 427
[0]  14 424
[0]  14 292
[0]  14 351
[0]  14 479
[0]  14 215
[0]  13 259
[0]  13 361
[0]  13 287
[0]  13 391
[0]  13 207
[0]  13 292
[0]  13 201
[0]  13 414
[0]  13 342
[0]  13 348
[0]  13 314
[0]  13 451
[0]  12 360
[0]  12 387
[0]  12 212
[0]  12 311
[0]  12 487
[0]  12 392
[0]  12 497
[0]  12 476
[0]  12 296
[0]  12 451
[0]  11 474
[0]  11 482
[0]  11 496
[0]  11 295
[0]  11 271
[0]  11 275
[0]  11 200
[0]  11 308
[0]  11 474
[0]  11 235
[0]  11 228
[0]  11 382
[0]  10 376
[0]  10 401
[0]  10 461
[0]  10 337
[0]  10 285
[0]  10 298
[0]  10 208
[0]  10 286
[0]  10 351
[0]  10 493
[0]  10 279
[0]  10 378
[0]  10 327
[0]  10 205
[0]  10 403
[0]  10 412
